/*--------------------------------*- C++ -*----------------------------------*\
  =========                 |
  \\      /  F ield         | OpenFOAM: The Open Source CFD Toolbox
   \\    /   O peration     | Website:  https://openfoam.org
    \\  /    A nd           | Version:  7
     \\/     M anipulation  |
\*---------------------------------------------------------------------------*/
FoamFile
{
    version     2.0;
    format      ascii;
    class       volScalarField;
    location    "2000";
    object      k;
}
// * * * * * * * * * * * * * * * * * * * * * * * * * * * * * * * * * * * * * //

dimensions      [0 2 -2 0 0 0 0];

internalField   nonuniform List<scalar> 
4026
(
0.00014628
0.000146278
0.000146278
0.000146279
0.00014628
0.000146281
0.000146282
0.000146282
0.000146283
0.000146284
0.000146285
0.000146286
0.000146287
0.000146288
0.000146289
0.000146289
0.00014629
0.000146291
0.000146292
0.000146293
0.000146294
0.000146295
0.000146296
0.000146297
0.000146298
0.000146299
0.0001463
0.0001463
0.000146301
0.000146302
0.000146303
0.000146304
0.000146304
0.000146305
0.000146306
0.000146306
0.000146307
0.000146308
0.000146308
0.000146309
0.000146309
0.00014631
0.00014631
0.000146311
0.000146313
0.00014628
0.00014628
0.000146281
0.000146281
0.000146282
0.000146282
0.000146283
0.000146284
0.000146284
0.000146285
0.000146286
0.000146286
0.000146287
0.000146288
0.000146288
0.000146291
0.000144525
0.000144523
0.000144523
0.000144524
0.000144525
0.000144526
0.000144527
0.000144527
0.000144528
0.000144529
0.00014453
0.000144531
0.000144532
0.000144533
0.000144534
0.000144535
0.000144536
0.000144537
0.000144538
0.000144538
0.000144539
0.00014454
0.000144541
0.000144542
0.000144543
0.000144544
0.000144545
0.000144545
0.000144546
0.000144547
0.000144548
0.000144549
0.000144549
0.00014455
0.000144551
0.000144551
0.000144552
0.000144552
0.000144553
0.000144554
0.000144554
0.000144555
0.000144555
0.000144555
0.000144557
0.000144525
0.000144524
0.000144525
0.000144526
0.000144527
0.000144527
0.000144528
0.000144529
0.00014453
0.00014453
0.000144531
0.000144532
0.000144532
0.000144533
0.000144533
0.000144536
0.00014268
0.000142678
0.000142678
0.000142679
0.00014268
0.000142681
0.000142682
0.000142683
0.000142684
0.000142685
0.000142686
0.000142687
0.000142687
0.000142688
0.000142689
0.00014269
0.000142691
0.000142692
0.000142693
0.000142694
0.000142695
0.000142696
0.000142696
0.000142697
0.000142698
0.000142699
0.0001427
0.000142701
0.000142701
0.000142702
0.000142703
0.000142704
0.000142704
0.000142705
0.000142706
0.000142706
0.000142707
0.000142707
0.000142708
0.000142708
0.000142709
0.000142709
0.00014271
0.00014271
0.000142712
0.00014268
0.000142679
0.00014268
0.000142681
0.000142682
0.000142683
0.000142683
0.000142684
0.000142685
0.000142686
0.000142686
0.000142687
0.000142688
0.000142688
0.000142688
0.000142691
0.000140752
0.00014075
0.000140751
0.000140751
0.000140752
0.000140753
0.000140754
0.000140755
0.000140756
0.000140757
0.000140758
0.000140759
0.00014076
0.000140761
0.000140762
0.000140763
0.000140764
0.000140765
0.000140766
0.000140766
0.000140767
0.000140768
0.000140769
0.00014077
0.000140771
0.000140772
0.000140772
0.000140773
0.000140774
0.000140775
0.000140775
0.000140776
0.000140777
0.000140777
0.000140778
0.000140778
0.000140779
0.00014078
0.00014078
0.000140781
0.000140781
0.000140781
0.000140782
0.000140782
0.000140785
0.000140754
0.000140752
0.000140752
0.000140753
0.000140754
0.000140755
0.000140756
0.000140757
0.000140758
0.000140758
0.000140759
0.00014076
0.00014076
0.000140761
0.000140761
0.000140764
0.000138748
0.000138746
0.000138746
0.000138747
0.000138748
0.000138749
0.00013875
0.000138751
0.000138752
0.000138753
0.000138754
0.000138755
0.000138756
0.000138757
0.000138758
0.000138759
0.000138759
0.00013876
0.000138761
0.000138762
0.000138763
0.000138764
0.000138765
0.000138765
0.000138766
0.000138767
0.000138768
0.000138768
0.000138769
0.00013877
0.000138771
0.000138771
0.000138772
0.000138773
0.000138773
0.000138774
0.000138774
0.000138775
0.000138775
0.000138776
0.000138776
0.000138777
0.000138777
0.000138777
0.00013878
0.000138751
0.000138748
0.000138748
0.000138749
0.00013875
0.000138751
0.000138752
0.000138753
0.000138753
0.000138754
0.000138755
0.000138755
0.000138756
0.000138757
0.000138757
0.00013876
0.000136671
0.000136669
0.00013667
0.00013667
0.000136672
0.000136673
0.000136674
0.000136675
0.000136676
0.000136677
0.000136678
0.000136679
0.00013668
0.000136681
0.000136682
0.000136683
0.000136684
0.000136684
0.000136685
0.000136686
0.000136687
0.000136688
0.000136689
0.00013669
0.00013669
0.000136691
0.000136692
0.000136692
0.000136693
0.000136694
0.000136695
0.000136695
0.000136696
0.000136696
0.000136697
0.000136697
0.000136698
0.000136698
0.000136699
0.000136699
0.0001367
0.0001367
0.000136701
0.000136701
0.000136703
0.000136676
0.000136673
0.000136673
0.000136674
0.000136675
0.000136675
0.000136676
0.000136677
0.000136678
0.000136678
0.000136679
0.00013668
0.00013668
0.000136681
0.000136681
0.000136684
0.000134529
0.000134527
0.000134527
0.000134528
0.000134529
0.000134531
0.000134532
0.000134533
0.000134534
0.000134535
0.000134536
0.000134537
0.000134538
0.000134539
0.00013454
0.000134541
0.000134542
0.000134543
0.000134544
0.000134544
0.000134545
0.000134546
0.000134547
0.000134548
0.000134548
0.000134549
0.00013455
0.000134551
0.000134551
0.000134552
0.000134552
0.000134553
0.000134554
0.000134554
0.000134555
0.000134555
0.000134556
0.000134556
0.000134557
0.000134557
0.000134558
0.000134558
0.000134558
0.000134558
0.000134561
0.000134536
0.000134533
0.000134532
0.000134533
0.000134533
0.000134534
0.000134535
0.000134536
0.000134536
0.000134537
0.000134538
0.000134538
0.000134539
0.00013454
0.00013454
0.000134543
0.000132327
0.000132324
0.000132325
0.000132326
0.000132327
0.000132328
0.000132329
0.00013233
0.000132331
0.000132332
0.000132334
0.000132335
0.000132336
0.000132337
0.000132338
0.000132338
0.000132339
0.00013234
0.000132341
0.000132342
0.000132343
0.000132344
0.000132344
0.000132345
0.000132346
0.000132347
0.000132347
0.000132348
0.000132349
0.000132349
0.00013235
0.00013235
0.000132351
0.000132352
0.000132352
0.000132353
0.000132353
0.000132353
0.000132354
0.000132354
0.000132355
0.000132355
0.000132355
0.000132355
0.000132358
0.000132335
0.000132332
0.000132331
0.000132331
0.000132332
0.000132333
0.000132333
0.000132334
0.000132334
0.000132335
0.000132336
0.000132336
0.000132337
0.000132338
0.000132338
0.000132341
0.000130069
0.000130066
0.000130067
0.000130068
0.000130069
0.00013007
0.000130071
0.000130072
0.000130074
0.000130075
0.000130076
0.000130077
0.000130078
0.000130079
0.00013008
0.000130081
0.000130082
0.000130083
0.000130083
0.000130084
0.000130085
0.000130086
0.000130087
0.000130087
0.000130088
0.000130089
0.000130089
0.00013009
0.000130091
0.000130091
0.000130092
0.000130093
0.000130093
0.000130094
0.000130094
0.000130095
0.000130095
0.000130095
0.000130096
0.000130096
0.000130097
0.000130097
0.000130097
0.000130097
0.0001301
0.000130079
0.000130076
0.000130075
0.000130075
0.000130075
0.000130076
0.000130076
0.000130077
0.000130077
0.000130078
0.000130079
0.000130079
0.00013008
0.00013008
0.000130081
0.000130084
0.000127761
0.000127758
0.000127759
0.00012776
0.000127761
0.000127762
0.000127764
0.000127765
0.000127766
0.000127767
0.000127768
0.000127769
0.00012777
0.000127771
0.000127772
0.000127773
0.000127774
0.000127775
0.000127776
0.000127777
0.000127777
0.000127778
0.000127779
0.00012778
0.00012778
0.000127781
0.000127782
0.000127782
0.000127783
0.000127784
0.000127784
0.000127785
0.000127785
0.000127786
0.000127786
0.000127787
0.000127787
0.000127787
0.000127788
0.000127788
0.000127789
0.000127789
0.000127789
0.000127789
0.000127792
0.000127773
0.000127769
0.000127768
0.000127768
0.000127769
0.000127769
0.00012777
0.00012777
0.000127771
0.000127771
0.000127772
0.000127772
0.000127773
0.000127773
0.000127773
0.000127777
0.000125409
0.000125406
0.000125406
0.000125407
0.000125409
0.00012541
0.000125411
0.000125412
0.000125414
0.000125415
0.000125416
0.000125417
0.000125418
0.000125419
0.00012542
0.000125421
0.000125422
0.000125423
0.000125424
0.000125424
0.000125425
0.000125426
0.000125427
0.000125427
0.000125428
0.000125429
0.000125429
0.00012543
0.000125431
0.000125431
0.000125432
0.000125432
0.000125433
0.000125433
0.000125434
0.000125434
0.000125434
0.000125435
0.000125435
0.000125436
0.000125436
0.000125436
0.000125437
0.000125436
0.000125439
0.000125422
0.000125418
0.000125417
0.000125417
0.000125418
0.000125418
0.000125418
0.000125419
0.000125419
0.00012542
0.00012542
0.000125421
0.000125421
0.000125422
0.000125422
0.000125425
0.000123017
0.000123014
0.000123015
0.000123016
0.000123017
0.000123018
0.00012302
0.000123021
0.000123022
0.000123023
0.000123024
0.000123025
0.000123026
0.000123027
0.000123028
0.000123029
0.00012303
0.000123031
0.000123032
0.000123033
0.000123034
0.000123034
0.000123035
0.000123036
0.000123036
0.000123037
0.000123038
0.000123038
0.000123039
0.000123039
0.00012304
0.00012304
0.000123041
0.000123041
0.000123042
0.000123042
0.000123043
0.000123043
0.000123043
0.000123044
0.000123044
0.000123044
0.000123045
0.000123044
0.000123048
0.000123032
0.000123028
0.000123027
0.000123027
0.000123027
0.000123028
0.000123028
0.000123028
0.000123029
0.000123029
0.00012303
0.00012303
0.00012303
0.000123031
0.000123031
0.000123034
0.000120592
0.000120589
0.000120589
0.00012059
0.000120591
0.000120593
0.000120594
0.000120595
0.000120596
0.000120598
0.000120599
0.0001206
0.000120601
0.000120602
0.000120603
0.000120604
0.000120605
0.000120606
0.000120606
0.000120607
0.000120608
0.000120609
0.000120609
0.00012061
0.000120611
0.000120611
0.000120612
0.000120613
0.000120613
0.000120614
0.000120614
0.000120615
0.000120615
0.000120616
0.000120616
0.000120617
0.000120617
0.000120617
0.000120618
0.000120618
0.000120618
0.000120619
0.000120619
0.000120619
0.000120622
0.000120608
0.000120604
0.000120603
0.000120603
0.000120603
0.000120603
0.000120603
0.000120604
0.000120604
0.000120605
0.000120605
0.000120605
0.000120606
0.000120606
0.000120606
0.000120609
0.000118138
0.000118135
0.000118135
0.000118136
0.000118137
0.000118139
0.00011814
0.000118141
0.000118142
0.000118144
0.000118145
0.000118146
0.000118147
0.000118148
0.000118149
0.00011815
0.000118151
0.000118152
0.000118152
0.000118153
0.000118154
0.000118155
0.000118155
0.000118156
0.000118157
0.000118157
0.000118158
0.000118159
0.000118159
0.00011816
0.00011816
0.000118161
0.000118161
0.000118162
0.000118162
0.000118162
0.000118163
0.000118163
0.000118163
0.000118164
0.000118164
0.000118164
0.000118165
0.000118164
0.000118167
0.000118155
0.00011815
0.00011815
0.00011815
0.00011815
0.00011815
0.00011815
0.000118151
0.000118151
0.000118151
0.000118152
0.000118152
0.000118153
0.000118153
0.000118153
0.000118156
0.000115661
0.000115658
0.000115658
0.000115659
0.00011566
0.000115662
0.000115663
0.000115664
0.000115665
0.000115666
0.000115668
0.000115669
0.00011567
0.000115671
0.000115672
0.000115673
0.000115674
0.000115674
0.000115675
0.000115676
0.000115677
0.000115678
0.000115678
0.000115679
0.00011568
0.00011568
0.000115681
0.000115681
0.000115682
0.000115682
0.000115683
0.000115683
0.000115684
0.000115684
0.000115685
0.000115685
0.000115685
0.000115686
0.000115686
0.000115686
0.000115687
0.000115687
0.000115687
0.000115687
0.00011569
0.000115678
0.000115674
0.000115673
0.000115673
0.000115674
0.000115674
0.000115674
0.000115674
0.000115675
0.000115675
0.000115676
0.000115676
0.000115676
0.000115677
0.000115676
0.00011568
0.000113167
0.000113163
0.000113163
0.000113164
0.000113166
0.000113167
0.000113168
0.000113169
0.000113171
0.000113172
0.000113173
0.000113174
0.000113175
0.000113176
0.000113177
0.000113178
0.000113179
0.00011318
0.00011318
0.000113181
0.000113182
0.000113183
0.000113183
0.000113184
0.000113185
0.000113185
0.000113186
0.000113187
0.000113187
0.000113188
0.000113188
0.000113189
0.000113189
0.000113189
0.00011319
0.00011319
0.000113191
0.000113191
0.000113191
0.000113192
0.000113192
0.000113192
0.000113192
0.000113192
0.000113195
0.000113184
0.00011318
0.000113179
0.000113179
0.000113179
0.00011318
0.00011318
0.000113181
0.000113181
0.000113181
0.000113182
0.000113182
0.000113182
0.000113183
0.000113182
0.000113186
0.00011066
0.000110656
0.000110657
0.000110658
0.000110659
0.00011066
0.000110661
0.000110662
0.000110664
0.000110665
0.000110666
0.000110667
0.000110668
0.000110669
0.00011067
0.000110671
0.000110672
0.000110673
0.000110673
0.000110674
0.000110675
0.000110676
0.000110676
0.000110677
0.000110678
0.000110678
0.000110679
0.00011068
0.00011068
0.000110681
0.000110681
0.000110682
0.000110682
0.000110682
0.000110683
0.000110683
0.000110684
0.000110684
0.000110684
0.000110684
0.000110685
0.000110685
0.000110685
0.000110685
0.000110688
0.000110678
0.000110673
0.000110673
0.000110673
0.000110673
0.000110674
0.000110674
0.000110674
0.000110675
0.000110675
0.000110675
0.000110676
0.000110676
0.000110677
0.000110676
0.000110679
0.000108146
0.000108143
0.000108143
0.000108144
0.000108145
0.000108146
0.000108148
0.000108149
0.00010815
0.000108151
0.000108152
0.000108153
0.000108154
0.000108155
0.000108156
0.000108157
0.000108158
0.000108159
0.00010816
0.000108161
0.000108161
0.000108162
0.000108163
0.000108163
0.000108164
0.000108165
0.000108165
0.000108166
0.000108166
0.000108167
0.000108167
0.000108168
0.000108168
0.000108169
0.000108169
0.000108169
0.00010817
0.00010817
0.00010817
0.000108171
0.000108171
0.000108171
0.000108172
0.000108171
0.000108174
0.000108164
0.00010816
0.000108159
0.000108159
0.00010816
0.00010816
0.000108161
0.000108161
0.000108162
0.000108162
0.000108162
0.000108163
0.000108163
0.000108164
0.000108163
0.000108166
0.000105632
0.000105628
0.000105628
0.000105629
0.00010563
0.000105631
0.000105633
0.000105634
0.000105635
0.000105636
0.000105637
0.000105638
0.000105639
0.00010564
0.000105641
0.000105642
0.000105643
0.000105644
0.000105645
0.000105645
0.000105646
0.000105647
0.000105648
0.000105648
0.000105649
0.00010565
0.00010565
0.000105651
0.000105651
0.000105652
0.000105652
0.000105653
0.000105653
0.000105654
0.000105654
0.000105654
0.000105655
0.000105655
0.000105655
0.000105656
0.000105656
0.000105656
0.000105656
0.000105656
0.000105659
0.000105649
0.000105645
0.000105644
0.000105645
0.000105645
0.000105646
0.000105646
0.000105647
0.000105647
0.000105647
0.000105648
0.000105648
0.000105649
0.000105649
0.000105649
0.000105652
0.000103121
0.000103117
0.000103117
0.000103118
0.000103119
0.00010312
0.000103122
0.000103123
0.000103124
0.000103125
0.000103126
0.000103127
0.000103128
0.000103129
0.00010313
0.000103131
0.000103132
0.000103133
0.000103134
0.000103134
0.000103135
0.000103136
0.000103137
0.000103137
0.000103138
0.000103138
0.000103139
0.00010314
0.00010314
0.000103141
0.000103141
0.000103142
0.000103142
0.000103142
0.000103143
0.000103143
0.000103144
0.000103144
0.000103144
0.000103145
0.000103145
0.000103145
0.000103145
0.000103145
0.000103148
0.000103138
0.000103134
0.000103133
0.000103134
0.000103134
0.000103135
0.000103136
0.000103136
0.000103136
0.000103137
0.000103137
0.000103138
0.000103138
0.000103139
0.000103138
0.000103142
0.000100619
0.000100615
0.000100615
0.000100616
0.000100617
0.000100619
0.00010062
0.000100621
0.000100622
0.000100623
0.000100624
0.000100625
0.000100626
0.000100627
0.000100628
0.000100629
0.00010063
0.000100631
0.000100632
0.000100632
0.000100633
0.000100634
0.000100635
0.000100635
0.000100636
0.000100637
0.000100637
0.000100638
0.000100638
0.000100639
0.000100639
0.00010064
0.00010064
0.000100641
0.000100641
0.000100641
0.000100642
0.000100642
0.000100642
0.000100643
0.000100643
0.000100643
0.000100644
0.000100643
0.000100646
0.000100636
0.000100632
0.000100632
0.000100632
0.000100633
0.000100633
0.000100634
0.000100634
0.000100635
0.000100635
0.000100636
0.000100636
0.000100637
0.000100637
0.000100637
0.00010064
9.81317e-05
9.81279e-05
9.81279e-05
9.81288e-05
9.813e-05
9.81313e-05
9.81325e-05
9.81336e-05
9.81347e-05
9.81357e-05
9.81368e-05
9.81379e-05
9.81389e-05
9.81398e-05
9.81408e-05
9.81417e-05
9.81425e-05
9.81434e-05
9.81442e-05
9.8145e-05
9.81457e-05
9.81464e-05
9.81471e-05
9.81478e-05
9.81485e-05
9.81491e-05
9.81497e-05
9.81502e-05
9.81508e-05
9.81513e-05
9.81518e-05
9.81523e-05
9.81527e-05
9.81531e-05
9.81535e-05
9.81539e-05
9.81543e-05
9.81546e-05
9.81549e-05
9.81552e-05
9.81555e-05
9.81558e-05
9.81561e-05
9.81557e-05
9.81589e-05
9.81489e-05
9.81445e-05
9.81441e-05
9.81445e-05
9.81451e-05
9.81459e-05
9.81465e-05
9.81471e-05
9.81476e-05
9.81482e-05
9.81487e-05
9.81492e-05
9.81496e-05
9.81501e-05
9.81499e-05
9.81532e-05
9.56637e-05
9.56598e-05
9.56598e-05
9.56607e-05
9.56619e-05
9.56631e-05
9.56643e-05
9.56654e-05
9.56665e-05
9.56676e-05
9.56687e-05
9.56697e-05
9.56707e-05
9.56717e-05
9.56726e-05
9.56735e-05
9.56743e-05
9.56752e-05
9.5676e-05
9.56768e-05
9.56775e-05
9.56782e-05
9.5679e-05
9.56796e-05
9.56803e-05
9.56809e-05
9.56815e-05
9.56821e-05
9.56826e-05
9.56831e-05
9.56836e-05
9.56841e-05
9.56846e-05
9.5685e-05
9.56854e-05
9.56858e-05
9.56862e-05
9.56865e-05
9.56868e-05
9.56871e-05
9.56874e-05
9.56877e-05
9.5688e-05
9.56877e-05
9.56908e-05
9.56805e-05
9.56762e-05
9.56758e-05
9.56762e-05
9.56769e-05
9.56777e-05
9.56784e-05
9.56791e-05
9.56796e-05
9.56802e-05
9.56807e-05
9.56813e-05
9.56817e-05
9.56823e-05
9.56821e-05
9.56854e-05
9.32197e-05
9.32158e-05
9.32158e-05
9.32167e-05
9.32178e-05
9.32191e-05
9.32203e-05
9.32214e-05
9.32225e-05
9.32235e-05
9.32246e-05
9.32256e-05
9.32266e-05
9.32276e-05
9.32285e-05
9.32294e-05
9.32303e-05
9.32311e-05
9.32319e-05
9.32327e-05
9.32334e-05
9.32342e-05
9.32349e-05
9.32355e-05
9.32362e-05
9.32368e-05
9.32374e-05
9.3238e-05
9.32386e-05
9.32391e-05
9.32396e-05
9.32401e-05
9.32406e-05
9.3241e-05
9.32414e-05
9.32418e-05
9.32422e-05
9.32425e-05
9.32429e-05
9.32432e-05
9.32435e-05
9.32437e-05
9.3244e-05
9.32437e-05
9.32468e-05
9.32362e-05
9.32319e-05
9.32315e-05
9.3232e-05
9.32328e-05
9.32336e-05
9.32344e-05
9.3235e-05
9.32356e-05
9.32362e-05
9.32368e-05
9.32374e-05
9.32379e-05
9.32384e-05
9.32383e-05
9.32416e-05
9.08044e-05
9.08004e-05
9.08004e-05
9.08013e-05
9.08025e-05
9.08037e-05
9.08049e-05
9.0806e-05
9.08071e-05
9.08081e-05
9.08092e-05
9.08102e-05
9.08112e-05
9.08122e-05
9.08131e-05
9.0814e-05
9.08148e-05
9.08157e-05
9.08165e-05
9.08173e-05
9.0818e-05
9.08187e-05
9.08195e-05
9.08201e-05
9.08208e-05
9.08214e-05
9.0822e-05
9.08226e-05
9.08232e-05
9.08237e-05
9.08242e-05
9.08247e-05
9.08252e-05
9.08256e-05
9.08261e-05
9.08265e-05
9.08269e-05
9.08272e-05
9.08276e-05
9.08279e-05
9.08282e-05
9.08284e-05
9.08288e-05
9.08285e-05
9.08315e-05
9.08206e-05
9.08163e-05
9.08159e-05
9.08165e-05
9.08173e-05
9.08181e-05
9.08189e-05
9.08196e-05
9.08203e-05
9.08209e-05
9.08215e-05
9.08221e-05
9.08226e-05
9.08232e-05
9.08231e-05
9.08264e-05
8.8422e-05
8.8418e-05
8.8418e-05
8.84189e-05
8.842e-05
8.84213e-05
8.84225e-05
8.84236e-05
8.84246e-05
8.84257e-05
8.84267e-05
8.84278e-05
8.84288e-05
8.84297e-05
8.84306e-05
8.84315e-05
8.84324e-05
8.84332e-05
8.8434e-05
8.84348e-05
8.84356e-05
8.84363e-05
8.8437e-05
8.84377e-05
8.84384e-05
8.8439e-05
8.84396e-05
8.84402e-05
8.84408e-05
8.84413e-05
8.84418e-05
8.84424e-05
8.84428e-05
8.84433e-05
8.84437e-05
8.84441e-05
8.84445e-05
8.84449e-05
8.84452e-05
8.84456e-05
8.84459e-05
8.84461e-05
8.84465e-05
8.84462e-05
8.84492e-05
8.84379e-05
8.84336e-05
8.84333e-05
8.84338e-05
8.84347e-05
8.84355e-05
8.84364e-05
8.84371e-05
8.84378e-05
8.84385e-05
8.84391e-05
8.84397e-05
8.84403e-05
8.84409e-05
8.84408e-05
8.84441e-05
8.60766e-05
8.60726e-05
8.60726e-05
8.60735e-05
8.60746e-05
8.60759e-05
8.6077e-05
8.60782e-05
8.60792e-05
8.60803e-05
8.60813e-05
8.60823e-05
8.60833e-05
8.60843e-05
8.60852e-05
8.60861e-05
8.60869e-05
8.60878e-05
8.60886e-05
8.60894e-05
8.60901e-05
8.60909e-05
8.60916e-05
8.60923e-05
8.60929e-05
8.60936e-05
8.60942e-05
8.60948e-05
8.60954e-05
8.60959e-05
8.60965e-05
8.6097e-05
8.60975e-05
8.60979e-05
8.60984e-05
8.60988e-05
8.60992e-05
8.60996e-05
8.60999e-05
8.61003e-05
8.61006e-05
8.61009e-05
8.61012e-05
8.6101e-05
8.61039e-05
8.60923e-05
8.6088e-05
8.60877e-05
8.60882e-05
8.60891e-05
8.609e-05
8.60908e-05
8.60916e-05
8.60923e-05
8.6093e-05
8.60937e-05
8.60943e-05
8.60949e-05
8.60955e-05
8.60955e-05
8.60987e-05
8.37719e-05
8.37679e-05
8.37679e-05
8.37688e-05
8.377e-05
8.37712e-05
8.37724e-05
8.37735e-05
8.37745e-05
8.37756e-05
8.37766e-05
8.37776e-05
8.37786e-05
8.37796e-05
8.37805e-05
8.37814e-05
8.37822e-05
8.37831e-05
8.37839e-05
8.37847e-05
8.37854e-05
8.37862e-05
8.37869e-05
8.37876e-05
8.37883e-05
8.37889e-05
8.37895e-05
8.37902e-05
8.37907e-05
8.37913e-05
8.37918e-05
8.37924e-05
8.37929e-05
8.37933e-05
8.37938e-05
8.37942e-05
8.37946e-05
8.3795e-05
8.37954e-05
8.37957e-05
8.37961e-05
8.37964e-05
8.37967e-05
8.37965e-05
8.37994e-05
8.37874e-05
8.37831e-05
8.37828e-05
8.37834e-05
8.37842e-05
8.37851e-05
8.3786e-05
8.37868e-05
8.37875e-05
8.37882e-05
8.37889e-05
8.37896e-05
8.37902e-05
8.37909e-05
8.37909e-05
8.3794e-05
8.15114e-05
8.15075e-05
8.15074e-05
8.15083e-05
8.15095e-05
8.15107e-05
8.15118e-05
8.15129e-05
8.1514e-05
8.1515e-05
8.15161e-05
8.15171e-05
8.15181e-05
8.1519e-05
8.15199e-05
8.15208e-05
8.15217e-05
8.15225e-05
8.15233e-05
8.15241e-05
8.15249e-05
8.15256e-05
8.15264e-05
8.15271e-05
8.15277e-05
8.15284e-05
8.1529e-05
8.15297e-05
8.15302e-05
8.15308e-05
8.15314e-05
8.15319e-05
8.15324e-05
8.15329e-05
8.15334e-05
8.15338e-05
8.15342e-05
8.15346e-05
8.1535e-05
8.15354e-05
8.15357e-05
8.1536e-05
8.15363e-05
8.15361e-05
8.1539e-05
8.15266e-05
8.15224e-05
8.15221e-05
8.15227e-05
8.15236e-05
8.15245e-05
8.15254e-05
8.15262e-05
8.15269e-05
8.15276e-05
8.15283e-05
8.1529e-05
8.15297e-05
8.15303e-05
8.15304e-05
8.15335e-05
7.92982e-05
7.92942e-05
7.92942e-05
7.92951e-05
7.92962e-05
7.92974e-05
7.92986e-05
7.92997e-05
7.93007e-05
7.93017e-05
7.93028e-05
7.93038e-05
7.93048e-05
7.93057e-05
7.93066e-05
7.93075e-05
7.93084e-05
7.93092e-05
7.931e-05
7.93108e-05
7.93116e-05
7.93124e-05
7.93131e-05
7.93138e-05
7.93145e-05
7.93151e-05
7.93158e-05
7.93164e-05
7.9317e-05
7.93176e-05
7.93181e-05
7.93187e-05
7.93192e-05
7.93197e-05
7.93202e-05
7.93206e-05
7.9321e-05
7.93215e-05
7.93218e-05
7.93222e-05
7.93226e-05
7.93229e-05
7.93232e-05
7.9323e-05
7.93258e-05
7.93132e-05
7.9309e-05
7.93087e-05
7.93093e-05
7.93101e-05
7.93111e-05
7.93119e-05
7.93128e-05
7.93135e-05
7.93142e-05
7.9315e-05
7.93157e-05
7.93163e-05
7.9317e-05
7.93171e-05
7.93201e-05
7.71349e-05
7.7131e-05
7.7131e-05
7.71318e-05
7.7133e-05
7.71341e-05
7.71353e-05
7.71364e-05
7.71374e-05
7.71384e-05
7.71395e-05
7.71405e-05
7.71414e-05
7.71424e-05
7.71433e-05
7.71442e-05
7.71451e-05
7.71459e-05
7.71467e-05
7.71475e-05
7.71483e-05
7.7149e-05
7.71498e-05
7.71505e-05
7.71512e-05
7.71518e-05
7.71525e-05
7.71531e-05
7.71537e-05
7.71543e-05
7.71549e-05
7.71554e-05
7.71559e-05
7.71564e-05
7.71569e-05
7.71574e-05
7.71578e-05
7.71583e-05
7.71587e-05
7.7159e-05
7.71594e-05
7.71597e-05
7.71601e-05
7.71599e-05
7.71626e-05
7.71497e-05
7.71455e-05
7.71452e-05
7.71459e-05
7.71467e-05
7.71476e-05
7.71485e-05
7.71493e-05
7.71501e-05
7.71508e-05
7.71516e-05
7.71523e-05
7.71529e-05
7.71536e-05
7.71538e-05
7.71567e-05
7.5024e-05
7.50201e-05
7.50201e-05
7.5021e-05
7.50221e-05
7.50232e-05
7.50244e-05
7.50255e-05
7.50265e-05
7.50275e-05
7.50285e-05
7.50295e-05
7.50305e-05
7.50314e-05
7.50324e-05
7.50332e-05
7.50341e-05
7.50349e-05
7.50358e-05
7.50366e-05
7.50373e-05
7.50381e-05
7.50388e-05
7.50395e-05
7.50402e-05
7.50409e-05
7.50415e-05
7.50422e-05
7.50428e-05
7.50434e-05
7.5044e-05
7.50445e-05
7.5045e-05
7.50456e-05
7.50461e-05
7.50465e-05
7.5047e-05
7.50474e-05
7.50478e-05
7.50482e-05
7.50486e-05
7.50489e-05
7.50493e-05
7.50492e-05
7.50518e-05
7.50387e-05
7.50345e-05
7.50342e-05
7.50348e-05
7.50357e-05
7.50366e-05
7.50375e-05
7.50383e-05
7.50391e-05
7.50398e-05
7.50405e-05
7.50412e-05
7.50419e-05
7.50426e-05
7.50428e-05
7.50457e-05
7.29676e-05
7.29637e-05
7.29637e-05
7.29645e-05
7.29656e-05
7.29668e-05
7.29679e-05
7.2969e-05
7.297e-05
7.2971e-05
7.2972e-05
7.2973e-05
7.2974e-05
7.29749e-05
7.29758e-05
7.29767e-05
7.29776e-05
7.29784e-05
7.29792e-05
7.298e-05
7.29808e-05
7.29815e-05
7.29823e-05
7.2983e-05
7.29837e-05
7.29843e-05
7.2985e-05
7.29856e-05
7.29863e-05
7.29869e-05
7.29874e-05
7.2988e-05
7.29885e-05
7.29891e-05
7.29896e-05
7.29901e-05
7.29905e-05
7.2991e-05
7.29914e-05
7.29918e-05
7.29921e-05
7.29925e-05
7.29929e-05
7.29928e-05
7.29953e-05
7.2982e-05
7.29779e-05
7.29776e-05
7.29782e-05
7.29791e-05
7.298e-05
7.29808e-05
7.29817e-05
7.29824e-05
7.29832e-05
7.29839e-05
7.29846e-05
7.29853e-05
7.2986e-05
7.29862e-05
7.2989e-05
7.09672e-05
7.09634e-05
7.09634e-05
7.09643e-05
7.09653e-05
7.09665e-05
7.09676e-05
7.09686e-05
7.09696e-05
7.09706e-05
7.09716e-05
7.09726e-05
7.09736e-05
7.09745e-05
7.09754e-05
7.09763e-05
7.09771e-05
7.0978e-05
7.09788e-05
7.09796e-05
7.09803e-05
7.09811e-05
7.09818e-05
7.09825e-05
7.09832e-05
7.09839e-05
7.09846e-05
7.09852e-05
7.09858e-05
7.09864e-05
7.0987e-05
7.09876e-05
7.09881e-05
7.09887e-05
7.09892e-05
7.09897e-05
7.09901e-05
7.09906e-05
7.0991e-05
7.09914e-05
7.09918e-05
7.09921e-05
7.09925e-05
7.09925e-05
7.09949e-05
7.09815e-05
7.09774e-05
7.09772e-05
7.09778e-05
7.09786e-05
7.09795e-05
7.09804e-05
7.09812e-05
7.09819e-05
7.09827e-05
7.09834e-05
7.09841e-05
7.09848e-05
7.09855e-05
7.09857e-05
7.09884e-05
6.90244e-05
6.90207e-05
6.90206e-05
6.90215e-05
6.90225e-05
6.90236e-05
6.90247e-05
6.90258e-05
6.90268e-05
6.90278e-05
6.90287e-05
6.90297e-05
6.90306e-05
6.90316e-05
6.90325e-05
6.90333e-05
6.90342e-05
6.9035e-05
6.90358e-05
6.90366e-05
6.90374e-05
6.90381e-05
6.90388e-05
6.90396e-05
6.90403e-05
6.90409e-05
6.90416e-05
6.90422e-05
6.90429e-05
6.90435e-05
6.90441e-05
6.90446e-05
6.90452e-05
6.90457e-05
6.90462e-05
6.90467e-05
6.90472e-05
6.90477e-05
6.90481e-05
6.90485e-05
6.90489e-05
6.90493e-05
6.90497e-05
6.90496e-05
6.9052e-05
6.90385e-05
6.90345e-05
6.90342e-05
6.90348e-05
6.90356e-05
6.90365e-05
6.90374e-05
6.90382e-05
6.90389e-05
6.90396e-05
6.90404e-05
6.90411e-05
6.90417e-05
6.90424e-05
6.90427e-05
6.90453e-05
6.71402e-05
6.71365e-05
6.71364e-05
6.71373e-05
6.71383e-05
6.71394e-05
6.71404e-05
6.71415e-05
6.71425e-05
6.71434e-05
6.71444e-05
6.71453e-05
6.71463e-05
6.71472e-05
6.71481e-05
6.71489e-05
6.71498e-05
6.71506e-05
6.71514e-05
6.71522e-05
6.71529e-05
6.71537e-05
6.71544e-05
6.71551e-05
6.71558e-05
6.71565e-05
6.71571e-05
6.71578e-05
6.71584e-05
6.7159e-05
6.71596e-05
6.71602e-05
6.71607e-05
6.71613e-05
6.71618e-05
6.71623e-05
6.71628e-05
6.71632e-05
6.71637e-05
6.71641e-05
6.71645e-05
6.71649e-05
6.71653e-05
6.71653e-05
6.71675e-05
6.71541e-05
6.71501e-05
6.71499e-05
6.71504e-05
6.71512e-05
6.71521e-05
6.71529e-05
6.71537e-05
6.71544e-05
6.71552e-05
6.71559e-05
6.71566e-05
6.71572e-05
6.71579e-05
6.71582e-05
6.71607e-05
6.53152e-05
6.53116e-05
6.53116e-05
6.53124e-05
6.53134e-05
6.53144e-05
6.53155e-05
6.53165e-05
6.53175e-05
6.53184e-05
6.53193e-05
6.53203e-05
6.53212e-05
6.53221e-05
6.5323e-05
6.53238e-05
6.53246e-05
6.53254e-05
6.53262e-05
6.5327e-05
6.53278e-05
6.53285e-05
6.53292e-05
6.53299e-05
6.53306e-05
6.53313e-05
6.5332e-05
6.53326e-05
6.53332e-05
6.53338e-05
6.53344e-05
6.5335e-05
6.53356e-05
6.53361e-05
6.53366e-05
6.53371e-05
6.53376e-05
6.53381e-05
6.53385e-05
6.5339e-05
6.53394e-05
6.53398e-05
6.53401e-05
6.53402e-05
6.53423e-05
6.53289e-05
6.53251e-05
6.53248e-05
6.53254e-05
6.53261e-05
6.5327e-05
6.53278e-05
6.53286e-05
6.53293e-05
6.533e-05
6.53307e-05
6.53314e-05
6.5332e-05
6.53327e-05
6.5333e-05
6.53354e-05
6.35501e-05
6.35465e-05
6.35465e-05
6.35473e-05
6.35483e-05
6.35493e-05
6.35503e-05
6.35513e-05
6.35523e-05
6.35532e-05
6.35541e-05
6.3555e-05
6.35559e-05
6.35568e-05
6.35577e-05
6.35585e-05
6.35593e-05
6.35601e-05
6.35609e-05
6.35617e-05
6.35624e-05
6.35631e-05
6.35639e-05
6.35646e-05
6.35653e-05
6.35659e-05
6.35666e-05
6.35672e-05
6.35678e-05
6.35684e-05
6.3569e-05
6.35696e-05
6.35702e-05
6.35707e-05
6.35712e-05
6.35717e-05
6.35722e-05
6.35727e-05
6.35732e-05
6.35736e-05
6.3574e-05
6.35744e-05
6.35748e-05
6.35748e-05
6.35769e-05
6.35636e-05
6.35598e-05
6.35596e-05
6.35601e-05
6.35608e-05
6.35616e-05
6.35624e-05
6.35632e-05
6.35639e-05
6.35646e-05
6.35653e-05
6.3566e-05
6.35666e-05
6.35673e-05
6.35676e-05
6.35699e-05
6.1845e-05
6.18415e-05
6.18415e-05
6.18423e-05
6.18432e-05
6.18442e-05
6.18452e-05
6.18462e-05
6.18471e-05
6.1848e-05
6.18489e-05
6.18498e-05
6.18507e-05
6.18516e-05
6.18524e-05
6.18532e-05
6.1854e-05
6.18548e-05
6.18556e-05
6.18563e-05
6.18571e-05
6.18578e-05
6.18585e-05
6.18592e-05
6.18599e-05
6.18606e-05
6.18612e-05
6.18618e-05
6.18624e-05
6.18631e-05
6.18636e-05
6.18642e-05
6.18648e-05
6.18653e-05
6.18658e-05
6.18663e-05
6.18668e-05
6.18673e-05
6.18678e-05
6.18682e-05
6.18686e-05
6.1869e-05
6.18694e-05
6.18695e-05
6.18714e-05
6.18583e-05
6.18546e-05
6.18544e-05
6.18549e-05
6.18556e-05
6.18564e-05
6.18572e-05
6.18579e-05
6.18586e-05
6.18593e-05
6.186e-05
6.18606e-05
6.18613e-05
6.18619e-05
6.18622e-05
6.18644e-05
6.02001e-05
6.01966e-05
6.01966e-05
6.01974e-05
6.01983e-05
6.01993e-05
6.02002e-05
6.02012e-05
6.02021e-05
6.0203e-05
6.02038e-05
6.02047e-05
6.02056e-05
6.02064e-05
6.02072e-05
6.0208e-05
6.02088e-05
6.02096e-05
6.02104e-05
6.02111e-05
6.02118e-05
6.02125e-05
6.02132e-05
6.02139e-05
6.02146e-05
6.02152e-05
6.02159e-05
6.02165e-05
6.02171e-05
6.02177e-05
6.02183e-05
6.02189e-05
6.02194e-05
6.022e-05
6.02205e-05
6.0221e-05
6.02215e-05
6.02219e-05
6.02224e-05
6.02228e-05
6.02233e-05
6.02236e-05
6.02241e-05
6.02242e-05
6.0226e-05
6.02131e-05
6.02095e-05
6.02093e-05
6.02098e-05
6.02105e-05
6.02112e-05
6.0212e-05
6.02127e-05
6.02134e-05
6.0214e-05
6.02147e-05
6.02153e-05
6.0216e-05
6.02166e-05
6.02169e-05
6.0219e-05
5.8615e-05
5.86117e-05
5.86117e-05
5.86124e-05
5.86133e-05
5.86142e-05
5.86152e-05
5.86161e-05
5.8617e-05
5.86178e-05
5.86187e-05
5.86195e-05
5.86204e-05
5.86212e-05
5.8622e-05
5.86228e-05
5.86235e-05
5.86243e-05
5.8625e-05
5.86258e-05
5.86265e-05
5.86272e-05
5.86278e-05
5.86285e-05
5.86292e-05
5.86298e-05
5.86305e-05
5.86311e-05
5.86317e-05
5.86323e-05
5.86328e-05
5.86334e-05
5.86339e-05
5.86345e-05
5.8635e-05
5.86355e-05
5.8636e-05
5.86365e-05
5.86369e-05
5.86374e-05
5.86378e-05
5.86382e-05
5.86386e-05
5.86387e-05
5.86405e-05
5.86279e-05
5.86243e-05
5.86241e-05
5.86246e-05
5.86252e-05
5.8626e-05
5.86267e-05
5.86274e-05
5.86281e-05
5.86287e-05
5.86293e-05
5.863e-05
5.86306e-05
5.86312e-05
5.86315e-05
5.86335e-05
5.70896e-05
5.70864e-05
5.70864e-05
5.7087e-05
5.70879e-05
5.70888e-05
5.70897e-05
5.70906e-05
5.70915e-05
5.70923e-05
5.70931e-05
5.70939e-05
5.70948e-05
5.70956e-05
5.70963e-05
5.70971e-05
5.70979e-05
5.70986e-05
5.70993e-05
5.71e-05
5.71007e-05
5.71014e-05
5.71021e-05
5.71027e-05
5.71034e-05
5.7104e-05
5.71046e-05
5.71052e-05
5.71058e-05
5.71064e-05
5.7107e-05
5.71075e-05
5.71081e-05
5.71086e-05
5.71091e-05
5.71096e-05
5.71101e-05
5.71106e-05
5.7111e-05
5.71115e-05
5.71119e-05
5.71123e-05
5.71127e-05
5.71128e-05
5.71145e-05
5.71022e-05
5.70987e-05
5.70985e-05
5.7099e-05
5.70996e-05
5.71003e-05
5.7101e-05
5.71017e-05
5.71024e-05
5.7103e-05
5.71036e-05
5.71042e-05
5.71048e-05
5.71054e-05
5.71058e-05
5.71076e-05
5.56234e-05
5.56203e-05
5.56203e-05
5.56209e-05
5.56217e-05
5.56226e-05
5.56235e-05
5.56244e-05
5.56252e-05
5.5626e-05
5.56268e-05
5.56276e-05
5.56284e-05
5.56291e-05
5.56299e-05
5.56306e-05
5.56314e-05
5.56321e-05
5.56328e-05
5.56335e-05
5.56342e-05
5.56348e-05
5.56355e-05
5.56361e-05
5.56367e-05
5.56374e-05
5.5638e-05
5.56386e-05
5.56391e-05
5.56397e-05
5.56403e-05
5.56408e-05
5.56413e-05
5.56419e-05
5.56424e-05
5.56429e-05
5.56434e-05
5.56438e-05
5.56443e-05
5.56447e-05
5.56451e-05
5.56455e-05
5.56459e-05
5.56461e-05
5.56476e-05
5.56357e-05
5.56324e-05
5.56321e-05
5.56326e-05
5.56332e-05
5.56339e-05
5.56346e-05
5.56352e-05
5.56358e-05
5.56364e-05
5.5637e-05
5.56376e-05
5.56382e-05
5.56388e-05
5.56391e-05
5.56409e-05
5.42159e-05
5.42129e-05
5.42128e-05
5.42135e-05
5.42143e-05
5.42151e-05
5.42159e-05
5.42168e-05
5.42176e-05
5.42183e-05
5.42191e-05
5.42199e-05
5.42206e-05
5.42214e-05
5.42221e-05
5.42228e-05
5.42235e-05
5.42242e-05
5.42249e-05
5.42256e-05
5.42263e-05
5.42269e-05
5.42275e-05
5.42282e-05
5.42288e-05
5.42294e-05
5.423e-05
5.42305e-05
5.42311e-05
5.42317e-05
5.42322e-05
5.42328e-05
5.42333e-05
5.42338e-05
5.42343e-05
5.42348e-05
5.42352e-05
5.42357e-05
5.42362e-05
5.42366e-05
5.4237e-05
5.42374e-05
5.42378e-05
5.4238e-05
5.42394e-05
5.42279e-05
5.42247e-05
5.42244e-05
5.42248e-05
5.42254e-05
5.42261e-05
5.42268e-05
5.42274e-05
5.4228e-05
5.42286e-05
5.42291e-05
5.42297e-05
5.42303e-05
5.42308e-05
5.42312e-05
5.42328e-05
5.28665e-05
5.28635e-05
5.28635e-05
5.28641e-05
5.28649e-05
5.28657e-05
5.28665e-05
5.28673e-05
5.28681e-05
5.28688e-05
5.28696e-05
5.28703e-05
5.2871e-05
5.28717e-05
5.28725e-05
5.28731e-05
5.28738e-05
5.28745e-05
5.28752e-05
5.28758e-05
5.28764e-05
5.28771e-05
5.28777e-05
5.28783e-05
5.28789e-05
5.28795e-05
5.28801e-05
5.28806e-05
5.28812e-05
5.28817e-05
5.28822e-05
5.28828e-05
5.28833e-05
5.28838e-05
5.28843e-05
5.28848e-05
5.28852e-05
5.28857e-05
5.28861e-05
5.28865e-05
5.28869e-05
5.28873e-05
5.28877e-05
5.28879e-05
5.28893e-05
5.28782e-05
5.2875e-05
5.28748e-05
5.28752e-05
5.28758e-05
5.28764e-05
5.2877e-05
5.28777e-05
5.28782e-05
5.28788e-05
5.28793e-05
5.28799e-05
5.28804e-05
5.2881e-05
5.28813e-05
5.28828e-05
5.15746e-05
5.15717e-05
5.15717e-05
5.15723e-05
5.1573e-05
5.15738e-05
5.15746e-05
5.15753e-05
5.15761e-05
5.15768e-05
5.15775e-05
5.15782e-05
5.15789e-05
5.15796e-05
5.15803e-05
5.1581e-05
5.15816e-05
5.15823e-05
5.15829e-05
5.15835e-05
5.15841e-05
5.15847e-05
5.15853e-05
5.15859e-05
5.15865e-05
5.15871e-05
5.15876e-05
5.15882e-05
5.15887e-05
5.15892e-05
5.15898e-05
5.15903e-05
5.15908e-05
5.15913e-05
5.15917e-05
5.15922e-05
5.15927e-05
5.15931e-05
5.15935e-05
5.1594e-05
5.15944e-05
5.15947e-05
5.15951e-05
5.15954e-05
5.15966e-05
5.1586e-05
5.15829e-05
5.15827e-05
5.15831e-05
5.15836e-05
5.15842e-05
5.15848e-05
5.15854e-05
5.1586e-05
5.15865e-05
5.1587e-05
5.15876e-05
5.15881e-05
5.15886e-05
5.1589e-05
5.15904e-05
5.03396e-05
5.03369e-05
5.03368e-05
5.03374e-05
5.03381e-05
5.03388e-05
5.03396e-05
5.03403e-05
5.0341e-05
5.03417e-05
5.03424e-05
5.0343e-05
5.03437e-05
5.03444e-05
5.0345e-05
5.03457e-05
5.03463e-05
5.03469e-05
5.03475e-05
5.03481e-05
5.03487e-05
5.03493e-05
5.03499e-05
5.03505e-05
5.0351e-05
5.03516e-05
5.03521e-05
5.03526e-05
5.03532e-05
5.03537e-05
5.03542e-05
5.03547e-05
5.03552e-05
5.03556e-05
5.03561e-05
5.03565e-05
5.0357e-05
5.03574e-05
5.03578e-05
5.03583e-05
5.03587e-05
5.0359e-05
5.03594e-05
5.03597e-05
5.03608e-05
5.03506e-05
5.03477e-05
5.03475e-05
5.03479e-05
5.03484e-05
5.0349e-05
5.03495e-05
5.03501e-05
5.03506e-05
5.03511e-05
5.03516e-05
5.03522e-05
5.03526e-05
5.03532e-05
5.03535e-05
5.03548e-05
4.9161e-05
4.91583e-05
4.91583e-05
4.91588e-05
4.91595e-05
4.91602e-05
4.91609e-05
4.91616e-05
4.91623e-05
4.91629e-05
4.91636e-05
4.91642e-05
4.91649e-05
4.91655e-05
4.91661e-05
4.91667e-05
4.91673e-05
4.91679e-05
4.91685e-05
4.91691e-05
4.91697e-05
4.91702e-05
4.91708e-05
4.91713e-05
4.91719e-05
4.91724e-05
4.91729e-05
4.91734e-05
4.91739e-05
4.91744e-05
4.91749e-05
4.91754e-05
4.91759e-05
4.91763e-05
4.91768e-05
4.91772e-05
4.91777e-05
4.91781e-05
4.91785e-05
4.91789e-05
4.91793e-05
4.91797e-05
4.918e-05
4.91803e-05
4.91814e-05
4.91717e-05
4.91688e-05
4.91686e-05
4.9169e-05
4.91695e-05
4.917e-05
4.91706e-05
4.91711e-05
4.91716e-05
4.91721e-05
4.91726e-05
4.91731e-05
4.91735e-05
4.9174e-05
4.91744e-05
4.91756e-05
4.80382e-05
4.80357e-05
4.80356e-05
4.80361e-05
4.80368e-05
4.80374e-05
4.80381e-05
4.80388e-05
4.80394e-05
4.804e-05
4.80406e-05
4.80412e-05
4.80419e-05
4.80425e-05
4.80431e-05
4.80437e-05
4.80442e-05
4.80448e-05
4.80454e-05
4.80459e-05
4.80465e-05
4.8047e-05
4.80475e-05
4.80481e-05
4.80486e-05
4.80491e-05
4.80496e-05
4.80501e-05
4.80506e-05
4.80511e-05
4.80515e-05
4.8052e-05
4.80524e-05
4.80529e-05
4.80533e-05
4.80537e-05
4.80542e-05
4.80546e-05
4.8055e-05
4.80554e-05
4.80557e-05
4.80561e-05
4.80565e-05
4.80567e-05
4.80577e-05
4.80485e-05
4.80458e-05
4.80456e-05
4.8046e-05
4.80464e-05
4.80469e-05
4.80474e-05
4.8048e-05
4.80484e-05
4.80489e-05
4.80494e-05
4.80498e-05
4.80503e-05
4.80508e-05
4.80511e-05
4.80522e-05
4.69709e-05
4.69685e-05
4.69684e-05
4.69689e-05
4.69695e-05
4.69701e-05
4.69707e-05
4.69714e-05
4.6972e-05
4.69726e-05
4.69732e-05
4.69737e-05
4.69743e-05
4.69749e-05
4.69755e-05
4.6976e-05
4.69766e-05
4.69771e-05
4.69777e-05
4.69782e-05
4.69787e-05
4.69792e-05
4.69798e-05
4.69803e-05
4.69808e-05
4.69812e-05
4.69817e-05
4.69822e-05
4.69827e-05
4.69831e-05
4.69836e-05
4.6984e-05
4.69844e-05
4.69849e-05
4.69853e-05
4.69857e-05
4.69861e-05
4.69865e-05
4.69869e-05
4.69873e-05
4.69876e-05
4.6988e-05
4.69884e-05
4.69886e-05
4.69896e-05
4.69808e-05
4.69783e-05
4.69781e-05
4.69784e-05
4.69788e-05
4.69793e-05
4.69798e-05
4.69803e-05
4.69807e-05
4.69812e-05
4.69816e-05
4.69821e-05
4.69825e-05
4.69829e-05
4.69833e-05
4.69843e-05
4.59587e-05
4.59564e-05
4.59564e-05
4.59568e-05
4.59574e-05
4.5958e-05
4.59586e-05
4.59592e-05
4.59597e-05
4.59603e-05
4.59609e-05
4.59614e-05
4.5962e-05
4.59625e-05
4.59631e-05
4.59636e-05
4.59641e-05
4.59646e-05
4.59652e-05
4.59657e-05
4.59662e-05
4.59667e-05
4.59671e-05
4.59676e-05
4.59681e-05
4.59686e-05
4.5969e-05
4.59695e-05
4.59699e-05
4.59704e-05
4.59708e-05
4.59712e-05
4.59716e-05
4.5972e-05
4.59724e-05
4.59728e-05
4.59732e-05
4.59736e-05
4.5974e-05
4.59744e-05
4.59747e-05
4.59751e-05
4.59754e-05
4.59757e-05
4.59765e-05
4.59683e-05
4.59658e-05
4.59656e-05
4.59659e-05
4.59664e-05
4.59668e-05
4.59673e-05
4.59677e-05
4.59682e-05
4.59686e-05
4.5969e-05
4.59694e-05
4.59699e-05
4.59703e-05
4.59706e-05
4.59716e-05
4.50016e-05
4.49994e-05
4.49994e-05
4.49998e-05
4.50003e-05
4.50009e-05
4.50014e-05
4.5002e-05
4.50025e-05
4.50031e-05
4.50036e-05
4.50041e-05
4.50046e-05
4.50052e-05
4.50057e-05
4.50062e-05
4.50067e-05
4.50072e-05
4.50077e-05
4.50081e-05
4.50086e-05
4.50091e-05
4.50096e-05
4.501e-05
4.50105e-05
4.50109e-05
4.50113e-05
4.50118e-05
4.50122e-05
4.50126e-05
4.5013e-05
4.50134e-05
4.50138e-05
4.50142e-05
4.50146e-05
4.5015e-05
4.50154e-05
4.50158e-05
4.50161e-05
4.50165e-05
4.50168e-05
4.50171e-05
4.50175e-05
4.50177e-05
4.50185e-05
4.50108e-05
4.50084e-05
4.50083e-05
4.50085e-05
4.50089e-05
4.50094e-05
4.50098e-05
4.50102e-05
4.50106e-05
4.5011e-05
4.50114e-05
4.50118e-05
4.50122e-05
4.50126e-05
4.5013e-05
4.50138e-05
4.40995e-05
4.40974e-05
4.40974e-05
4.40978e-05
4.40983e-05
4.40988e-05
4.40993e-05
4.40999e-05
4.41004e-05
4.41009e-05
4.41014e-05
4.41019e-05
4.41024e-05
4.41029e-05
4.41034e-05
4.41038e-05
4.41043e-05
4.41048e-05
4.41052e-05
4.41057e-05
4.41062e-05
4.41066e-05
4.4107e-05
4.41075e-05
4.41079e-05
4.41083e-05
4.41087e-05
4.41092e-05
4.41096e-05
4.411e-05
4.41104e-05
4.41107e-05
4.41111e-05
4.41115e-05
4.41119e-05
4.41122e-05
4.41126e-05
4.4113e-05
4.41133e-05
4.41136e-05
4.4114e-05
4.41143e-05
4.41146e-05
4.41149e-05
4.41156e-05
4.41083e-05
4.41061e-05
4.41059e-05
4.41062e-05
4.41066e-05
4.4107e-05
4.41074e-05
4.41078e-05
4.41082e-05
4.41086e-05
4.41089e-05
4.41093e-05
4.41097e-05
4.41101e-05
4.41104e-05
4.41112e-05
4.32528e-05
4.32508e-05
4.32507e-05
4.32511e-05
4.32515e-05
4.3252e-05
4.32525e-05
4.3253e-05
4.32535e-05
4.3254e-05
4.32545e-05
4.32549e-05
4.32554e-05
4.32559e-05
4.32563e-05
4.32568e-05
4.32572e-05
4.32577e-05
4.32581e-05
4.32586e-05
4.3259e-05
4.32594e-05
4.32598e-05
4.32602e-05
4.32606e-05
4.3261e-05
4.32614e-05
4.32618e-05
4.32622e-05
4.32626e-05
4.3263e-05
4.32633e-05
4.32637e-05
4.32641e-05
4.32644e-05
4.32648e-05
4.32651e-05
4.32654e-05
4.32658e-05
4.32661e-05
4.32664e-05
4.32667e-05
4.3267e-05
4.32673e-05
4.3268e-05
4.32612e-05
4.32591e-05
4.32589e-05
4.32591e-05
4.32595e-05
4.32598e-05
4.32602e-05
4.32606e-05
4.3261e-05
4.32613e-05
4.32617e-05
4.32621e-05
4.32624e-05
4.32628e-05
4.32631e-05
4.32638e-05
4.24617e-05
4.24598e-05
4.24598e-05
4.24601e-05
4.24605e-05
4.2461e-05
4.24615e-05
4.24619e-05
4.24624e-05
4.24629e-05
4.24633e-05
4.24637e-05
4.24642e-05
4.24646e-05
4.24651e-05
4.24655e-05
4.24659e-05
4.24663e-05
4.24668e-05
4.24672e-05
4.24676e-05
4.2468e-05
4.24684e-05
4.24688e-05
4.24691e-05
4.24695e-05
4.24699e-05
4.24703e-05
4.24706e-05
4.2471e-05
4.24713e-05
4.24717e-05
4.2472e-05
4.24724e-05
4.24727e-05
4.24731e-05
4.24734e-05
4.24737e-05
4.2474e-05
4.24743e-05
4.24746e-05
4.24749e-05
4.24752e-05
4.24755e-05
4.24761e-05
4.24698e-05
4.24677e-05
4.24676e-05
4.24678e-05
4.24681e-05
4.24685e-05
4.24688e-05
4.24692e-05
4.24695e-05
4.24699e-05
4.24702e-05
4.24705e-05
4.24709e-05
4.24712e-05
4.24715e-05
4.24722e-05
4.17271e-05
4.17253e-05
4.17253e-05
4.17256e-05
4.1726e-05
4.17264e-05
4.17269e-05
4.17273e-05
4.17277e-05
4.17282e-05
4.17286e-05
4.1729e-05
4.17294e-05
4.17298e-05
4.17302e-05
4.17306e-05
4.1731e-05
4.17314e-05
4.17318e-05
4.17322e-05
4.17326e-05
4.1733e-05
4.17334e-05
4.17337e-05
4.17341e-05
4.17344e-05
4.17348e-05
4.17351e-05
4.17355e-05
4.17358e-05
4.17362e-05
4.17365e-05
4.17368e-05
4.17372e-05
4.17375e-05
4.17378e-05
4.17381e-05
4.17384e-05
4.17387e-05
4.1739e-05
4.17393e-05
4.17396e-05
4.17398e-05
4.17401e-05
4.17407e-05
4.17348e-05
4.17329e-05
4.17327e-05
4.17329e-05
4.17332e-05
4.17335e-05
4.17339e-05
4.17342e-05
4.17345e-05
4.17348e-05
4.17352e-05
4.17355e-05
4.17358e-05
4.17361e-05
4.17364e-05
4.1737e-05
4.10499e-05
4.10482e-05
4.10481e-05
4.10484e-05
4.10488e-05
4.10492e-05
4.10496e-05
4.10501e-05
4.10505e-05
4.10509e-05
4.10513e-05
4.10517e-05
4.1052e-05
4.10524e-05
4.10528e-05
4.10532e-05
4.10536e-05
4.1054e-05
4.10543e-05
4.10547e-05
4.1055e-05
4.10554e-05
4.10558e-05
4.10561e-05
4.10564e-05
4.10568e-05
4.10571e-05
4.10575e-05
4.10578e-05
4.10581e-05
4.10584e-05
4.10587e-05
4.1059e-05
4.10594e-05
4.10597e-05
4.10599e-05
4.10602e-05
4.10605e-05
4.10608e-05
4.10611e-05
4.10614e-05
4.10616e-05
4.10619e-05
4.10621e-05
4.10627e-05
4.10572e-05
4.10554e-05
4.10552e-05
4.10554e-05
4.10557e-05
4.1056e-05
4.10563e-05
4.10566e-05
4.10569e-05
4.10572e-05
4.10575e-05
4.10578e-05
4.10581e-05
4.10584e-05
4.10587e-05
4.10593e-05
4.04313e-05
4.04297e-05
4.04297e-05
4.043e-05
4.04303e-05
4.04307e-05
4.04311e-05
4.04315e-05
4.04319e-05
4.04323e-05
4.04326e-05
4.0433e-05
4.04334e-05
4.04337e-05
4.04341e-05
4.04344e-05
4.04348e-05
4.04351e-05
4.04355e-05
4.04358e-05
4.04362e-05
4.04365e-05
4.04368e-05
4.04372e-05
4.04375e-05
4.04378e-05
4.04381e-05
4.04384e-05
4.04388e-05
4.04391e-05
4.04394e-05
4.04397e-05
4.04399e-05
4.04402e-05
4.04405e-05
4.04408e-05
4.04411e-05
4.04413e-05
4.04416e-05
4.04419e-05
4.04421e-05
4.04424e-05
4.04426e-05
4.04429e-05
4.04434e-05
4.04382e-05
4.04365e-05
4.04364e-05
4.04366e-05
4.04368e-05
4.04371e-05
4.04374e-05
4.04377e-05
4.0438e-05
4.04383e-05
4.04385e-05
4.04388e-05
4.04391e-05
4.04394e-05
4.04397e-05
4.04402e-05
3.98731e-05
3.98715e-05
3.98715e-05
3.98718e-05
3.98721e-05
3.98724e-05
3.98728e-05
3.98732e-05
3.98735e-05
3.98739e-05
3.98742e-05
3.98746e-05
3.98749e-05
3.98753e-05
3.98756e-05
3.98759e-05
3.98763e-05
3.98766e-05
3.98769e-05
3.98773e-05
3.98776e-05
3.98779e-05
3.98782e-05
3.98785e-05
3.98788e-05
3.98791e-05
3.98794e-05
3.98797e-05
3.988e-05
3.98803e-05
3.98806e-05
3.98808e-05
3.98811e-05
3.98814e-05
3.98817e-05
3.98819e-05
3.98822e-05
3.98824e-05
3.98827e-05
3.98829e-05
3.98832e-05
3.98834e-05
3.98837e-05
3.98839e-05
3.98843e-05
3.98796e-05
3.98779e-05
3.98778e-05
3.9878e-05
3.98782e-05
3.98785e-05
3.98787e-05
3.9879e-05
3.98793e-05
3.98796e-05
3.98798e-05
3.98801e-05
3.98804e-05
3.98807e-05
3.98809e-05
3.98814e-05
3.9377e-05
3.93755e-05
3.93755e-05
3.93757e-05
3.9376e-05
3.93764e-05
3.93767e-05
3.9377e-05
3.93774e-05
3.93777e-05
3.9378e-05
3.93784e-05
3.93787e-05
3.9379e-05
3.93793e-05
3.93796e-05
3.93799e-05
3.93803e-05
3.93806e-05
3.93809e-05
3.93812e-05
3.93815e-05
3.93818e-05
3.9382e-05
3.93823e-05
3.93826e-05
3.93829e-05
3.93832e-05
3.93834e-05
3.93837e-05
3.9384e-05
3.93842e-05
3.93845e-05
3.93847e-05
3.9385e-05
3.93852e-05
3.93855e-05
3.93857e-05
3.9386e-05
3.93862e-05
3.93864e-05
3.93866e-05
3.93869e-05
3.93871e-05
3.93875e-05
3.93831e-05
3.93815e-05
3.93814e-05
3.93815e-05
3.93817e-05
3.9382e-05
3.93823e-05
3.93825e-05
3.93828e-05
3.93831e-05
3.93833e-05
3.93836e-05
3.93839e-05
3.93842e-05
3.93844e-05
3.93849e-05
3.89453e-05
3.8944e-05
3.89439e-05
3.89442e-05
3.89445e-05
3.89448e-05
3.89451e-05
3.89454e-05
3.89457e-05
3.8946e-05
3.89463e-05
3.89466e-05
3.89469e-05
3.89472e-05
3.89475e-05
3.89478e-05
3.89481e-05
3.89484e-05
3.89487e-05
3.8949e-05
3.89492e-05
3.89495e-05
3.89498e-05
3.89501e-05
3.89503e-05
3.89506e-05
3.89508e-05
3.89511e-05
3.89514e-05
3.89516e-05
3.89519e-05
3.89521e-05
3.89523e-05
3.89526e-05
3.89528e-05
3.8953e-05
3.89533e-05
3.89535e-05
3.89537e-05
3.89539e-05
3.89542e-05
3.89544e-05
3.89546e-05
3.89548e-05
3.89552e-05
3.8951e-05
3.89495e-05
3.89494e-05
3.89495e-05
3.89498e-05
3.895e-05
3.89503e-05
3.89505e-05
3.89508e-05
3.89511e-05
3.89514e-05
3.89516e-05
3.89519e-05
3.89522e-05
3.89524e-05
3.89529e-05
3.85809e-05
3.85796e-05
3.85795e-05
3.85798e-05
3.858e-05
3.85803e-05
3.85806e-05
3.85809e-05
3.85812e-05
3.85815e-05
3.85818e-05
3.8582e-05
3.85823e-05
3.85826e-05
3.85829e-05
3.85831e-05
3.85834e-05
3.85837e-05
3.8584e-05
3.85842e-05
3.85845e-05
3.85847e-05
3.8585e-05
3.85852e-05
3.85855e-05
3.85857e-05
3.8586e-05
3.85862e-05
3.85864e-05
3.85867e-05
3.85869e-05
3.85871e-05
3.85874e-05
3.85876e-05
3.85878e-05
3.8588e-05
3.85882e-05
3.85884e-05
3.85886e-05
3.85889e-05
3.85891e-05
3.85893e-05
3.85895e-05
3.85896e-05
3.859e-05
3.85861e-05
3.85847e-05
3.85846e-05
3.85847e-05
3.85849e-05
3.85852e-05
3.85855e-05
3.85858e-05
3.85861e-05
3.85863e-05
3.85866e-05
3.85869e-05
3.85872e-05
3.85874e-05
3.85877e-05
3.85881e-05
3.82867e-05
3.82855e-05
3.82854e-05
3.82856e-05
3.82858e-05
3.82861e-05
3.82863e-05
3.82866e-05
3.82869e-05
3.82872e-05
3.82874e-05
3.82877e-05
3.82879e-05
3.82882e-05
3.82885e-05
3.82887e-05
3.8289e-05
3.82892e-05
3.82895e-05
3.82897e-05
3.82899e-05
3.82902e-05
3.82904e-05
3.82907e-05
3.82909e-05
3.82911e-05
3.82913e-05
3.82916e-05
3.82918e-05
3.8292e-05
3.82922e-05
3.82924e-05
3.82926e-05
3.82928e-05
3.8293e-05
3.82932e-05
3.82934e-05
3.82936e-05
3.82938e-05
3.8294e-05
3.82942e-05
3.82944e-05
3.82946e-05
3.82947e-05
3.82951e-05
3.82914e-05
3.82901e-05
3.829e-05
3.82902e-05
3.82904e-05
3.82907e-05
3.8291e-05
3.82914e-05
3.82917e-05
3.8292e-05
3.82922e-05
3.82925e-05
3.82928e-05
3.8293e-05
3.82933e-05
3.82937e-05
3.80664e-05
3.80651e-05
3.80649e-05
3.80651e-05
3.80653e-05
3.80656e-05
3.80658e-05
3.80661e-05
3.80663e-05
3.80666e-05
3.80668e-05
3.80671e-05
3.80673e-05
3.80676e-05
3.80678e-05
3.8068e-05
3.80683e-05
3.80685e-05
3.80687e-05
3.80689e-05
3.80692e-05
3.80694e-05
3.80696e-05
3.80698e-05
3.807e-05
3.80702e-05
3.80704e-05
3.80707e-05
3.80709e-05
3.80711e-05
3.80713e-05
3.80714e-05
3.80716e-05
3.80718e-05
3.8072e-05
3.80722e-05
3.80724e-05
3.80726e-05
3.80728e-05
3.80729e-05
3.80731e-05
3.80733e-05
3.80735e-05
3.80736e-05
3.80739e-05
3.80704e-05
3.80692e-05
3.80692e-05
3.80695e-05
3.80698e-05
3.80702e-05
3.80705e-05
3.80709e-05
3.80712e-05
3.80715e-05
3.80718e-05
3.8072e-05
3.80723e-05
3.80725e-05
3.80727e-05
3.80731e-05
3.79236e-05
3.79222e-05
3.79221e-05
3.79223e-05
3.79225e-05
3.79227e-05
3.7923e-05
3.79232e-05
3.79235e-05
3.79237e-05
3.79239e-05
3.79241e-05
3.79244e-05
3.79246e-05
3.79248e-05
3.7925e-05
3.79252e-05
3.79254e-05
3.79256e-05
3.79258e-05
3.7926e-05
3.79262e-05
3.79264e-05
3.79266e-05
3.79268e-05
3.7927e-05
3.79272e-05
3.79274e-05
3.79276e-05
3.79278e-05
3.7928e-05
3.79281e-05
3.79283e-05
3.79285e-05
3.79287e-05
3.79289e-05
3.7929e-05
3.79292e-05
3.79294e-05
3.79295e-05
3.79297e-05
3.79298e-05
3.793e-05
3.79302e-05
3.79304e-05
3.79271e-05
3.79261e-05
3.79264e-05
3.79268e-05
3.79273e-05
3.79277e-05
3.7928e-05
3.79283e-05
3.79286e-05
3.79289e-05
3.79291e-05
3.79294e-05
3.79296e-05
3.79298e-05
3.793e-05
3.79304e-05
3.78624e-05
3.78612e-05
3.78612e-05
3.78615e-05
3.78617e-05
3.7862e-05
3.78622e-05
3.78624e-05
3.78626e-05
3.78628e-05
3.7863e-05
3.78632e-05
3.78634e-05
3.78636e-05
3.78638e-05
3.7864e-05
3.78642e-05
3.78644e-05
3.78646e-05
3.78648e-05
3.78649e-05
3.78651e-05
3.78653e-05
3.78655e-05
3.78657e-05
3.78658e-05
3.7866e-05
3.78662e-05
3.78664e-05
3.78665e-05
3.78667e-05
3.78669e-05
3.7867e-05
3.78672e-05
3.78674e-05
3.78675e-05
3.78677e-05
3.78678e-05
3.7868e-05
3.78681e-05
3.78683e-05
3.78684e-05
3.78686e-05
3.78687e-05
3.7869e-05
3.78661e-05
3.78659e-05
3.78665e-05
3.7867e-05
3.78674e-05
3.78677e-05
3.78679e-05
3.78681e-05
3.78684e-05
3.78685e-05
3.78687e-05
3.78689e-05
3.78691e-05
3.78692e-05
3.78694e-05
3.78697e-05
)
;

boundaryField
{
    bottomWall
    {
        type            kqRWallFunction;
        value           nonuniform 0();
    }
    topWall
    {
        type            kqRWallFunction;
        value           nonuniform 0();
    }
    sides1_half0
    {
        type            cyclic;
    }
    sides1_half1
    {
        type            cyclic;
    }
    sides2_half0
    {
        type            cyclic;
    }
    sides2_half1
    {
        type            cyclic;
    }
    inout1_half0
    {
        type            cyclic;
    }
    inout1_half1
    {
        type            cyclic;
    }
    inout2_half0
    {
        type            cyclic;
    }
    inout2_half1
    {
        type            cyclic;
    }
    procBoundary5to2
    {
        type            processor;
        value           nonuniform List<scalar> 
61
(
3.78939e-05
3.78925e-05
3.78923e-05
3.78924e-05
3.78926e-05
3.78928e-05
3.7893e-05
3.78932e-05
3.78934e-05
3.78935e-05
3.78937e-05
3.78939e-05
3.78941e-05
3.78942e-05
3.78944e-05
3.78946e-05
3.78948e-05
3.78949e-05
3.78951e-05
3.78953e-05
3.78954e-05
3.78956e-05
3.78958e-05
3.78959e-05
3.78961e-05
3.78963e-05
3.78964e-05
3.78966e-05
3.78967e-05
3.78969e-05
3.78971e-05
3.78972e-05
3.78974e-05
3.78975e-05
3.78977e-05
3.78978e-05
3.7898e-05
3.78981e-05
3.78983e-05
3.78984e-05
3.78985e-05
3.78987e-05
3.78988e-05
3.7899e-05
3.78992e-05
3.79013e-05
3.79003e-05
3.78998e-05
3.78996e-05
3.78995e-05
3.78996e-05
3.78996e-05
3.78997e-05
3.78998e-05
3.78999e-05
3.79e-05
3.79001e-05
3.79002e-05
3.79004e-05
3.79005e-05
3.79006e-05
)
;
    }
    procBoundary5to3
    {
        type            processor;
        value           nonuniform List<scalar> 
61
(
0.000147951
0.00014795
0.00014795
0.000147951
0.000147952
0.000147952
0.000147953
0.000147954
0.000147955
0.000147955
0.000147956
0.000147957
0.000147958
0.000147959
0.00014796
0.000147961
0.000147962
0.000147963
0.000147964
0.000147965
0.000147966
0.000147966
0.000147967
0.000147968
0.000147969
0.00014797
0.000147971
0.000147972
0.000147973
0.000147974
0.000147975
0.000147975
0.000147976
0.000147977
0.000147978
0.000147978
0.000147979
0.00014798
0.00014798
0.000147981
0.000147981
0.000147982
0.000147982
0.000147983
0.000147984
0.000147954
0.000147953
0.000147953
0.000147953
0.000147954
0.000147954
0.000147955
0.000147955
0.000147956
0.000147957
0.000147957
0.000147958
0.000147958
0.000147959
0.000147959
0.000147962
)
;
    }
    procBoundary5to4
    {
        type            processor;
        value           nonuniform List<scalar> 
132
(
0.000146306
0.000146287
0.000144549
0.000144534
0.000142702
0.000142691
0.000140773
0.000140766
0.000138768
0.000138764
0.00013669
0.00013669
0.000134547
0.000134551
0.000132344
0.000132351
0.000130085
0.000130095
0.000127776
0.00012779
0.000125423
0.00012544
0.000123031
0.00012305
0.000120604
0.000120626
0.000118149
0.000118174
0.000115671
0.000115698
0.000113176
0.000113204
0.000110668
0.000110698
0.000108154
0.000108185
0.000105639
0.000105671
0.000103127
0.00010316
0.000100625
0.000100658
9.81373e-05
9.81707e-05
9.56689e-05
9.57026e-05
9.32247e-05
9.32584e-05
9.08093e-05
9.08429e-05
8.84269e-05
8.84603e-05
8.60815e-05
8.61147e-05
8.3777e-05
8.38098e-05
8.15166e-05
8.1549e-05
7.93035e-05
7.93354e-05
7.71405e-05
7.71718e-05
7.50298e-05
7.50606e-05
7.29736e-05
7.30037e-05
7.09734e-05
7.1003e-05
6.90308e-05
6.90597e-05
6.71467e-05
6.71749e-05
6.53218e-05
6.53494e-05
6.35568e-05
6.35837e-05
6.18518e-05
6.1878e-05
6.02068e-05
6.02323e-05
5.86218e-05
5.86466e-05
5.70963e-05
5.71204e-05
5.563e-05
5.56534e-05
5.42224e-05
5.4245e-05
5.28728e-05
5.28948e-05
5.15807e-05
5.1602e-05
5.03455e-05
5.0366e-05
4.91666e-05
4.91865e-05
4.80436e-05
4.80627e-05
4.6976e-05
4.69944e-05
4.59636e-05
4.59813e-05
4.50062e-05
4.50232e-05
4.41039e-05
4.41201e-05
4.32569e-05
4.32724e-05
4.24656e-05
4.24804e-05
4.17307e-05
4.17448e-05
4.10532e-05
4.10667e-05
4.04344e-05
4.04472e-05
3.98759e-05
3.98881e-05
3.93795e-05
3.93911e-05
3.89475e-05
3.89587e-05
3.85827e-05
3.85935e-05
3.82881e-05
3.82985e-05
3.80671e-05
3.80773e-05
3.79238e-05
3.79338e-05
3.78628e-05
3.78723e-05
)
;
    }
}


// ************************************************************************* //
