/*--------------------------------*- C++ -*----------------------------------*\
  =========                 |
  \\      /  F ield         | OpenFOAM: The Open Source CFD Toolbox
   \\    /   O peration     | Website:  https://openfoam.org
    \\  /    A nd           | Version:  7
     \\/     M anipulation  |
\*---------------------------------------------------------------------------*/
FoamFile
{
    version     2.0;
    format      ascii;
    class       volScalarField;
    location    "16500";
    object      nut;
}
// * * * * * * * * * * * * * * * * * * * * * * * * * * * * * * * * * * * * * //

dimensions      [0 2 -1 0 0 0 0];

internalField   nonuniform List<scalar> 
4026
(
0.000299216
0.000299211
0.000299211
0.000299212
0.000299214
0.000299217
0.000299219
0.000299221
0.000299223
0.000299226
0.000299228
0.000299229
0.000299231
0.000299233
0.000299235
0.000299238
0.00029924
0.000299242
0.000299244
0.000299245
0.000299247
0.000299249
0.00029925
0.000299252
0.000299253
0.000299255
0.000299256
0.000299257
0.000299258
0.00029926
0.000299261
0.000299262
0.000299262
0.000299263
0.000299264
0.000299265
0.000299265
0.000299266
0.000299266
0.000299267
0.000299267
0.000299268
0.000299268
0.000299268
0.00029927
0.000299209
0.00029921
0.000299212
0.000299215
0.000299218
0.00029922
0.000299222
0.000299225
0.000299227
0.000299228
0.00029923
0.000299232
0.000299233
0.000299235
0.000299235
0.000299241
0.000314287
0.000314281
0.000314281
0.000314283
0.000314285
0.000314287
0.00031429
0.000314292
0.000314295
0.000314297
0.000314299
0.000314301
0.000314303
0.000314305
0.000314307
0.000314309
0.000314311
0.000314313
0.000314315
0.000314317
0.000314319
0.000314321
0.000314323
0.000314324
0.000314325
0.000314327
0.000314328
0.000314329
0.000314331
0.000314332
0.000314333
0.000314334
0.000314334
0.000314335
0.000314336
0.000314336
0.000314337
0.000314338
0.000314338
0.000314338
0.000314339
0.000314339
0.000314339
0.000314339
0.000314342
0.000314274
0.000314274
0.000314277
0.00031428
0.000314283
0.000314286
0.000314289
0.000314291
0.000314294
0.000314296
0.000314297
0.000314299
0.000314301
0.000314302
0.000314303
0.000314308
0.000329787
0.000329782
0.000329782
0.000329783
0.000329786
0.000329788
0.000329791
0.000329794
0.000329796
0.000329798
0.000329801
0.000329803
0.000329805
0.000329807
0.000329809
0.000329811
0.000329813
0.000329815
0.000329817
0.000329819
0.000329821
0.000329823
0.000329824
0.000329826
0.000329827
0.000329829
0.00032983
0.000329831
0.000329832
0.000329833
0.000329834
0.000329835
0.000329836
0.000329837
0.000329837
0.000329838
0.000329838
0.000329839
0.000329839
0.00032984
0.00032984
0.00032984
0.00032984
0.00032984
0.000329843
0.00032977
0.000329769
0.000329772
0.000329775
0.000329779
0.000329782
0.000329785
0.000329788
0.00032979
0.000329792
0.000329794
0.000329796
0.000329798
0.000329799
0.0003298
0.000329805
0.000345742
0.000345738
0.000345738
0.00034574
0.000345742
0.000345745
0.000345748
0.00034575
0.000345753
0.000345756
0.000345758
0.00034576
0.000345762
0.000345764
0.000345766
0.000345768
0.000345771
0.000345773
0.000345775
0.000345777
0.000345778
0.00034578
0.000345782
0.000345783
0.000345785
0.000345786
0.000345787
0.000345788
0.000345789
0.00034579
0.000345791
0.000345792
0.000345793
0.000345793
0.000345794
0.000345794
0.000345795
0.000345795
0.000345795
0.000345795
0.000345796
0.000345796
0.000345796
0.000345795
0.000345798
0.000345723
0.000345721
0.000345723
0.000345726
0.00034573
0.000345733
0.000345736
0.000345739
0.000345742
0.000345744
0.000345746
0.000345748
0.00034575
0.000345751
0.000345752
0.000345756
0.000362179
0.000362176
0.000362177
0.000362179
0.000362182
0.000362184
0.000362187
0.00036219
0.000362193
0.000362195
0.000362198
0.0003622
0.000362202
0.000362204
0.000362206
0.000362208
0.000362211
0.000362213
0.000362215
0.000362216
0.000362218
0.00036222
0.000362221
0.000362223
0.000362224
0.000362225
0.000362226
0.000362228
0.000362228
0.000362229
0.00036223
0.000362231
0.000362231
0.000362232
0.000362232
0.000362233
0.000362233
0.000362233
0.000362233
0.000362233
0.000362233
0.000362233
0.000362233
0.000362233
0.000362234
0.000362159
0.000362156
0.000362157
0.00036216
0.000362164
0.000362167
0.00036217
0.000362173
0.000362176
0.000362178
0.00036218
0.000362182
0.000362184
0.000362185
0.000362186
0.00036219
0.000379129
0.000379127
0.000379128
0.000379131
0.000379133
0.000379136
0.000379139
0.000379142
0.000379145
0.000379148
0.00037915
0.000379152
0.000379154
0.000379156
0.000379158
0.00037916
0.000379163
0.000379165
0.000379166
0.000379168
0.00037917
0.000379172
0.000379173
0.000379174
0.000379175
0.000379177
0.000379178
0.000379179
0.000379179
0.00037918
0.000379181
0.000379181
0.000379182
0.000379182
0.000379182
0.000379183
0.000379183
0.000379183
0.000379183
0.000379182
0.000379182
0.000379182
0.000379182
0.000379181
0.000379182
0.000379106
0.000379104
0.000379105
0.000379107
0.00037911
0.000379113
0.000379116
0.000379119
0.000379122
0.000379124
0.000379126
0.000379128
0.000379129
0.000379131
0.000379132
0.000379134
0.000396622
0.000396621
0.000396623
0.000396626
0.000396629
0.000396632
0.000396635
0.000396638
0.000396641
0.000396643
0.000396646
0.000396648
0.00039665
0.000396652
0.000396654
0.000396656
0.000396658
0.00039666
0.000396662
0.000396663
0.000396665
0.000396666
0.000396668
0.000396669
0.00039667
0.000396671
0.000396672
0.000396672
0.000396673
0.000396674
0.000396674
0.000396674
0.000396675
0.000396675
0.000396675
0.000396675
0.000396675
0.000396675
0.000396674
0.000396674
0.000396674
0.000396673
0.000396673
0.000396672
0.000396672
0.000396597
0.000396595
0.000396595
0.000396597
0.0003966
0.000396602
0.000396605
0.000396608
0.000396611
0.000396613
0.000396615
0.000396616
0.000396618
0.000396619
0.00039662
0.000396621
0.000414691
0.000414693
0.000414695
0.000414698
0.000414701
0.000414704
0.000414707
0.00041471
0.000414713
0.000414716
0.000414719
0.000414721
0.000414723
0.000414724
0.000414726
0.000414728
0.00041473
0.000414731
0.000414733
0.000414735
0.000414736
0.000414737
0.000414739
0.00041474
0.00041474
0.000414741
0.000414742
0.000414742
0.000414743
0.000414743
0.000414743
0.000414743
0.000414744
0.000414744
0.000414743
0.000414743
0.000414743
0.000414742
0.000414742
0.000414741
0.000414741
0.00041474
0.000414739
0.000414738
0.000414737
0.000414663
0.000414662
0.000414663
0.000414664
0.000414666
0.000414668
0.000414671
0.000414673
0.000414676
0.000414678
0.000414679
0.000414681
0.000414682
0.000414683
0.000414684
0.000414684
0.000433373
0.000433376
0.000433379
0.000433382
0.000433385
0.000433389
0.000433392
0.000433395
0.000433398
0.000433401
0.000433403
0.000433405
0.000433407
0.000433409
0.00043341
0.000433412
0.000433413
0.000433415
0.000433417
0.000433418
0.000433419
0.00043342
0.000433421
0.000433422
0.000433422
0.000433423
0.000433423
0.000433424
0.000433424
0.000433424
0.000433424
0.000433424
0.000433423
0.000433423
0.000433423
0.000433422
0.000433422
0.000433421
0.00043342
0.000433419
0.000433418
0.000433417
0.000433416
0.000433415
0.000433412
0.000433341
0.000433341
0.000433342
0.000433343
0.000433344
0.000433346
0.000433348
0.00043335
0.000433352
0.000433354
0.000433356
0.000433357
0.000433358
0.000433358
0.000433359
0.000433358
0.000452704
0.000452709
0.000452713
0.000452716
0.00045272
0.000452723
0.000452726
0.000452729
0.000452732
0.000452735
0.000452737
0.000452739
0.000452741
0.000452742
0.000452744
0.000452745
0.000452746
0.000452748
0.000452749
0.00045275
0.000452751
0.000452752
0.000452752
0.000452753
0.000452753
0.000452753
0.000452754
0.000452754
0.000452753
0.000452753
0.000452753
0.000452752
0.000452752
0.000452751
0.00045275
0.00045275
0.000452749
0.000452748
0.000452746
0.000452745
0.000452744
0.000452743
0.000452741
0.00045274
0.000452735
0.000452667
0.000452669
0.000452669
0.00045267
0.000452671
0.000452673
0.000452674
0.000452676
0.000452678
0.000452679
0.00045268
0.000452681
0.000452682
0.000452682
0.000452683
0.000452679
0.000472724
0.000472731
0.000472735
0.000472739
0.000472743
0.000472746
0.000472749
0.000472752
0.000472755
0.000472758
0.00047276
0.000472762
0.000472763
0.000472764
0.000472765
0.000472766
0.000472768
0.000472769
0.00047277
0.00047277
0.000472771
0.000472772
0.000472772
0.000472772
0.000472772
0.000472772
0.000472771
0.000472771
0.000472771
0.00047277
0.000472769
0.000472768
0.000472767
0.000472766
0.000472765
0.000472764
0.000472763
0.000472761
0.00047276
0.000472758
0.000472757
0.000472755
0.000472753
0.000472752
0.000472745
0.000472681
0.000472685
0.000472685
0.000472685
0.000472686
0.000472687
0.000472688
0.00047269
0.000472691
0.000472692
0.000472693
0.000472693
0.000472693
0.000472693
0.000472694
0.000472688
0.000493473
0.000493484
0.000493489
0.000493492
0.000493496
0.000493499
0.000493503
0.000493506
0.000493508
0.000493511
0.000493513
0.000493514
0.000493515
0.000493516
0.000493517
0.000493518
0.000493519
0.000493519
0.00049352
0.00049352
0.000493521
0.000493521
0.000493521
0.00049352
0.00049352
0.000493519
0.000493519
0.000493518
0.000493517
0.000493516
0.000493514
0.000493513
0.000493512
0.00049351
0.000493509
0.000493507
0.000493505
0.000493503
0.000493501
0.000493499
0.000493497
0.000493495
0.000493493
0.000493492
0.000493482
0.000493423
0.000493429
0.00049343
0.00049343
0.00049343
0.000493431
0.000493432
0.000493433
0.000493434
0.000493434
0.000493434
0.000493434
0.000493434
0.000493433
0.000493434
0.000493426
0.000514997
0.00051501
0.000515016
0.00051502
0.000515023
0.000515027
0.00051503
0.000515033
0.000515035
0.000515037
0.000515039
0.00051504
0.000515041
0.000515042
0.000515042
0.000515042
0.000515043
0.000515043
0.000515043
0.000515043
0.000515043
0.000515043
0.000515042
0.000515041
0.00051504
0.000515039
0.000515038
0.000515037
0.000515035
0.000515034
0.000515032
0.00051503
0.000515028
0.000515026
0.000515024
0.000515022
0.00051502
0.000515017
0.000515015
0.000515012
0.00051501
0.000515007
0.000515004
0.000515003
0.000514991
0.000514937
0.000514946
0.000514947
0.000514947
0.000514947
0.000514947
0.000514948
0.000514948
0.000514948
0.000514948
0.000514948
0.000514947
0.000514947
0.000514945
0.000514946
0.000514935
0.000537339
0.000537356
0.000537362
0.000537366
0.00053737
0.000537373
0.000537376
0.000537379
0.000537381
0.000537383
0.000537385
0.000537385
0.000537386
0.000537386
0.000537386
0.000537386
0.000537386
0.000537386
0.000537385
0.000537385
0.000537384
0.000537383
0.000537382
0.000537381
0.000537379
0.000537377
0.000537376
0.000537374
0.000537372
0.000537369
0.000537367
0.000537365
0.000537362
0.00053736
0.000537357
0.000537354
0.000537351
0.000537348
0.000537345
0.000537342
0.000537339
0.000537336
0.000537332
0.000537331
0.000537316
0.000537268
0.00053728
0.000537282
0.000537282
0.000537282
0.000537281
0.000537281
0.000537281
0.000537281
0.000537281
0.00053728
0.000537278
0.000537277
0.000537275
0.000537275
0.000537262
0.000560548
0.000560569
0.000560576
0.00056058
0.000560584
0.000560587
0.00056059
0.000560592
0.000560594
0.000560596
0.000560597
0.000560597
0.000560597
0.000560597
0.000560596
0.000560596
0.000560595
0.000560594
0.000560594
0.000560592
0.000560591
0.00056059
0.000560588
0.000560586
0.000560584
0.000560581
0.000560579
0.000560576
0.000560573
0.000560571
0.000560568
0.000560564
0.000560561
0.000560558
0.000560555
0.000560551
0.000560548
0.000560544
0.00056054
0.000560537
0.000560533
0.000560529
0.000560524
0.000560523
0.000560505
0.000560465
0.00056048
0.000560483
0.000560483
0.000560482
0.000560481
0.000560481
0.00056048
0.000560479
0.000560478
0.000560477
0.000560475
0.000560473
0.00056047
0.00056047
0.000560454
0.000584673
0.000584698
0.000584706
0.000584711
0.000584715
0.000584718
0.00058472
0.000584722
0.000584724
0.000584725
0.000584726
0.000584725
0.000584725
0.000584724
0.000584723
0.000584722
0.000584721
0.000584719
0.000584718
0.000584716
0.000584714
0.000584712
0.000584709
0.000584706
0.000584703
0.0005847
0.000584697
0.000584693
0.00058469
0.000584686
0.000584683
0.000584679
0.000584675
0.000584671
0.000584667
0.000584662
0.000584658
0.000584654
0.000584649
0.000584645
0.00058464
0.000584636
0.00058463
0.000584629
0.000584607
0.000584575
0.000584595
0.000584598
0.000584598
0.000584597
0.000584596
0.000584595
0.000584593
0.000584592
0.00058459
0.000584588
0.000584586
0.000584583
0.000584579
0.000584579
0.000584559
0.000609767
0.000609796
0.000609806
0.00060981
0.000609814
0.000609816
0.000609819
0.000609821
0.000609822
0.000609823
0.000609822
0.000609822
0.000609821
0.000609819
0.000609817
0.000609816
0.000609814
0.000609811
0.000609809
0.000609806
0.000609804
0.000609801
0.000609797
0.000609794
0.00060979
0.000609786
0.000609782
0.000609777
0.000609773
0.000609769
0.000609764
0.000609759
0.000609754
0.000609749
0.000609744
0.000609739
0.000609734
0.000609729
0.000609724
0.000609718
0.000609713
0.000609707
0.000609701
0.000609699
0.000609674
0.000609651
0.000609675
0.000609679
0.000609679
0.000609678
0.000609676
0.000609675
0.000609673
0.000609671
0.000609669
0.000609666
0.000609663
0.000609659
0.000609655
0.000609654
0.000609631
0.000635882
0.000635916
0.000635927
0.000635932
0.000635935
0.000635938
0.00063594
0.000635941
0.000635942
0.000635942
0.000635941
0.00063594
0.000635938
0.000635936
0.000635933
0.000635931
0.000635928
0.000635925
0.000635922
0.000635918
0.000635914
0.00063591
0.000635906
0.000635902
0.000635897
0.000635892
0.000635887
0.000635881
0.000635876
0.000635871
0.000635865
0.000635859
0.000635853
0.000635848
0.000635842
0.000635836
0.000635829
0.000635823
0.000635817
0.000635811
0.000635804
0.000635798
0.000635791
0.000635788
0.00063576
0.000635746
0.000635776
0.000635781
0.000635781
0.000635779
0.000635777
0.000635775
0.000635773
0.00063577
0.000635767
0.000635763
0.000635759
0.000635755
0.00063575
0.000635749
0.000635722
0.000663074
0.000663114
0.000663126
0.000663131
0.000663134
0.000663136
0.000663138
0.000663139
0.000663139
0.000663138
0.000663137
0.000663135
0.000663132
0.000663129
0.000663126
0.000663122
0.000663119
0.000663115
0.00066311
0.000663106
0.000663101
0.000663096
0.000663091
0.000663086
0.00066308
0.000663074
0.000663067
0.000663061
0.000663054
0.000663048
0.000663041
0.000663034
0.000663027
0.00066302
0.000663013
0.000663006
0.000662999
0.000662992
0.000662985
0.000662977
0.00066297
0.000662962
0.000662954
0.000662951
0.000662918
0.000662916
0.000662951
0.000662957
0.000662957
0.000662955
0.000662953
0.00066295
0.000662948
0.000662944
0.00066294
0.000662936
0.000662931
0.000662926
0.000662919
0.000662918
0.000662887
0.0006914
0.000691447
0.00069146
0.000691465
0.000691468
0.00069147
0.000691471
0.000691471
0.000691471
0.000691469
0.000691467
0.000691464
0.000691461
0.000691457
0.000691452
0.000691448
0.000691443
0.000691438
0.000691433
0.000691427
0.000691421
0.000691415
0.000691409
0.000691402
0.000691395
0.000691388
0.00069138
0.000691373
0.000691365
0.000691357
0.000691349
0.000691341
0.000691333
0.000691325
0.000691317
0.000691308
0.0006913
0.000691292
0.000691283
0.000691275
0.000691266
0.000691257
0.000691248
0.000691244
0.000691207
0.000691217
0.000691258
0.000691266
0.000691266
0.000691263
0.000691261
0.000691258
0.000691254
0.00069125
0.000691245
0.00069124
0.000691234
0.000691228
0.000691221
0.000691219
0.000691183
0.000720919
0.000720973
0.000720988
0.000720993
0.000720995
0.000720996
0.000720997
0.000720997
0.000720996
0.000720993
0.00072099
0.000720987
0.000720982
0.000720977
0.000720972
0.000720966
0.00072096
0.000720954
0.000720948
0.000720941
0.000720934
0.000720926
0.000720919
0.000720911
0.000720902
0.000720894
0.000720885
0.000720876
0.000720867
0.000720858
0.000720848
0.000720839
0.000720829
0.00072082
0.00072081
0.000720801
0.000720791
0.000720781
0.000720772
0.000720762
0.000720752
0.000720742
0.000720731
0.000720727
0.000720685
0.000720708
0.000720756
0.000720765
0.000720765
0.000720762
0.000720759
0.000720756
0.000720752
0.000720747
0.000720741
0.000720735
0.000720728
0.000720721
0.000720712
0.00072071
0.00072067
0.000751691
0.000751753
0.000751769
0.000751774
0.000751776
0.000751777
0.000751777
0.000751776
0.000751774
0.000751771
0.000751767
0.000751762
0.000751757
0.00075175
0.000751744
0.000751737
0.00075173
0.000751723
0.000751715
0.000751707
0.000751698
0.000751689
0.00075168
0.000751671
0.000751661
0.000751651
0.00075164
0.00075163
0.000751619
0.000751609
0.000751598
0.000751587
0.000751576
0.000751565
0.000751554
0.000751543
0.000751532
0.000751521
0.000751509
0.000751498
0.000751487
0.000751475
0.000751463
0.000751458
0.000751411
0.00075145
0.000751505
0.000751515
0.000751515
0.000751512
0.000751509
0.000751504
0.000751499
0.000751494
0.000751487
0.00075148
0.000751472
0.000751464
0.000751454
0.000751452
0.000751407
0.000783777
0.000783847
0.000783865
0.000783871
0.000783873
0.000783873
0.000783872
0.00078387
0.000783867
0.000783863
0.000783858
0.000783852
0.000783845
0.000783838
0.00078383
0.000783822
0.000783814
0.000783805
0.000783796
0.000783786
0.000783776
0.000783765
0.000783755
0.000783743
0.000783732
0.00078372
0.000783708
0.000783696
0.000783684
0.000783672
0.000783659
0.000783647
0.000783634
0.000783621
0.000783609
0.000783596
0.000783583
0.000783571
0.000783558
0.000783545
0.000783532
0.000783519
0.000783505
0.000783499
0.000783447
0.000783502
0.000783565
0.000783577
0.000783577
0.000783574
0.00078357
0.000783565
0.000783559
0.000783552
0.000783545
0.000783537
0.000783528
0.000783519
0.000783508
0.000783504
0.000783454
0.00081724
0.000817319
0.000817339
0.000817345
0.000817346
0.000817346
0.000817344
0.000817341
0.000817338
0.000817332
0.000817326
0.000817318
0.000817311
0.000817302
0.000817293
0.000817283
0.000817273
0.000817263
0.000817252
0.00081724
0.000817229
0.000817217
0.000817204
0.000817191
0.000817178
0.000817165
0.000817151
0.000817137
0.000817123
0.000817109
0.000817095
0.00081708
0.000817065
0.000817051
0.000817037
0.000817022
0.000817008
0.000816993
0.000816979
0.000816964
0.000816949
0.000816935
0.000816919
0.000816912
0.000816855
0.000816927
0.000816999
0.000817012
0.000817013
0.000817009
0.000817005
0.000816999
0.000816992
0.000816985
0.000816976
0.000816967
0.000816957
0.000816946
0.000816934
0.00081693
0.000816875
0.000852142
0.00085223
0.000852252
0.000852258
0.000852259
0.000852258
0.000852256
0.000852252
0.000852247
0.000852241
0.000852233
0.000852224
0.000852215
0.000852205
0.000852194
0.000852183
0.000852171
0.000852159
0.000852146
0.000852133
0.00085212
0.000852106
0.000852091
0.000852076
0.000852061
0.000852046
0.00085203
0.000852014
0.000851998
0.000851982
0.000851966
0.000851949
0.000851933
0.000851916
0.0008519
0.000851884
0.000851868
0.000851851
0.000851835
0.000851818
0.000851802
0.000851785
0.000851768
0.000851759
0.000851697
0.000851787
0.000851869
0.000851884
0.000851885
0.000851881
0.000851876
0.000851869
0.000851862
0.000851853
0.000851843
0.000851833
0.000851821
0.00085181
0.000851796
0.000851791
0.000851731
0.000888545
0.000888644
0.000888668
0.000888674
0.000888675
0.000888673
0.00088867
0.000888665
0.000888659
0.000888651
0.000888642
0.000888632
0.000888621
0.000888609
0.000888597
0.000888584
0.000888571
0.000888556
0.000888542
0.000888527
0.000888511
0.000888495
0.000888478
0.000888461
0.000888444
0.000888427
0.000888409
0.000888391
0.000888373
0.000888354
0.000888336
0.000888317
0.000888299
0.00088828
0.000888262
0.000888244
0.000888225
0.000888207
0.000888188
0.000888169
0.000888151
0.000888133
0.000888113
0.000888103
0.000888035
0.000888145
0.000888238
0.000888255
0.000888256
0.000888252
0.000888246
0.000888239
0.00088823
0.00088822
0.000888209
0.000888197
0.000888185
0.000888171
0.000888156
0.00088815
0.000888085
0.000926513
0.000926623
0.00092665
0.000926656
0.000926656
0.000926653
0.000926649
0.000926643
0.000926635
0.000926626
0.000926615
0.000926603
0.000926591
0.000926577
0.000926564
0.000926549
0.000926533
0.000926517
0.0009265
0.000926483
0.000926465
0.000926447
0.000926428
0.000926409
0.000926389
0.00092637
0.000926349
0.000926329
0.000926309
0.000926288
0.000926267
0.000926246
0.000926225
0.000926205
0.000926184
0.000926164
0.000926143
0.000926122
0.000926101
0.00092608
0.000926059
0.000926039
0.000926017
0.000926006
0.000925932
0.000926064
0.000926168
0.000926188
0.000926188
0.000926183
0.000926177
0.000926169
0.000926159
0.000926148
0.000926136
0.000926122
0.000926108
0.000926093
0.000926076
0.00092607
0.000926
0.000966106
0.000966229
0.000966257
0.000966263
0.000966263
0.00096626
0.000966254
0.000966247
0.000966238
0.000966227
0.000966214
0.000966201
0.000966187
0.000966171
0.000966155
0.000966139
0.000966121
0.000966103
0.000966084
0.000966064
0.000966044
0.000966024
0.000966002
0.00096598
0.000965958
0.000965936
0.000965913
0.00096589
0.000965867
0.000965844
0.000965821
0.000965798
0.000965774
0.000965751
0.000965728
0.000965705
0.000965682
0.000965658
0.000965635
0.000965612
0.000965589
0.000965566
0.000965542
0.000965529
0.00096545
0.000965605
0.00096572
0.000965743
0.000965743
0.000965738
0.000965731
0.000965721
0.00096571
0.000965698
0.000965684
0.00096567
0.000965654
0.000965638
0.000965619
0.000965611
0.000965536
0.00100739
0.00100752
0.00100755
0.00100756
0.00100756
0.00100755
0.00100755
0.00100754
0.00100753
0.00100751
0.0010075
0.00100748
0.00100747
0.00100745
0.00100743
0.00100741
0.00100739
0.00100737
0.00100735
0.00100733
0.00100731
0.00100728
0.00100726
0.00100724
0.00100721
0.00100719
0.00100716
0.00100713
0.00100711
0.00100708
0.00100706
0.00100703
0.00100701
0.00100698
0.00100695
0.00100693
0.0010069
0.00100688
0.00100685
0.00100682
0.0010068
0.00100677
0.00100675
0.00100673
0.00100665
0.00100683
0.00100695
0.00100698
0.00100698
0.00100698
0.00100697
0.00100696
0.00100694
0.00100693
0.00100692
0.0010069
0.00100688
0.00100686
0.00100684
0.00100683
0.00100675
0.00105041
0.00105056
0.00105059
0.0010506
0.0010506
0.00105059
0.00105058
0.00105057
0.00105056
0.00105054
0.00105053
0.00105051
0.00105049
0.00105047
0.00105045
0.00105043
0.00105041
0.00105039
0.00105036
0.00105034
0.00105031
0.00105029
0.00105026
0.00105023
0.0010502
0.00105018
0.00105015
0.00105012
0.00105009
0.00105006
0.00105003
0.00105
0.00104998
0.00104995
0.00104992
0.00104989
0.00104986
0.00104983
0.0010498
0.00104978
0.00104975
0.00104972
0.00104969
0.00104967
0.00104958
0.00104979
0.00104993
0.00104996
0.00104996
0.00104995
0.00104994
0.00104993
0.00104992
0.0010499
0.00104989
0.00104987
0.00104985
0.00104983
0.00104981
0.0010498
0.00104971
0.00109523
0.00109539
0.00109543
0.00109544
0.00109543
0.00109543
0.00109542
0.00109541
0.00109539
0.00109537
0.00109536
0.00109534
0.00109532
0.00109529
0.00109527
0.00109525
0.00109522
0.0010952
0.00109517
0.00109514
0.00109512
0.00109509
0.00109506
0.00109503
0.001095
0.00109496
0.00109493
0.0010949
0.00109487
0.00109484
0.00109481
0.00109477
0.00109474
0.00109471
0.00109468
0.00109465
0.00109462
0.00109458
0.00109455
0.00109452
0.00109449
0.00109446
0.00109443
0.0010944
0.00109431
0.00109454
0.0010947
0.00109473
0.00109473
0.00109473
0.00109471
0.0010947
0.00109469
0.00109467
0.00109465
0.00109463
0.00109461
0.00109459
0.00109456
0.00109455
0.00109446
0.0011419
0.00114208
0.00114212
0.00114213
0.00114212
0.00114211
0.0011421
0.00114209
0.00114207
0.00114205
0.00114203
0.00114201
0.00114199
0.00114196
0.00114194
0.00114191
0.00114188
0.00114186
0.00114183
0.0011418
0.00114177
0.00114173
0.0011417
0.00114167
0.00114163
0.0011416
0.00114156
0.00114153
0.00114149
0.00114146
0.00114142
0.00114139
0.00114135
0.00114132
0.00114128
0.00114125
0.00114121
0.00114118
0.00114114
0.00114111
0.00114107
0.00114104
0.00114101
0.00114098
0.00114088
0.00114114
0.00114132
0.00114135
0.00114135
0.00114134
0.00114133
0.00114132
0.0011413
0.00114128
0.00114126
0.00114124
0.00114122
0.0011412
0.00114117
0.00114115
0.00114106
0.00119047
0.00119066
0.00119071
0.00119071
0.00119071
0.0011907
0.00119069
0.00119067
0.00119065
0.00119063
0.00119061
0.00119058
0.00119056
0.00119053
0.0011905
0.00119047
0.00119044
0.00119041
0.00119038
0.00119035
0.00119031
0.00119028
0.00119024
0.0011902
0.00119016
0.00119013
0.00119009
0.00119005
0.00119001
0.00118997
0.00118993
0.0011899
0.00118986
0.00118982
0.00118978
0.00118974
0.0011897
0.00118967
0.00118963
0.00118959
0.00118955
0.00118951
0.00118948
0.00118945
0.00118935
0.00118964
0.00118983
0.00118986
0.00118987
0.00118986
0.00118984
0.00118983
0.00118981
0.00118979
0.00118977
0.00118975
0.00118972
0.00118969
0.00118966
0.00118965
0.00118955
0.00124097
0.00124118
0.00124123
0.00124124
0.00124123
0.00124122
0.00124121
0.00124119
0.00124117
0.00124115
0.00124112
0.00124109
0.00124106
0.00124103
0.001241
0.00124097
0.00124094
0.0012409
0.00124087
0.00124083
0.00124079
0.00124075
0.00124071
0.00124067
0.00124063
0.00124059
0.00124055
0.00124051
0.00124046
0.00124042
0.00124038
0.00124034
0.00124029
0.00124025
0.00124021
0.00124017
0.00124013
0.00124009
0.00124004
0.00124
0.00123996
0.00123992
0.00123988
0.00123985
0.00123974
0.00124006
0.00124027
0.00124031
0.00124031
0.0012403
0.00124029
0.00124027
0.00124025
0.00124023
0.00124021
0.00124018
0.00124015
0.00124012
0.00124009
0.00124007
0.00123998
0.00129345
0.00129368
0.00129373
0.00129374
0.00129373
0.00129372
0.0012937
0.00129368
0.00129366
0.00129363
0.0012936
0.00129357
0.00129354
0.00129351
0.00129347
0.00129344
0.0012934
0.00129336
0.00129332
0.00129328
0.00129324
0.0012932
0.00129316
0.00129311
0.00129307
0.00129302
0.00129298
0.00129293
0.00129288
0.00129284
0.00129279
0.00129275
0.0012927
0.00129265
0.00129261
0.00129256
0.00129252
0.00129247
0.00129242
0.00129238
0.00129233
0.00129229
0.00129224
0.00129221
0.0012921
0.00129246
0.00129268
0.00129273
0.00129273
0.00129272
0.0012927
0.00129268
0.00129266
0.00129264
0.00129261
0.00129258
0.00129255
0.00129252
0.00129249
0.00129247
0.00129237
0.00134792
0.00134817
0.00134822
0.00134823
0.00134822
0.00134821
0.00134819
0.00134817
0.00134814
0.00134811
0.00134808
0.00134805
0.00134801
0.00134798
0.00134794
0.0013479
0.00134786
0.00134782
0.00134778
0.00134773
0.00134769
0.00134764
0.00134759
0.00134754
0.0013475
0.00134745
0.0013474
0.00134735
0.0013473
0.00134725
0.0013472
0.00134715
0.0013471
0.00134705
0.001347
0.00134695
0.0013469
0.00134685
0.0013468
0.00134675
0.0013467
0.00134665
0.0013466
0.00134656
0.00134645
0.00134684
0.00134709
0.00134713
0.00134714
0.00134712
0.00134711
0.00134709
0.00134706
0.00134704
0.00134701
0.00134698
0.00134695
0.00134691
0.00134688
0.00134685
0.00134675
0.0014044
0.00140467
0.00140473
0.00140474
0.00140473
0.00140471
0.00140469
0.00140467
0.00140464
0.00140461
0.00140457
0.00140454
0.0014045
0.00140446
0.00140442
0.00140437
0.00140433
0.00140429
0.00140424
0.00140419
0.00140414
0.00140409
0.00140404
0.00140399
0.00140394
0.00140388
0.00140383
0.00140377
0.00140372
0.00140367
0.00140361
0.00140356
0.0014035
0.00140345
0.00140339
0.00140334
0.00140329
0.00140323
0.00140318
0.00140313
0.00140307
0.00140302
0.00140297
0.00140292
0.00140281
0.00140324
0.0014035
0.00140355
0.00140355
0.00140354
0.00140352
0.0014035
0.00140347
0.00140345
0.00140342
0.00140338
0.00140335
0.00140331
0.00140327
0.00140324
0.00140314
0.00146291
0.0014632
0.00146326
0.00146327
0.00146325
0.00146324
0.00146321
0.00146318
0.00146315
0.00146312
0.00146308
0.00146304
0.001463
0.00146296
0.00146291
0.00146287
0.00146282
0.00146277
0.00146272
0.00146267
0.00146261
0.00146256
0.0014625
0.00146245
0.00146239
0.00146233
0.00146227
0.00146222
0.00146216
0.0014621
0.00146204
0.00146198
0.00146192
0.00146186
0.00146181
0.00146175
0.00146169
0.00146163
0.00146157
0.00146152
0.00146146
0.0014614
0.00146135
0.0014613
0.00146119
0.00146165
0.00146193
0.00146198
0.00146199
0.00146197
0.00146195
0.00146193
0.0014619
0.00146187
0.00146184
0.0014618
0.00146176
0.00146173
0.00146168
0.00146165
0.00146155
0.00152342
0.00152373
0.0015238
0.0015238
0.00152379
0.00152377
0.00152374
0.00152371
0.00152368
0.00152364
0.0015236
0.00152356
0.00152351
0.00152346
0.00152342
0.00152337
0.00152331
0.00152326
0.00152321
0.00152315
0.00152309
0.00152304
0.00152298
0.00152292
0.00152285
0.00152279
0.00152273
0.00152267
0.0015226
0.00152254
0.00152248
0.00152241
0.00152235
0.00152229
0.00152222
0.00152216
0.0015221
0.00152204
0.00152198
0.00152191
0.00152185
0.00152179
0.00152173
0.00152168
0.00152157
0.00152206
0.00152237
0.00152243
0.00152243
0.00152241
0.00152239
0.00152236
0.00152233
0.0015223
0.00152227
0.00152223
0.00152219
0.00152215
0.0015221
0.00152206
0.00152197
0.00158593
0.00158626
0.00158633
0.00158633
0.00158632
0.00158629
0.00158626
0.00158623
0.00158619
0.00158615
0.00158611
0.00158606
0.00158601
0.00158596
0.00158591
0.00158585
0.0015858
0.00158574
0.00158568
0.00158562
0.00158556
0.0015855
0.00158544
0.00158537
0.0015853
0.00158524
0.00158517
0.0015851
0.00158503
0.00158497
0.0015849
0.00158483
0.00158476
0.0015847
0.00158463
0.00158456
0.0015845
0.00158443
0.00158436
0.0015843
0.00158423
0.00158416
0.0015841
0.00158404
0.00158393
0.00158447
0.00158479
0.00158485
0.00158486
0.00158484
0.00158481
0.00158479
0.00158475
0.00158472
0.00158468
0.00158464
0.0015846
0.00158455
0.00158451
0.00158446
0.00158437
0.00165039
0.00165074
0.00165081
0.00165081
0.0016508
0.00165077
0.00165074
0.0016507
0.00165066
0.00165061
0.00165057
0.00165051
0.00165046
0.00165041
0.00165035
0.00165029
0.00165023
0.00165017
0.00165011
0.00165005
0.00164998
0.00164991
0.00164984
0.00164977
0.0016497
0.00164963
0.00164956
0.00164949
0.00164942
0.00164934
0.00164927
0.0016492
0.00164913
0.00164905
0.00164898
0.00164891
0.00164884
0.00164877
0.0016487
0.00164863
0.00164856
0.00164849
0.00164842
0.00164835
0.00164825
0.00164882
0.00164916
0.00164923
0.00164923
0.00164921
0.00164919
0.00164916
0.00164912
0.00164908
0.00164904
0.001649
0.00164895
0.00164891
0.00164886
0.00164881
0.00164873
0.00171674
0.00171711
0.00171719
0.00171719
0.00171717
0.00171714
0.00171711
0.00171706
0.00171702
0.00171697
0.00171692
0.00171686
0.00171681
0.00171675
0.00171669
0.00171663
0.00171656
0.0017165
0.00171643
0.00171636
0.00171629
0.00171622
0.00171615
0.00171607
0.001716
0.00171592
0.00171584
0.00171577
0.00171569
0.00171561
0.00171554
0.00171546
0.00171538
0.0017153
0.00171523
0.00171515
0.00171508
0.001715
0.00171492
0.00171485
0.00171477
0.0017147
0.00171463
0.00171455
0.00171446
0.00171507
0.00171543
0.0017155
0.0017155
0.00171548
0.00171546
0.00171542
0.00171538
0.00171534
0.0017153
0.00171525
0.00171521
0.00171515
0.0017151
0.00171505
0.00171497
0.00178492
0.00178531
0.00178539
0.00178539
0.00178537
0.00178533
0.00178529
0.00178525
0.0017852
0.00178515
0.00178509
0.00178503
0.00178497
0.00178491
0.00178484
0.00178478
0.00178471
0.00178464
0.00178457
0.0017845
0.00178442
0.00178434
0.00178427
0.00178419
0.00178411
0.00178403
0.00178394
0.00178386
0.00178378
0.0017837
0.00178362
0.00178354
0.00178345
0.00178337
0.00178329
0.00178321
0.00178313
0.00178305
0.00178297
0.00178289
0.00178281
0.00178273
0.00178265
0.00178257
0.00178249
0.00178314
0.00178352
0.0017836
0.0017836
0.00178357
0.00178354
0.00178351
0.00178347
0.00178342
0.00178338
0.00178333
0.00178327
0.00178322
0.00178317
0.00178311
0.00178304
0.00185482
0.00185523
0.00185531
0.00185531
0.00185529
0.00185525
0.00185521
0.00185516
0.0018551
0.00185505
0.00185499
0.00185492
0.00185486
0.00185479
0.00185472
0.00185465
0.00185458
0.00185451
0.00185443
0.00185435
0.00185427
0.00185419
0.00185411
0.00185402
0.00185394
0.00185385
0.00185377
0.00185368
0.00185359
0.00185351
0.00185342
0.00185333
0.00185325
0.00185316
0.00185308
0.00185299
0.0018529
0.00185282
0.00185273
0.00185265
0.00185257
0.00185248
0.0018524
0.00185232
0.00185224
0.00185293
0.00185334
0.00185341
0.00185341
0.00185338
0.00185335
0.00185331
0.00185327
0.00185322
0.00185317
0.00185312
0.00185306
0.00185301
0.00185295
0.00185289
0.00185283
0.00192632
0.00192676
0.00192684
0.00192684
0.00192681
0.00192677
0.00192672
0.00192666
0.00192661
0.00192655
0.00192648
0.00192641
0.00192634
0.00192627
0.0019262
0.00192612
0.00192605
0.00192597
0.00192589
0.00192581
0.00192572
0.00192564
0.00192555
0.00192546
0.00192537
0.00192528
0.00192519
0.0019251
0.001925
0.00192491
0.00192482
0.00192473
0.00192464
0.00192455
0.00192446
0.00192437
0.00192428
0.00192419
0.0019241
0.00192401
0.00192392
0.00192383
0.00192375
0.00192366
0.00192359
0.00192432
0.00192475
0.00192483
0.00192482
0.0019248
0.00192476
0.00192472
0.00192467
0.00192462
0.00192457
0.00192451
0.00192445
0.00192439
0.00192433
0.00192427
0.00192423
0.00199928
0.00199974
0.00199982
0.00199981
0.00199978
0.00199973
0.00199968
0.00199962
0.00199956
0.00199949
0.00199943
0.00199935
0.00199928
0.0019992
0.00199913
0.00199905
0.00199896
0.00199888
0.0019988
0.00199871
0.00199862
0.00199853
0.00199844
0.00199834
0.00199825
0.00199815
0.00199806
0.00199796
0.00199787
0.00199777
0.00199767
0.00199758
0.00199748
0.00199739
0.00199729
0.0019972
0.0019971
0.00199701
0.00199692
0.00199682
0.00199673
0.00199664
0.00199655
0.00199645
0.0019964
0.00199716
0.00199762
0.0019977
0.00199769
0.00199766
0.00199762
0.00199758
0.00199753
0.00199747
0.00199742
0.00199736
0.0019973
0.00199723
0.00199717
0.0019971
0.00199707
0.00207352
0.00207399
0.00207408
0.00207407
0.00207403
0.00207398
0.00207392
0.00207386
0.00207379
0.00207372
0.00207364
0.00207357
0.00207349
0.00207341
0.00207332
0.00207324
0.00207315
0.00207307
0.00207298
0.00207289
0.00207279
0.0020727
0.0020726
0.0020725
0.0020724
0.0020723
0.0020722
0.0020721
0.002072
0.0020719
0.0020718
0.0020717
0.0020716
0.0020715
0.0020714
0.0020713
0.0020712
0.0020711
0.00207101
0.00207091
0.00207081
0.00207071
0.00207062
0.00207052
0.00207049
0.00207129
0.00207176
0.00207184
0.00207184
0.0020718
0.00207176
0.00207171
0.00207166
0.0020716
0.00207154
0.00207148
0.00207141
0.00207134
0.00207128
0.0020712
0.00207119
0.00214882
0.00214932
0.0021494
0.00214938
0.00214934
0.00214929
0.00214922
0.00214915
0.00214908
0.002149
0.00214893
0.00214884
0.00214876
0.00214867
0.00214859
0.0021485
0.00214841
0.00214832
0.00214822
0.00214813
0.00214803
0.00214793
0.00214783
0.00214772
0.00214762
0.00214751
0.00214741
0.0021473
0.0021472
0.00214709
0.00214699
0.00214688
0.00214678
0.00214668
0.00214657
0.00214647
0.00214637
0.00214626
0.00214616
0.00214606
0.00214596
0.00214586
0.00214576
0.00214565
0.00214564
0.00214648
0.00214697
0.00214706
0.00214705
0.00214701
0.00214696
0.00214691
0.00214685
0.00214679
0.00214673
0.00214666
0.00214659
0.00214652
0.00214645
0.00214637
0.00214638
0.00222495
0.00222546
0.00222555
0.00222553
0.00222548
0.00222542
0.00222535
0.00222527
0.00222519
0.00222511
0.00222503
0.00222494
0.00222485
0.00222476
0.00222467
0.00222457
0.00222448
0.00222438
0.00222428
0.00222418
0.00222408
0.00222398
0.00222387
0.00222376
0.00222365
0.00222355
0.00222344
0.00222333
0.00222322
0.00222311
0.002223
0.00222289
0.00222278
0.00222267
0.00222257
0.00222246
0.00222235
0.00222224
0.00222214
0.00222203
0.00222193
0.00222182
0.00222172
0.00222161
0.00222161
0.00222249
0.00222301
0.0022231
0.00222308
0.00222304
0.00222299
0.00222293
0.00222287
0.00222281
0.00222274
0.00222267
0.0022226
0.00222252
0.00222245
0.00222236
0.0022224
0.00230162
0.00230215
0.00230224
0.00230221
0.00230215
0.00230209
0.00230201
0.00230193
0.00230185
0.00230176
0.00230167
0.00230158
0.00230148
0.00230139
0.00230129
0.00230119
0.00230109
0.00230099
0.00230089
0.00230078
0.00230067
0.00230057
0.00230045
0.00230034
0.00230023
0.00230012
0.0023
0.00229989
0.00229978
0.00229966
0.00229955
0.00229944
0.00229932
0.00229921
0.0022991
0.00229899
0.00229888
0.00229877
0.00229866
0.00229855
0.00229844
0.00229833
0.00229823
0.00229811
0.00229814
0.00229906
0.00229959
0.00229968
0.00229966
0.00229962
0.00229956
0.0022995
0.00229943
0.00229937
0.00229929
0.00229922
0.00229914
0.00229907
0.00229899
0.0022989
0.00229895
0.00237852
0.00237907
0.00237915
0.00237912
0.00237906
0.00237898
0.0023789
0.00237881
0.00237872
0.00237863
0.00237853
0.00237843
0.00237833
0.00237823
0.00237813
0.00237803
0.00237792
0.00237782
0.00237771
0.0023776
0.00237749
0.00237737
0.00237726
0.00237714
0.00237703
0.00237691
0.00237679
0.00237667
0.00237656
0.00237644
0.00237632
0.00237621
0.00237609
0.00237597
0.00237586
0.00237574
0.00237563
0.00237552
0.0023754
0.00237529
0.00237518
0.00237507
0.00237496
0.00237483
0.00237489
0.00237585
0.00237641
0.00237649
0.00237647
0.00237642
0.00237636
0.00237629
0.00237622
0.00237615
0.00237608
0.002376
0.00237592
0.00237584
0.00237576
0.00237566
0.00237574
0.00245528
0.00245585
0.00245593
0.00245589
0.00245582
0.00245574
0.00245565
0.00245555
0.00245546
0.00245536
0.00245525
0.00245515
0.00245504
0.00245494
0.00245483
0.00245472
0.00245461
0.0024545
0.00245439
0.00245428
0.00245416
0.00245404
0.00245393
0.00245381
0.00245369
0.00245356
0.00245344
0.00245332
0.0024532
0.00245308
0.00245296
0.00245284
0.00245272
0.0024526
0.00245248
0.00245236
0.00245225
0.00245213
0.00245201
0.0024519
0.00245178
0.00245167
0.00245156
0.00245143
0.00245151
0.00245251
0.00245309
0.00245318
0.00245315
0.00245309
0.00245303
0.00245296
0.00245288
0.0024528
0.00245272
0.00245264
0.00245256
0.00245247
0.00245239
0.00245228
0.00245239
0.00253151
0.0025321
0.00253217
0.00253212
0.00253204
0.00253195
0.00253186
0.00253176
0.00253165
0.00253154
0.00253143
0.00253132
0.00253121
0.0025311
0.00253099
0.00253088
0.00253076
0.00253065
0.00253053
0.00253041
0.00253029
0.00253017
0.00253005
0.00252993
0.0025298
0.00252968
0.00252955
0.00252943
0.0025293
0.00252918
0.00252905
0.00252893
0.00252881
0.00252869
0.00252857
0.00252845
0.00252833
0.00252821
0.00252809
0.00252797
0.00252785
0.00252774
0.00252762
0.00252749
0.0025276
0.00252865
0.00252924
0.00252933
0.00252929
0.00252923
0.00252916
0.00252908
0.002529
0.00252892
0.00252884
0.00252875
0.00252866
0.00252857
0.00252848
0.00252837
0.00252851
0.00260676
0.00260736
0.00260743
0.00260737
0.00260728
0.00260718
0.00260708
0.00260697
0.00260686
0.00260674
0.00260663
0.00260651
0.00260639
0.00260628
0.00260616
0.00260604
0.00260592
0.0026058
0.00260568
0.00260556
0.00260544
0.00260531
0.00260519
0.00260506
0.00260493
0.0026048
0.00260467
0.00260455
0.00260442
0.00260429
0.00260416
0.00260404
0.00260391
0.00260379
0.00260367
0.00260354
0.00260342
0.0026033
0.00260318
0.00260306
0.00260294
0.00260282
0.0026027
0.00260257
0.00260272
0.0026038
0.00260442
0.0026045
0.00260446
0.00260439
0.00260431
0.00260423
0.00260415
0.00260406
0.00260397
0.00260388
0.00260379
0.00260369
0.0026036
0.00260348
0.00260365
0.00268053
0.00268114
0.0026812
0.00268114
0.00268104
0.00268093
0.00268082
0.0026807
0.00268058
0.00268046
0.00268034
0.00268022
0.00268009
0.00267997
0.00267985
0.00267972
0.0026796
0.00267948
0.00267935
0.00267923
0.0026791
0.00267897
0.00267884
0.00267871
0.00267858
0.00267845
0.00267832
0.00267819
0.00267806
0.00267793
0.0026778
0.00267767
0.00267754
0.00267742
0.00267729
0.00267717
0.00267704
0.00267692
0.0026768
0.00267668
0.00267656
0.00267644
0.00267632
0.00267618
0.00267636
0.00267749
0.00267812
0.0026782
0.00267816
0.00267808
0.002678
0.00267791
0.00267782
0.00267773
0.00267763
0.00267753
0.00267744
0.00267734
0.00267724
0.00267712
0.00267731
0.00275229
0.00275291
0.00275297
0.00275289
0.00275278
0.00275267
0.00275254
0.00275242
0.00275229
0.00275216
0.00275203
0.0027519
0.00275177
0.00275165
0.00275152
0.00275139
0.00275126
0.00275114
0.00275101
0.00275088
0.00275075
0.00275062
0.00275049
0.00275035
0.00275022
0.00275009
0.00274995
0.00274982
0.00274968
0.00274955
0.00274942
0.00274929
0.00274916
0.00274904
0.00274891
0.00274878
0.00274866
0.00274853
0.00274841
0.00274829
0.00274817
0.00274805
0.00274793
0.00274779
0.002748
0.00274918
0.00274983
0.00274991
0.00274986
0.00274977
0.00274968
0.00274959
0.00274949
0.00274939
0.00274928
0.00274918
0.00274908
0.00274897
0.00274886
0.00274874
0.00274896
0.00282145
0.00282209
0.00282213
0.00282205
0.00282193
0.0028218
0.00282167
0.00282154
0.0028214
0.00282127
0.00282113
0.002821
0.00282086
0.00282073
0.0028206
0.00282047
0.00282033
0.0028202
0.00282007
0.00281994
0.00281981
0.00281967
0.00281954
0.0028194
0.00281927
0.00281913
0.00281899
0.00281886
0.00281872
0.00281859
0.00281846
0.00281833
0.0028182
0.00281807
0.00281794
0.00281781
0.00281769
0.00281756
0.00281744
0.00281732
0.00281719
0.00281707
0.00281695
0.00281681
0.00281706
0.00281829
0.00281896
0.00281903
0.00281897
0.00281888
0.00281878
0.00281868
0.00281857
0.00281846
0.00281835
0.00281824
0.00281813
0.00281801
0.0028179
0.00281777
0.00281802
0.0028874
0.00288805
0.00288808
0.00288799
0.00288786
0.00288773
0.00288759
0.00288745
0.0028873
0.00288716
0.00288702
0.00288688
0.00288674
0.0028866
0.00288646
0.00288633
0.00288619
0.00288606
0.00288592
0.00288579
0.00288565
0.00288552
0.00288538
0.00288524
0.0028851
0.00288497
0.00288483
0.00288469
0.00288456
0.00288442
0.00288429
0.00288416
0.00288402
0.0028839
0.00288377
0.00288364
0.00288352
0.00288339
0.00288327
0.00288315
0.00288302
0.0028829
0.00288278
0.00288264
0.00288293
0.00288421
0.00288489
0.00288496
0.00288489
0.00288479
0.00288468
0.00288457
0.00288445
0.00288433
0.00288421
0.00288409
0.00288397
0.00288385
0.00288373
0.00288359
0.00288387
0.00294947
0.00295013
0.00295016
0.00295006
0.00294992
0.00294978
0.00294963
0.00294948
0.00294933
0.00294918
0.00294904
0.00294889
0.00294874
0.0029486
0.00294846
0.00294832
0.00294818
0.00294805
0.00294791
0.00294777
0.00294764
0.0029475
0.00294736
0.00294722
0.00294708
0.00294694
0.00294681
0.00294667
0.00294653
0.0029464
0.00294626
0.00294613
0.002946
0.00294587
0.00294574
0.00294562
0.00294549
0.00294537
0.00294525
0.00294513
0.002945
0.00294488
0.00294477
0.00294463
0.00294494
0.00294628
0.00294697
0.00294704
0.00294696
0.00294685
0.00294673
0.0029466
0.00294647
0.00294633
0.0029462
0.00294607
0.00294594
0.00294581
0.00294568
0.00294554
0.00294585
0.00300698
0.00300765
0.00300768
0.00300757
0.00300742
0.00300727
0.00300712
0.00300697
0.00300681
0.00300666
0.0030065
0.00300635
0.0030062
0.00300606
0.00300591
0.00300577
0.00300563
0.00300549
0.00300535
0.00300522
0.00300508
0.00300494
0.0030048
0.00300466
0.00300452
0.00300438
0.00300425
0.00300411
0.00300397
0.00300384
0.0030037
0.00300357
0.00300344
0.00300331
0.00300319
0.00300306
0.00300294
0.00300282
0.0030027
0.00300258
0.00300246
0.00300234
0.00300222
0.00300209
0.00300243
0.00300382
0.00300453
0.00300458
0.00300449
0.00300437
0.00300422
0.00300408
0.00300393
0.00300378
0.00300363
0.00300349
0.00300335
0.00300321
0.00300308
0.00300293
0.00300327
0.00305922
0.00305991
0.00305993
0.00305982
0.00305967
0.00305952
0.00305936
0.0030592
0.00305904
0.00305888
0.00305872
0.00305857
0.00305841
0.00305827
0.00305812
0.00305798
0.00305783
0.00305769
0.00305755
0.00305742
0.00305728
0.00305714
0.003057
0.00305686
0.00305672
0.00305659
0.00305645
0.00305631
0.00305618
0.00305604
0.00305591
0.00305578
0.00305565
0.00305553
0.0030554
0.00305528
0.00305516
0.00305504
0.00305492
0.0030548
0.00305468
0.00305457
0.00305445
0.00305432
0.0030547
0.00305614
0.00305685
0.00305689
0.00305678
0.00305663
0.00305646
0.00305629
0.00305612
0.00305596
0.0030558
0.00305564
0.00305549
0.00305535
0.00305521
0.00305505
0.00305542
0.00310548
0.00310619
0.00310622
0.0031061
0.00310595
0.00310579
0.00310563
0.00310546
0.0031053
0.00310514
0.00310498
0.00310482
0.00310467
0.00310452
0.00310437
0.00310422
0.00310408
0.00310394
0.0031038
0.00310367
0.00310353
0.00310339
0.00310325
0.00310312
0.00310298
0.00310284
0.00310271
0.00310257
0.00310244
0.00310231
0.00310218
0.00310205
0.00310192
0.0031018
0.00310168
0.00310156
0.00310144
0.00310132
0.00310121
0.00310109
0.00310098
0.00310087
0.00310075
0.00310062
0.00310104
0.00310252
0.00310323
0.00310324
0.00310309
0.0031029
0.0031027
0.0031025
0.00310231
0.00310213
0.00310196
0.0031018
0.00310165
0.0031015
0.00310136
0.0031012
0.0031016
0.00314506
0.00314579
0.00314583
0.00314572
0.00314556
0.0031454
0.00314523
0.00314506
0.00314489
0.00314473
0.00314457
0.00314441
0.00314426
0.00314411
0.00314396
0.00314382
0.00314367
0.00314354
0.0031434
0.00314326
0.00314313
0.00314299
0.00314286
0.00314272
0.00314259
0.00314246
0.00314232
0.00314219
0.00314206
0.00314193
0.0031418
0.00314168
0.00314156
0.00314144
0.00314132
0.0031412
0.00314109
0.00314097
0.00314086
0.00314075
0.00314064
0.00314053
0.00314042
0.0031403
0.00314074
0.00314225
0.00314293
0.00314288
0.00314268
0.00314244
0.0031422
0.00314198
0.00314178
0.00314159
0.00314142
0.00314125
0.0031411
0.00314095
0.00314082
0.00314067
0.00314109
0.00317729
0.00317806
0.0031781
0.00317798
0.00317782
0.00317764
0.00317747
0.0031773
0.00317713
0.00317696
0.0031768
0.00317665
0.0031765
0.00317635
0.00317621
0.00317607
0.00317593
0.00317579
0.00317566
0.00317553
0.00317539
0.00317526
0.00317513
0.003175
0.00317487
0.00317474
0.00317461
0.00317448
0.00317436
0.00317423
0.00317411
0.00317399
0.00317387
0.00317376
0.00317364
0.00317353
0.00317342
0.00317331
0.0031732
0.0031731
0.00317299
0.00317289
0.00317278
0.00317266
0.00317312
0.00317462
0.00317522
0.00317507
0.00317478
0.0031745
0.00317424
0.00317402
0.00317381
0.00317363
0.00317346
0.00317331
0.00317316
0.00317303
0.0031729
0.00317276
0.00317321
0.00320156
0.00320236
0.00320238
0.00320223
0.00320205
0.00320186
0.00320169
0.00320152
0.00320135
0.00320119
0.00320104
0.00320089
0.00320074
0.0032006
0.00320046
0.00320032
0.00320019
0.00320006
0.00319993
0.00319981
0.00319968
0.00319955
0.00319943
0.0031993
0.00319917
0.00319905
0.00319892
0.0031988
0.00319868
0.00319856
0.00319844
0.00319833
0.00319822
0.0031981
0.003198
0.00319789
0.00319778
0.00319768
0.00319758
0.00319748
0.00319738
0.00319728
0.00319718
0.00319706
0.00319751
0.00319892
0.00319931
0.00319901
0.00319867
0.00319838
0.00319814
0.00319794
0.00319776
0.0031976
0.00319745
0.00319732
0.00319719
0.00319707
0.00319696
0.00319683
0.00319732
0.00321746
0.00321808
0.00321799
0.0032178
0.00321761
0.00321744
0.00321727
0.0032171
0.00321695
0.00321679
0.00321665
0.00321651
0.00321637
0.00321623
0.0032161
0.00321598
0.00321585
0.00321573
0.00321561
0.00321548
0.00321536
0.00321524
0.00321512
0.003215
0.00321488
0.00321476
0.00321464
0.00321453
0.00321441
0.0032143
0.00321419
0.00321408
0.00321397
0.00321387
0.00321377
0.00321366
0.00321356
0.00321347
0.00321337
0.00321327
0.00321318
0.00321309
0.00321299
0.00321289
0.00321325
0.00321433
0.00321428
0.00321392
0.00321365
0.00321345
0.00321328
0.00321314
0.00321301
0.00321289
0.00321278
0.00321268
0.00321258
0.00321248
0.00321239
0.00321229
0.00321282
)
;

boundaryField
{
    bottomWall
    {
        type            nutUWallFunction;
        Cmu             0.09;
        kappa           0.41;
        E               9.8;
        value           nonuniform 0();
    }
    topWall
    {
        type            nutUWallFunction;
        Cmu             0.09;
        kappa           0.41;
        E               9.8;
        value           nonuniform 0();
    }
    sides1_half0
    {
        type            cyclic;
    }
    sides1_half1
    {
        type            cyclic;
    }
    sides2_half0
    {
        type            cyclic;
    }
    sides2_half1
    {
        type            cyclic;
    }
    inout1_half0
    {
        type            cyclic;
    }
    inout1_half1
    {
        type            cyclic;
    }
    inout2_half0
    {
        type            cyclic;
    }
    inout2_half1
    {
        type            cyclic;
    }
    procBoundary5to2
    {
        type            processor;
        value           nonuniform List<scalar> 
61
(
0.00321976
0.00322054
0.00322056
0.00322042
0.00322026
0.0032201
0.00321995
0.0032198
0.00321965
0.00321951
0.00321938
0.00321924
0.00321912
0.00321899
0.00321887
0.00321875
0.00321864
0.00321852
0.00321841
0.0032183
0.00321818
0.00321807
0.00321796
0.00321784
0.00321773
0.00321762
0.00321751
0.0032174
0.00321729
0.00321718
0.00321708
0.00321697
0.00321687
0.00321678
0.00321668
0.00321658
0.00321649
0.0032164
0.00321631
0.00321622
0.00321613
0.00321604
0.00321596
0.00321586
0.00321591
0.00321457
0.00321528
0.00321552
0.00321556
0.00321553
0.00321548
0.00321542
0.00321535
0.00321528
0.00321521
0.00321514
0.00321507
0.00321501
0.00321494
0.00321485
0.00321548
)
;
    }
    procBoundary5to3
    {
        type            processor;
        value           nonuniform List<scalar> 
61
(
0.000284587
0.000284583
0.000284582
0.000284584
0.000284585
0.000284587
0.000284589
0.000284592
0.000284594
0.000284596
0.000284597
0.000284599
0.000284601
0.000284603
0.000284605
0.000284607
0.000284609
0.000284611
0.000284613
0.000284615
0.000284617
0.000284618
0.00028462
0.000284621
0.000284623
0.000284624
0.000284625
0.000284627
0.000284628
0.000284629
0.00028463
0.000284631
0.000284632
0.000284633
0.000284633
0.000284634
0.000284635
0.000284635
0.000284636
0.000284637
0.000284637
0.000284638
0.000284638
0.000284638
0.00028464
0.00028459
0.000284588
0.000284589
0.000284591
0.000284593
0.000284595
0.000284597
0.000284599
0.000284601
0.000284602
0.000284604
0.000284605
0.000284606
0.000284608
0.000284608
0.000284614
)
;
    }
    procBoundary5to4
    {
        type            processor;
        value           nonuniform List<scalar> 
132
(
0.000299256
0.000299223
0.000314325
0.00031429
0.000329825
0.000329787
0.000345782
0.000345738
0.000362223
0.000362171
0.000379175
0.000379114
0.00039667
0.000396599
0.000414742
0.00041466
0.000433425
0.00043333
0.000452758
0.000452647
0.000472778
0.00047265
0.000493527
0.000493381
0.00051505
0.000514881
0.000537391
0.000537197
0.000560597
0.000560376
0.000584719
0.000584467
0.000609808
0.000609522
0.000635918
0.000635593
0.000663103
0.000662736
0.000691422
0.000691008
0.000720932
0.000720467
0.000751694
0.000751173
0.000783768
0.000783187
0.000817218
0.00081657
0.000852105
0.000851385
0.000888492
0.000887695
0.000926442
0.000925561
0.000966015
0.000965044
0.00100727
0.00100621
0.00105027
0.0010491
0.00109507
0.00109379
0.00114171
0.00114032
0.00119025
0.00118874
0.00124073
0.00123908
0.00129317
0.00129139
0.00134761
0.00134569
0.00140406
0.00140199
0.00146253
0.00146031
0.001523
0.00152062
0.00158547
0.00158293
0.00164989
0.00164717
0.0017162
0.00171332
0.00178434
0.00178127
0.0018542
0.00185095
0.00192566
0.00192223
0.00199858
0.00199497
0.00207278
0.00206897
0.00214804
0.00214405
0.00222413
0.00221995
0.00230077
0.0022964
0.00237764
0.00237308
0.00245437
0.00244963
0.00253057
0.00252564
0.0026058
0.00260069
0.00267955
0.00267426
0.0027513
0.00274584
0.00282047
0.00281484
0.00288644
0.00288065
0.00294856
0.00294262
0.00300615
0.00300006
0.00305851
0.00305229
0.00310492
0.00309859
0.00314467
0.00313826
0.00317707
0.00317062
0.00320138
0.00319501
0.0032168
0.00321075
)
;
    }
}


// ************************************************************************* //
