/*--------------------------------*- C++ -*----------------------------------*\
  =========                 |
  \\      /  F ield         | OpenFOAM: The Open Source CFD Toolbox
   \\    /   O peration     | Website:  https://openfoam.org
    \\  /    A nd           | Version:  7
     \\/     M anipulation  |
\*---------------------------------------------------------------------------*/
FoamFile
{
    version     2.0;
    format      ascii;
    class       volScalarField;
    location    "3500";
    object      k;
}
// * * * * * * * * * * * * * * * * * * * * * * * * * * * * * * * * * * * * * //

dimensions      [0 2 -2 0 0 0 0];

internalField   nonuniform List<scalar> 
3974
(
0.000183856
0.000183856
0.000183856
0.000183857
0.000183857
0.000183857
0.000183857
0.000183857
0.000183857
0.000183857
0.000183857
0.000183857
0.000183857
0.000183857
0.000183857
0.000183857
0.000183857
0.000183857
0.000183857
0.000183857
0.000183856
0.000183856
0.000183856
0.000183856
0.000183856
0.000183856
0.000183856
0.000183855
0.000183855
0.000183855
0.000183855
0.000183854
0.000183854
0.000183854
0.000183854
0.000183853
0.000183853
0.000183853
0.000183352
0.000183352
0.000183354
0.000183355
0.000183355
0.000183356
0.000183356
0.000183356
0.000183356
0.000183357
0.000183357
0.000183357
0.000183357
0.000183357
0.000183357
0.000183357
0.000183357
0.000183357
0.000183357
0.000183357
0.000183357
0.000183357
0.000183357
0.000183357
0.000183357
0.000183356
0.000183356
0.000183356
0.000183356
0.000183356
0.000183356
0.000183355
0.000183355
0.000183355
0.000183354
0.000183354
0.000183354
0.000183354
0.000183353
0.000183353
0.00018335
0.000183349
0.000182754
0.000182754
0.000182755
0.000182756
0.000182757
0.000182758
0.000182758
0.000182759
0.000182759
0.00018276
0.00018276
0.00018276
0.00018276
0.000182761
0.000182761
0.000182761
0.000182761
0.000182761
0.000182761
0.000182761
0.000182761
0.000182761
0.000182761
0.000182761
0.000182761
0.000182761
0.000182761
0.000182761
0.000182761
0.00018276
0.00018276
0.00018276
0.00018276
0.00018276
0.000182759
0.000182759
0.000182759
0.000182758
0.000182758
0.000182758
0.000182757
0.000182757
0.000182756
0.000182755
0.000182752
0.00018275
0.000182749
0.000182749
0.000182748
0.000182748
0.000182747
0.000182747
0.000182747
0.000182746
0.000182746
0.000182746
0.000182746
0.000182745
0.000182745
0.000182067
0.000182066
0.000182067
0.000182068
0.000182069
0.000182069
0.00018207
0.000182071
0.000182071
0.000182072
0.000182072
0.000182072
0.000182073
0.000182073
0.000182073
0.000182073
0.000182073
0.000182074
0.000182074
0.000182074
0.000182074
0.000182074
0.000182074
0.000182074
0.000182074
0.000182074
0.000182074
0.000182073
0.000182073
0.000182073
0.000182073
0.000182073
0.000182073
0.000182072
0.000182072
0.000182072
0.000182071
0.000182071
0.000182071
0.00018207
0.00018207
0.00018207
0.000182069
0.000182068
0.000182066
0.000182064
0.000182063
0.000182063
0.000182062
0.000182061
0.000182061
0.00018206
0.00018206
0.00018206
0.000182059
0.000182059
0.000182059
0.000182058
0.000182059
0.000181292
0.000181291
0.000181292
0.000181292
0.000181293
0.000181294
0.000181295
0.000181295
0.000181296
0.000181296
0.000181297
0.000181297
0.000181297
0.000181298
0.000181298
0.000181298
0.000181298
0.000181299
0.000181299
0.000181299
0.000181299
0.000181299
0.000181299
0.000181299
0.000181299
0.000181299
0.000181299
0.000181299
0.000181298
0.000181298
0.000181298
0.000181298
0.000181298
0.000181298
0.000181297
0.000181297
0.000181297
0.000181296
0.000181296
0.000181296
0.000181295
0.000181295
0.000181294
0.000181294
0.000181292
0.000181291
0.00018129
0.000181289
0.000181288
0.000181287
0.000181287
0.000181286
0.000181286
0.000181285
0.000181285
0.000181285
0.000181284
0.000181284
0.000181284
0.000180433
0.000180433
0.000180433
0.000180433
0.000180434
0.000180435
0.000180435
0.000180436
0.000180436
0.000180437
0.000180437
0.000180438
0.000180438
0.000180439
0.000180439
0.000180439
0.000180439
0.00018044
0.00018044
0.00018044
0.00018044
0.00018044
0.00018044
0.00018044
0.00018044
0.00018044
0.00018044
0.00018044
0.00018044
0.00018044
0.000180439
0.000180439
0.000180439
0.000180439
0.000180438
0.000180438
0.000180438
0.000180438
0.000180437
0.000180437
0.000180436
0.000180436
0.000180436
0.000180435
0.000180434
0.000180433
0.000180432
0.000180431
0.00018043
0.000180429
0.000180429
0.000180428
0.000180428
0.000180427
0.000180427
0.000180426
0.000180426
0.000180425
0.000180425
0.000179493
0.000179493
0.000179493
0.000179493
0.000179494
0.000179494
0.000179495
0.000179496
0.000179496
0.000179497
0.000179497
0.000179498
0.000179498
0.000179499
0.000179499
0.000179499
0.000179499
0.0001795
0.0001795
0.0001795
0.0001795
0.0001795
0.0001795
0.0001795
0.0001795
0.0001795
0.0001795
0.0001795
0.0001795
0.0001795
0.0001795
0.0001795
0.000179499
0.000179499
0.000179499
0.000179499
0.000179498
0.000179498
0.000179498
0.000179497
0.000179497
0.000179496
0.000179496
0.000179495
0.000179495
0.000179494
0.000179493
0.000179492
0.000179491
0.00017949
0.000179489
0.000179489
0.000179488
0.000179488
0.000179487
0.000179487
0.000179486
0.000179486
0.000179486
0.000178475
0.000178475
0.000178475
0.000178475
0.000178476
0.000178476
0.000178477
0.000178477
0.000178478
0.000178478
0.000178479
0.000178479
0.00017848
0.00017848
0.000178481
0.000178481
0.000178481
0.000178482
0.000178482
0.000178482
0.000178482
0.000178482
0.000178482
0.000178482
0.000178482
0.000178482
0.000178482
0.000178482
0.000178482
0.000178482
0.000178482
0.000178482
0.000178481
0.000178481
0.000178481
0.000178481
0.00017848
0.00017848
0.00017848
0.000178479
0.000178479
0.000178478
0.000178478
0.000178478
0.000178477
0.000178476
0.000178475
0.000178474
0.000178473
0.000178473
0.000178472
0.000178471
0.000178471
0.00017847
0.000178469
0.000178469
0.000178468
0.000178468
0.000178468
0.000177381
0.000177381
0.000177381
0.000177381
0.000177382
0.000177382
0.000177383
0.000177383
0.000177384
0.000177385
0.000177385
0.000177386
0.000177386
0.000177387
0.000177387
0.000177387
0.000177388
0.000177388
0.000177388
0.000177389
0.000177389
0.000177389
0.000177389
0.000177389
0.000177389
0.000177389
0.000177389
0.000177389
0.000177389
0.000177389
0.000177388
0.000177388
0.000177388
0.000177388
0.000177388
0.000177387
0.000177387
0.000177387
0.000177386
0.000177386
0.000177385
0.000177385
0.000177385
0.000177384
0.000177384
0.000177383
0.000177382
0.000177381
0.00017738
0.000177379
0.000177379
0.000177378
0.000177377
0.000177377
0.000177376
0.000177375
0.000177375
0.000177374
0.000177374
0.000176214
0.000176214
0.000176214
0.000176215
0.000176215
0.000176215
0.000176216
0.000176216
0.000176217
0.000176218
0.000176218
0.000176219
0.000176219
0.00017622
0.00017622
0.00017622
0.000176221
0.000176221
0.000176221
0.000176222
0.000176222
0.000176222
0.000176222
0.000176222
0.000176222
0.000176222
0.000176222
0.000176222
0.000176222
0.000176222
0.000176222
0.000176222
0.000176221
0.000176221
0.000176221
0.000176221
0.00017622
0.00017622
0.00017622
0.000176219
0.000176219
0.000176218
0.000176218
0.000176217
0.000176217
0.000176216
0.000176215
0.000176215
0.000176214
0.000176213
0.000176212
0.000176212
0.000176211
0.00017621
0.000176209
0.000176209
0.000176208
0.000176207
0.000176207
0.000174976
0.000174976
0.000174976
0.000174976
0.000174977
0.000174977
0.000174978
0.000174978
0.000174979
0.000174979
0.00017498
0.000174981
0.000174981
0.000174982
0.000174982
0.000174982
0.000174983
0.000174983
0.000174984
0.000174984
0.000174984
0.000174984
0.000174984
0.000174984
0.000174984
0.000174984
0.000174984
0.000174984
0.000174984
0.000174984
0.000174984
0.000174984
0.000174984
0.000174983
0.000174983
0.000174983
0.000174983
0.000174982
0.000174982
0.000174982
0.000174981
0.000174981
0.00017498
0.00017498
0.000174979
0.000174979
0.000174978
0.000174977
0.000174976
0.000174975
0.000174975
0.000174974
0.000174973
0.000174972
0.000174972
0.000174971
0.00017497
0.00017497
0.00017497
0.000173669
0.000173669
0.000173669
0.000173669
0.00017367
0.00017367
0.000173671
0.000173671
0.000173672
0.000173672
0.000173673
0.000173673
0.000173674
0.000173675
0.000173675
0.000173675
0.000173676
0.000173676
0.000173677
0.000173677
0.000173677
0.000173677
0.000173677
0.000173678
0.000173678
0.000173678
0.000173678
0.000173678
0.000173678
0.000173677
0.000173677
0.000173677
0.000173677
0.000173677
0.000173676
0.000173676
0.000173676
0.000173676
0.000173675
0.000173675
0.000173674
0.000173674
0.000173673
0.000173673
0.000173672
0.000173672
0.000173671
0.000173671
0.00017367
0.000173669
0.000173668
0.000173667
0.000173667
0.000173666
0.000173665
0.000173664
0.000173664
0.000173663
0.000173663
0.000172295
0.000172295
0.000172295
0.000172296
0.000172296
0.000172296
0.000172297
0.000172297
0.000172298
0.000172298
0.000172299
0.0001723
0.0001723
0.000172301
0.000172301
0.000172302
0.000172302
0.000172302
0.000172303
0.000172303
0.000172303
0.000172304
0.000172304
0.000172304
0.000172304
0.000172304
0.000172304
0.000172304
0.000172304
0.000172304
0.000172304
0.000172304
0.000172303
0.000172303
0.000172303
0.000172303
0.000172302
0.000172302
0.000172302
0.000172301
0.000172301
0.0001723
0.0001723
0.000172299
0.000172299
0.000172298
0.000172298
0.000172297
0.000172296
0.000172296
0.000172295
0.000172294
0.000172293
0.000172292
0.000172292
0.000172291
0.00017229
0.000172289
0.000172289
0.000170856
0.000170856
0.000170856
0.000170857
0.000170857
0.000170858
0.000170858
0.000170859
0.000170859
0.00017086
0.00017086
0.000170861
0.000170861
0.000170862
0.000170863
0.000170863
0.000170863
0.000170864
0.000170864
0.000170865
0.000170865
0.000170865
0.000170865
0.000170865
0.000170866
0.000170866
0.000170866
0.000170866
0.000170865
0.000170865
0.000170865
0.000170865
0.000170865
0.000170865
0.000170864
0.000170864
0.000170864
0.000170864
0.000170863
0.000170863
0.000170863
0.000170862
0.000170862
0.000170861
0.000170861
0.00017086
0.000170859
0.000170859
0.000170858
0.000170857
0.000170857
0.000170856
0.000170855
0.000170854
0.000170853
0.000170853
0.000170852
0.000170851
0.000170851
0.000169355
0.000169355
0.000169355
0.000169355
0.000169356
0.000169356
0.000169357
0.000169357
0.000169358
0.000169358
0.000169359
0.00016936
0.00016936
0.000169361
0.000169361
0.000169362
0.000169362
0.000169363
0.000169363
0.000169363
0.000169364
0.000169364
0.000169364
0.000169364
0.000169364
0.000169364
0.000169364
0.000169364
0.000169364
0.000169364
0.000169364
0.000169364
0.000169364
0.000169364
0.000169363
0.000169363
0.000169363
0.000169363
0.000169362
0.000169362
0.000169361
0.000169361
0.000169361
0.00016936
0.00016936
0.000169359
0.000169358
0.000169358
0.000169357
0.000169356
0.000169356
0.000169355
0.000169354
0.000169353
0.000169353
0.000169352
0.000169351
0.00016935
0.00016935
0.000167793
0.000167793
0.000167793
0.000167793
0.000167794
0.000167795
0.000167795
0.000167795
0.000167796
0.000167797
0.000167797
0.000167798
0.000167798
0.000167799
0.000167799
0.0001678
0.0001678
0.000167801
0.000167801
0.000167801
0.000167802
0.000167802
0.000167802
0.000167802
0.000167803
0.000167803
0.000167803
0.000167803
0.000167803
0.000167802
0.000167802
0.000167802
0.000167802
0.000167802
0.000167802
0.000167801
0.000167801
0.000167801
0.000167801
0.0001678
0.0001678
0.000167799
0.000167799
0.000167798
0.000167798
0.000167797
0.000167797
0.000167796
0.000167796
0.000167795
0.000167794
0.000167793
0.000167793
0.000167792
0.000167791
0.00016779
0.00016779
0.000167789
0.000167788
0.000166173
0.000166172
0.000166173
0.000166173
0.000166174
0.000166174
0.000166175
0.000166175
0.000166176
0.000166176
0.000166177
0.000166177
0.000166178
0.000166178
0.000166179
0.000166179
0.00016618
0.00016618
0.000166181
0.000166181
0.000166181
0.000166182
0.000166182
0.000166182
0.000166182
0.000166182
0.000166183
0.000166183
0.000166182
0.000166182
0.000166182
0.000166182
0.000166182
0.000166182
0.000166182
0.000166181
0.000166181
0.000166181
0.000166181
0.00016618
0.00016618
0.000166179
0.000166179
0.000166179
0.000166178
0.000166178
0.000166177
0.000166176
0.000166176
0.000166175
0.000166174
0.000166174
0.000166173
0.000166172
0.000166171
0.000166171
0.00016617
0.000166169
0.000166169
0.000164496
0.000164496
0.000164496
0.000164497
0.000164497
0.000164498
0.000164499
0.000164499
0.000164499
0.0001645
0.000164501
0.000164501
0.000164502
0.000164502
0.000164503
0.000164503
0.000164504
0.000164504
0.000164505
0.000164505
0.000164505
0.000164506
0.000164506
0.000164506
0.000164506
0.000164506
0.000164506
0.000164506
0.000164506
0.000164506
0.000164506
0.000164506
0.000164506
0.000164506
0.000164506
0.000164505
0.000164505
0.000164505
0.000164505
0.000164504
0.000164504
0.000164503
0.000164503
0.000164503
0.000164502
0.000164502
0.000164501
0.0001645
0.0001645
0.000164499
0.000164499
0.000164498
0.000164497
0.000164496
0.000164496
0.000164495
0.000164494
0.000164493
0.000164493
0.000162766
0.000162766
0.000162766
0.000162767
0.000162768
0.000162768
0.000162769
0.000162769
0.00016277
0.00016277
0.000162771
0.000162771
0.000162772
0.000162772
0.000162773
0.000162773
0.000162774
0.000162774
0.000162775
0.000162775
0.000162775
0.000162776
0.000162776
0.000162776
0.000162776
0.000162777
0.000162777
0.000162777
0.000162777
0.000162777
0.000162777
0.000162776
0.000162776
0.000162776
0.000162776
0.000162776
0.000162775
0.000162775
0.000162775
0.000162775
0.000162774
0.000162774
0.000162774
0.000162773
0.000162773
0.000162772
0.000162772
0.000162771
0.00016277
0.00016277
0.000162769
0.000162768
0.000162768
0.000162767
0.000162766
0.000162765
0.000162765
0.000162764
0.000162764
0.000160985
0.000160985
0.000160985
0.000160986
0.000160987
0.000160987
0.000160988
0.000160988
0.000160989
0.000160989
0.00016099
0.000160991
0.000160991
0.000160992
0.000160992
0.000160993
0.000160993
0.000160994
0.000160994
0.000160994
0.000160995
0.000160995
0.000160995
0.000160996
0.000160996
0.000160996
0.000160996
0.000160996
0.000160996
0.000160996
0.000160996
0.000160996
0.000160996
0.000160995
0.000160995
0.000160995
0.000160995
0.000160995
0.000160994
0.000160994
0.000160994
0.000160993
0.000160993
0.000160993
0.000160992
0.000160992
0.000160991
0.000160991
0.00016099
0.000160989
0.000160989
0.000160988
0.000160987
0.000160987
0.000160986
0.000160985
0.000160984
0.000160984
0.000160983
0.000159156
0.000159156
0.000159156
0.000159157
0.000159158
0.000159158
0.000159159
0.000159159
0.00015916
0.00015916
0.000159161
0.000159161
0.000159162
0.000159163
0.000159163
0.000159164
0.000159164
0.000159164
0.000159165
0.000159165
0.000159166
0.000159166
0.000159166
0.000159166
0.000159167
0.000159167
0.000159167
0.000159167
0.000159167
0.000159167
0.000159167
0.000159167
0.000159167
0.000159167
0.000159166
0.000159166
0.000159166
0.000159166
0.000159166
0.000159165
0.000159165
0.000159165
0.000159164
0.000159164
0.000159163
0.000159163
0.000159162
0.000159162
0.000159161
0.000159161
0.00015916
0.00015916
0.000159159
0.000159158
0.000159157
0.000159157
0.000159156
0.000159155
0.000159155
0.000157282
0.000157281
0.000157282
0.000157282
0.000157283
0.000157284
0.000157284
0.000157285
0.000157285
0.000157286
0.000157286
0.000157287
0.000157288
0.000157288
0.000157289
0.000157289
0.00015729
0.00015729
0.00015729
0.000157291
0.000157291
0.000157291
0.000157292
0.000157292
0.000157292
0.000157292
0.000157293
0.000157293
0.000157293
0.000157293
0.000157293
0.000157292
0.000157292
0.000157292
0.000157292
0.000157292
0.000157292
0.000157291
0.000157291
0.000157291
0.000157291
0.00015729
0.00015729
0.00015729
0.000157289
0.000157289
0.000157288
0.000157288
0.000157287
0.000157287
0.000157286
0.000157285
0.000157285
0.000157284
0.000157283
0.000157283
0.000157282
0.000157281
0.000157281
0.000155365
0.000155364
0.000155365
0.000155365
0.000155366
0.000155367
0.000155367
0.000155368
0.000155368
0.000155369
0.00015537
0.00015537
0.000155371
0.000155371
0.000155372
0.000155372
0.000155373
0.000155373
0.000155373
0.000155374
0.000155374
0.000155375
0.000155375
0.000155375
0.000155375
0.000155376
0.000155376
0.000155376
0.000155376
0.000155376
0.000155376
0.000155376
0.000155376
0.000155375
0.000155375
0.000155375
0.000155375
0.000155375
0.000155375
0.000155374
0.000155374
0.000155374
0.000155373
0.000155373
0.000155373
0.000155372
0.000155372
0.000155371
0.000155371
0.00015537
0.00015537
0.000155369
0.000155368
0.000155368
0.000155367
0.000155366
0.000155366
0.000155365
0.000155365
0.000153409
0.000153408
0.000153408
0.000153409
0.00015341
0.000153411
0.000153411
0.000153412
0.000153412
0.000153413
0.000153413
0.000153414
0.000153414
0.000153415
0.000153415
0.000153416
0.000153416
0.000153417
0.000153417
0.000153418
0.000153418
0.000153418
0.000153419
0.000153419
0.000153419
0.000153419
0.000153419
0.00015342
0.00015342
0.00015342
0.00015342
0.00015342
0.000153419
0.000153419
0.000153419
0.000153419
0.000153419
0.000153419
0.000153419
0.000153418
0.000153418
0.000153418
0.000153417
0.000153417
0.000153417
0.000153416
0.000153416
0.000153416
0.000153415
0.000153415
0.000153414
0.000153413
0.000153413
0.000153412
0.000153412
0.000153411
0.00015341
0.000153409
0.000153409
0.000151416
0.000151416
0.000151416
0.000151417
0.000151418
0.000151418
0.000151419
0.00015142
0.00015142
0.000151421
0.000151421
0.000151422
0.000151422
0.000151423
0.000151423
0.000151424
0.000151424
0.000151425
0.000151425
0.000151425
0.000151426
0.000151426
0.000151426
0.000151427
0.000151427
0.000151427
0.000151427
0.000151427
0.000151428
0.000151428
0.000151428
0.000151427
0.000151427
0.000151427
0.000151427
0.000151427
0.000151427
0.000151427
0.000151427
0.000151426
0.000151426
0.000151426
0.000151426
0.000151425
0.000151425
0.000151425
0.000151424
0.000151424
0.000151423
0.000151423
0.000151422
0.000151422
0.000151421
0.000151421
0.00015142
0.000151419
0.000151419
0.000151418
0.000151418
0.000149392
0.000149391
0.000149391
0.000149392
0.000149393
0.000149394
0.000149394
0.000149395
0.000149395
0.000149396
0.000149396
0.000149397
0.000149397
0.000149398
0.000149399
0.000149399
0.000149399
0.0001494
0.0001494
0.000149401
0.000149401
0.000149401
0.000149402
0.000149402
0.000149402
0.000149402
0.000149403
0.000149403
0.000149403
0.000149403
0.000149403
0.000149403
0.000149403
0.000149403
0.000149403
0.000149402
0.000149402
0.000149402
0.000149402
0.000149402
0.000149402
0.000149401
0.000149401
0.000149401
0.000149401
0.0001494
0.0001494
0.000149399
0.000149399
0.000149399
0.000149398
0.000149397
0.000149397
0.000149396
0.000149396
0.000149395
0.000149395
0.000149394
0.000149394
0.000147338
0.000147337
0.000147338
0.000147338
0.000147339
0.00014734
0.00014734
0.000147341
0.000147342
0.000147342
0.000147343
0.000147343
0.000147344
0.000147344
0.000147345
0.000147345
0.000147346
0.000147346
0.000147347
0.000147347
0.000147347
0.000147348
0.000147348
0.000147348
0.000147349
0.000147349
0.000147349
0.000147349
0.000147349
0.000147349
0.000147349
0.000147349
0.000147349
0.000147349
0.000147349
0.000147349
0.000147349
0.000147349
0.000147348
0.000147348
0.000147348
0.000147348
0.000147348
0.000147347
0.000147347
0.000147347
0.000147346
0.000147346
0.000147346
0.000147345
0.000147345
0.000147344
0.000147344
0.000147343
0.000147343
0.000147342
0.000147341
0.000147341
0.000147341
0.000145259
0.000145258
0.000145259
0.000145259
0.00014526
0.000145261
0.000145261
0.000145262
0.000145262
0.000145263
0.000145263
0.000145264
0.000145265
0.000145265
0.000145266
0.000145266
0.000145267
0.000145267
0.000145267
0.000145268
0.000145268
0.000145269
0.000145269
0.000145269
0.000145269
0.00014527
0.00014527
0.00014527
0.00014527
0.00014527
0.00014527
0.00014527
0.00014527
0.00014527
0.00014527
0.00014527
0.00014527
0.00014527
0.000145269
0.000145269
0.000145269
0.000145269
0.000145269
0.000145269
0.000145268
0.000145268
0.000145268
0.000145267
0.000145267
0.000145267
0.000145266
0.000145266
0.000145265
0.000145265
0.000145264
0.000145264
0.000145263
0.000145262
0.000145262
0.000143158
0.000143157
0.000143158
0.000143158
0.000143159
0.00014316
0.000143161
0.000143161
0.000143162
0.000143162
0.000143163
0.000143163
0.000143164
0.000143164
0.000143165
0.000143165
0.000143166
0.000143166
0.000143167
0.000143167
0.000143167
0.000143168
0.000143168
0.000143168
0.000143169
0.000143169
0.000143169
0.000143169
0.000143169
0.000143169
0.000143169
0.000143169
0.000143169
0.000143169
0.000143169
0.000143169
0.000143169
0.000143169
0.000143169
0.000143169
0.000143169
0.000143168
0.000143168
0.000143168
0.000143168
0.000143168
0.000143167
0.000143167
0.000143167
0.000143166
0.000143166
0.000143165
0.000143165
0.000143164
0.000143164
0.000143163
0.000143163
0.000143162
0.000143162
0.00014104
0.000141039
0.000141039
0.00014104
0.000141041
0.000141041
0.000141042
0.000141042
0.000141043
0.000141044
0.000141044
0.000141045
0.000141045
0.000141046
0.000141046
0.000141047
0.000141047
0.000141048
0.000141048
0.000141048
0.000141049
0.000141049
0.000141049
0.00014105
0.00014105
0.00014105
0.00014105
0.000141051
0.000141051
0.000141051
0.000141051
0.000141051
0.000141051
0.000141051
0.000141051
0.000141051
0.000141051
0.000141051
0.000141051
0.00014105
0.00014105
0.00014105
0.00014105
0.00014105
0.00014105
0.000141049
0.000141049
0.000141049
0.000141048
0.000141048
0.000141048
0.000141047
0.000141047
0.000141046
0.000141046
0.000141046
0.000141045
0.000141044
0.000141044
0.000138907
0.000138906
0.000138907
0.000138907
0.000138908
0.000138909
0.000138909
0.00013891
0.000138911
0.000138911
0.000138912
0.000138912
0.000138913
0.000138913
0.000138914
0.000138914
0.000138915
0.000138915
0.000138916
0.000138916
0.000138916
0.000138917
0.000138917
0.000138917
0.000138918
0.000138918
0.000138918
0.000138918
0.000138918
0.000138918
0.000138919
0.000138919
0.000138919
0.000138919
0.000138918
0.000138918
0.000138918
0.000138918
0.000138918
0.000138918
0.000138918
0.000138918
0.000138918
0.000138918
0.000138917
0.000138917
0.000138917
0.000138917
0.000138916
0.000138916
0.000138916
0.000138915
0.000138915
0.000138915
0.000138914
0.000138914
0.000138913
0.000138913
0.000138913
0.000136765
0.000136764
0.000136764
0.000136765
0.000136766
0.000136766
0.000136767
0.000136768
0.000136768
0.000136769
0.000136769
0.00013677
0.00013677
0.000136771
0.000136771
0.000136772
0.000136772
0.000136773
0.000136773
0.000136773
0.000136774
0.000136774
0.000136775
0.000136775
0.000136775
0.000136775
0.000136776
0.000136776
0.000136776
0.000136776
0.000136776
0.000136776
0.000136776
0.000136776
0.000136776
0.000136776
0.000136776
0.000136776
0.000136776
0.000136776
0.000136776
0.000136776
0.000136776
0.000136775
0.000136775
0.000136775
0.000136775
0.000136775
0.000136774
0.000136774
0.000136774
0.000136773
0.000136773
0.000136773
0.000136772
0.000136772
0.000136771
0.000136771
0.000136771
0.000134617
0.000134615
0.000134616
0.000134616
0.000134617
0.000134618
0.000134618
0.000134619
0.00013462
0.00013462
0.000134621
0.000134621
0.000134622
0.000134622
0.000134623
0.000134623
0.000134624
0.000134624
0.000134625
0.000134625
0.000134625
0.000134626
0.000134626
0.000134626
0.000134627
0.000134627
0.000134627
0.000134627
0.000134628
0.000134628
0.000134628
0.000134628
0.000134628
0.000134628
0.000134628
0.000134628
0.000134628
0.000134628
0.000134628
0.000134628
0.000134628
0.000134628
0.000134627
0.000134627
0.000134627
0.000134627
0.000134627
0.000134627
0.000134626
0.000134626
0.000134626
0.000134626
0.000134625
0.000134625
0.000134624
0.000134624
0.000134624
0.000134623
0.000134623
0.000132466
0.000132465
0.000132465
0.000132466
0.000132467
0.000132467
0.000132468
0.000132469
0.000132469
0.00013247
0.00013247
0.000132471
0.000132471
0.000132472
0.000132472
0.000132473
0.000132473
0.000132474
0.000132474
0.000132474
0.000132475
0.000132475
0.000132476
0.000132476
0.000132476
0.000132476
0.000132477
0.000132477
0.000132477
0.000132477
0.000132477
0.000132477
0.000132477
0.000132477
0.000132477
0.000132477
0.000132477
0.000132477
0.000132477
0.000132477
0.000132477
0.000132477
0.000132477
0.000132477
0.000132477
0.000132477
0.000132477
0.000132477
0.000132476
0.000132476
0.000132476
0.000132476
0.000132475
0.000132475
0.000132475
0.000132474
0.000132474
0.000132473
0.000132473
0.000130318
0.000130316
0.000130317
0.000130317
0.000130318
0.000130319
0.000130319
0.00013032
0.00013032
0.000130321
0.000130321
0.000130322
0.000130323
0.000130323
0.000130324
0.000130324
0.000130324
0.000130325
0.000130325
0.000130326
0.000130326
0.000130327
0.000130327
0.000130327
0.000130328
0.000130328
0.000130328
0.000130328
0.000130329
0.000130329
0.000130329
0.000130329
0.000130329
0.000130329
0.000130329
0.000130329
0.000130329
0.000130329
0.000130329
0.000130329
0.000130329
0.000130329
0.000130329
0.000130329
0.000130329
0.000130329
0.000130329
0.000130328
0.000130328
0.000130328
0.000130328
0.000130328
0.000130327
0.000130327
0.000130327
0.000130326
0.000130326
0.000130325
0.000130326
0.000128175
0.000128174
0.000128174
0.000128175
0.000128175
0.000128176
0.000128177
0.000128177
0.000128178
0.000128178
0.000128179
0.000128179
0.00012818
0.00012818
0.000128181
0.000128181
0.000128182
0.000128182
0.000128183
0.000128183
0.000128183
0.000128184
0.000128184
0.000128184
0.000128185
0.000128185
0.000128185
0.000128186
0.000128186
0.000128186
0.000128186
0.000128186
0.000128186
0.000128186
0.000128186
0.000128186
0.000128186
0.000128186
0.000128187
0.000128187
0.000128186
0.000128186
0.000128186
0.000128186
0.000128186
0.000128186
0.000128186
0.000128186
0.000128186
0.000128186
0.000128185
0.000128185
0.000128185
0.000128185
0.000128184
0.000128184
0.000128184
0.000128183
0.000128184
0.000126042
0.000126041
0.000126041
0.000126041
0.000126042
0.000126043
0.000126043
0.000126044
0.000126045
0.000126045
0.000126046
0.000126046
0.000126047
0.000126047
0.000126048
0.000126048
0.000126049
0.000126049
0.000126049
0.00012605
0.00012605
0.000126051
0.000126051
0.000126051
0.000126052
0.000126052
0.000126052
0.000126053
0.000126053
0.000126053
0.000126053
0.000126053
0.000126053
0.000126053
0.000126054
0.000126054
0.000126054
0.000126054
0.000126054
0.000126054
0.000126054
0.000126054
0.000126054
0.000126054
0.000126054
0.000126054
0.000126053
0.000126053
0.000126053
0.000126053
0.000126053
0.000126053
0.000126053
0.000126052
0.000126052
0.000126052
0.000126051
0.000126051
0.000126051
0.000123923
0.000123921
0.000123921
0.000123922
0.000123923
0.000123923
0.000123924
0.000123924
0.000123925
0.000123926
0.000123926
0.000123927
0.000123927
0.000123928
0.000123928
0.000123929
0.000123929
0.00012393
0.00012393
0.00012393
0.000123931
0.000123931
0.000123932
0.000123932
0.000123932
0.000123933
0.000123933
0.000123933
0.000123933
0.000123934
0.000123934
0.000123934
0.000123934
0.000123934
0.000123934
0.000123934
0.000123934
0.000123934
0.000123934
0.000123934
0.000123934
0.000123934
0.000123934
0.000123934
0.000123934
0.000123934
0.000123934
0.000123934
0.000123934
0.000123934
0.000123934
0.000123934
0.000123934
0.000123933
0.000123933
0.000123933
0.000123933
0.000123932
0.000123932
0.00012182
0.000121819
0.000121819
0.00012182
0.00012182
0.000121821
0.000121822
0.000121822
0.000121823
0.000121823
0.000121824
0.000121824
0.000121825
0.000121825
0.000121826
0.000121826
0.000121827
0.000121827
0.000121828
0.000121828
0.000121829
0.000121829
0.000121829
0.00012183
0.00012183
0.00012183
0.000121831
0.000121831
0.000121831
0.000121831
0.000121832
0.000121832
0.000121832
0.000121832
0.000121832
0.000121832
0.000121832
0.000121832
0.000121832
0.000121832
0.000121833
0.000121833
0.000121833
0.000121833
0.000121833
0.000121833
0.000121833
0.000121832
0.000121832
0.000121832
0.000121832
0.000121832
0.000121832
0.000121832
0.000121832
0.000121831
0.000121831
0.000121831
0.000121831
0.000119739
0.000119738
0.000119738
0.000119739
0.000119739
0.00011974
0.00011974
0.000119741
0.000119742
0.000119742
0.000119743
0.000119743
0.000119744
0.000119744
0.000119745
0.000119745
0.000119746
0.000119746
0.000119747
0.000119747
0.000119747
0.000119748
0.000119748
0.000119748
0.000119749
0.000119749
0.000119749
0.00011975
0.00011975
0.00011975
0.00011975
0.000119751
0.000119751
0.000119751
0.000119751
0.000119751
0.000119751
0.000119751
0.000119751
0.000119752
0.000119752
0.000119752
0.000119752
0.000119752
0.000119752
0.000119752
0.000119752
0.000119752
0.000119752
0.000119752
0.000119751
0.000119751
0.000119751
0.000119751
0.000119751
0.000119751
0.00011975
0.00011975
0.00011975
0.000117683
0.000117681
0.000117681
0.000117682
0.000117683
0.000117683
0.000117684
0.000117684
0.000117685
0.000117685
0.000117686
0.000117687
0.000117687
0.000117688
0.000117688
0.000117689
0.000117689
0.000117689
0.00011769
0.00011769
0.000117691
0.000117691
0.000117692
0.000117692
0.000117692
0.000117693
0.000117693
0.000117693
0.000117694
0.000117694
0.000117694
0.000117694
0.000117694
0.000117694
0.000117695
0.000117695
0.000117695
0.000117695
0.000117695
0.000117695
0.000117695
0.000117695
0.000117695
0.000117695
0.000117695
0.000117695
0.000117695
0.000117695
0.000117695
0.000117695
0.000117695
0.000117695
0.000117695
0.000117695
0.000117695
0.000117695
0.000117695
0.000117694
0.000117694
0.000115654
0.000115653
0.000115653
0.000115653
0.000115654
0.000115655
0.000115655
0.000115656
0.000115656
0.000115657
0.000115657
0.000115658
0.000115659
0.000115659
0.00011566
0.00011566
0.00011566
0.000115661
0.000115661
0.000115662
0.000115662
0.000115663
0.000115663
0.000115663
0.000115664
0.000115664
0.000115664
0.000115665
0.000115665
0.000115665
0.000115666
0.000115666
0.000115666
0.000115666
0.000115666
0.000115666
0.000115667
0.000115667
0.000115667
0.000115667
0.000115667
0.000115667
0.000115667
0.000115667
0.000115667
0.000115667
0.000115667
0.000115667
0.000115667
0.000115667
0.000115667
0.000115667
0.000115667
0.000115667
0.000115667
0.000115667
0.000115667
0.000115666
0.000115666
0.000113657
0.000113656
0.000113656
0.000113656
0.000113657
0.000113658
0.000113658
0.000113659
0.000113659
0.00011366
0.00011366
0.000113661
0.000113662
0.000113662
0.000113663
0.000113663
0.000113664
0.000113664
0.000113664
0.000113665
0.000113665
0.000113666
0.000113666
0.000113666
0.000113667
0.000113667
0.000113668
0.000113668
0.000113668
0.000113668
0.000113669
0.000113669
0.000113669
0.000113669
0.000113669
0.00011367
0.00011367
0.00011367
0.00011367
0.00011367
0.00011367
0.00011367
0.00011367
0.000113671
0.000113671
0.000113671
0.000113671
0.000113671
0.000113671
0.000113671
0.000113671
0.000113671
0.000113671
0.000113671
0.000113671
0.00011367
0.00011367
0.00011367
0.00011367
0.000111695
0.000111694
0.000111694
0.000111694
0.000111695
0.000111696
0.000111696
0.000111697
0.000111697
0.000111698
0.000111698
0.000111699
0.000111699
0.0001117
0.0001117
0.000111701
0.000111701
0.000111702
0.000111702
0.000111703
0.000111703
0.000111704
0.000111704
0.000111704
0.000111705
0.000111705
0.000111705
0.000111706
0.000111706
0.000111706
0.000111707
0.000111707
0.000111707
0.000111707
0.000111708
0.000111708
0.000111708
0.000111708
0.000111708
0.000111708
0.000111708
0.000111709
0.000111709
0.000111709
0.000111709
0.000111709
0.000111709
0.000111709
0.000111709
0.000111709
0.000111709
0.000111709
0.000111709
0.000111709
0.000111709
0.000111709
0.000111709
0.000111709
0.000111709
0.000109772
0.00010977
0.00010977
0.00010977
0.000109771
0.000109772
0.000109772
0.000109773
0.000109773
0.000109774
0.000109774
0.000109775
0.000109775
0.000109776
0.000109776
0.000109777
0.000109777
0.000109778
0.000109778
0.000109779
0.000109779
0.00010978
0.00010978
0.00010978
0.000109781
0.000109781
0.000109782
0.000109782
0.000109782
0.000109783
0.000109783
0.000109783
0.000109783
0.000109784
0.000109784
0.000109784
0.000109784
0.000109784
0.000109784
0.000109785
0.000109785
0.000109785
0.000109785
0.000109785
0.000109785
0.000109785
0.000109785
0.000109786
0.000109786
0.000109786
0.000109786
0.000109786
0.000109786
0.000109786
0.000109786
0.000109786
0.000109786
0.000109785
0.000109785
0.000107889
0.000107887
0.000107887
0.000107888
0.000107888
0.000107889
0.00010789
0.00010789
0.000107891
0.000107891
0.000107892
0.000107892
0.000107893
0.000107893
0.000107894
0.000107894
0.000107895
0.000107895
0.000107896
0.000107896
0.000107897
0.000107897
0.000107897
0.000107898
0.000107898
0.000107899
0.000107899
0.000107899
0.0001079
0.0001079
0.0001079
0.000107901
0.000107901
0.000107901
0.000107901
0.000107901
0.000107902
0.000107902
0.000107902
0.000107902
0.000107902
0.000107903
0.000107903
0.000107903
0.000107903
0.000107903
0.000107903
0.000107903
0.000107903
0.000107903
0.000107904
0.000107904
0.000107904
0.000107904
0.000107904
0.000107904
0.000107903
0.000107903
0.000107903
0.000106051
0.000106049
0.000106049
0.00010605
0.00010605
0.000106051
0.000106051
0.000106052
0.000106053
0.000106053
0.000106054
0.000106054
0.000106055
0.000106055
0.000106056
0.000106056
0.000106057
0.000106057
0.000106058
0.000106058
0.000106058
0.000106059
0.000106059
0.00010606
0.00010606
0.000106061
0.000106061
0.000106061
0.000106062
0.000106062
0.000106062
0.000106063
0.000106063
0.000106063
0.000106063
0.000106064
0.000106064
0.000106064
0.000106064
0.000106064
0.000106064
0.000106065
0.000106065
0.000106065
0.000106065
0.000106065
0.000106065
0.000106066
0.000106066
0.000106066
0.000106066
0.000106066
0.000106066
0.000106066
0.000106066
0.000106066
0.000106066
0.000106066
0.000106066
0.00010426
0.000104258
0.000104258
0.000104259
0.00010426
0.00010426
0.000104261
0.000104261
0.000104262
0.000104262
0.000104263
0.000104263
0.000104264
0.000104264
0.000104265
0.000104266
0.000104266
0.000104266
0.000104267
0.000104267
0.000104268
0.000104268
0.000104269
0.000104269
0.00010427
0.00010427
0.00010427
0.000104271
0.000104271
0.000104271
0.000104272
0.000104272
0.000104272
0.000104273
0.000104273
0.000104273
0.000104273
0.000104274
0.000104274
0.000104274
0.000104274
0.000104274
0.000104274
0.000104275
0.000104275
0.000104275
0.000104275
0.000104275
0.000104275
0.000104276
0.000104276
0.000104276
0.000104276
0.000104276
0.000104276
0.000104276
0.000104276
0.000104276
0.000104276
0.00010252
0.000102518
0.000102518
0.000102519
0.000102519
0.00010252
0.000102521
0.000102521
0.000102522
0.000102522
0.000102523
0.000102523
0.000102524
0.000102524
0.000102525
0.000102525
0.000102526
0.000102526
0.000102527
0.000102527
0.000102528
0.000102528
0.000102529
0.000102529
0.000102529
0.00010253
0.00010253
0.000102531
0.000102531
0.000102531
0.000102532
0.000102532
0.000102532
0.000102533
0.000102533
0.000102533
0.000102533
0.000102534
0.000102534
0.000102534
0.000102534
0.000102535
0.000102535
0.000102535
0.000102535
0.000102535
0.000102535
0.000102536
0.000102536
0.000102536
0.000102536
0.000102536
0.000102536
0.000102536
0.000102536
0.000102536
0.000102536
0.000102537
0.000102536
0.000100834
0.000100832
0.000100832
0.000100832
0.000100833
0.000100834
0.000100834
0.000100835
0.000100835
0.000100836
0.000100836
0.000100837
0.000100837
0.000100838
0.000100838
0.000100839
0.000100839
0.00010084
0.00010084
0.000100841
0.000100841
0.000100842
0.000100842
0.000100843
0.000100843
0.000100843
0.000100844
0.000100844
0.000100845
0.000100845
0.000100845
0.000100846
0.000100846
0.000100846
0.000100847
0.000100847
0.000100847
0.000100847
0.000100848
0.000100848
0.000100848
0.000100848
0.000100849
0.000100849
0.000100849
0.000100849
0.000100849
0.00010085
0.00010085
0.00010085
0.00010085
0.00010085
0.00010085
0.00010085
0.00010085
0.000100851
0.000100851
0.000100851
0.00010085
9.9204e-05
9.92019e-05
9.92019e-05
9.92025e-05
9.92031e-05
9.92037e-05
9.92042e-05
9.92048e-05
9.92053e-05
9.92059e-05
9.92064e-05
9.92069e-05
9.92075e-05
9.9208e-05
9.92085e-05
9.9209e-05
9.92095e-05
9.921e-05
9.92105e-05
9.9211e-05
9.92114e-05
9.92119e-05
9.92123e-05
9.92128e-05
9.92132e-05
9.92136e-05
9.9214e-05
9.92144e-05
9.92148e-05
9.92152e-05
9.92156e-05
9.92159e-05
9.92163e-05
9.92166e-05
9.92169e-05
9.92172e-05
9.92175e-05
9.92177e-05
9.9218e-05
9.92183e-05
9.92185e-05
9.92188e-05
9.9219e-05
9.92192e-05
9.92194e-05
9.92196e-05
9.92199e-05
9.922e-05
9.92202e-05
9.92204e-05
9.92206e-05
9.92207e-05
9.92209e-05
9.9221e-05
9.92211e-05
9.92212e-05
9.92213e-05
9.92214e-05
9.9221e-05
9.76338e-05
9.76316e-05
9.76316e-05
9.76321e-05
9.76327e-05
9.76333e-05
9.76339e-05
9.76345e-05
9.7635e-05
9.76355e-05
9.76361e-05
9.76366e-05
9.76371e-05
9.76377e-05
9.76382e-05
9.76387e-05
9.76392e-05
9.76397e-05
9.76402e-05
9.76407e-05
9.76412e-05
9.76416e-05
9.76421e-05
9.76425e-05
9.7643e-05
9.76434e-05
9.76438e-05
9.76442e-05
9.76446e-05
9.7645e-05
9.76454e-05
9.76458e-05
9.76461e-05
9.76465e-05
9.76468e-05
9.76471e-05
9.76474e-05
9.76477e-05
9.7648e-05
9.76483e-05
9.76485e-05
9.76488e-05
9.7649e-05
9.76493e-05
9.76495e-05
9.76498e-05
9.765e-05
9.76502e-05
9.76504e-05
9.76506e-05
9.76508e-05
9.76509e-05
9.76511e-05
9.76513e-05
9.76514e-05
9.76515e-05
9.76516e-05
9.76518e-05
9.76513e-05
9.61262e-05
9.6124e-05
9.6124e-05
9.61245e-05
9.61251e-05
9.61257e-05
9.61262e-05
9.61268e-05
9.61273e-05
9.61279e-05
9.61284e-05
9.6129e-05
9.61295e-05
9.613e-05
9.61306e-05
9.61311e-05
9.61316e-05
9.61321e-05
9.61326e-05
9.61331e-05
9.61336e-05
9.6134e-05
9.61345e-05
9.6135e-05
9.61354e-05
9.61359e-05
9.61363e-05
9.61367e-05
9.61371e-05
9.61376e-05
9.61379e-05
9.61383e-05
9.61387e-05
9.61391e-05
9.61394e-05
9.61397e-05
9.614e-05
9.61404e-05
9.61407e-05
9.61409e-05
9.61412e-05
9.61415e-05
9.61418e-05
9.6142e-05
9.61423e-05
9.61425e-05
9.61428e-05
9.6143e-05
9.61432e-05
9.61434e-05
9.61436e-05
9.61438e-05
9.6144e-05
9.61442e-05
9.61443e-05
9.61445e-05
9.61446e-05
9.61448e-05
9.61443e-05
9.46844e-05
9.46821e-05
9.46821e-05
9.46826e-05
9.46832e-05
9.46838e-05
9.46844e-05
9.46849e-05
9.46855e-05
9.4686e-05
9.46865e-05
9.46871e-05
9.46876e-05
9.46882e-05
9.46887e-05
9.46892e-05
9.46898e-05
9.46903e-05
9.46908e-05
9.46913e-05
9.46918e-05
9.46922e-05
9.46927e-05
9.46932e-05
9.46937e-05
9.46941e-05
9.46946e-05
9.4695e-05
9.46954e-05
9.46959e-05
9.46963e-05
9.46967e-05
9.46971e-05
9.46974e-05
9.46978e-05
9.46981e-05
9.46985e-05
9.46988e-05
9.46991e-05
9.46994e-05
9.46997e-05
9.47e-05
9.47003e-05
9.47006e-05
9.47008e-05
9.47011e-05
9.47014e-05
9.47016e-05
9.47019e-05
9.47021e-05
9.47023e-05
9.47025e-05
9.47027e-05
9.47029e-05
9.47031e-05
9.47032e-05
9.47034e-05
9.47036e-05
9.4703e-05
9.33115e-05
9.33092e-05
9.33092e-05
9.33097e-05
9.33103e-05
9.33108e-05
9.33114e-05
9.3312e-05
9.33125e-05
9.33131e-05
9.33136e-05
9.33142e-05
9.33147e-05
9.33153e-05
9.33158e-05
9.33164e-05
9.33169e-05
9.33174e-05
9.33179e-05
9.33184e-05
9.33189e-05
9.33194e-05
9.33199e-05
9.33204e-05
9.33209e-05
9.33214e-05
9.33218e-05
9.33223e-05
9.33227e-05
9.33232e-05
9.33236e-05
9.3324e-05
9.33244e-05
9.33248e-05
9.33252e-05
9.33255e-05
9.33259e-05
9.33262e-05
9.33265e-05
9.33269e-05
9.33272e-05
9.33275e-05
9.33278e-05
9.33281e-05
9.33284e-05
9.33287e-05
9.33289e-05
9.33292e-05
9.33294e-05
9.33297e-05
9.33299e-05
9.33302e-05
9.33304e-05
9.33306e-05
9.33308e-05
9.3331e-05
9.33311e-05
9.33314e-05
9.33307e-05
9.20109e-05
9.20085e-05
9.20085e-05
9.2009e-05
9.20096e-05
9.20102e-05
9.20107e-05
9.20113e-05
9.20118e-05
9.20124e-05
9.20129e-05
9.20135e-05
9.20141e-05
9.20146e-05
9.20152e-05
9.20157e-05
9.20163e-05
9.20168e-05
9.20174e-05
9.20179e-05
9.20184e-05
9.20189e-05
9.20194e-05
9.20199e-05
9.20204e-05
9.20209e-05
9.20213e-05
9.20218e-05
9.20223e-05
9.20227e-05
9.20232e-05
9.20236e-05
9.2024e-05
9.20244e-05
9.20248e-05
9.20252e-05
9.20255e-05
9.20259e-05
9.20263e-05
9.20266e-05
9.20269e-05
9.20272e-05
9.20276e-05
9.20279e-05
9.20282e-05
9.20285e-05
9.20287e-05
9.2029e-05
9.20293e-05
9.20296e-05
9.20298e-05
9.20301e-05
9.20303e-05
9.20305e-05
9.20307e-05
9.20309e-05
9.20311e-05
9.20314e-05
9.20306e-05
9.07859e-05
9.07835e-05
9.07834e-05
9.07839e-05
9.07845e-05
9.07851e-05
9.07857e-05
9.07863e-05
9.07868e-05
9.07874e-05
9.07879e-05
9.07885e-05
9.07891e-05
9.07896e-05
9.07902e-05
9.07908e-05
9.07914e-05
9.07919e-05
9.07925e-05
9.0793e-05
9.07935e-05
9.07941e-05
9.07946e-05
9.07951e-05
9.07956e-05
9.07961e-05
9.07966e-05
9.0797e-05
9.07975e-05
9.0798e-05
9.07984e-05
9.07989e-05
9.07993e-05
9.07997e-05
9.08001e-05
9.08005e-05
9.08009e-05
9.08013e-05
9.08016e-05
9.0802e-05
9.08023e-05
9.08027e-05
9.0803e-05
9.08033e-05
9.08036e-05
9.08039e-05
9.08042e-05
9.08045e-05
9.08048e-05
9.08051e-05
9.08053e-05
9.08056e-05
9.08059e-05
9.08061e-05
9.08063e-05
9.08066e-05
9.08068e-05
9.0807e-05
9.08062e-05
8.96401e-05
8.96376e-05
8.96376e-05
8.9638e-05
8.96386e-05
8.96392e-05
8.96398e-05
8.96404e-05
8.9641e-05
8.96415e-05
8.96421e-05
8.96427e-05
8.96433e-05
8.96439e-05
8.96445e-05
8.96451e-05
8.96457e-05
8.96462e-05
8.96468e-05
8.96474e-05
8.96479e-05
8.96484e-05
8.9649e-05
8.96495e-05
8.965e-05
8.96505e-05
8.9651e-05
8.96515e-05
8.9652e-05
8.96525e-05
8.96529e-05
8.96534e-05
8.96538e-05
8.96542e-05
8.96547e-05
8.96551e-05
8.96555e-05
8.96558e-05
8.96562e-05
8.96566e-05
8.96569e-05
8.96573e-05
8.96576e-05
8.9658e-05
8.96583e-05
8.96586e-05
8.96589e-05
8.96592e-05
8.96595e-05
8.96598e-05
8.96601e-05
8.96604e-05
8.96606e-05
8.96609e-05
8.96611e-05
8.96614e-05
8.96616e-05
8.96619e-05
8.9661e-05
8.85772e-05
8.85746e-05
8.85746e-05
8.85751e-05
8.85757e-05
8.85763e-05
8.85769e-05
8.85775e-05
8.85781e-05
8.85787e-05
8.85793e-05
8.85799e-05
8.85805e-05
8.85811e-05
8.85817e-05
8.85823e-05
8.85829e-05
8.85835e-05
8.85841e-05
8.85847e-05
8.85853e-05
8.85858e-05
8.85864e-05
8.85869e-05
8.85874e-05
8.85879e-05
8.85884e-05
8.85889e-05
8.85894e-05
8.85899e-05
8.85904e-05
8.85908e-05
8.85913e-05
8.85917e-05
8.85922e-05
8.85926e-05
8.8593e-05
8.85934e-05
8.85938e-05
8.85941e-05
8.85945e-05
8.85949e-05
8.85952e-05
8.85955e-05
8.85959e-05
8.85962e-05
8.85965e-05
8.85968e-05
8.85971e-05
8.85974e-05
8.85977e-05
8.8598e-05
8.85983e-05
8.85986e-05
8.85988e-05
8.85991e-05
8.85993e-05
8.85996e-05
8.85986e-05
8.76011e-05
8.75985e-05
8.75985e-05
8.75989e-05
8.75995e-05
8.76002e-05
8.76008e-05
8.76014e-05
8.76021e-05
8.76027e-05
8.76033e-05
8.7604e-05
8.76046e-05
8.76052e-05
8.76059e-05
8.76065e-05
8.76071e-05
8.76077e-05
8.76083e-05
8.76089e-05
8.76095e-05
8.76101e-05
8.76106e-05
8.76112e-05
8.76117e-05
8.76123e-05
8.76128e-05
8.76133e-05
8.76138e-05
8.76143e-05
8.76147e-05
8.76152e-05
8.76157e-05
8.76161e-05
8.76165e-05
8.7617e-05
8.76174e-05
8.76178e-05
8.76182e-05
8.76185e-05
8.76189e-05
8.76193e-05
8.76196e-05
8.762e-05
8.76203e-05
8.76207e-05
8.7621e-05
8.76213e-05
8.76216e-05
8.76219e-05
8.76222e-05
8.76225e-05
8.76228e-05
8.76231e-05
8.76234e-05
8.76236e-05
8.76239e-05
8.76242e-05
8.76231e-05
8.6716e-05
8.67134e-05
8.67133e-05
8.67138e-05
8.67144e-05
8.67151e-05
8.67158e-05
8.67164e-05
8.67171e-05
8.67178e-05
8.67184e-05
8.67191e-05
8.67198e-05
8.67205e-05
8.67211e-05
8.67218e-05
8.67224e-05
8.67231e-05
8.67237e-05
8.67243e-05
8.67249e-05
8.67254e-05
8.6726e-05
8.67266e-05
8.67271e-05
8.67276e-05
8.67282e-05
8.67287e-05
8.67292e-05
8.67297e-05
8.67301e-05
8.67306e-05
8.67311e-05
8.67315e-05
8.6732e-05
8.67324e-05
8.67328e-05
8.67332e-05
8.67336e-05
8.6734e-05
8.67344e-05
8.67347e-05
8.67351e-05
8.67354e-05
8.67358e-05
8.67361e-05
8.67365e-05
8.67368e-05
8.67371e-05
8.67374e-05
8.67377e-05
8.6738e-05
8.67383e-05
8.67386e-05
8.67389e-05
8.67391e-05
8.67394e-05
8.67398e-05
8.67386e-05
8.59263e-05
8.59236e-05
8.59236e-05
8.59241e-05
8.59248e-05
8.59255e-05
8.59262e-05
8.5927e-05
8.59277e-05
8.59284e-05
8.59291e-05
8.59298e-05
8.59305e-05
8.59312e-05
8.59319e-05
8.59326e-05
8.59333e-05
8.59339e-05
8.59345e-05
8.59351e-05
8.59357e-05
8.59363e-05
8.59369e-05
8.59374e-05
8.5938e-05
8.59385e-05
8.5939e-05
8.59395e-05
8.594e-05
8.59405e-05
8.5941e-05
8.59415e-05
8.59419e-05
8.59424e-05
8.59428e-05
8.59433e-05
8.59437e-05
8.59441e-05
8.59445e-05
8.59449e-05
8.59452e-05
8.59456e-05
8.5946e-05
8.59463e-05
8.59467e-05
8.5947e-05
8.59473e-05
8.59477e-05
8.5948e-05
8.59483e-05
8.59486e-05
8.59489e-05
8.59492e-05
8.59495e-05
8.59498e-05
8.59501e-05
8.59503e-05
8.59507e-05
8.59494e-05
8.52367e-05
8.52341e-05
8.52341e-05
8.52347e-05
8.52354e-05
8.52362e-05
8.5237e-05
8.52378e-05
8.52386e-05
8.52394e-05
8.52401e-05
8.52409e-05
8.52416e-05
8.52423e-05
8.5243e-05
8.52437e-05
8.52444e-05
8.5245e-05
8.52457e-05
8.52463e-05
8.52469e-05
8.52474e-05
8.5248e-05
8.52486e-05
8.52491e-05
8.52496e-05
8.52501e-05
8.52506e-05
8.52511e-05
8.52516e-05
8.52521e-05
8.52525e-05
8.5253e-05
8.52534e-05
8.52539e-05
8.52543e-05
8.52547e-05
8.52551e-05
8.52555e-05
8.52559e-05
8.52563e-05
8.52566e-05
8.5257e-05
8.52574e-05
8.52577e-05
8.5258e-05
8.52584e-05
8.52587e-05
8.5259e-05
8.52593e-05
8.52597e-05
8.526e-05
8.52603e-05
8.52605e-05
8.52608e-05
8.52611e-05
8.52614e-05
8.52617e-05
8.52604e-05
8.46524e-05
8.46497e-05
8.46498e-05
8.46505e-05
8.46514e-05
8.46524e-05
8.46533e-05
8.46542e-05
8.4655e-05
8.46558e-05
8.46566e-05
8.46574e-05
8.46581e-05
8.46588e-05
8.46595e-05
8.46602e-05
8.46609e-05
8.46615e-05
8.46621e-05
8.46627e-05
8.46633e-05
8.46639e-05
8.46644e-05
8.4665e-05
8.46655e-05
8.4666e-05
8.46665e-05
8.4667e-05
8.46675e-05
8.4668e-05
8.46684e-05
8.46689e-05
8.46693e-05
8.46698e-05
8.46702e-05
8.46706e-05
8.4671e-05
8.46714e-05
8.46718e-05
8.46722e-05
8.46725e-05
8.46729e-05
8.46733e-05
8.46736e-05
8.46739e-05
8.46743e-05
8.46746e-05
8.46749e-05
8.46753e-05
8.46756e-05
8.46759e-05
8.46762e-05
8.46765e-05
8.46768e-05
8.4677e-05
8.46773e-05
8.46776e-05
8.4678e-05
8.46766e-05
8.41788e-05
8.41762e-05
8.41765e-05
8.41774e-05
8.41785e-05
8.41796e-05
8.41806e-05
8.41815e-05
8.41824e-05
8.41832e-05
8.4184e-05
8.41848e-05
8.41855e-05
8.41862e-05
8.41869e-05
8.41876e-05
8.41882e-05
8.41888e-05
8.41894e-05
8.419e-05
8.41906e-05
8.41911e-05
8.41916e-05
8.41922e-05
8.41927e-05
8.41932e-05
8.41936e-05
8.41941e-05
8.41946e-05
8.4195e-05
8.41955e-05
8.41959e-05
8.41964e-05
8.41968e-05
8.41972e-05
8.41976e-05
8.4198e-05
8.41984e-05
8.41987e-05
8.41991e-05
8.41995e-05
8.41998e-05
8.42002e-05
8.42005e-05
8.42008e-05
8.42012e-05
8.42015e-05
8.42018e-05
8.42021e-05
8.42024e-05
8.42027e-05
8.4203e-05
8.42033e-05
8.42036e-05
8.42039e-05
8.42042e-05
8.42044e-05
8.42048e-05
8.42033e-05
8.38218e-05
8.38195e-05
8.38202e-05
8.38215e-05
8.38227e-05
8.38239e-05
8.38249e-05
8.38259e-05
8.38268e-05
8.38276e-05
8.38283e-05
8.3829e-05
8.38297e-05
8.38304e-05
8.3831e-05
8.38317e-05
8.38323e-05
8.38328e-05
8.38334e-05
8.38339e-05
8.38345e-05
8.3835e-05
8.38355e-05
8.3836e-05
8.38365e-05
8.38369e-05
8.38374e-05
8.38378e-05
8.38383e-05
8.38387e-05
8.38391e-05
8.38396e-05
8.384e-05
8.38404e-05
8.38408e-05
8.38411e-05
8.38415e-05
8.38419e-05
8.38423e-05
8.38426e-05
8.3843e-05
8.38433e-05
8.38436e-05
8.3844e-05
8.38443e-05
8.38446e-05
8.38449e-05
8.38452e-05
8.38455e-05
8.38458e-05
8.38461e-05
8.38464e-05
8.38467e-05
8.3847e-05
8.38472e-05
8.38475e-05
8.38478e-05
8.38481e-05
8.38466e-05
8.35881e-05
8.35867e-05
8.35879e-05
8.35895e-05
8.35908e-05
8.35919e-05
8.35928e-05
8.35937e-05
8.35945e-05
8.35952e-05
8.35958e-05
8.35965e-05
8.35971e-05
8.35977e-05
8.35983e-05
8.35988e-05
8.35994e-05
8.35999e-05
8.36004e-05
8.36009e-05
8.36014e-05
8.36019e-05
8.36023e-05
8.36028e-05
8.36032e-05
8.36037e-05
8.36041e-05
8.36045e-05
8.36049e-05
8.36053e-05
8.36057e-05
8.36061e-05
8.36065e-05
8.36069e-05
8.36073e-05
8.36076e-05
8.3608e-05
8.36083e-05
8.36087e-05
8.3609e-05
8.36093e-05
8.36097e-05
8.361e-05
8.36103e-05
8.36106e-05
8.36109e-05
8.36112e-05
8.36115e-05
8.36118e-05
8.36121e-05
8.36124e-05
8.36126e-05
8.36129e-05
8.36132e-05
8.36135e-05
8.36137e-05
8.3614e-05
8.36143e-05
8.36128e-05
8.34854e-05
8.34857e-05
8.34874e-05
8.34886e-05
8.34896e-05
8.34904e-05
8.34911e-05
8.34917e-05
8.34923e-05
8.34929e-05
8.34934e-05
8.3494e-05
8.34945e-05
8.3495e-05
8.34955e-05
8.3496e-05
8.34964e-05
8.34969e-05
8.34974e-05
8.34978e-05
8.34982e-05
8.34987e-05
8.34991e-05
8.34995e-05
8.34999e-05
8.35003e-05
8.35007e-05
8.35011e-05
8.35014e-05
8.35018e-05
8.35022e-05
8.35025e-05
8.35029e-05
8.35032e-05
8.35036e-05
8.35039e-05
8.35043e-05
8.35046e-05
8.35049e-05
8.35052e-05
8.35055e-05
8.35058e-05
8.35061e-05
8.35064e-05
8.35067e-05
8.3507e-05
8.35073e-05
8.35076e-05
8.35078e-05
8.35081e-05
8.35084e-05
8.35086e-05
8.35089e-05
8.35092e-05
8.35094e-05
8.35097e-05
8.35099e-05
8.35102e-05
8.3509e-05
)
;

boundaryField
{
    bottomWall
    {
        type            fixedValue;
        value           nonuniform 0();
    }
    topWall
    {
        type            fixedValue;
        value           nonuniform 0();
    }
    sides1_half0
    {
        type            cyclic;
    }
    sides1_half1
    {
        type            cyclic;
    }
    sides2_half0
    {
        type            cyclic;
    }
    sides2_half1
    {
        type            cyclic;
    }
    inout1_half0
    {
        type            cyclic;
    }
    inout1_half1
    {
        type            cyclic;
    }
    inout2_half0
    {
        type            cyclic;
    }
    inout2_half1
    {
        type            cyclic;
    }
    procBoundary4to2
    {
        type            processor;
        value           nonuniform List<scalar> 
59
(
8.35437e-05
8.3541e-05
8.35401e-05
8.354e-05
8.35403e-05
8.35406e-05
8.3541e-05
8.35413e-05
8.35417e-05
8.35421e-05
8.35425e-05
8.35429e-05
8.35433e-05
8.35437e-05
8.35441e-05
8.35445e-05
8.35449e-05
8.35453e-05
8.35457e-05
8.35461e-05
8.35465e-05
8.35468e-05
8.35472e-05
8.35476e-05
8.35479e-05
8.35483e-05
8.35486e-05
8.3549e-05
8.35493e-05
8.35496e-05
8.355e-05
8.35503e-05
8.35506e-05
8.3551e-05
8.35513e-05
8.35516e-05
8.35519e-05
8.35522e-05
8.35525e-05
8.35528e-05
8.3553e-05
8.35533e-05
8.35536e-05
8.35539e-05
8.35541e-05
8.35544e-05
8.35547e-05
8.35549e-05
8.35552e-05
8.35554e-05
8.35557e-05
8.35559e-05
8.35562e-05
8.35564e-05
8.35566e-05
8.35569e-05
8.35571e-05
8.35574e-05
8.35573e-05
)
;
    }
    procBoundary4to3
    {
        type            processor;
        value           nonuniform List<scalar> 
63
(
0.000184261
0.00018426
0.00018426
0.00018426
0.000184259
0.000184259
0.000184259
0.000184259
0.000184259
0.000184259
0.000184259
0.000184259
0.000184259
0.000184259
0.000184259
0.000184259
0.000184259
0.000184258
0.000184258
0.000184258
0.000184258
0.000184258
0.000184258
0.000184258
0.000184258
0.000184257
0.000184257
0.000184257
0.000184257
0.000184257
0.000184256
0.000184256
0.000184256
0.000184255
0.000184255
0.000184255
0.000184255
0.000184254
0.000183857
0.000183857
0.000183857
0.000183851
0.000183851
0.000183851
0.000183353
0.000183353
0.000183353
0.000183348
0.000183348
0.000183347
0.000183347
0.000183347
0.000183346
0.000183346
0.000183346
0.000183345
0.000183345
0.000183345
0.000183345
0.000183345
0.000183344
0.000183344
0.000183344
)
;
    }
    procBoundary4to5
    {
        type            processor;
        value           nonuniform List<scalar> 
132
(
0.000182755
0.000182744
0.000182069
0.000182056
0.000181294
0.000181281
0.000180435
0.000180422
0.000179496
0.000179482
0.000178478
0.000178464
0.000177384
0.000177371
0.000176217
0.000176204
0.000174979
0.000174966
0.000173672
0.000173659
0.000172299
0.000172285
0.00017086
0.000170847
0.000169359
0.000169346
0.000167797
0.000167784
0.000166177
0.000166164
0.0001645
0.000164488
0.000162771
0.000162759
0.00016099
0.000160978
0.000159161
0.000159149
0.000157287
0.000157275
0.00015537
0.000155359
0.000153414
0.000153403
0.000151422
0.000151412
0.000149398
0.000149387
0.000147344
0.000147334
0.000145265
0.000145255
0.000143165
0.000143155
0.000141047
0.000141037
0.000138914
0.000138905
0.000136772
0.000136763
0.000134624
0.000134615
0.000132474
0.000132465
0.000130326
0.000130317
0.000128183
0.000128175
0.000126051
0.000126042
0.000123931
0.000123923
0.00012183
0.000121821
0.000119749
0.000119741
0.000117692
0.000117684
0.000115664
0.000115656
0.000113668
0.00011366
0.000111706
0.000111698
0.000109782
0.000109774
0.0001079
0.000107892
0.000106062
0.000106054
0.000104272
0.000104264
0.000102532
0.000102524
0.000100846
0.000100838
9.92163e-05
9.92086e-05
9.76463e-05
9.76386e-05
9.6139e-05
9.61313e-05
9.46975e-05
9.46897e-05
9.33249e-05
9.33172e-05
9.20246e-05
9.20168e-05
9.07999e-05
9.07921e-05
8.96543e-05
8.96466e-05
8.85917e-05
8.8584e-05
8.76159e-05
8.76082e-05
8.6731e-05
8.67234e-05
8.59416e-05
8.59341e-05
8.52523e-05
8.52448e-05
8.46681e-05
8.46607e-05
8.41947e-05
8.41873e-05
8.38377e-05
8.38306e-05
8.36037e-05
8.35971e-05
8.34998e-05
8.34945e-05
)
;
    }
}


// ************************************************************************* //
