/*--------------------------------*- C++ -*----------------------------------*\
  =========                 |
  \\      /  F ield         | OpenFOAM: The Open Source CFD Toolbox
   \\    /   O peration     | Website:  https://openfoam.org
    \\  /    A nd           | Version:  7
     \\/     M anipulation  |
\*---------------------------------------------------------------------------*/
FoamFile
{
    version     2.0;
    format      ascii;
    class       volScalarField;
    location    "3500";
    object      nut;
}
// * * * * * * * * * * * * * * * * * * * * * * * * * * * * * * * * * * * * * //

dimensions      [0 2 -1 0 0 0 0];

internalField   nonuniform List<scalar> 
3974
(
0.000271546
0.000271542
0.00027154
0.000271538
0.000271536
0.000271534
0.000271532
0.00027153
0.000271529
0.000271527
0.000271526
0.000271524
0.000271523
0.000271522
0.000271521
0.000271519
0.000271518
0.000271517
0.000271516
0.000271515
0.000271514
0.000271513
0.000271512
0.000271511
0.000271511
0.00027151
0.000271509
0.000271508
0.000271507
0.000271506
0.000271506
0.000271505
0.000271504
0.000271503
0.000271503
0.000271502
0.000271501
0.0002715
0.000286058
0.000286057
0.000286071
0.000286074
0.000286075
0.000286074
0.000286073
0.000286072
0.000286071
0.00028607
0.000286068
0.000286067
0.000286066
0.000286065
0.000286064
0.000286062
0.000286061
0.00028606
0.000286059
0.000286058
0.000286057
0.000286056
0.000286055
0.000286054
0.000286053
0.000286052
0.000286051
0.00028605
0.000286049
0.000286048
0.000286047
0.000286046
0.000286045
0.000286045
0.000286044
0.000286043
0.000286042
0.000286041
0.00028604
0.000286041
0.000286013
0.000286007
0.000300973
0.000300975
0.00030099
0.000300995
0.000301004
0.00030101
0.000301013
0.000301014
0.000301014
0.000301014
0.000301013
0.000301013
0.000301012
0.000301011
0.00030101
0.000301009
0.000301008
0.000301007
0.000301006
0.000301005
0.000301004
0.000301003
0.000301002
0.000301
0.000300999
0.000300998
0.000300997
0.000300996
0.000300995
0.000300994
0.000300993
0.000300992
0.000300991
0.00030099
0.000300989
0.000300988
0.000300987
0.000300986
0.000300985
0.000300984
0.000300983
0.000300984
0.000300969
0.000300961
0.000300933
0.000300927
0.000300929
0.000300932
0.000300934
0.000300936
0.000300938
0.00030094
0.000300942
0.000300943
0.000300945
0.000300946
0.000300947
0.000300948
0.000300951
0.000316342
0.000316343
0.000316353
0.00031636
0.000316368
0.000316374
0.000316378
0.000316381
0.000316382
0.000316382
0.000316383
0.000316382
0.000316382
0.000316382
0.000316381
0.00031638
0.000316379
0.000316378
0.000316377
0.000316376
0.000316375
0.000316374
0.000316373
0.000316372
0.000316371
0.00031637
0.000316368
0.000316367
0.000316366
0.000316365
0.000316364
0.000316363
0.000316362
0.00031636
0.000316359
0.000316358
0.000316357
0.000316356
0.000316355
0.000316353
0.000316352
0.000316352
0.000316344
0.000316337
0.00031632
0.000316309
0.000316306
0.000316306
0.000316307
0.000316308
0.000316309
0.00031631
0.000316311
0.000316312
0.000316313
0.000316314
0.000316315
0.000316315
0.000316318
0.000332164
0.000332164
0.000332171
0.000332178
0.000332185
0.000332191
0.000332196
0.000332199
0.000332201
0.000332202
0.000332203
0.000332204
0.000332204
0.000332204
0.000332203
0.000332203
0.000332202
0.000332201
0.0003322
0.000332199
0.000332198
0.000332197
0.000332196
0.000332195
0.000332193
0.000332192
0.000332191
0.00033219
0.000332188
0.000332187
0.000332186
0.000332185
0.000332183
0.000332182
0.000332181
0.000332179
0.000332178
0.000332177
0.000332175
0.000332174
0.000332172
0.000332172
0.000332167
0.000332162
0.000332151
0.00033214
0.000332134
0.000332132
0.000332131
0.00033213
0.00033213
0.000332131
0.000332131
0.000332132
0.000332132
0.000332133
0.000332133
0.000332133
0.000332136
0.000348465
0.000348465
0.00034847
0.000348476
0.000348482
0.000348487
0.000348492
0.000348495
0.000348498
0.0003485
0.000348501
0.000348502
0.000348503
0.000348503
0.000348503
0.000348503
0.000348502
0.000348501
0.000348501
0.0003485
0.000348498
0.000348497
0.000348496
0.000348495
0.000348494
0.000348492
0.000348491
0.000348489
0.000348488
0.000348487
0.000348485
0.000348484
0.000348482
0.000348481
0.000348479
0.000348478
0.000348476
0.000348475
0.000348473
0.000348471
0.00034847
0.000348469
0.000348466
0.000348462
0.000348454
0.000348445
0.000348439
0.000348434
0.000348432
0.00034843
0.000348429
0.000348428
0.000348428
0.000348428
0.000348428
0.000348428
0.000348428
0.000348428
0.00034843
0.000365273
0.000365273
0.000365276
0.000365281
0.000365286
0.000365291
0.000365295
0.000365299
0.000365302
0.000365304
0.000365306
0.000365307
0.000365308
0.000365308
0.000365309
0.000365308
0.000365308
0.000365307
0.000365306
0.000365305
0.000365304
0.000365303
0.000365302
0.000365301
0.000365299
0.000365298
0.000365296
0.000365295
0.000365293
0.000365291
0.00036529
0.000365288
0.000365287
0.000365285
0.000365283
0.000365281
0.00036528
0.000365278
0.000365276
0.000365274
0.000365272
0.000365271
0.000365268
0.000365265
0.00036526
0.000365253
0.000365246
0.000365241
0.000365237
0.000365234
0.000365232
0.000365231
0.00036523
0.000365229
0.000365228
0.000365228
0.000365227
0.000365227
0.000365227
0.000382615
0.000382616
0.000382619
0.000382623
0.000382627
0.000382631
0.000382635
0.000382638
0.000382641
0.000382644
0.000382646
0.000382647
0.000382648
0.000382649
0.000382649
0.000382649
0.000382649
0.000382648
0.000382648
0.000382647
0.000382645
0.000382644
0.000382643
0.000382641
0.00038264
0.000382638
0.000382637
0.000382635
0.000382633
0.000382631
0.000382629
0.000382628
0.000382626
0.000382624
0.000382622
0.00038262
0.000382618
0.000382616
0.000382613
0.000382611
0.000382609
0.000382607
0.000382605
0.000382602
0.000382598
0.000382592
0.000382586
0.000382581
0.000382576
0.000382573
0.00038257
0.000382568
0.000382566
0.000382564
0.000382563
0.000382562
0.000382561
0.00038256
0.000382559
0.000400524
0.000400527
0.00040053
0.000400533
0.000400536
0.00040054
0.000400543
0.000400546
0.000400548
0.000400551
0.000400553
0.000400555
0.000400556
0.000400557
0.000400557
0.000400557
0.000400557
0.000400556
0.000400555
0.000400554
0.000400553
0.000400552
0.00040055
0.000400549
0.000400547
0.000400545
0.000400543
0.000400541
0.000400539
0.000400537
0.000400535
0.000400533
0.000400531
0.000400529
0.000400526
0.000400524
0.000400522
0.000400519
0.000400517
0.000400515
0.000400512
0.00040051
0.000400507
0.000400504
0.000400501
0.000400496
0.000400491
0.000400485
0.000400481
0.000400476
0.000400473
0.00040047
0.000400467
0.000400465
0.000400463
0.000400461
0.000400459
0.000400458
0.000400456
0.000419034
0.000419038
0.000419041
0.000419044
0.000419046
0.000419049
0.000419052
0.000419054
0.000419056
0.000419059
0.000419061
0.000419062
0.000419064
0.000419064
0.000419065
0.000419065
0.000419065
0.000419064
0.000419063
0.000419062
0.00041906
0.000419059
0.000419057
0.000419056
0.000419054
0.000419052
0.000419049
0.000419047
0.000419045
0.000419043
0.00041904
0.000419038
0.000419035
0.000419033
0.00041903
0.000419028
0.000419025
0.000419022
0.000419019
0.000419017
0.000419014
0.000419011
0.000419008
0.000419005
0.000419002
0.000418997
0.000418993
0.000418987
0.000418983
0.000418978
0.000418974
0.00041897
0.000418967
0.000418964
0.000418961
0.000418958
0.000418956
0.000418954
0.00041895
0.000438178
0.000438184
0.000438187
0.00043819
0.000438192
0.000438194
0.000438196
0.000438198
0.0004382
0.000438202
0.000438204
0.000438205
0.000438206
0.000438207
0.000438208
0.000438207
0.000438207
0.000438206
0.000438205
0.000438204
0.000438202
0.000438201
0.000438199
0.000438197
0.000438195
0.000438192
0.00043819
0.000438188
0.000438185
0.000438182
0.000438179
0.000438177
0.000438174
0.000438171
0.000438168
0.000438165
0.000438162
0.000438159
0.000438156
0.000438153
0.000438149
0.000438146
0.000438143
0.00043814
0.000438136
0.000438132
0.000438127
0.000438122
0.000438117
0.000438112
0.000438108
0.000438103
0.000438099
0.000438096
0.000438092
0.000438089
0.000438086
0.000438084
0.000438077
0.000457993
0.000458002
0.000458006
0.000458008
0.00045801
0.000458012
0.000458013
0.000458015
0.000458016
0.000458018
0.000458019
0.00045802
0.000458021
0.000458022
0.000458022
0.000458022
0.000458021
0.00045802
0.000458019
0.000458017
0.000458016
0.000458014
0.000458012
0.000458009
0.000458007
0.000458004
0.000458002
0.000457999
0.000457996
0.000457993
0.00045799
0.000457986
0.000457983
0.00045798
0.000457977
0.000457973
0.00045797
0.000457966
0.000457963
0.000457959
0.000457955
0.000457952
0.000457948
0.000457944
0.00045794
0.000457936
0.000457931
0.000457926
0.000457921
0.000457916
0.000457911
0.000457906
0.000457901
0.000457897
0.000457893
0.000457889
0.000457885
0.000457883
0.000457874
0.000478518
0.00047853
0.000478535
0.000478537
0.000478539
0.00047854
0.000478541
0.000478542
0.000478543
0.000478544
0.000478545
0.000478546
0.000478546
0.000478547
0.000478547
0.000478546
0.000478545
0.000478544
0.000478543
0.000478541
0.000478539
0.000478536
0.000478534
0.000478531
0.000478529
0.000478526
0.000478522
0.000478519
0.000478516
0.000478512
0.000478509
0.000478505
0.000478501
0.000478498
0.000478494
0.00047849
0.000478486
0.000478482
0.000478478
0.000478474
0.00047847
0.000478466
0.000478461
0.000478457
0.000478453
0.000478448
0.000478443
0.000478438
0.000478432
0.000478427
0.000478421
0.000478416
0.000478411
0.000478406
0.000478401
0.000478397
0.000478392
0.000478389
0.000478377
0.000499794
0.000499809
0.000499814
0.000499816
0.000499818
0.000499819
0.000499819
0.000499819
0.00049982
0.00049982
0.000499821
0.000499822
0.000499822
0.000499822
0.000499821
0.000499821
0.000499819
0.000499818
0.000499816
0.000499814
0.000499811
0.000499809
0.000499806
0.000499803
0.0004998
0.000499796
0.000499793
0.000499789
0.000499785
0.000499781
0.000499777
0.000499773
0.000499769
0.000499765
0.00049976
0.000499756
0.000499751
0.000499747
0.000499742
0.000499738
0.000499733
0.000499728
0.000499723
0.000499718
0.000499713
0.000499708
0.000499703
0.000499697
0.000499692
0.000499686
0.00049968
0.000499674
0.000499668
0.000499663
0.000499657
0.000499652
0.000499646
0.000499643
0.000499629
0.000521861
0.00052188
0.000521886
0.000521888
0.000521889
0.00052189
0.00052189
0.00052189
0.00052189
0.00052189
0.00052189
0.00052189
0.00052189
0.000521889
0.000521888
0.000521887
0.000521885
0.000521883
0.000521881
0.000521879
0.000521876
0.000521873
0.000521869
0.000521866
0.000521862
0.000521858
0.000521854
0.00052185
0.000521846
0.000521841
0.000521837
0.000521832
0.000521827
0.000521822
0.000521817
0.000521812
0.000521807
0.000521802
0.000521797
0.000521792
0.000521786
0.000521781
0.000521775
0.00052177
0.000521764
0.000521759
0.000521753
0.000521747
0.00052174
0.000521734
0.000521728
0.000521721
0.000521715
0.000521708
0.000521702
0.000521696
0.00052169
0.000521686
0.000521669
0.000544763
0.000544786
0.000544793
0.000544795
0.000544796
0.000544796
0.000544796
0.000544795
0.000544795
0.000544794
0.000544794
0.000544794
0.000544793
0.000544792
0.00054479
0.000544789
0.000544787
0.000544784
0.000544781
0.000544778
0.000544775
0.000544771
0.000544768
0.000544764
0.000544759
0.000544755
0.00054475
0.000544745
0.00054474
0.000544735
0.00054473
0.000544725
0.000544719
0.000544714
0.000544708
0.000544703
0.000544697
0.000544691
0.000544685
0.000544679
0.000544673
0.000544667
0.000544661
0.000544655
0.000544648
0.000544642
0.000544635
0.000544629
0.000544622
0.000544615
0.000544608
0.000544601
0.000544594
0.000544587
0.00054458
0.000544573
0.000544566
0.000544562
0.000544541
0.000568546
0.000568573
0.000568581
0.000568583
0.000568584
0.000568584
0.000568583
0.000568582
0.000568581
0.00056858
0.000568579
0.000568578
0.000568576
0.000568575
0.000568573
0.000568571
0.000568568
0.000568565
0.000568562
0.000568558
0.000568554
0.00056855
0.000568545
0.000568541
0.000568536
0.000568531
0.000568526
0.00056852
0.000568514
0.000568509
0.000568503
0.000568497
0.00056849
0.000568484
0.000568478
0.000568471
0.000568465
0.000568458
0.000568452
0.000568445
0.000568438
0.000568432
0.000568425
0.000568418
0.000568411
0.000568403
0.000568396
0.000568389
0.000568381
0.000568374
0.000568366
0.000568358
0.00056835
0.000568342
0.000568335
0.000568327
0.000568319
0.000568315
0.00056829
0.000593254
0.000593287
0.000593296
0.000593298
0.000593298
0.000593298
0.000593297
0.000593295
0.000593293
0.000593292
0.00059329
0.000593289
0.000593287
0.000593285
0.000593282
0.000593279
0.000593276
0.000593272
0.000593268
0.000593264
0.000593259
0.000593254
0.000593249
0.000593244
0.000593238
0.000593232
0.000593226
0.00059322
0.000593214
0.000593207
0.0005932
0.000593193
0.000593187
0.00059318
0.000593172
0.000593165
0.000593158
0.000593151
0.000593143
0.000593136
0.000593128
0.00059312
0.000593113
0.000593105
0.000593097
0.000593089
0.000593081
0.000593072
0.000593064
0.000593056
0.000593047
0.000593038
0.00059303
0.000593021
0.000593012
0.000593004
0.000592995
0.00059299
0.000592961
0.000618937
0.000618975
0.000618985
0.000618987
0.000618987
0.000618986
0.000618985
0.000618982
0.00061898
0.000618978
0.000618976
0.000618974
0.000618971
0.000618968
0.000618965
0.000618961
0.000618957
0.000618953
0.000618948
0.000618943
0.000618937
0.000618932
0.000618926
0.00061892
0.000618913
0.000618907
0.0006189
0.000618893
0.000618886
0.000618878
0.000618871
0.000618863
0.000618855
0.000618847
0.000618839
0.000618831
0.000618823
0.000618815
0.000618806
0.000618798
0.000618789
0.000618781
0.000618772
0.000618763
0.000618754
0.000618745
0.000618736
0.000618727
0.000618718
0.000618709
0.000618699
0.00061869
0.00061868
0.000618671
0.000618661
0.000618652
0.000618641
0.000618636
0.000618603
0.000645642
0.000645687
0.000645697
0.000645699
0.000645699
0.000645698
0.000645695
0.000645693
0.00064569
0.000645687
0.000645684
0.000645681
0.000645678
0.000645674
0.00064567
0.000645666
0.000645661
0.000645655
0.00064565
0.000645644
0.000645638
0.000645631
0.000645624
0.000645618
0.00064561
0.000645603
0.000645595
0.000645587
0.000645579
0.000645571
0.000645562
0.000645553
0.000645544
0.000645536
0.000645527
0.000645518
0.000645508
0.000645499
0.00064549
0.00064548
0.000645471
0.000645461
0.000645452
0.000645442
0.000645432
0.000645422
0.000645412
0.000645402
0.000645391
0.000645381
0.000645371
0.00064536
0.000645349
0.000645339
0.000645328
0.000645318
0.000645306
0.000645301
0.000645263
0.000673419
0.00067347
0.000673482
0.000673484
0.000673484
0.000673481
0.000673479
0.000673475
0.000673472
0.000673468
0.000673465
0.000673461
0.000673457
0.000673452
0.000673447
0.000673442
0.000673436
0.00067343
0.000673423
0.000673416
0.000673409
0.000673402
0.000673394
0.000673386
0.000673378
0.000673369
0.000673361
0.000673352
0.000673343
0.000673333
0.000673324
0.000673314
0.000673304
0.000673294
0.000673284
0.000673274
0.000673264
0.000673253
0.000673243
0.000673232
0.000673222
0.000673211
0.0006732
0.000673189
0.000673178
0.000673167
0.000673156
0.000673145
0.000673133
0.000673122
0.00067311
0.000673099
0.000673087
0.000673075
0.000673063
0.000673052
0.000673039
0.000673033
0.000672991
0.000702317
0.000702376
0.000702389
0.000702391
0.00070239
0.000702387
0.000702384
0.00070238
0.000702376
0.000702371
0.000702367
0.000702362
0.000702357
0.000702352
0.000702346
0.000702339
0.000702332
0.000702325
0.000702318
0.00070231
0.000702301
0.000702293
0.000702284
0.000702275
0.000702266
0.000702257
0.000702247
0.000702237
0.000702226
0.000702216
0.000702205
0.000702194
0.000702183
0.000702172
0.000702161
0.000702149
0.000702138
0.000702127
0.000702115
0.000702103
0.000702092
0.00070208
0.000702068
0.000702056
0.000702043
0.000702031
0.000702019
0.000702006
0.000701994
0.000701981
0.000701968
0.000701955
0.000701942
0.000701929
0.000701916
0.000701904
0.00070189
0.000701883
0.000701836
0.000732388
0.000732455
0.000732469
0.000732471
0.000732469
0.000732466
0.000732462
0.000732457
0.000732452
0.000732446
0.000732441
0.000732435
0.000732429
0.000732423
0.000732416
0.000732408
0.0007324
0.000732392
0.000732383
0.000732374
0.000732365
0.000732355
0.000732345
0.000732335
0.000732325
0.000732314
0.000732303
0.000732292
0.00073228
0.000732269
0.000732257
0.000732244
0.000732232
0.00073222
0.000732207
0.000732195
0.000732182
0.000732169
0.000732156
0.000732143
0.00073213
0.000732117
0.000732104
0.000732091
0.000732077
0.000732064
0.00073205
0.000732036
0.000732022
0.000732008
0.000731994
0.00073198
0.000731966
0.000731951
0.000731937
0.000731923
0.000731907
0.0007319
0.000731848
0.00076368
0.000763755
0.000763771
0.000763773
0.000763771
0.000763766
0.000763761
0.000763756
0.00076375
0.000763743
0.000763737
0.00076373
0.000763723
0.000763716
0.000763707
0.000763699
0.00076369
0.00076368
0.00076367
0.00076366
0.000763649
0.000763638
0.000763627
0.000763616
0.000763604
0.000763592
0.00076358
0.000763567
0.000763554
0.000763541
0.000763528
0.000763514
0.000763501
0.000763487
0.000763473
0.000763459
0.000763445
0.000763431
0.000763417
0.000763402
0.000763388
0.000763374
0.000763359
0.000763344
0.000763329
0.000763314
0.000763299
0.000763284
0.000763269
0.000763253
0.000763238
0.000763222
0.000763207
0.000763191
0.000763175
0.00076316
0.000763142
0.000763134
0.000763076
0.000796243
0.000796328
0.000796346
0.000796347
0.000796344
0.000796339
0.000796333
0.000796326
0.000796319
0.000796312
0.000796304
0.000796297
0.000796288
0.000796279
0.00079627
0.00079626
0.000796249
0.000796239
0.000796227
0.000796216
0.000796204
0.000796191
0.000796179
0.000796166
0.000796153
0.00079614
0.000796126
0.000796112
0.000796098
0.000796083
0.000796068
0.000796053
0.000796038
0.000796023
0.000796008
0.000795992
0.000795977
0.000795961
0.000795945
0.00079593
0.000795914
0.000795898
0.000795882
0.000795865
0.000795849
0.000795833
0.000795816
0.000795799
0.000795782
0.000795766
0.000795749
0.000795731
0.000795714
0.000795697
0.00079568
0.000795663
0.000795644
0.000795635
0.000795571
0.000830126
0.000830222
0.00083024
0.000830241
0.000830237
0.000830232
0.000830224
0.000830217
0.000830209
0.0008302
0.000830192
0.000830182
0.000830173
0.000830163
0.000830152
0.00083014
0.000830128
0.000830116
0.000830103
0.00083009
0.000830077
0.000830063
0.000830049
0.000830035
0.00083002
0.000830005
0.00082999
0.000829975
0.000829959
0.000829943
0.000829926
0.00082991
0.000829893
0.000829876
0.000829859
0.000829842
0.000829825
0.000829808
0.000829791
0.000829773
0.000829756
0.000829738
0.00082972
0.000829703
0.000829685
0.000829667
0.000829648
0.00082963
0.000829612
0.000829593
0.000829574
0.000829556
0.000829537
0.000829518
0.000829499
0.00082948
0.00082946
0.00082945
0.000829381
0.000865376
0.000865482
0.000865503
0.000865503
0.000865498
0.000865491
0.000865483
0.000865474
0.000865465
0.000865455
0.000865445
0.000865435
0.000865424
0.000865412
0.0008654
0.000865387
0.000865373
0.000865359
0.000865345
0.00086533
0.000865315
0.0008653
0.000865284
0.000865268
0.000865252
0.000865236
0.000865219
0.000865202
0.000865184
0.000865166
0.000865148
0.00086513
0.000865112
0.000865093
0.000865075
0.000865056
0.000865037
0.000865018
0.000864999
0.00086498
0.000864961
0.000864941
0.000864922
0.000864902
0.000864883
0.000864863
0.000864843
0.000864823
0.000864803
0.000864783
0.000864762
0.000864742
0.000864721
0.000864701
0.00086468
0.000864659
0.000864637
0.000864626
0.000864551
0.000902036
0.000902154
0.000902177
0.000902176
0.000902171
0.000902162
0.000902153
0.000902143
0.000902132
0.000902121
0.00090211
0.000902098
0.000902085
0.000902072
0.000902058
0.000902043
0.000902028
0.000902013
0.000901997
0.00090198
0.000901963
0.000901946
0.000901929
0.000901911
0.000901893
0.000901875
0.000901856
0.000901838
0.000901818
0.000901799
0.000901779
0.000901759
0.000901739
0.000901718
0.000901698
0.000901677
0.000901657
0.000901636
0.000901615
0.000901594
0.000901573
0.000901552
0.000901531
0.000901509
0.000901488
0.000901466
0.000901444
0.000901423
0.000901401
0.000901379
0.000901356
0.000901334
0.000901312
0.000901289
0.000901267
0.000901244
0.00090122
0.000901208
0.000901127
0.00094015
0.00094028
0.000940304
0.000940304
0.000940297
0.000940287
0.000940276
0.000940265
0.000940252
0.00094024
0.000940227
0.000940213
0.000940199
0.000940184
0.000940168
0.000940152
0.000940135
0.000940118
0.0009401
0.000940082
0.000940063
0.000940044
0.000940025
0.000940005
0.000939985
0.000939965
0.000939945
0.000939924
0.000939903
0.000939882
0.00093986
0.000939838
0.000939816
0.000939793
0.000939771
0.000939748
0.000939726
0.000939703
0.00093968
0.000939657
0.000939635
0.000939611
0.000939588
0.000939565
0.000939542
0.000939518
0.000939494
0.000939471
0.000939447
0.000939423
0.000939399
0.000939374
0.00093935
0.000939326
0.000939301
0.000939277
0.000939251
0.000939237
0.00093915
0.000979754
0.000979898
0.000979924
0.000979923
0.000979914
0.000979903
0.000979891
0.000979878
0.000979864
0.00097985
0.000979835
0.00097982
0.000979804
0.000979787
0.00097977
0.000979751
0.000979732
0.000979713
0.000979693
0.000979673
0.000979652
0.000979631
0.00097961
0.000979589
0.000979567
0.000979545
0.000979522
0.000979499
0.000979476
0.000979453
0.000979429
0.000979405
0.000979381
0.000979356
0.000979332
0.000979307
0.000979283
0.000979258
0.000979233
0.000979208
0.000979183
0.000979158
0.000979133
0.000979108
0.000979082
0.000979057
0.000979031
0.000979005
0.000978979
0.000978953
0.000978927
0.000978901
0.000978874
0.000978848
0.000978821
0.000978795
0.000978767
0.000978751
0.000978659
0.00102088
0.00102104
0.00102107
0.00102107
0.00102106
0.00102105
0.00102103
0.00102102
0.001021
0.00102098
0.00102097
0.00102095
0.00102093
0.00102091
0.00102089
0.00102087
0.00102085
0.00102083
0.00102081
0.00102079
0.00102077
0.00102074
0.00102072
0.00102069
0.00102067
0.00102065
0.00102062
0.0010206
0.00102057
0.00102055
0.00102052
0.00102049
0.00102047
0.00102044
0.00102041
0.00102039
0.00102036
0.00102033
0.00102031
0.00102028
0.00102025
0.00102023
0.0010202
0.00102017
0.00102014
0.00102012
0.00102009
0.00102006
0.00102003
0.00102
0.00101998
0.00101995
0.00101992
0.00101989
0.00101986
0.00101983
0.0010198
0.00101978
0.00101969
0.00106357
0.00106374
0.00106377
0.00106377
0.00106376
0.00106374
0.00106373
0.00106371
0.00106369
0.00106367
0.00106366
0.00106364
0.00106362
0.00106359
0.00106357
0.00106355
0.00106353
0.0010635
0.00106348
0.00106345
0.00106343
0.0010634
0.00106338
0.00106335
0.00106333
0.0010633
0.00106327
0.00106325
0.00106322
0.00106319
0.00106316
0.00106313
0.00106311
0.00106308
0.00106305
0.00106302
0.00106299
0.00106296
0.00106293
0.0010629
0.00106287
0.00106284
0.00106281
0.00106278
0.00106275
0.00106272
0.00106269
0.00106266
0.00106263
0.0010626
0.00106257
0.00106254
0.00106251
0.00106248
0.00106245
0.00106242
0.00106239
0.00106237
0.00106226
0.00110783
0.00110802
0.00110805
0.00110804
0.00110803
0.00110801
0.001108
0.00110798
0.00110796
0.00110794
0.00110792
0.0011079
0.00110787
0.00110785
0.00110783
0.0011078
0.00110778
0.00110775
0.00110772
0.0011077
0.00110767
0.00110764
0.00110761
0.00110759
0.00110756
0.00110753
0.0011075
0.00110747
0.00110744
0.00110741
0.00110738
0.00110735
0.00110732
0.00110729
0.00110725
0.00110722
0.00110719
0.00110716
0.00110713
0.0011071
0.00110706
0.00110703
0.001107
0.00110697
0.00110694
0.0011069
0.00110687
0.00110684
0.00110681
0.00110677
0.00110674
0.00110671
0.00110667
0.00110664
0.00110661
0.00110658
0.00110654
0.00110652
0.00110641
0.00115368
0.00115388
0.00115392
0.00115391
0.0011539
0.00115388
0.00115386
0.00115384
0.00115382
0.0011538
0.00115377
0.00115375
0.00115372
0.0011537
0.00115367
0.00115364
0.00115362
0.00115359
0.00115356
0.00115353
0.0011535
0.00115347
0.00115344
0.00115341
0.00115338
0.00115335
0.00115331
0.00115328
0.00115325
0.00115322
0.00115318
0.00115315
0.00115312
0.00115308
0.00115305
0.00115302
0.00115298
0.00115295
0.00115291
0.00115288
0.00115285
0.00115281
0.00115278
0.00115274
0.00115271
0.00115267
0.00115264
0.0011526
0.00115257
0.00115253
0.0011525
0.00115246
0.00115243
0.00115239
0.00115235
0.00115232
0.00115228
0.00115226
0.00115215
0.00120113
0.00120135
0.00120139
0.00120138
0.00120137
0.00120135
0.00120132
0.0012013
0.00120128
0.00120125
0.00120123
0.0012012
0.00120117
0.00120115
0.00120112
0.00120109
0.00120106
0.00120102
0.00120099
0.00120096
0.00120093
0.00120089
0.00120086
0.00120083
0.00120079
0.00120076
0.00120073
0.00120069
0.00120066
0.00120062
0.00120059
0.00120055
0.00120051
0.00120048
0.00120044
0.00120041
0.00120037
0.00120033
0.0012003
0.00120026
0.00120022
0.00120018
0.00120015
0.00120011
0.00120007
0.00120004
0.0012
0.00119996
0.00119992
0.00119989
0.00119985
0.00119981
0.00119977
0.00119973
0.0011997
0.00119966
0.00119962
0.00119959
0.00119948
0.00125019
0.00125042
0.00125046
0.00125045
0.00125043
0.00125041
0.00125039
0.00125036
0.00125034
0.00125031
0.00125028
0.00125025
0.00125022
0.00125019
0.00125016
0.00125013
0.00125009
0.00125006
0.00125002
0.00124999
0.00124995
0.00124992
0.00124988
0.00124985
0.00124981
0.00124977
0.00124974
0.0012497
0.00124966
0.00124962
0.00124958
0.00124955
0.00124951
0.00124947
0.00124943
0.00124939
0.00124935
0.00124931
0.00124927
0.00124923
0.00124919
0.00124915
0.00124911
0.00124907
0.00124904
0.001249
0.00124896
0.00124892
0.00124888
0.00124884
0.00124879
0.00124875
0.00124871
0.00124867
0.00124863
0.00124859
0.00124855
0.00124852
0.0012484
0.00130083
0.00130108
0.00130112
0.00130111
0.00130109
0.00130107
0.00130104
0.00130101
0.00130098
0.00130095
0.00130092
0.00130089
0.00130086
0.00130082
0.00130079
0.00130075
0.00130071
0.00130068
0.00130064
0.0013006
0.00130056
0.00130053
0.00130049
0.00130045
0.00130041
0.00130037
0.00130033
0.00130029
0.00130025
0.00130021
0.00130017
0.00130013
0.00130009
0.00130004
0.0013
0.00129996
0.00129992
0.00129988
0.00129983
0.00129979
0.00129975
0.00129971
0.00129967
0.00129962
0.00129958
0.00129954
0.0012995
0.00129945
0.00129941
0.00129937
0.00129932
0.00129928
0.00129924
0.0012992
0.00129915
0.00129911
0.00129906
0.00129903
0.00129891
0.00135304
0.00135331
0.00135335
0.00135334
0.00135331
0.00135329
0.00135326
0.00135323
0.00135319
0.00135316
0.00135313
0.00135309
0.00135306
0.00135302
0.00135298
0.00135294
0.0013529
0.00135286
0.00135282
0.00135278
0.00135274
0.0013527
0.00135266
0.00135262
0.00135257
0.00135253
0.00135249
0.00135245
0.0013524
0.00135236
0.00135232
0.00135227
0.00135223
0.00135218
0.00135214
0.00135209
0.00135205
0.001352
0.00135196
0.00135191
0.00135187
0.00135182
0.00135178
0.00135173
0.00135169
0.00135164
0.0013516
0.00135155
0.00135151
0.00135146
0.00135142
0.00135137
0.00135133
0.00135128
0.00135123
0.00135119
0.00135114
0.00135111
0.00135099
0.00140678
0.00140707
0.00140711
0.0014071
0.00140707
0.00140704
0.00140701
0.00140697
0.00140694
0.0014069
0.00140687
0.00140683
0.00140679
0.00140675
0.00140671
0.00140667
0.00140662
0.00140658
0.00140654
0.00140649
0.00140645
0.0014064
0.00140636
0.00140631
0.00140627
0.00140622
0.00140618
0.00140613
0.00140609
0.00140604
0.00140599
0.00140595
0.0014059
0.00140585
0.0014058
0.00140576
0.00140571
0.00140566
0.00140561
0.00140557
0.00140552
0.00140547
0.00140542
0.00140538
0.00140533
0.00140528
0.00140523
0.00140518
0.00140514
0.00140509
0.00140504
0.00140499
0.00140494
0.00140489
0.00140485
0.0014048
0.00140475
0.00140471
0.00140459
0.00146201
0.00146232
0.00146236
0.00146234
0.00146231
0.00146228
0.00146224
0.00146221
0.00146217
0.00146213
0.00146209
0.00146205
0.00146201
0.00146196
0.00146192
0.00146187
0.00146183
0.00146178
0.00146173
0.00146169
0.00146164
0.00146159
0.00146154
0.0014615
0.00146145
0.0014614
0.00146135
0.0014613
0.00146125
0.0014612
0.00146116
0.00146111
0.00146106
0.00146101
0.00146096
0.0014609
0.00146085
0.0014608
0.00146075
0.0014607
0.00146065
0.0014606
0.00146055
0.0014605
0.00146045
0.0014604
0.00146035
0.0014603
0.00146025
0.0014602
0.00146015
0.0014601
0.00146004
0.00145999
0.00145994
0.00145989
0.00145984
0.0014598
0.00145968
0.00151867
0.00151899
0.00151904
0.00151902
0.00151899
0.00151895
0.00151891
0.00151887
0.00151883
0.00151879
0.00151874
0.0015187
0.00151865
0.0015186
0.00151856
0.00151851
0.00151846
0.00151841
0.00151836
0.00151831
0.00151826
0.00151821
0.00151815
0.0015181
0.00151805
0.001518
0.00151795
0.0015179
0.00151785
0.00151779
0.00151774
0.00151769
0.00151764
0.00151758
0.00151753
0.00151748
0.00151742
0.00151737
0.00151732
0.00151726
0.00151721
0.00151716
0.00151711
0.00151705
0.001517
0.00151695
0.00151689
0.00151684
0.00151679
0.00151673
0.00151668
0.00151663
0.00151657
0.00151652
0.00151646
0.00151641
0.00151636
0.00151631
0.0015162
0.00157668
0.00157702
0.00157707
0.00157705
0.00157701
0.00157697
0.00157693
0.00157688
0.00157684
0.00157679
0.00157675
0.0015767
0.00157665
0.0015766
0.00157655
0.00157649
0.00157644
0.00157639
0.00157633
0.00157628
0.00157622
0.00157617
0.00157612
0.00157606
0.00157601
0.00157595
0.0015759
0.00157584
0.00157579
0.00157573
0.00157568
0.00157562
0.00157557
0.00157551
0.00157546
0.0015754
0.00157535
0.00157529
0.00157523
0.00157518
0.00157512
0.00157507
0.00157501
0.00157495
0.0015749
0.00157484
0.00157479
0.00157473
0.00157467
0.00157462
0.00157456
0.00157451
0.00157445
0.00157439
0.00157434
0.00157428
0.00157422
0.00157418
0.00157407
0.00163596
0.00163632
0.00163636
0.00163634
0.0016363
0.00163626
0.00163621
0.00163616
0.00163611
0.00163606
0.00163601
0.00163596
0.00163591
0.00163585
0.0016358
0.00163574
0.00163569
0.00163563
0.00163557
0.00163551
0.00163546
0.0016354
0.00163534
0.00163528
0.00163523
0.00163517
0.00163511
0.00163505
0.001635
0.00163494
0.00163488
0.00163482
0.00163476
0.00163471
0.00163465
0.00163459
0.00163453
0.00163447
0.00163441
0.00163435
0.00163429
0.00163424
0.00163418
0.00163412
0.00163406
0.001634
0.00163394
0.00163389
0.00163383
0.00163377
0.00163371
0.00163365
0.00163359
0.00163354
0.00163348
0.00163342
0.00163336
0.00163331
0.0016332
0.00169639
0.00169677
0.00169682
0.00169679
0.00169675
0.0016967
0.00169665
0.0016966
0.00169655
0.00169649
0.00169644
0.00169638
0.00169633
0.00169627
0.00169621
0.00169615
0.00169609
0.00169603
0.00169597
0.00169591
0.00169585
0.00169579
0.00169572
0.00169566
0.0016956
0.00169554
0.00169548
0.00169542
0.00169536
0.0016953
0.00169524
0.00169518
0.00169512
0.00169506
0.00169499
0.00169493
0.00169487
0.00169481
0.00169475
0.00169469
0.00169463
0.00169457
0.00169451
0.00169444
0.00169438
0.00169432
0.00169426
0.0016942
0.00169414
0.00169408
0.00169402
0.00169396
0.0016939
0.00169384
0.00169378
0.00169371
0.00169365
0.0016936
0.0016935
0.00175787
0.00175827
0.00175831
0.00175828
0.00175824
0.00175819
0.00175813
0.00175808
0.00175802
0.00175796
0.00175791
0.00175785
0.00175779
0.00175772
0.00175766
0.0017576
0.00175753
0.00175747
0.0017574
0.00175734
0.00175727
0.00175721
0.00175715
0.00175708
0.00175702
0.00175695
0.00175689
0.00175683
0.00175676
0.0017567
0.00175664
0.00175657
0.00175651
0.00175645
0.00175638
0.00175632
0.00175625
0.00175619
0.00175613
0.00175606
0.001756
0.00175594
0.00175587
0.00175581
0.00175575
0.00175568
0.00175562
0.00175556
0.00175549
0.00175543
0.00175537
0.00175531
0.00175524
0.00175518
0.00175512
0.00175505
0.00175499
0.00175493
0.00175484
0.00182026
0.00182067
0.00182071
0.00182068
0.00182063
0.00182057
0.00182052
0.00182046
0.0018204
0.00182034
0.00182027
0.00182021
0.00182015
0.00182008
0.00182001
0.00181994
0.00181988
0.00181981
0.00181974
0.00181967
0.0018196
0.00181954
0.00181947
0.0018194
0.00181933
0.00181927
0.0018192
0.00181914
0.00181907
0.001819
0.00181894
0.00181887
0.0018188
0.00181874
0.00181867
0.0018186
0.00181854
0.00181847
0.00181841
0.00181834
0.00181827
0.00181821
0.00181814
0.00181808
0.00181801
0.00181795
0.00181788
0.00181782
0.00181775
0.00181769
0.00181762
0.00181756
0.00181749
0.00181743
0.00181736
0.0018173
0.00181723
0.00181717
0.00181709
0.00188339
0.00188381
0.00188386
0.00188382
0.00188377
0.00188371
0.00188365
0.00188358
0.00188352
0.00188345
0.00188339
0.00188332
0.00188325
0.00188318
0.00188311
0.00188304
0.00188297
0.0018829
0.00188282
0.00188275
0.00188268
0.00188261
0.00188254
0.00188247
0.0018824
0.00188233
0.00188226
0.00188219
0.00188212
0.00188205
0.00188198
0.00188191
0.00188185
0.00188178
0.00188171
0.00188164
0.00188157
0.0018815
0.00188143
0.00188137
0.0018813
0.00188123
0.00188116
0.0018811
0.00188103
0.00188096
0.00188089
0.00188083
0.00188076
0.00188069
0.00188063
0.00188056
0.00188049
0.00188043
0.00188036
0.00188029
0.00188023
0.00188016
0.0018801
0.0019471
0.00194754
0.00194758
0.00194754
0.00194748
0.00194742
0.00194735
0.00194729
0.00194722
0.00194715
0.00194708
0.00194701
0.00194694
0.00194686
0.00194679
0.00194671
0.00194664
0.00194656
0.00194648
0.00194641
0.00194633
0.00194626
0.00194619
0.00194611
0.00194604
0.00194597
0.00194589
0.00194582
0.00194575
0.00194568
0.00194561
0.00194554
0.00194547
0.0019454
0.00194532
0.00194525
0.00194518
0.00194511
0.00194504
0.00194497
0.0019449
0.00194483
0.00194476
0.00194469
0.00194463
0.00194456
0.00194449
0.00194442
0.00194435
0.00194428
0.00194421
0.00194414
0.00194408
0.00194401
0.00194394
0.00194387
0.0019438
0.00194373
0.00194368
0.00201121
0.00201165
0.0020117
0.00201165
0.00201159
0.00201152
0.00201145
0.00201138
0.00201131
0.00201124
0.00201116
0.00201109
0.00201101
0.00201093
0.00201085
0.00201077
0.00201069
0.00201061
0.00201053
0.00201045
0.00201038
0.0020103
0.00201022
0.00201015
0.00201007
0.00200999
0.00200992
0.00200984
0.00200977
0.0020097
0.00200962
0.00200955
0.00200948
0.0020094
0.00200933
0.00200926
0.00200919
0.00200911
0.00200904
0.00200897
0.0020089
0.00200883
0.00200876
0.00200868
0.00200861
0.00200854
0.00200847
0.0020084
0.00200833
0.00200826
0.00200819
0.00200812
0.00200805
0.00200798
0.00200791
0.00200784
0.00200777
0.0020077
0.00200767
0.0020755
0.00207595
0.00207599
0.00207595
0.00207588
0.00207581
0.00207573
0.00207566
0.00207558
0.0020755
0.00207542
0.00207535
0.00207526
0.00207518
0.0020751
0.00207502
0.00207493
0.00207485
0.00207477
0.00207468
0.0020746
0.00207452
0.00207444
0.00207436
0.00207428
0.0020742
0.00207413
0.00207405
0.00207397
0.0020739
0.00207382
0.00207375
0.00207367
0.0020736
0.00207352
0.00207345
0.00207337
0.0020733
0.00207322
0.00207315
0.00207308
0.00207301
0.00207293
0.00207286
0.00207279
0.00207272
0.00207265
0.00207257
0.0020725
0.00207243
0.00207236
0.00207229
0.00207222
0.00207215
0.00207208
0.00207201
0.00207194
0.00207186
0.00207184
0.00213974
0.00214021
0.00214025
0.0021402
0.00214012
0.00214005
0.00213997
0.00213989
0.00213981
0.00213973
0.00213965
0.00213956
0.00213948
0.00213939
0.00213931
0.00213922
0.00213913
0.00213904
0.00213896
0.00213887
0.00213879
0.0021387
0.00213862
0.00213854
0.00213846
0.00213838
0.0021383
0.00213822
0.00213814
0.00213806
0.00213798
0.0021379
0.00213783
0.00213775
0.00213767
0.0021376
0.00213752
0.00213745
0.00213737
0.0021373
0.00213722
0.00213715
0.00213707
0.002137
0.00213693
0.00213686
0.00213678
0.00213671
0.00213664
0.00213657
0.00213649
0.00213642
0.00213635
0.00213628
0.00213621
0.00213614
0.00213607
0.00213599
0.00213599
0.00220371
0.00220418
0.00220422
0.00220417
0.00220409
0.00220401
0.00220393
0.00220384
0.00220376
0.00220367
0.00220359
0.0022035
0.00220341
0.00220332
0.00220323
0.00220314
0.00220305
0.00220296
0.00220287
0.00220278
0.00220269
0.0022026
0.00220252
0.00220243
0.00220235
0.00220227
0.00220218
0.0022021
0.00220202
0.00220194
0.00220186
0.00220178
0.0022017
0.00220162
0.00220155
0.00220147
0.00220139
0.00220131
0.00220124
0.00220116
0.00220109
0.00220101
0.00220094
0.00220086
0.00220079
0.00220072
0.00220064
0.00220057
0.0022005
0.00220042
0.00220035
0.00220028
0.00220021
0.00220014
0.00220006
0.00219999
0.00219992
0.00219984
0.00219986
0.00226714
0.00226762
0.00226765
0.00226759
0.00226751
0.00226743
0.00226734
0.00226725
0.00226716
0.00226708
0.00226699
0.0022669
0.0022668
0.00226671
0.00226662
0.00226652
0.00226643
0.00226633
0.00226624
0.00226615
0.00226605
0.00226596
0.00226587
0.00226579
0.0022657
0.00226561
0.00226553
0.00226545
0.00226536
0.00226528
0.0022652
0.00226512
0.00226504
0.00226496
0.00226488
0.0022648
0.00226472
0.00226465
0.00226457
0.00226449
0.00226442
0.00226434
0.00226426
0.00226419
0.00226411
0.00226404
0.00226397
0.00226389
0.00226382
0.00226375
0.00226368
0.0022636
0.00226353
0.00226346
0.00226339
0.00226332
0.00226324
0.00226317
0.0022632
0.00232975
0.00233023
0.00233026
0.0023302
0.00233012
0.00233003
0.00232994
0.00232984
0.00232975
0.00232966
0.00232957
0.00232947
0.00232938
0.00232928
0.00232918
0.00232908
0.00232898
0.00232889
0.00232879
0.00232869
0.0023286
0.00232851
0.00232841
0.00232832
0.00232823
0.00232815
0.00232806
0.00232797
0.00232789
0.0023278
0.00232772
0.00232764
0.00232756
0.00232748
0.0023274
0.00232732
0.00232724
0.00232716
0.00232708
0.002327
0.00232693
0.00232685
0.00232678
0.0023267
0.00232663
0.00232655
0.00232648
0.0023264
0.00232633
0.00232626
0.00232619
0.00232611
0.00232604
0.00232597
0.0023259
0.00232583
0.00232576
0.00232568
0.00232573
0.00239125
0.00239173
0.00239176
0.00239169
0.0023916
0.00239151
0.00239141
0.00239132
0.00239122
0.00239113
0.00239103
0.00239093
0.00239083
0.00239073
0.00239063
0.00239053
0.00239043
0.00239032
0.00239022
0.00239012
0.00239003
0.00238993
0.00238984
0.00238974
0.00238965
0.00238956
0.00238947
0.00238939
0.0023893
0.00238921
0.00238913
0.00238905
0.00238896
0.00238888
0.0023888
0.00238872
0.00238864
0.00238856
0.00238848
0.0023884
0.00238833
0.00238825
0.00238818
0.0023881
0.00238803
0.00238795
0.00238788
0.0023878
0.00238773
0.00238766
0.00238759
0.00238752
0.00238744
0.00238737
0.0023873
0.00238723
0.00238716
0.00238708
0.00238716
0.00245131
0.0024518
0.00245182
0.00245175
0.00245166
0.00245156
0.00245146
0.00245136
0.00245126
0.00245116
0.00245106
0.00245096
0.00245086
0.00245075
0.00245065
0.00245054
0.00245044
0.00245033
0.00245023
0.00245013
0.00245003
0.00244993
0.00244983
0.00244973
0.00244964
0.00244955
0.00244946
0.00244937
0.00244928
0.00244919
0.00244911
0.00244902
0.00244894
0.00244886
0.00244878
0.00244869
0.00244861
0.00244853
0.00244846
0.00244838
0.0024483
0.00244822
0.00244815
0.00244807
0.002448
0.00244792
0.00244785
0.00244778
0.00244771
0.00244763
0.00244756
0.00244749
0.00244742
0.00244735
0.00244728
0.00244721
0.00244714
0.00244706
0.00244716
0.00250961
0.0025101
0.00251012
0.00251004
0.00250995
0.00250984
0.00250974
0.00250964
0.00250954
0.00250943
0.00250933
0.00250922
0.00250912
0.00250901
0.0025089
0.00250879
0.00250868
0.00250857
0.00250847
0.00250836
0.00250826
0.00250816
0.00250806
0.00250796
0.00250786
0.00250777
0.00250768
0.00250759
0.0025075
0.00250741
0.00250732
0.00250724
0.00250715
0.00250707
0.00250699
0.0025069
0.00250682
0.00250674
0.00250667
0.00250659
0.00250651
0.00250643
0.00250636
0.00250628
0.00250621
0.00250614
0.00250606
0.00250599
0.00250592
0.00250585
0.00250578
0.00250571
0.00250564
0.00250557
0.0025055
0.00250544
0.00250537
0.00250529
0.0025054
0.00256579
0.00256628
0.0025663
0.00256622
0.00256612
0.00256601
0.00256591
0.0025658
0.00256569
0.00256558
0.00256548
0.00256537
0.00256526
0.00256515
0.00256503
0.00256492
0.00256481
0.0025647
0.00256459
0.00256448
0.00256437
0.00256427
0.00256417
0.00256407
0.00256397
0.00256387
0.00256378
0.00256369
0.00256359
0.00256351
0.00256342
0.00256333
0.00256325
0.00256316
0.00256308
0.002563
0.00256292
0.00256284
0.00256276
0.00256268
0.00256261
0.00256253
0.00256245
0.00256238
0.00256231
0.00256224
0.00256216
0.00256209
0.00256202
0.00256195
0.00256188
0.00256182
0.00256175
0.00256168
0.00256161
0.00256155
0.00256148
0.0025614
0.00256154
0.00261949
0.00261997
0.00261999
0.0026199
0.0026198
0.00261969
0.00261958
0.00261947
0.00261936
0.00261924
0.00261913
0.00261902
0.0026189
0.00261879
0.00261867
0.00261856
0.00261844
0.00261832
0.00261821
0.0026181
0.00261799
0.00261788
0.00261778
0.00261768
0.00261758
0.00261748
0.00261739
0.00261729
0.0026172
0.00261711
0.00261702
0.00261694
0.00261685
0.00261677
0.00261668
0.0026166
0.00261652
0.00261644
0.00261636
0.00261629
0.00261621
0.00261614
0.00261606
0.00261599
0.00261592
0.00261585
0.00261578
0.00261571
0.00261564
0.00261557
0.0026155
0.00261544
0.00261537
0.0026153
0.00261524
0.00261518
0.00261511
0.00261504
0.00261519
0.0026703
0.00267078
0.00267079
0.00267071
0.0026706
0.00267048
0.00267037
0.00267025
0.00267014
0.00267002
0.0026699
0.00266978
0.00266966
0.00266954
0.00266942
0.0026693
0.00266918
0.00266907
0.00266895
0.00266884
0.00266873
0.00266862
0.00266851
0.00266841
0.00266831
0.00266821
0.00266811
0.00266802
0.00266792
0.00266783
0.00266775
0.00266766
0.00266757
0.00266749
0.00266741
0.00266733
0.00266725
0.00266717
0.00266709
0.00266701
0.00266694
0.00266687
0.00266679
0.00266672
0.00266665
0.00266658
0.00266651
0.00266644
0.00266638
0.00266631
0.00266625
0.00266618
0.00266612
0.00266605
0.00266599
0.00266593
0.00266587
0.0026658
0.00266596
0.00271783
0.00271831
0.00271832
0.00271822
0.00271811
0.00271799
0.00271787
0.00271774
0.00271762
0.0027175
0.00271738
0.00271725
0.00271713
0.002717
0.00271688
0.00271676
0.00271663
0.00271651
0.00271639
0.00271628
0.00271617
0.00271605
0.00271595
0.00271584
0.00271574
0.00271564
0.00271554
0.00271545
0.00271536
0.00271527
0.00271518
0.00271509
0.00271501
0.00271492
0.00271484
0.00271476
0.00271468
0.00271461
0.00271453
0.00271446
0.00271438
0.00271431
0.00271424
0.00271417
0.0027141
0.00271403
0.00271396
0.0027139
0.00271383
0.00271377
0.00271371
0.00271365
0.00271358
0.00271352
0.00271346
0.0027134
0.00271334
0.00271327
0.00271346
0.00276165
0.00276213
0.00276213
0.00276203
0.00276191
0.00276178
0.00276165
0.00276152
0.00276139
0.00276126
0.00276113
0.002761
0.00276087
0.00276074
0.00276062
0.00276049
0.00276036
0.00276024
0.00276012
0.00276
0.00275989
0.00275978
0.00275967
0.00275956
0.00275946
0.00275936
0.00275927
0.00275917
0.00275908
0.00275899
0.0027589
0.00275882
0.00275873
0.00275865
0.00275857
0.00275849
0.00275841
0.00275834
0.00275826
0.00275819
0.00275812
0.00275805
0.00275798
0.00275791
0.00275784
0.00275778
0.00275771
0.00275765
0.00275759
0.00275753
0.00275747
0.00275741
0.00275735
0.00275729
0.00275723
0.00275718
0.00275712
0.00275705
0.00275726
0.00280134
0.00280181
0.00280181
0.0028017
0.00280156
0.00280142
0.00280128
0.00280113
0.00280099
0.00280086
0.00280072
0.00280058
0.00280045
0.00280032
0.00280019
0.00280006
0.00279994
0.00279981
0.00279969
0.00279958
0.00279946
0.00279935
0.00279924
0.00279914
0.00279904
0.00279894
0.00279884
0.00279875
0.00279866
0.00279857
0.00279848
0.0027984
0.00279832
0.00279824
0.00279816
0.00279808
0.00279801
0.00279793
0.00279786
0.00279779
0.00279772
0.00279765
0.00279759
0.00279752
0.00279746
0.00279739
0.00279733
0.00279727
0.00279721
0.00279715
0.00279709
0.00279704
0.00279698
0.00279693
0.00279687
0.00279682
0.00279677
0.0027967
0.00279692
0.00283645
0.00283692
0.0028369
0.00283677
0.00283661
0.00283645
0.00283629
0.00283614
0.00283599
0.00283584
0.0028357
0.00283556
0.00283543
0.0028353
0.00283517
0.00283504
0.00283492
0.00283479
0.00283467
0.00283456
0.00283444
0.00283434
0.00283423
0.00283413
0.00283403
0.00283393
0.00283384
0.00283375
0.00283366
0.00283357
0.00283349
0.00283341
0.00283333
0.00283325
0.00283318
0.0028331
0.00283303
0.00283296
0.00283289
0.00283282
0.00283275
0.00283269
0.00283262
0.00283256
0.0028325
0.00283244
0.00283238
0.00283232
0.00283227
0.00283221
0.00283216
0.0028321
0.00283205
0.002832
0.00283195
0.0028319
0.00283185
0.00283179
0.00283202
0.00286656
0.002867
0.00286695
0.00286678
0.0028666
0.00286642
0.00286624
0.00286608
0.00286592
0.00286577
0.00286563
0.00286549
0.00286536
0.00286523
0.0028651
0.00286498
0.00286486
0.00286474
0.00286462
0.00286451
0.0028644
0.0028643
0.0028642
0.0028641
0.002864
0.00286391
0.00286382
0.00286373
0.00286365
0.00286356
0.00286348
0.00286341
0.00286333
0.00286326
0.00286318
0.00286311
0.00286304
0.00286297
0.00286291
0.00286284
0.00286278
0.00286272
0.00286266
0.0028626
0.00286254
0.00286248
0.00286243
0.00286237
0.00286232
0.00286227
0.00286222
0.00286217
0.00286212
0.00286207
0.00286202
0.00286198
0.00286193
0.00286187
0.00286212
0.00289121
0.0028916
0.00289148
0.00289127
0.00289105
0.00289085
0.00289067
0.0028905
0.00289035
0.00289021
0.00289007
0.00288994
0.00288981
0.00288969
0.00288957
0.00288945
0.00288934
0.00288923
0.00288912
0.00288901
0.00288891
0.00288881
0.00288871
0.00288862
0.00288853
0.00288844
0.00288836
0.00288828
0.0028882
0.00288812
0.00288804
0.00288797
0.0028879
0.00288783
0.00288776
0.00288769
0.00288762
0.00288756
0.0028875
0.00288744
0.00288738
0.00288732
0.00288726
0.00288721
0.00288715
0.0028871
0.00288705
0.002887
0.00288695
0.0028869
0.00288685
0.0028868
0.00288676
0.00288672
0.00288667
0.00288663
0.00288659
0.00288654
0.00288679
0.00290997
0.00291022
0.00290999
0.00290973
0.0029095
0.00290931
0.00290915
0.002909
0.00290886
0.00290873
0.00290861
0.00290849
0.00290838
0.00290827
0.00290816
0.00290805
0.00290795
0.00290785
0.00290775
0.00290765
0.00290756
0.00290747
0.00290738
0.00290729
0.00290721
0.00290713
0.00290705
0.00290697
0.0029069
0.00290683
0.00290676
0.00290669
0.00290662
0.00290655
0.00290649
0.00290643
0.00290637
0.00290631
0.00290625
0.00290619
0.00290614
0.00290608
0.00290603
0.00290598
0.00290593
0.00290588
0.00290583
0.00290578
0.00290574
0.00290569
0.00290565
0.00290561
0.00290557
0.00290553
0.00290549
0.00290545
0.00290541
0.00290536
0.00290562
0.0029223
0.00292224
0.00292195
0.00292173
0.00292156
0.00292143
0.0029213
0.00292119
0.00292108
0.00292098
0.00292088
0.00292078
0.00292069
0.00292059
0.0029205
0.00292041
0.00292032
0.00292023
0.00292014
0.00292005
0.00291997
0.00291989
0.00291981
0.00291973
0.00291966
0.00291959
0.00291951
0.00291944
0.00291938
0.00291931
0.00291925
0.00291918
0.00291912
0.00291906
0.002919
0.00291895
0.00291889
0.00291884
0.00291878
0.00291873
0.00291868
0.00291863
0.00291858
0.00291854
0.00291849
0.00291844
0.0029184
0.00291836
0.00291832
0.00291828
0.00291824
0.0029182
0.00291816
0.00291813
0.00291809
0.00291806
0.00291802
0.00291798
0.00291819
)
;

boundaryField
{
    bottomWall
    {
        type            nutUWallFunction;
        Cmu             0.09;
        kappa           0.41;
        E               9.8;
        value           nonuniform 0();
    }
    topWall
    {
        type            nutUWallFunction;
        Cmu             0.09;
        kappa           0.41;
        E               9.8;
        value           nonuniform 0();
    }
    sides1_half0
    {
        type            cyclic;
    }
    sides1_half1
    {
        type            cyclic;
    }
    sides2_half0
    {
        type            cyclic;
    }
    sides2_half1
    {
        type            cyclic;
    }
    inout1_half0
    {
        type            cyclic;
    }
    inout1_half1
    {
        type            cyclic;
    }
    inout2_half0
    {
        type            cyclic;
    }
    inout2_half1
    {
        type            cyclic;
    }
    procBoundary4to2
    {
        type            processor;
        value           nonuniform List<scalar> 
59
(
0.00292378
0.00292423
0.00292439
0.0029244
0.00292436
0.0029243
0.00292423
0.00292417
0.00292409
0.00292402
0.00292395
0.00292388
0.0029238
0.00292373
0.00292365
0.00292357
0.0029235
0.00292342
0.00292335
0.00292328
0.0029232
0.00292313
0.00292306
0.00292299
0.00292293
0.00292286
0.0029228
0.00292274
0.00292268
0.00292262
0.00292256
0.0029225
0.00292245
0.00292239
0.00292234
0.00292229
0.00292223
0.00292218
0.00292214
0.00292209
0.00292204
0.002922
0.00292195
0.00292191
0.00292187
0.00292183
0.00292179
0.00292175
0.00292171
0.00292167
0.00292164
0.0029216
0.00292157
0.00292154
0.00292151
0.00292147
0.00292144
0.00292141
0.00292143
)
;
    }
    procBoundary4to3
    {
        type            processor;
        value           nonuniform List<scalar> 
63
(
0.000257454
0.00025744
0.000257434
0.00025743
0.000257427
0.000257424
0.000257422
0.00025742
0.000257418
0.000257416
0.000257415
0.000257413
0.000257412
0.000257411
0.000257409
0.000257408
0.000257407
0.000257406
0.000257405
0.000257404
0.000257403
0.000257402
0.000257401
0.0002574
0.0002574
0.000257399
0.000257398
0.000257397
0.000257397
0.000257396
0.000257395
0.000257394
0.000257394
0.000257393
0.000257392
0.000257392
0.000257391
0.000257389
0.000271579
0.000271571
0.000271571
0.000271496
0.000271496
0.000271503
0.000286079
0.000286079
0.000286079
0.000286005
0.000286005
0.000286016
0.000286023
0.000286027
0.000286031
0.000286034
0.000286037
0.000286039
0.000286041
0.000286043
0.000286045
0.000286046
0.000286048
0.000286049
0.000286051
)
;
    }
    procBoundary4to5
    {
        type            processor;
        value           nonuniform List<scalar> 
132
(
0.000300989
0.000300936
0.000316361
0.0003163
0.000332183
0.000332118
0.000348481
0.000348414
0.000365284
0.000365216
0.000382621
0.000382553
0.000400523
0.000400457
0.000419024
0.000418959
0.000438158
0.000438096
0.000457962
0.000457903
0.000478475
0.000478419
0.000499736
0.000499684
0.000521786
0.000521741
0.00054467
0.000544631
0.000568432
0.0005684
0.000593117
0.000593094
0.000618774
0.000618762
0.000645451
0.00064545
0.000673197
0.000673208
0.000702061
0.000702087
0.000732093
0.000732136
0.000763344
0.000763406
0.000795863
0.000795945
0.000829697
0.000829803
0.000864895
0.000865025
0.000901499
0.000901657
0.000939552
0.00093974
0.000979092
0.000979313
0.00102015
0.00102041
0.00106277
0.00106306
0.00110695
0.00110728
0.00115272
0.0011531
0.00120009
0.00120051
0.00124906
0.00124953
0.00129961
0.00130013
0.00135172
0.00135229
0.00140537
0.00140599
0.00146051
0.00146118
0.00151707
0.00151779
0.00157498
0.00157576
0.00163416
0.001635
0.00169451
0.00169539
0.00175589
0.00175683
0.00181819
0.00181917
0.00188123
0.00188226
0.00194486
0.00194594
0.00200889
0.00201
0.0020731
0.00207425
0.00213728
0.00213847
0.00220119
0.0022024
0.00226457
0.0022658
0.00232713
0.00232838
0.00238858
0.00238985
0.00244861
0.00244989
0.00250688
0.00250817
0.00256304
0.00256433
0.00261671
0.002618
0.00266751
0.0026688
0.00271502
0.00271631
0.00275883
0.00276012
0.00279851
0.0027998
0.00283362
0.00283491
0.00286372
0.00286501
0.0028884
0.00288966
0.00290722
0.00290841
0.00291979
0.00292075
)
;
    }
}


// ************************************************************************* //
