/*--------------------------------*- C++ -*----------------------------------*\
  =========                 |
  \\      /  F ield         | OpenFOAM: The Open Source CFD Toolbox
   \\    /   O peration     | Website:  https://openfoam.org
    \\  /    A nd           | Version:  7
     \\/     M anipulation  |
\*---------------------------------------------------------------------------*/
FoamFile
{
    version     2.0;
    format      ascii;
    class       volScalarField;
    location    "3500";
    object      k;
}
// * * * * * * * * * * * * * * * * * * * * * * * * * * * * * * * * * * * * * //

dimensions      [0 2 -2 0 0 0 0];

internalField   nonuniform List<scalar> 
4037
(
0.000183959
0.000183959
0.00018396
0.00018396
0.00018396
0.00018396
0.00018396
0.000183961
0.000183961
0.000183961
0.000183961
0.000183962
0.000183962
0.000183963
0.000183963
0.000183963
0.000183964
0.000183964
0.000183965
0.000183965
0.000183965
0.000183966
0.000183966
0.000183967
0.000183967
0.000183967
0.000183968
0.000183968
0.000183969
0.000183969
0.00018397
0.00018397
0.00018397
0.000183971
0.000183971
0.000183972
0.000183972
0.000183972
0.000183973
0.000183973
0.000183973
0.000183974
0.000183974
0.000183974
0.000183975
0.000183975
0.000183975
0.000183976
0.000183976
0.000183976
0.000183976
0.000183977
0.000183977
0.000183977
0.000183977
0.000183977
0.000183977
0.000183978
0.000183978
0.000183978
0.000183978
0.000183978
0.000183978
0.000183978
0.000183978
0.000183978
0.000183978
0.000183979
0.000183979
0.000183979
0.000183979
0.000183979
0.000183979
0.000183979
0.000183979
0.000183978
0.000183979
0.000184468
0.000184467
0.000184465
0.000184464
0.000184463
0.000184462
0.000184461
0.000184461
0.00018446
0.000184459
0.000184459
0.000184458
0.000184458
0.000184457
0.000184457
0.000184457
0.000184457
0.000184457
0.000184457
0.000184457
0.000184457
0.000184457
0.000184457
0.000184457
0.000184458
0.000184459
0.000184459
0.000184459
0.00018446
0.00018446
0.00018446
0.000184461
0.000184461
0.000184461
0.000184462
0.000184462
0.000184462
0.000184463
0.000184463
0.000184464
0.000184464
0.000184465
0.000184465
0.000184466
0.000184466
0.000184466
0.000184467
0.000184467
0.000184468
0.000184468
0.000184469
0.000184469
0.000184469
0.00018447
0.00018447
0.000184471
0.000184471
0.000184471
0.000184472
0.000184472
0.000184473
0.000184473
0.000184473
0.000184474
0.000184474
0.000184474
0.000184475
0.000184475
0.000184475
0.000184476
0.000184476
0.000184476
0.000184476
0.000184477
0.000184477
0.000184477
0.000184477
0.000184477
0.000184478
0.000184478
0.000184478
0.000184478
0.000184478
0.000184478
0.000184478
0.000184479
0.000184479
0.000184479
0.000184479
0.000184479
0.000184479
0.000184479
0.000184479
0.000184479
0.000184479
0.000184479
0.000184479
0.000184479
0.000184479
0.000184479
0.000184479
0.000184477
0.000184476
0.000184476
0.000184476
0.000184476
0.000184475
0.000184475
0.000184475
0.000184475
0.000184474
0.000184474
0.000184474
0.000184473
0.000184473
0.000184473
0.000184472
0.000184472
0.000184471
0.000184471
0.000184868
0.000184866
0.000184865
0.000184864
0.000184862
0.000184861
0.000184861
0.00018486
0.000184859
0.000184858
0.000184858
0.000184857
0.000184857
0.000184856
0.000184856
0.000184856
0.000184856
0.000184856
0.000184855
0.000184855
0.000184856
0.000184856
0.000184856
0.000184856
0.000184857
0.000184857
0.000184858
0.000184858
0.000184859
0.000184859
0.00018486
0.00018486
0.000184861
0.000184861
0.000184861
0.000184862
0.000184862
0.000184863
0.000184863
0.000184864
0.000184864
0.000184865
0.000184865
0.000184866
0.000184866
0.000184867
0.000184867
0.000184867
0.000184868
0.000184868
0.000184869
0.000184869
0.00018487
0.00018487
0.00018487
0.000184871
0.000184871
0.000184872
0.000184872
0.000184872
0.000184873
0.000184873
0.000184874
0.000184874
0.000184874
0.000184874
0.000184875
0.000184875
0.000184875
0.000184876
0.000184876
0.000184876
0.000184876
0.000184877
0.000184877
0.000184877
0.000184877
0.000184877
0.000184878
0.000184878
0.000184878
0.000184878
0.000184878
0.000184878
0.000184878
0.000184878
0.000184879
0.000184879
0.000184879
0.000184879
0.000184879
0.000184879
0.000184879
0.000184879
0.000184879
0.000184879
0.000184879
0.000184879
0.000184879
0.000184879
0.000184879
0.000184878
0.000184877
0.000184876
0.000184876
0.000184876
0.000184875
0.000184875
0.000184875
0.000184875
0.000184874
0.000184874
0.000184873
0.000184873
0.000184873
0.000184872
0.000184872
0.000184871
0.000184871
0.000184871
0.000185161
0.000185159
0.000185158
0.000185156
0.000185155
0.000185154
0.000185153
0.000185152
0.000185151
0.000185151
0.00018515
0.000185149
0.000185149
0.000185149
0.000185148
0.000185148
0.000185148
0.000185148
0.000185148
0.000185148
0.000185148
0.000185148
0.000185148
0.000185149
0.000185149
0.00018515
0.00018515
0.000185151
0.000185152
0.000185152
0.000185153
0.000185153
0.000185154
0.000185154
0.000185155
0.000185155
0.000185156
0.000185156
0.000185157
0.000185157
0.000185158
0.000185158
0.000185159
0.000185159
0.00018516
0.00018516
0.000185161
0.000185161
0.000185162
0.000185162
0.000185162
0.000185163
0.000185163
0.000185164
0.000185164
0.000185165
0.000185165
0.000185165
0.000185166
0.000185166
0.000185167
0.000185167
0.000185167
0.000185168
0.000185168
0.000185168
0.000185168
0.000185169
0.000185169
0.000185169
0.000185169
0.00018517
0.00018517
0.00018517
0.00018517
0.000185171
0.000185171
0.000185171
0.000185171
0.000185171
0.000185171
0.000185171
0.000185172
0.000185172
0.000185172
0.000185172
0.000185172
0.000185172
0.000185172
0.000185172
0.000185172
0.000185172
0.000185172
0.000185172
0.000185172
0.000185172
0.000185172
0.000185172
0.000185172
0.000185172
0.000185172
0.000185172
0.000185171
0.00018517
0.00018517
0.000185169
0.000185169
0.000185169
0.000185168
0.000185168
0.000185167
0.000185167
0.000185167
0.000185166
0.000185166
0.000185165
0.000185165
0.000185165
0.000185164
0.000185164
0.000185341
0.000185339
0.000185337
0.000185336
0.000185334
0.000185333
0.000185332
0.000185331
0.00018533
0.00018533
0.000185329
0.000185328
0.000185328
0.000185327
0.000185327
0.000185327
0.000185327
0.000185327
0.000185327
0.000185327
0.000185327
0.000185327
0.000185327
0.000185328
0.000185328
0.000185329
0.00018533
0.00018533
0.000185331
0.000185331
0.000185332
0.000185333
0.000185333
0.000185334
0.000185334
0.000185335
0.000185335
0.000185336
0.000185337
0.000185337
0.000185338
0.000185338
0.000185339
0.000185339
0.00018534
0.00018534
0.000185341
0.000185341
0.000185342
0.000185342
0.000185343
0.000185343
0.000185343
0.000185344
0.000185344
0.000185345
0.000185345
0.000185346
0.000185346
0.000185346
0.000185347
0.000185347
0.000185347
0.000185348
0.000185348
0.000185348
0.000185348
0.000185349
0.000185349
0.000185349
0.000185349
0.00018535
0.00018535
0.00018535
0.00018535
0.000185351
0.000185351
0.000185351
0.000185351
0.000185351
0.000185351
0.000185351
0.000185352
0.000185352
0.000185352
0.000185352
0.000185352
0.000185352
0.000185352
0.000185352
0.000185352
0.000185352
0.000185352
0.000185352
0.000185352
0.000185352
0.000185352
0.000185352
0.000185352
0.000185352
0.000185352
0.000185352
0.000185351
0.00018535
0.00018535
0.000185349
0.000185349
0.000185349
0.000185348
0.000185348
0.000185347
0.000185347
0.000185346
0.000185346
0.000185346
0.000185345
0.000185345
0.000185344
0.000185344
0.000185344
0.000185399
0.000185397
0.000185395
0.000185393
0.000185392
0.00018539
0.000185389
0.000185388
0.000185387
0.000185387
0.000185386
0.000185385
0.000185385
0.000185384
0.000185384
0.000185384
0.000185384
0.000185384
0.000185384
0.000185384
0.000185384
0.000185384
0.000185385
0.000185385
0.000185385
0.000185386
0.000185387
0.000185388
0.000185388
0.000185389
0.00018539
0.00018539
0.000185391
0.000185392
0.000185392
0.000185393
0.000185393
0.000185394
0.000185395
0.000185395
0.000185396
0.000185396
0.000185397
0.000185398
0.000185398
0.000185399
0.000185399
0.0001854
0.0001854
0.0001854
0.000185401
0.000185401
0.000185402
0.000185402
0.000185403
0.000185403
0.000185403
0.000185404
0.000185404
0.000185405
0.000185405
0.000185405
0.000185406
0.000185406
0.000185406
0.000185406
0.000185407
0.000185407
0.000185407
0.000185407
0.000185408
0.000185408
0.000185408
0.000185408
0.000185408
0.000185409
0.000185409
0.000185409
0.000185409
0.000185409
0.000185409
0.000185409
0.000185409
0.00018541
0.00018541
0.00018541
0.00018541
0.00018541
0.00018541
0.00018541
0.00018541
0.00018541
0.00018541
0.00018541
0.00018541
0.00018541
0.00018541
0.00018541
0.00018541
0.00018541
0.00018541
0.00018541
0.000185409
0.000185409
0.000185408
0.000185408
0.000185407
0.000185407
0.000185406
0.000185406
0.000185405
0.000185405
0.000185404
0.000185404
0.000185403
0.000185403
0.000185403
0.000185402
0.000185401
0.000185402
0.000185325
0.000185322
0.00018532
0.000185319
0.000185317
0.000185316
0.000185314
0.000185313
0.000185313
0.000185312
0.000185311
0.00018531
0.00018531
0.00018531
0.000185309
0.000185309
0.000185309
0.000185309
0.000185309
0.000185309
0.00018531
0.00018531
0.00018531
0.000185311
0.000185311
0.000185312
0.000185312
0.000185313
0.000185314
0.000185315
0.000185315
0.000185316
0.000185317
0.000185317
0.000185318
0.000185319
0.000185319
0.00018532
0.000185321
0.000185321
0.000185322
0.000185323
0.000185323
0.000185324
0.000185324
0.000185325
0.000185325
0.000185326
0.000185326
0.000185327
0.000185327
0.000185328
0.000185328
0.000185328
0.000185329
0.000185329
0.00018533
0.00018533
0.00018533
0.000185331
0.000185331
0.000185331
0.000185332
0.000185332
0.000185332
0.000185333
0.000185333
0.000185333
0.000185333
0.000185333
0.000185334
0.000185334
0.000185334
0.000185334
0.000185334
0.000185335
0.000185335
0.000185335
0.000185335
0.000185335
0.000185335
0.000185335
0.000185335
0.000185336
0.000185336
0.000185336
0.000185336
0.000185336
0.000185336
0.000185336
0.000185336
0.000185336
0.000185336
0.000185336
0.000185336
0.000185336
0.000185336
0.000185336
0.000185336
0.000185336
0.000185336
0.000185336
0.000185336
0.000185335
0.000185334
0.000185334
0.000185333
0.000185333
0.000185332
0.000185332
0.000185331
0.000185331
0.00018533
0.00018533
0.000185329
0.000185329
0.000185328
0.000185328
0.000185327
0.000185328
0.000185107
0.000185104
0.000185102
0.0001851
0.000185098
0.000185097
0.000185096
0.000185095
0.000185094
0.000185093
0.000185092
0.000185092
0.000185091
0.000185091
0.000185091
0.000185091
0.000185091
0.000185091
0.000185091
0.000185091
0.000185091
0.000185091
0.000185092
0.000185092
0.000185093
0.000185093
0.000185094
0.000185095
0.000185095
0.000185096
0.000185097
0.000185098
0.000185099
0.000185099
0.0001851
0.000185101
0.000185101
0.000185102
0.000185103
0.000185104
0.000185104
0.000185105
0.000185106
0.000185106
0.000185107
0.000185107
0.000185108
0.000185108
0.000185109
0.000185109
0.00018511
0.00018511
0.00018511
0.000185111
0.000185111
0.000185112
0.000185112
0.000185112
0.000185113
0.000185113
0.000185113
0.000185114
0.000185114
0.000185114
0.000185115
0.000185115
0.000185115
0.000185115
0.000185115
0.000185116
0.000185116
0.000185116
0.000185116
0.000185116
0.000185117
0.000185117
0.000185117
0.000185117
0.000185117
0.000185117
0.000185117
0.000185117
0.000185117
0.000185118
0.000185118
0.000185118
0.000185118
0.000185118
0.000185118
0.000185118
0.000185118
0.000185118
0.000185118
0.000185118
0.000185118
0.000185118
0.000185118
0.000185118
0.000185118
0.000185118
0.000185118
0.000185118
0.000185118
0.000185117
0.000185117
0.000185116
0.000185116
0.000185115
0.000185114
0.000185114
0.000185113
0.000185113
0.000185112
0.000185112
0.000185111
0.000185111
0.00018511
0.00018511
0.000185109
0.00018511
0.00018473
0.000184728
0.000184726
0.000184723
0.000184722
0.00018472
0.000184719
0.000184718
0.000184717
0.000184716
0.000184715
0.000184715
0.000184714
0.000184714
0.000184714
0.000184714
0.000184714
0.000184714
0.000184714
0.000184714
0.000184714
0.000184715
0.000184715
0.000184716
0.000184716
0.000184717
0.000184717
0.000184718
0.000184719
0.00018472
0.000184721
0.000184721
0.000184722
0.000184723
0.000184724
0.000184724
0.000184725
0.000184726
0.000184727
0.000184727
0.000184728
0.000184729
0.000184729
0.00018473
0.000184731
0.000184731
0.000184732
0.000184732
0.000184733
0.000184733
0.000184734
0.000184734
0.000184734
0.000184735
0.000184735
0.000184736
0.000184736
0.000184736
0.000184737
0.000184737
0.000184737
0.000184738
0.000184738
0.000184738
0.000184738
0.000184739
0.000184739
0.000184739
0.000184739
0.000184739
0.00018474
0.00018474
0.00018474
0.00018474
0.00018474
0.00018474
0.000184741
0.000184741
0.000184741
0.000184741
0.000184741
0.000184741
0.000184741
0.000184741
0.000184741
0.000184741
0.000184741
0.000184741
0.000184741
0.000184742
0.000184742
0.000184742
0.000184742
0.000184742
0.000184742
0.000184742
0.000184742
0.000184742
0.000184742
0.000184742
0.000184742
0.000184742
0.000184741
0.000184741
0.000184741
0.00018474
0.000184739
0.000184739
0.000184738
0.000184738
0.000184737
0.000184737
0.000184736
0.000184736
0.000184735
0.000184735
0.000184734
0.000184734
0.000184733
0.000184733
0.000184178
0.000184176
0.000184173
0.000184171
0.000184169
0.000184168
0.000184166
0.000184165
0.000184164
0.000184163
0.000184163
0.000184162
0.000184162
0.000184161
0.000184161
0.000184161
0.000184161
0.000184161
0.000184162
0.000184162
0.000184162
0.000184162
0.000184163
0.000184163
0.000184164
0.000184165
0.000184165
0.000184166
0.000184167
0.000184168
0.000184168
0.000184169
0.00018417
0.000184171
0.000184172
0.000184172
0.000184173
0.000184174
0.000184175
0.000184175
0.000184176
0.000184177
0.000184178
0.000184178
0.000184179
0.000184179
0.00018418
0.000184181
0.000184181
0.000184181
0.000184182
0.000184182
0.000184183
0.000184183
0.000184183
0.000184184
0.000184184
0.000184185
0.000184185
0.000184185
0.000184186
0.000184186
0.000184186
0.000184186
0.000184187
0.000184187
0.000184187
0.000184187
0.000184187
0.000184187
0.000184188
0.000184188
0.000184188
0.000184188
0.000184188
0.000184188
0.000184188
0.000184189
0.000184189
0.000184189
0.000184189
0.000184189
0.000184189
0.000184189
0.000184189
0.000184189
0.000184189
0.000184189
0.000184189
0.000184189
0.000184189
0.00018419
0.00018419
0.00018419
0.00018419
0.00018419
0.00018419
0.00018419
0.00018419
0.000184189
0.000184189
0.000184189
0.000184189
0.000184189
0.000184189
0.000184188
0.000184188
0.000184187
0.000184187
0.000184186
0.000184185
0.000184185
0.000184184
0.000184184
0.000184183
0.000184183
0.000184182
0.000184182
0.000184181
0.000184181
0.00018343
0.000183427
0.000183424
0.000183422
0.00018342
0.000183419
0.000183417
0.000183416
0.000183415
0.000183414
0.000183414
0.000183413
0.000183413
0.000183412
0.000183412
0.000183412
0.000183412
0.000183412
0.000183413
0.000183413
0.000183413
0.000183414
0.000183414
0.000183415
0.000183415
0.000183416
0.000183416
0.000183417
0.000183418
0.000183419
0.00018342
0.00018342
0.000183421
0.000183422
0.000183423
0.000183424
0.000183425
0.000183425
0.000183426
0.000183427
0.000183428
0.000183428
0.000183429
0.00018343
0.00018343
0.000183431
0.000183432
0.000183432
0.000183432
0.000183433
0.000183433
0.000183434
0.000183434
0.000183435
0.000183435
0.000183435
0.000183436
0.000183436
0.000183436
0.000183437
0.000183437
0.000183437
0.000183437
0.000183438
0.000183438
0.000183438
0.000183438
0.000183438
0.000183439
0.000183439
0.000183439
0.000183439
0.000183439
0.000183439
0.000183439
0.00018344
0.00018344
0.00018344
0.00018344
0.00018344
0.00018344
0.00018344
0.00018344
0.00018344
0.00018344
0.00018344
0.00018344
0.00018344
0.00018344
0.000183441
0.000183441
0.000183441
0.000183441
0.000183441
0.000183441
0.000183441
0.000183441
0.000183441
0.000183441
0.000183441
0.000183441
0.000183441
0.000183441
0.00018344
0.00018344
0.00018344
0.000183439
0.000183439
0.000183438
0.000183437
0.000183437
0.000183436
0.000183436
0.000183435
0.000183435
0.000183434
0.000183434
0.000183433
0.000183433
0.000183433
0.000182459
0.000182456
0.000182453
0.000182451
0.000182449
0.000182447
0.000182446
0.000182445
0.000182444
0.000182443
0.000182442
0.000182441
0.000182441
0.000182441
0.000182441
0.000182441
0.000182441
0.000182441
0.000182441
0.000182442
0.000182442
0.000182442
0.000182443
0.000182443
0.000182444
0.000182445
0.000182445
0.000182446
0.000182447
0.000182448
0.000182448
0.000182449
0.00018245
0.000182451
0.000182452
0.000182453
0.000182453
0.000182454
0.000182455
0.000182456
0.000182457
0.000182457
0.000182458
0.000182459
0.000182459
0.00018246
0.000182461
0.000182461
0.000182462
0.000182462
0.000182462
0.000182463
0.000182463
0.000182464
0.000182464
0.000182464
0.000182465
0.000182465
0.000182465
0.000182466
0.000182466
0.000182466
0.000182466
0.000182467
0.000182467
0.000182467
0.000182467
0.000182467
0.000182467
0.000182467
0.000182468
0.000182468
0.000182468
0.000182468
0.000182468
0.000182468
0.000182468
0.000182468
0.000182469
0.000182469
0.000182469
0.000182469
0.000182469
0.000182469
0.000182469
0.000182469
0.000182469
0.000182469
0.000182469
0.000182469
0.000182469
0.000182469
0.000182469
0.000182469
0.000182469
0.000182469
0.000182469
0.000182469
0.000182469
0.000182469
0.000182469
0.000182469
0.000182469
0.000182469
0.000182469
0.000182468
0.000182468
0.000182468
0.000182467
0.000182466
0.000182466
0.000182465
0.000182465
0.000182464
0.000182464
0.000182463
0.000182463
0.000182462
0.000182461
0.000182462
0.000181234
0.000181231
0.000181228
0.000181225
0.000181223
0.000181222
0.00018122
0.000181219
0.000181218
0.000181217
0.000181217
0.000181216
0.000181216
0.000181215
0.000181215
0.000181215
0.000181216
0.000181216
0.000181216
0.000181216
0.000181217
0.000181217
0.000181218
0.000181218
0.000181219
0.00018122
0.00018122
0.000181221
0.000181222
0.000181223
0.000181223
0.000181224
0.000181225
0.000181226
0.000181227
0.000181228
0.000181228
0.000181229
0.00018123
0.000181231
0.000181231
0.000181232
0.000181233
0.000181234
0.000181234
0.000181235
0.000181235
0.000181236
0.000181236
0.000181237
0.000181237
0.000181238
0.000181238
0.000181238
0.000181239
0.000181239
0.00018124
0.00018124
0.00018124
0.00018124
0.000181241
0.000181241
0.000181241
0.000181241
0.000181242
0.000181242
0.000181242
0.000181242
0.000181242
0.000181242
0.000181242
0.000181242
0.000181243
0.000181243
0.000181243
0.000181243
0.000181243
0.000181243
0.000181243
0.000181243
0.000181243
0.000181243
0.000181243
0.000181243
0.000181244
0.000181244
0.000181244
0.000181244
0.000181244
0.000181244
0.000181244
0.000181244
0.000181244
0.000181244
0.000181244
0.000181244
0.000181244
0.000181244
0.000181244
0.000181244
0.000181244
0.000181244
0.000181244
0.000181244
0.000181244
0.000181243
0.000181243
0.000181243
0.000181242
0.000181241
0.000181241
0.00018124
0.00018124
0.000181239
0.000181239
0.000181238
0.000181238
0.000181237
0.000181236
0.000181237
0.000179716
0.000179713
0.00017971
0.000179707
0.000179705
0.000179704
0.000179702
0.000179701
0.0001797
0.000179699
0.000179698
0.000179698
0.000179698
0.000179697
0.000179697
0.000179697
0.000179698
0.000179698
0.000179698
0.000179699
0.000179699
0.000179699
0.0001797
0.000179701
0.000179701
0.000179702
0.000179703
0.000179703
0.000179704
0.000179705
0.000179706
0.000179706
0.000179707
0.000179708
0.000179709
0.00017971
0.00017971
0.000179711
0.000179712
0.000179713
0.000179714
0.000179714
0.000179715
0.000179716
0.000179716
0.000179717
0.000179718
0.000179718
0.000179719
0.000179719
0.000179719
0.00017972
0.00017972
0.00017972
0.000179721
0.000179721
0.000179721
0.000179722
0.000179722
0.000179722
0.000179723
0.000179723
0.000179723
0.000179723
0.000179723
0.000179724
0.000179724
0.000179724
0.000179724
0.000179724
0.000179724
0.000179724
0.000179724
0.000179724
0.000179725
0.000179725
0.000179725
0.000179725
0.000179725
0.000179725
0.000179725
0.000179725
0.000179725
0.000179725
0.000179725
0.000179725
0.000179725
0.000179725
0.000179725
0.000179726
0.000179726
0.000179726
0.000179726
0.000179726
0.000179726
0.000179726
0.000179726
0.000179726
0.000179726
0.000179726
0.000179726
0.000179726
0.000179726
0.000179726
0.000179725
0.000179725
0.000179725
0.000179725
0.000179724
0.000179724
0.000179723
0.000179723
0.000179722
0.000179721
0.000179721
0.00017972
0.00017972
0.000179719
0.000179719
0.000179719
0.000177857
0.000177854
0.000177851
0.000177848
0.000177846
0.000177844
0.000177843
0.000177842
0.000177841
0.00017784
0.000177839
0.000177839
0.000177838
0.000177838
0.000177838
0.000177838
0.000177838
0.000177839
0.000177839
0.000177839
0.00017784
0.00017784
0.000177841
0.000177842
0.000177842
0.000177843
0.000177844
0.000177844
0.000177845
0.000177846
0.000177846
0.000177847
0.000177848
0.000177849
0.00017785
0.00017785
0.000177851
0.000177852
0.000177853
0.000177853
0.000177854
0.000177855
0.000177856
0.000177856
0.000177857
0.000177858
0.000177858
0.000177859
0.000177859
0.00017786
0.00017786
0.00017786
0.000177861
0.000177861
0.000177861
0.000177862
0.000177862
0.000177862
0.000177863
0.000177863
0.000177863
0.000177863
0.000177864
0.000177864
0.000177864
0.000177864
0.000177864
0.000177864
0.000177864
0.000177864
0.000177865
0.000177865
0.000177865
0.000177865
0.000177865
0.000177865
0.000177865
0.000177865
0.000177865
0.000177865
0.000177865
0.000177866
0.000177866
0.000177866
0.000177866
0.000177866
0.000177866
0.000177866
0.000177866
0.000177866
0.000177866
0.000177866
0.000177866
0.000177866
0.000177866
0.000177866
0.000177866
0.000177866
0.000177866
0.000177866
0.000177866
0.000177866
0.000177866
0.000177866
0.000177866
0.000177866
0.000177866
0.000177865
0.000177865
0.000177864
0.000177864
0.000177863
0.000177863
0.000177862
0.000177862
0.000177861
0.000177861
0.00017786
0.000177859
0.00017786
0.000175596
0.000175592
0.000175589
0.000175587
0.000175585
0.000175583
0.000175582
0.000175581
0.000175579
0.000175579
0.000175578
0.000175577
0.000175577
0.000175577
0.000175577
0.000175577
0.000175577
0.000175578
0.000175578
0.000175578
0.000175579
0.000175579
0.00017558
0.000175581
0.000175581
0.000175582
0.000175583
0.000175583
0.000175584
0.000175585
0.000175585
0.000175586
0.000175587
0.000175588
0.000175588
0.000175589
0.00017559
0.000175591
0.000175591
0.000175592
0.000175593
0.000175594
0.000175594
0.000175595
0.000175596
0.000175596
0.000175597
0.000175597
0.000175598
0.000175598
0.000175599
0.000175599
0.000175599
0.0001756
0.0001756
0.0001756
0.000175601
0.000175601
0.000175601
0.000175602
0.000175602
0.000175602
0.000175602
0.000175602
0.000175602
0.000175603
0.000175603
0.000175603
0.000175603
0.000175603
0.000175603
0.000175603
0.000175603
0.000175603
0.000175603
0.000175604
0.000175604
0.000175604
0.000175604
0.000175604
0.000175604
0.000175604
0.000175604
0.000175604
0.000175604
0.000175604
0.000175604
0.000175604
0.000175604
0.000175604
0.000175604
0.000175604
0.000175604
0.000175605
0.000175605
0.000175605
0.000175605
0.000175605
0.000175605
0.000175605
0.000175605
0.000175605
0.000175605
0.000175605
0.000175604
0.000175604
0.000175604
0.000175604
0.000175603
0.000175603
0.000175603
0.000175602
0.000175602
0.000175601
0.000175601
0.0001756
0.0001756
0.000175599
0.000175598
0.000175599
0.000172856
0.000172853
0.00017285
0.000172847
0.000172845
0.000172843
0.000172842
0.000172841
0.00017284
0.000172839
0.000172838
0.000172838
0.000172838
0.000172837
0.000172838
0.000172838
0.000172838
0.000172838
0.000172839
0.000172839
0.00017284
0.00017284
0.000172841
0.000172841
0.000172842
0.000172843
0.000172843
0.000172844
0.000172845
0.000172845
0.000172846
0.000172847
0.000172847
0.000172848
0.000172849
0.00017285
0.00017285
0.000172851
0.000172852
0.000172852
0.000172853
0.000172854
0.000172855
0.000172855
0.000172856
0.000172857
0.000172857
0.000172858
0.000172858
0.000172858
0.000172859
0.000172859
0.00017286
0.00017286
0.00017286
0.00017286
0.000172861
0.000172861
0.000172861
0.000172862
0.000172862
0.000172862
0.000172862
0.000172862
0.000172862
0.000172863
0.000172863
0.000172863
0.000172863
0.000172863
0.000172863
0.000172863
0.000172863
0.000172863
0.000172863
0.000172864
0.000172864
0.000172864
0.000172864
0.000172864
0.000172864
0.000172864
0.000172864
0.000172864
0.000172864
0.000172864
0.000172864
0.000172864
0.000172864
0.000172864
0.000172864
0.000172864
0.000172864
0.000172864
0.000172864
0.000172865
0.000172865
0.000172865
0.000172865
0.000172865
0.000172865
0.000172865
0.000172865
0.000172865
0.000172865
0.000172864
0.000172864
0.000172864
0.000172864
0.000172863
0.000172863
0.000172863
0.000172862
0.000172862
0.000172861
0.000172861
0.00017286
0.00017286
0.000172859
0.000172859
0.000169541
0.000169538
0.000169535
0.000169532
0.00016953
0.000169528
0.000169527
0.000169526
0.000169525
0.000169524
0.000169523
0.000169523
0.000169523
0.000169522
0.000169522
0.000169523
0.000169523
0.000169523
0.000169524
0.000169524
0.000169525
0.000169525
0.000169526
0.000169526
0.000169527
0.000169528
0.000169528
0.000169529
0.00016953
0.00016953
0.000169531
0.000169532
0.000169532
0.000169533
0.000169534
0.000169534
0.000169535
0.000169536
0.000169536
0.000169537
0.000169538
0.000169538
0.000169539
0.00016954
0.00016954
0.000169541
0.000169542
0.000169542
0.000169542
0.000169543
0.000169543
0.000169544
0.000169544
0.000169544
0.000169545
0.000169545
0.000169545
0.000169545
0.000169546
0.000169546
0.000169546
0.000169546
0.000169546
0.000169547
0.000169547
0.000169547
0.000169547
0.000169547
0.000169547
0.000169547
0.000169547
0.000169547
0.000169547
0.000169548
0.000169548
0.000169548
0.000169548
0.000169548
0.000169548
0.000169548
0.000169548
0.000169548
0.000169548
0.000169548
0.000169548
0.000169548
0.000169548
0.000169548
0.000169548
0.000169549
0.000169549
0.000169549
0.000169549
0.000169549
0.000169549
0.000169549
0.000169549
0.000169549
0.000169549
0.000169549
0.000169549
0.000169549
0.000169549
0.000169549
0.000169549
0.000169549
0.000169549
0.000169548
0.000169548
0.000169548
0.000169548
0.000169547
0.000169547
0.000169546
0.000169546
0.000169545
0.000169545
0.000169544
0.000169544
0.000169544
0.000165525
0.000165522
0.000165519
0.000165517
0.000165515
0.000165513
0.000165512
0.000165511
0.000165509
0.000165509
0.000165508
0.000165508
0.000165507
0.000165507
0.000165507
0.000165507
0.000165508
0.000165508
0.000165509
0.000165509
0.000165509
0.00016551
0.000165511
0.000165511
0.000165512
0.000165513
0.000165513
0.000165514
0.000165514
0.000165515
0.000165516
0.000165516
0.000165517
0.000165517
0.000165518
0.000165519
0.000165519
0.00016552
0.000165521
0.000165521
0.000165522
0.000165523
0.000165523
0.000165524
0.000165525
0.000165525
0.000165526
0.000165526
0.000165527
0.000165527
0.000165527
0.000165528
0.000165528
0.000165528
0.000165529
0.000165529
0.000165529
0.000165529
0.00016553
0.00016553
0.00016553
0.00016553
0.00016553
0.000165531
0.000165531
0.000165531
0.000165531
0.000165531
0.000165531
0.000165531
0.000165531
0.000165531
0.000165531
0.000165531
0.000165532
0.000165532
0.000165532
0.000165532
0.000165532
0.000165532
0.000165532
0.000165532
0.000165532
0.000165532
0.000165532
0.000165532
0.000165532
0.000165532
0.000165532
0.000165532
0.000165533
0.000165533
0.000165533
0.000165533
0.000165533
0.000165533
0.000165533
0.000165533
0.000165533
0.000165533
0.000165533
0.000165533
0.000165533
0.000165533
0.000165533
0.000165533
0.000165533
0.000165533
0.000165532
0.000165532
0.000165532
0.000165531
0.000165531
0.000165531
0.00016553
0.00016553
0.000165529
0.000165529
0.000165528
0.000165528
0.000160649
0.000160646
0.000160644
0.000160641
0.000160639
0.000160637
0.000160636
0.000160635
0.000160634
0.000160633
0.000160632
0.000160632
0.000160632
0.000160631
0.000160632
0.000160632
0.000160632
0.000160632
0.000160633
0.000160633
0.000160634
0.000160634
0.000160635
0.000160635
0.000160636
0.000160637
0.000160637
0.000160638
0.000160638
0.000160639
0.00016064
0.00016064
0.000160641
0.000160641
0.000160642
0.000160642
0.000160643
0.000160644
0.000160644
0.000160645
0.000160646
0.000160646
0.000160647
0.000160647
0.000160648
0.000160649
0.000160649
0.00016065
0.00016065
0.00016065
0.000160651
0.000160651
0.000160651
0.000160652
0.000160652
0.000160652
0.000160652
0.000160653
0.000160653
0.000160653
0.000160653
0.000160654
0.000160654
0.000160654
0.000160654
0.000160654
0.000160654
0.000160654
0.000160654
0.000160654
0.000160654
0.000160654
0.000160655
0.000160655
0.000160655
0.000160655
0.000160655
0.000160655
0.000160655
0.000160655
0.000160655
0.000160655
0.000160655
0.000160655
0.000160655
0.000160655
0.000160656
0.000160656
0.000160656
0.000160656
0.000160656
0.000160656
0.000160656
0.000160656
0.000160656
0.000160656
0.000160656
0.000160656
0.000160656
0.000160656
0.000160656
0.000160656
0.000160656
0.000160656
0.000160656
0.000160656
0.000160656
0.000160656
0.000160656
0.000160656
0.000160655
0.000160655
0.000160655
0.000160654
0.000160654
0.000160653
0.000160653
0.000160653
0.000160652
0.000160652
0.000154705
0.000154703
0.0001547
0.000154698
0.000154696
0.000154694
0.000154692
0.000154691
0.00015469
0.000154689
0.000154689
0.000154688
0.000154688
0.000154688
0.000154688
0.000154688
0.000154689
0.000154689
0.000154689
0.00015469
0.00015469
0.000154691
0.000154691
0.000154692
0.000154693
0.000154693
0.000154694
0.000154694
0.000154695
0.000154695
0.000154696
0.000154696
0.000154697
0.000154697
0.000154698
0.000154698
0.000154699
0.000154699
0.0001547
0.000154701
0.000154701
0.000154702
0.000154703
0.000154703
0.000154704
0.000154704
0.000154705
0.000154705
0.000154706
0.000154706
0.000154706
0.000154707
0.000154707
0.000154707
0.000154707
0.000154708
0.000154708
0.000154708
0.000154708
0.000154709
0.000154709
0.000154709
0.000154709
0.000154709
0.000154709
0.000154709
0.00015471
0.00015471
0.00015471
0.00015471
0.00015471
0.00015471
0.00015471
0.00015471
0.00015471
0.00015471
0.00015471
0.000154711
0.000154711
0.000154711
0.000154711
0.000154711
0.000154711
0.000154711
0.000154711
0.000154711
0.000154711
0.000154711
0.000154711
0.000154711
0.000154711
0.000154711
0.000154711
0.000154711
0.000154712
0.000154712
0.000154712
0.000154712
0.000154712
0.000154712
0.000154712
0.000154712
0.000154712
0.000154712
0.000154712
0.000154712
0.000154712
0.000154712
0.000154712
0.000154711
0.000154711
0.000154711
0.00015471
0.00015471
0.00015471
0.000154709
0.000154709
0.000154709
0.000154708
0.000154708
0.000147427
0.000147425
0.000147422
0.00014742
0.000147418
0.000147416
0.000147415
0.000147413
0.000147412
0.000147412
0.000147411
0.000147411
0.00014741
0.00014741
0.00014741
0.00014741
0.000147411
0.000147411
0.000147411
0.000147412
0.000147412
0.000147413
0.000147413
0.000147414
0.000147415
0.000147415
0.000147416
0.000147416
0.000147417
0.000147417
0.000147417
0.000147418
0.000147418
0.000147419
0.000147419
0.00014742
0.00014742
0.000147421
0.000147421
0.000147422
0.000147423
0.000147423
0.000147424
0.000147424
0.000147425
0.000147425
0.000147426
0.000147426
0.000147427
0.000147427
0.000147427
0.000147428
0.000147428
0.000147428
0.000147428
0.000147429
0.000147429
0.000147429
0.000147429
0.00014743
0.00014743
0.00014743
0.00014743
0.00014743
0.00014743
0.00014743
0.000147431
0.000147431
0.000147431
0.000147431
0.000147431
0.000147431
0.000147431
0.000147431
0.000147431
0.000147431
0.000147431
0.000147431
0.000147432
0.000147432
0.000147432
0.000147432
0.000147432
0.000147432
0.000147432
0.000147432
0.000147432
0.000147432
0.000147432
0.000147432
0.000147432
0.000147432
0.000147432
0.000147433
0.000147433
0.000147433
0.000147433
0.000147433
0.000147433
0.000147433
0.000147433
0.000147433
0.000147433
0.000147433
0.000147433
0.000147433
0.000147433
0.000147433
0.000147433
0.000147433
0.000147432
0.000147432
0.000147432
0.000147432
0.000147431
0.000147431
0.00014743
0.00014743
0.000147429
0.00014743
0.000138476
0.000138474
0.000138472
0.000138469
0.000138467
0.000138465
0.000138464
0.000138462
0.000138461
0.000138461
0.00013846
0.00013846
0.000138459
0.000138459
0.000138459
0.00013846
0.00013846
0.00013846
0.00013846
0.000138461
0.000138461
0.000138462
0.000138462
0.000138463
0.000138463
0.000138464
0.000138464
0.000138465
0.000138465
0.000138466
0.000138466
0.000138466
0.000138467
0.000138467
0.000138468
0.000138468
0.000138469
0.000138469
0.00013847
0.00013847
0.000138471
0.000138471
0.000138472
0.000138472
0.000138473
0.000138473
0.000138474
0.000138474
0.000138474
0.000138475
0.000138475
0.000138475
0.000138476
0.000138476
0.000138476
0.000138476
0.000138477
0.000138477
0.000138477
0.000138477
0.000138478
0.000138478
0.000138478
0.000138478
0.000138478
0.000138478
0.000138478
0.000138478
0.000138478
0.000138479
0.000138479
0.000138479
0.000138479
0.000138479
0.000138479
0.000138479
0.000138479
0.000138479
0.000138479
0.000138479
0.000138479
0.00013848
0.00013848
0.00013848
0.00013848
0.00013848
0.00013848
0.00013848
0.00013848
0.00013848
0.00013848
0.00013848
0.00013848
0.00013848
0.00013848
0.00013848
0.00013848
0.00013848
0.000138481
0.000138481
0.000138481
0.000138481
0.000138481
0.000138481
0.000138481
0.000138481
0.000138481
0.000138481
0.000138481
0.000138481
0.00013848
0.00013848
0.00013848
0.00013848
0.000138479
0.000138479
0.000138479
0.000138478
0.000138478
0.000138478
0.000127437
0.000127435
0.000127433
0.000127431
0.000127429
0.000127427
0.000127425
0.000127424
0.000127423
0.000127422
0.000127422
0.000127421
0.000127421
0.000127421
0.000127421
0.000127421
0.000127421
0.000127422
0.000127422
0.000127422
0.000127423
0.000127423
0.000127423
0.000127424
0.000127424
0.000127425
0.000127425
0.000127426
0.000127426
0.000127427
0.000127427
0.000127427
0.000127428
0.000127428
0.000127428
0.000127429
0.000127429
0.00012743
0.00012743
0.000127431
0.000127431
0.000127432
0.000127432
0.000127433
0.000127433
0.000127434
0.000127434
0.000127434
0.000127435
0.000127435
0.000127435
0.000127436
0.000127436
0.000127436
0.000127436
0.000127437
0.000127437
0.000127437
0.000127437
0.000127438
0.000127438
0.000127438
0.000127438
0.000127438
0.000127438
0.000127438
0.000127438
0.000127438
0.000127439
0.000127439
0.000127439
0.000127439
0.000127439
0.000127439
0.000127439
0.000127439
0.000127439
0.000127439
0.000127439
0.00012744
0.00012744
0.00012744
0.00012744
0.00012744
0.00012744
0.00012744
0.00012744
0.00012744
0.00012744
0.00012744
0.00012744
0.00012744
0.00012744
0.00012744
0.000127441
0.000127441
0.000127441
0.000127441
0.000127441
0.000127441
0.000127441
0.000127441
0.000127441
0.000127441
0.000127441
0.000127441
0.000127441
0.000127441
0.000127441
0.000127441
0.000127441
0.000127441
0.00012744
0.00012744
0.00012744
0.000127439
0.000127439
0.000127439
0.000127438
0.000127438
0.000113847
0.000113846
0.000113844
0.000113842
0.00011384
0.000113838
0.000113837
0.000113836
0.000113835
0.000113834
0.000113833
0.000113833
0.000113833
0.000113832
0.000113832
0.000113833
0.000113833
0.000113833
0.000113833
0.000113834
0.000113834
0.000113834
0.000113835
0.000113835
0.000113836
0.000113836
0.000113836
0.000113837
0.000113837
0.000113837
0.000113838
0.000113838
0.000113838
0.000113839
0.000113839
0.000113839
0.00011384
0.00011384
0.000113841
0.000113841
0.000113841
0.000113842
0.000113842
0.000113843
0.000113843
0.000113844
0.000113844
0.000113844
0.000113845
0.000113845
0.000113845
0.000113846
0.000113846
0.000113846
0.000113846
0.000113847
0.000113847
0.000113847
0.000113847
0.000113847
0.000113848
0.000113848
0.000113848
0.000113848
0.000113848
0.000113848
0.000113848
0.000113848
0.000113849
0.000113849
0.000113849
0.000113849
0.000113849
0.000113849
0.000113849
0.000113849
0.000113849
0.000113849
0.000113849
0.000113849
0.00011385
0.00011385
0.00011385
0.00011385
0.00011385
0.00011385
0.00011385
0.00011385
0.00011385
0.00011385
0.00011385
0.00011385
0.00011385
0.00011385
0.00011385
0.000113851
0.000113851
0.000113851
0.000113851
0.000113851
0.000113851
0.000113851
0.000113851
0.000113851
0.000113851
0.000113851
0.000113851
0.000113851
0.000113851
0.000113851
0.000113851
0.000113851
0.00011385
0.00011385
0.00011385
0.00011385
0.000113849
0.000113849
0.000113849
0.000113849
9.73102e-05
9.73095e-05
9.73079e-05
9.73059e-05
9.7304e-05
9.73022e-05
9.73007e-05
9.72995e-05
9.72985e-05
9.72977e-05
9.72972e-05
9.72968e-05
9.72965e-05
9.72964e-05
9.72964e-05
9.72964e-05
9.72966e-05
9.72968e-05
9.7297e-05
9.72972e-05
9.72975e-05
9.72978e-05
9.72982e-05
9.72986e-05
9.7299e-05
9.72993e-05
9.72997e-05
9.73e-05
9.73003e-05
9.73006e-05
9.73009e-05
9.73011e-05
9.73014e-05
9.73017e-05
9.7302e-05
9.73023e-05
9.73026e-05
9.7303e-05
9.73033e-05
9.73037e-05
9.73041e-05
9.73045e-05
9.7305e-05
9.73054e-05
9.73057e-05
9.73061e-05
9.73065e-05
9.73068e-05
9.73071e-05
9.73074e-05
9.73077e-05
9.73079e-05
9.73082e-05
9.73084e-05
9.73086e-05
9.73088e-05
9.7309e-05
9.73092e-05
9.73094e-05
9.73096e-05
9.73098e-05
9.73099e-05
9.731e-05
9.73102e-05
9.73103e-05
9.73104e-05
9.73105e-05
9.73105e-05
9.73106e-05
9.73107e-05
9.73108e-05
9.73109e-05
9.7311e-05
9.73111e-05
9.73112e-05
9.73113e-05
9.73113e-05
9.73114e-05
9.73115e-05
9.73115e-05
9.73116e-05
9.73117e-05
9.73117e-05
9.73118e-05
9.73119e-05
9.73119e-05
9.7312e-05
9.73121e-05
9.73121e-05
9.73122e-05
9.73123e-05
9.73123e-05
9.73124e-05
9.73125e-05
9.73125e-05
9.73125e-05
9.73126e-05
9.73126e-05
9.73127e-05
9.73127e-05
9.73128e-05
9.73128e-05
9.73128e-05
9.73129e-05
9.73129e-05
9.73129e-05
9.7313e-05
9.7313e-05
9.7313e-05
9.73129e-05
9.73128e-05
9.73127e-05
9.73126e-05
9.73124e-05
9.73122e-05
9.7312e-05
9.73117e-05
9.73115e-05
9.7311e-05
9.73109e-05
7.77945e-05
7.7794e-05
7.77927e-05
7.77909e-05
7.77892e-05
7.77876e-05
7.77862e-05
7.77851e-05
7.77842e-05
7.77835e-05
7.7783e-05
7.77826e-05
7.77824e-05
7.77822e-05
7.77822e-05
7.77822e-05
7.77823e-05
7.77824e-05
7.77826e-05
7.77828e-05
7.77831e-05
7.77833e-05
7.77836e-05
7.77839e-05
7.77842e-05
7.77845e-05
7.77848e-05
7.77851e-05
7.77853e-05
7.77856e-05
7.77858e-05
7.7786e-05
7.77863e-05
7.77865e-05
7.77868e-05
7.7787e-05
7.77873e-05
7.77876e-05
7.77879e-05
7.77882e-05
7.77885e-05
7.77889e-05
7.77892e-05
7.77896e-05
7.77899e-05
7.77902e-05
7.77905e-05
7.77908e-05
7.77911e-05
7.77914e-05
7.77916e-05
7.77918e-05
7.7792e-05
7.77922e-05
7.77924e-05
7.77926e-05
7.77928e-05
7.7793e-05
7.77932e-05
7.77933e-05
7.77935e-05
7.77936e-05
7.77937e-05
7.77938e-05
7.77939e-05
7.7794e-05
7.77941e-05
7.77942e-05
7.77943e-05
7.77943e-05
7.77944e-05
7.77945e-05
7.77946e-05
7.77947e-05
7.77947e-05
7.77948e-05
7.77949e-05
7.7795e-05
7.7795e-05
7.77951e-05
7.77952e-05
7.77952e-05
7.77953e-05
7.77953e-05
7.77954e-05
7.77954e-05
7.77955e-05
7.77956e-05
7.77956e-05
7.77957e-05
7.77958e-05
7.77958e-05
7.77959e-05
7.77959e-05
7.7796e-05
7.7796e-05
7.77961e-05
7.77961e-05
7.77961e-05
7.77962e-05
7.77962e-05
7.77962e-05
7.77963e-05
7.77963e-05
7.77964e-05
7.77964e-05
7.77964e-05
7.77964e-05
7.77964e-05
7.77964e-05
7.77963e-05
7.77963e-05
7.77962e-05
7.7796e-05
7.77959e-05
7.77957e-05
7.77955e-05
7.77952e-05
7.77949e-05
7.77947e-05
5.62267e-05
5.62264e-05
5.62254e-05
5.6224e-05
5.62226e-05
5.62213e-05
5.62201e-05
5.62192e-05
5.62185e-05
5.62179e-05
5.62174e-05
5.62171e-05
5.62169e-05
5.62168e-05
5.62167e-05
5.62167e-05
5.62168e-05
5.62169e-05
5.6217e-05
5.62171e-05
5.62173e-05
5.62175e-05
5.62177e-05
5.6218e-05
5.62182e-05
5.62184e-05
5.62187e-05
5.62189e-05
5.6219e-05
5.62192e-05
5.62194e-05
5.62196e-05
5.62198e-05
5.62199e-05
5.62201e-05
5.62203e-05
5.62205e-05
5.62207e-05
5.6221e-05
5.62212e-05
5.62215e-05
5.62218e-05
5.62221e-05
5.62223e-05
5.62226e-05
5.62229e-05
5.62231e-05
5.62233e-05
5.62235e-05
5.62237e-05
5.62239e-05
5.62241e-05
5.62243e-05
5.62245e-05
5.62246e-05
5.62248e-05
5.62249e-05
5.62251e-05
5.62252e-05
5.62253e-05
5.62255e-05
5.62256e-05
5.62257e-05
5.62258e-05
5.62258e-05
5.62259e-05
5.6226e-05
5.6226e-05
5.62261e-05
5.62262e-05
5.62262e-05
5.62263e-05
5.62264e-05
5.62265e-05
5.62265e-05
5.62266e-05
5.62266e-05
5.62267e-05
5.62268e-05
5.62268e-05
5.62269e-05
5.62269e-05
5.62269e-05
5.6227e-05
5.6227e-05
5.62271e-05
5.62272e-05
5.62272e-05
5.62273e-05
5.62273e-05
5.62274e-05
5.62274e-05
5.62275e-05
5.62275e-05
5.62275e-05
5.62276e-05
5.62276e-05
5.62276e-05
5.62277e-05
5.62277e-05
5.62277e-05
5.62278e-05
5.62278e-05
5.62278e-05
5.62279e-05
5.62279e-05
5.62279e-05
5.62279e-05
5.62279e-05
5.62279e-05
5.62279e-05
5.62278e-05
5.62277e-05
5.62277e-05
5.62275e-05
5.62274e-05
5.62272e-05
5.6227e-05
5.62268e-05
5.62266e-05
3.51043e-05
3.51042e-05
3.51035e-05
3.51025e-05
3.51015e-05
3.51006e-05
3.50998e-05
3.50992e-05
3.50987e-05
3.50982e-05
3.50979e-05
3.50977e-05
3.50975e-05
3.50974e-05
3.50974e-05
3.50974e-05
3.50974e-05
3.50974e-05
3.50975e-05
3.50976e-05
3.50977e-05
3.50979e-05
3.5098e-05
3.50982e-05
3.50983e-05
3.50985e-05
3.50986e-05
3.50987e-05
3.50989e-05
3.5099e-05
3.50991e-05
3.50992e-05
3.50993e-05
3.50995e-05
3.50996e-05
3.50997e-05
3.50999e-05
3.51e-05
3.51002e-05
3.51003e-05
3.51005e-05
3.51007e-05
3.51009e-05
3.51011e-05
3.51012e-05
3.51014e-05
3.51016e-05
3.51017e-05
3.51019e-05
3.5102e-05
3.51022e-05
3.51023e-05
3.51024e-05
3.51025e-05
3.51026e-05
3.51027e-05
3.51029e-05
3.5103e-05
3.51031e-05
3.51031e-05
3.51032e-05
3.51033e-05
3.51034e-05
3.51034e-05
3.51035e-05
3.51035e-05
3.51036e-05
3.51036e-05
3.51037e-05
3.51037e-05
3.51038e-05
3.51038e-05
3.51039e-05
3.51039e-05
3.5104e-05
3.5104e-05
3.51041e-05
3.51041e-05
3.51041e-05
3.51042e-05
3.51042e-05
3.51042e-05
3.51043e-05
3.51043e-05
3.51043e-05
3.51044e-05
3.51044e-05
3.51045e-05
3.51045e-05
3.51045e-05
3.51046e-05
3.51046e-05
3.51046e-05
3.51047e-05
3.51047e-05
3.51047e-05
3.51047e-05
3.51048e-05
3.51048e-05
3.51048e-05
3.51048e-05
3.51048e-05
3.51049e-05
3.51049e-05
3.51049e-05
3.51049e-05
3.51049e-05
3.5105e-05
3.5105e-05
3.5105e-05
3.51049e-05
3.51049e-05
3.51049e-05
3.51048e-05
3.51047e-05
3.51046e-05
3.51045e-05
3.51044e-05
3.51042e-05
3.51041e-05
1.79716e-05
1.79715e-05
1.79712e-05
1.79707e-05
1.79701e-05
1.79696e-05
1.79692e-05
1.79688e-05
1.79685e-05
1.79683e-05
1.79681e-05
1.7968e-05
1.79679e-05
1.79678e-05
1.79678e-05
1.79678e-05
1.79678e-05
1.79678e-05
1.79679e-05
1.79679e-05
1.7968e-05
1.7968e-05
1.79681e-05
1.79682e-05
1.79683e-05
1.79684e-05
1.79684e-05
1.79685e-05
1.79686e-05
1.79686e-05
1.79687e-05
1.79688e-05
1.79688e-05
1.79689e-05
1.7969e-05
1.7969e-05
1.79691e-05
1.79692e-05
1.79693e-05
1.79694e-05
1.79695e-05
1.79696e-05
1.79697e-05
1.79698e-05
1.79699e-05
1.797e-05
1.797e-05
1.79701e-05
1.79702e-05
1.79703e-05
1.79704e-05
1.79704e-05
1.79705e-05
1.79706e-05
1.79706e-05
1.79707e-05
1.79707e-05
1.79708e-05
1.79709e-05
1.79709e-05
1.7971e-05
1.7971e-05
1.7971e-05
1.79711e-05
1.79711e-05
1.79711e-05
1.79712e-05
1.79712e-05
1.79712e-05
1.79712e-05
1.79713e-05
1.79713e-05
1.79713e-05
1.79713e-05
1.79714e-05
1.79714e-05
1.79714e-05
1.79714e-05
1.79715e-05
1.79715e-05
1.79715e-05
1.79715e-05
1.79715e-05
1.79716e-05
1.79716e-05
1.79716e-05
1.79716e-05
1.79716e-05
1.79717e-05
1.79717e-05
1.79717e-05
1.79717e-05
1.79717e-05
1.79718e-05
1.79718e-05
1.79718e-05
1.79718e-05
1.79718e-05
1.79718e-05
1.79718e-05
1.79718e-05
1.79719e-05
1.79719e-05
1.79719e-05
1.79719e-05
1.79719e-05
1.79719e-05
1.79719e-05
1.79719e-05
1.79719e-05
1.79719e-05
1.79719e-05
1.79719e-05
1.79719e-05
1.79718e-05
1.79718e-05
1.79717e-05
1.79716e-05
1.79715e-05
1.79715e-05
7.09522e-06
7.09521e-06
7.09507e-06
7.09486e-06
7.09464e-06
7.09443e-06
7.09425e-06
7.0941e-06
7.09398e-06
7.09389e-06
7.09381e-06
7.09376e-06
7.09372e-06
7.09369e-06
7.09367e-06
7.09367e-06
7.09367e-06
7.09368e-06
7.0937e-06
7.09372e-06
7.09374e-06
7.09377e-06
7.0938e-06
7.09383e-06
7.09387e-06
7.0939e-06
7.09393e-06
7.09396e-06
7.09398e-06
7.09401e-06
7.09404e-06
7.09406e-06
7.09409e-06
7.09411e-06
7.09414e-06
7.09417e-06
7.0942e-06
7.09423e-06
7.09427e-06
7.0943e-06
7.09434e-06
7.09438e-06
7.09443e-06
7.09447e-06
7.09451e-06
7.09454e-06
7.09458e-06
7.09461e-06
7.09465e-06
7.09468e-06
7.09471e-06
7.09474e-06
7.09477e-06
7.09479e-06
7.09482e-06
7.09484e-06
7.09487e-06
7.09489e-06
7.09491e-06
7.09493e-06
7.09495e-06
7.09497e-06
7.09499e-06
7.095e-06
7.09501e-06
7.09503e-06
7.09504e-06
7.09505e-06
7.09506e-06
7.09507e-06
7.09508e-06
7.09509e-06
7.0951e-06
7.09512e-06
7.09513e-06
7.09514e-06
7.09515e-06
7.09516e-06
7.09516e-06
7.09517e-06
7.09518e-06
7.09519e-06
7.0952e-06
7.0952e-06
7.09521e-06
7.09522e-06
7.09523e-06
7.09524e-06
7.09525e-06
7.09525e-06
7.09526e-06
7.09527e-06
7.09528e-06
7.09528e-06
7.09529e-06
7.09529e-06
7.0953e-06
7.0953e-06
7.09531e-06
7.09532e-06
7.09532e-06
7.09533e-06
7.09533e-06
7.09534e-06
7.09534e-06
7.09535e-06
7.09535e-06
7.09535e-06
7.09535e-06
7.09535e-06
7.09535e-06
7.09535e-06
7.09534e-06
7.09533e-06
7.09531e-06
7.09529e-06
7.09527e-06
7.09524e-06
7.0952e-06
7.09517e-06
1.92435e-06
1.92435e-06
1.92431e-06
1.92425e-06
1.92419e-06
1.92413e-06
1.92408e-06
1.92404e-06
1.92401e-06
1.92398e-06
1.92396e-06
1.92395e-06
1.92394e-06
1.92393e-06
1.92392e-06
1.92392e-06
1.92392e-06
1.92393e-06
1.92393e-06
1.92394e-06
1.92394e-06
1.92395e-06
1.92396e-06
1.92397e-06
1.92398e-06
1.92399e-06
1.92399e-06
1.924e-06
1.92401e-06
1.92402e-06
1.92402e-06
1.92403e-06
1.92404e-06
1.92404e-06
1.92405e-06
1.92406e-06
1.92407e-06
1.92408e-06
1.92409e-06
1.9241e-06
1.92411e-06
1.92412e-06
1.92413e-06
1.92414e-06
1.92415e-06
1.92416e-06
1.92417e-06
1.92418e-06
1.92419e-06
1.9242e-06
1.92421e-06
1.92422e-06
1.92422e-06
1.92423e-06
1.92424e-06
1.92424e-06
1.92425e-06
1.92426e-06
1.92426e-06
1.92427e-06
1.92427e-06
1.92428e-06
1.92428e-06
1.92429e-06
1.92429e-06
1.92429e-06
1.9243e-06
1.9243e-06
1.9243e-06
1.92431e-06
1.92431e-06
1.92431e-06
1.92432e-06
1.92432e-06
1.92432e-06
1.92433e-06
1.92433e-06
1.92433e-06
1.92433e-06
1.92433e-06
1.92434e-06
1.92434e-06
1.92434e-06
1.92434e-06
1.92435e-06
1.92435e-06
1.92435e-06
1.92435e-06
1.92436e-06
1.92436e-06
1.92436e-06
1.92436e-06
1.92436e-06
1.92437e-06
1.92437e-06
1.92437e-06
1.92437e-06
1.92437e-06
1.92437e-06
1.92437e-06
1.92438e-06
1.92438e-06
1.92438e-06
1.92438e-06
1.92438e-06
1.92438e-06
1.92438e-06
1.92438e-06
1.92438e-06
1.92438e-06
1.92438e-06
1.92438e-06
1.92438e-06
1.92438e-06
1.92437e-06
1.92437e-06
1.92436e-06
1.92435e-06
1.92434e-06
1.92434e-06
2.65163e-07
2.65163e-07
2.65158e-07
2.6515e-07
2.65142e-07
2.65134e-07
2.65127e-07
2.65121e-07
2.65117e-07
2.65113e-07
2.6511e-07
2.65108e-07
2.65106e-07
2.65105e-07
2.65105e-07
2.65105e-07
2.65105e-07
2.65105e-07
2.65106e-07
2.65106e-07
2.65107e-07
2.65108e-07
2.65109e-07
2.65111e-07
2.65112e-07
2.65113e-07
2.65114e-07
2.65115e-07
2.65116e-07
2.65117e-07
2.65118e-07
2.65119e-07
2.6512e-07
2.65121e-07
2.65122e-07
2.65123e-07
2.65124e-07
2.65126e-07
2.65127e-07
2.65128e-07
2.6513e-07
2.65132e-07
2.65133e-07
2.65135e-07
2.65136e-07
2.65137e-07
2.65139e-07
2.6514e-07
2.65141e-07
2.65143e-07
2.65144e-07
2.65145e-07
2.65146e-07
2.65147e-07
2.65148e-07
2.65149e-07
2.6515e-07
2.65151e-07
2.65152e-07
2.65152e-07
2.65153e-07
2.65154e-07
2.65154e-07
2.65155e-07
2.65155e-07
2.65156e-07
2.65156e-07
2.65157e-07
2.65157e-07
2.65158e-07
2.65158e-07
2.65158e-07
2.65159e-07
2.65159e-07
2.6516e-07
2.6516e-07
2.6516e-07
2.65161e-07
2.65161e-07
2.65161e-07
2.65162e-07
2.65162e-07
2.65162e-07
2.65163e-07
2.65163e-07
2.65163e-07
2.65164e-07
2.65164e-07
2.65164e-07
2.65164e-07
2.65165e-07
2.65165e-07
2.65165e-07
2.65166e-07
2.65166e-07
2.65166e-07
2.65166e-07
2.65166e-07
2.65167e-07
2.65167e-07
2.65167e-07
2.65167e-07
2.65167e-07
2.65168e-07
2.65168e-07
2.65168e-07
2.65168e-07
2.65168e-07
2.65168e-07
2.65168e-07
2.65168e-07
2.65168e-07
2.65168e-07
2.65167e-07
2.65167e-07
2.65166e-07
2.65165e-07
2.65164e-07
2.65162e-07
2.65161e-07
8.24558e-09
8.24557e-09
8.24541e-09
8.24517e-09
8.24491e-09
8.24466e-09
8.24444e-09
8.24427e-09
8.24412e-09
8.24401e-09
8.24392e-09
8.24385e-09
8.24381e-09
8.24378e-09
8.24376e-09
8.24375e-09
8.24376e-09
8.24377e-09
8.24378e-09
8.24381e-09
8.24384e-09
8.24387e-09
8.24391e-09
8.24394e-09
8.24398e-09
8.24402e-09
8.24405e-09
8.24409e-09
8.24412e-09
8.24415e-09
8.24418e-09
8.24421e-09
8.24424e-09
8.24427e-09
8.2443e-09
8.24434e-09
8.24437e-09
8.24441e-09
8.24445e-09
8.2445e-09
8.24454e-09
8.24459e-09
8.24464e-09
8.24469e-09
8.24473e-09
8.24478e-09
8.24482e-09
8.24486e-09
8.2449e-09
8.24494e-09
8.24497e-09
8.24501e-09
8.24504e-09
8.24507e-09
8.2451e-09
8.24513e-09
8.24516e-09
8.24519e-09
8.24521e-09
8.24524e-09
8.24526e-09
8.24528e-09
8.2453e-09
8.24532e-09
8.24533e-09
8.24535e-09
8.24536e-09
8.24537e-09
8.24539e-09
8.2454e-09
8.24541e-09
8.24543e-09
8.24544e-09
8.24545e-09
8.24547e-09
8.24548e-09
8.24549e-09
8.2455e-09
8.24551e-09
8.24552e-09
8.24553e-09
8.24554e-09
8.24555e-09
8.24556e-09
8.24557e-09
8.24558e-09
8.24559e-09
8.2456e-09
8.24561e-09
8.24562e-09
8.24563e-09
8.24563e-09
8.24564e-09
8.24565e-09
8.24566e-09
8.24566e-09
8.24567e-09
8.24568e-09
8.24568e-09
8.24569e-09
8.2457e-09
8.2457e-09
8.24571e-09
8.24571e-09
8.24572e-09
8.24572e-09
8.24573e-09
8.24573e-09
8.24573e-09
8.24574e-09
8.24573e-09
8.24573e-09
8.24572e-09
8.2457e-09
8.24569e-09
8.24566e-09
8.24563e-09
8.2456e-09
8.24555e-09
8.24552e-09
)
;

boundaryField
{
    bottomWall
    {
        type            fixedValue;
        value           nonuniform 0();
    }
    topWall
    {
        type            fixedValue;
        value           uniform 1e-15;
    }
    sides1_half0
    {
        type            cyclic;
    }
    sides1_half1
    {
        type            cyclic;
    }
    sides2_half0
    {
        type            cyclic;
    }
    sides2_half1
    {
        type            cyclic;
    }
    inout1_half0
    {
        type            cyclic;
    }
    inout1_half1
    {
        type            cyclic;
    }
    inout2_half0
    {
        type            cyclic;
    }
    inout2_half1
    {
        type            cyclic;
    }
    procBoundary0to1
    {
        type            processor;
        value           nonuniform List<scalar> 
122
(
0.000183369
0.000183368
0.000183368
0.000183368
0.000183368
0.000183368
0.000183368
0.000183369
0.000183369
0.000183369
0.000183369
0.00018337
0.00018337
0.00018337
0.000183371
0.000183371
0.000183371
0.000183372
0.000183372
0.000183372
0.000183373
0.000183373
0.000183374
0.000183374
0.000183374
0.000183375
0.000183375
0.000183376
0.000183376
0.000183376
0.000183377
0.000183377
0.000183378
0.000183378
0.000183379
0.000183379
0.000183379
0.00018338
0.00018338
0.00018338
0.000183381
0.000183381
0.000183381
0.000183382
0.000183382
0.000183382
0.000183383
0.000183383
0.000183383
0.000183384
0.000183384
0.000183384
0.000183384
0.000183384
0.000183385
0.000183385
0.000183385
0.000183385
0.000183385
0.000183385
0.000183385
0.000183386
0.000183386
0.000183386
0.000183386
0.000183386
0.000183386
0.000183386
0.000183386
0.000183386
0.000183386
0.000183386
0.000183386
0.000183386
0.000183386
0.000183386
0.000183386
0.000183971
0.00018397
0.000183969
0.000183968
0.000183967
0.000183966
0.000183965
0.000183964
0.000183964
0.000183963
0.000183963
0.000183962
0.000183962
0.000183961
0.000183961
0.000183961
0.000183961
0.00018396
0.00018396
0.00018396
0.00018396
0.00018396
0.00018396
0.000183961
0.000183961
0.000183978
0.000183978
0.000183978
0.000183978
0.000183978
0.000183978
0.000183978
0.000183978
0.000183978
0.000183978
0.000183977
0.000183977
0.000183977
0.000183976
0.000183976
0.000183976
0.000183975
0.000183975
0.000183974
0.000183975
)
;
    }
}


// ************************************************************************* //
