/*--------------------------------*- C++ -*----------------------------------*\
  =========                 |
  \\      /  F ield         | OpenFOAM: The Open Source CFD Toolbox
   \\    /   O peration     | Website:  https://openfoam.org
    \\  /    A nd           | Version:  7
     \\/     M anipulation  |
\*---------------------------------------------------------------------------*/
FoamFile
{
    version     2.0;
    format      ascii;
    class       volScalarField;
    location    "3500";
    object      nut;
}
// * * * * * * * * * * * * * * * * * * * * * * * * * * * * * * * * * * * * * //

dimensions      [0 2 -1 0 0 0 0];

internalField   nonuniform List<scalar> 
4037
(
0.000288867
0.000288875
0.00028888
0.000288884
0.000288887
0.00028889
0.000288892
0.000288894
0.000288896
0.000288898
0.0002889
0.000288901
0.000288903
0.000288904
0.000288905
0.000288907
0.000288908
0.000288909
0.00028891
0.000288911
0.000288912
0.000288913
0.000288914
0.000288915
0.000288916
0.000288917
0.000288918
0.000288919
0.00028892
0.000288921
0.000288922
0.000288923
0.000288923
0.000288924
0.000288925
0.000288926
0.000288927
0.000288927
0.000288928
0.000288929
0.000288929
0.00028893
0.000288931
0.000288931
0.000288932
0.000288933
0.000288933
0.000288934
0.000288934
0.000288935
0.000288936
0.000288936
0.000288937
0.000288937
0.000288938
0.000288938
0.000288938
0.000288939
0.000288939
0.00028894
0.00028894
0.00028894
0.000288941
0.000288941
0.000288941
0.000288942
0.000288942
0.000288942
0.000288942
0.000288943
0.000288943
0.000288943
0.000288943
0.000288943
0.000288943
0.000288943
0.000288945
0.00027421
0.000274203
0.000274202
0.000274202
0.000274202
0.000274201
0.000274201
0.000274201
0.000274201
0.000274201
0.000274202
0.000274202
0.000274203
0.000274203
0.000274203
0.000274204
0.000274204
0.000274204
0.000274204
0.000274205
0.000274205
0.000274205
0.000274206
0.000274205
0.000274222
0.000274232
0.000274238
0.000274243
0.000274246
0.000274249
0.000274252
0.000274254
0.000274256
0.000274258
0.00027426
0.000274262
0.000274263
0.000274265
0.000274266
0.000274267
0.000274269
0.00027427
0.000274271
0.000274272
0.000274273
0.000274274
0.000274275
0.000274276
0.000274277
0.000274278
0.000274279
0.00027428
0.000274281
0.000274282
0.000274283
0.000274283
0.000274284
0.000274285
0.000274286
0.000274287
0.000274288
0.000274288
0.000274289
0.00027429
0.00027429
0.000274291
0.000274292
0.000274292
0.000274293
0.000274293
0.000274294
0.000274295
0.000274295
0.000274296
0.000274296
0.000274297
0.000274297
0.000274298
0.000274298
0.000274299
0.000274299
0.000274299
0.0002743
0.0002743
0.0002743
0.000274301
0.000274301
0.000274301
0.000274302
0.000274302
0.000274302
0.000274302
0.000274303
0.000274303
0.000274303
0.000274303
0.000274303
0.000274303
0.000274304
0.000274303
0.000274306
0.000274279
0.000274268
0.000274264
0.000274261
0.000274258
0.000274256
0.000274254
0.000274252
0.00027425
0.000274249
0.000274247
0.000274246
0.000274244
0.000274243
0.000274241
0.00027424
0.000274239
0.000274236
0.00027424
0.00025997
0.000259962
0.000259961
0.00025996
0.00025996
0.00025996
0.000259959
0.000259959
0.000259959
0.00025996
0.00025996
0.00025996
0.000259961
0.000259961
0.000259962
0.000259962
0.000259962
0.000259963
0.000259963
0.000259963
0.000259964
0.000259964
0.000259964
0.000259964
0.000259972
0.000259979
0.000259986
0.00025999
0.000259994
0.000259997
0.000259999
0.000260002
0.000260004
0.000260006
0.000260008
0.000260009
0.000260011
0.000260012
0.000260014
0.000260015
0.000260017
0.000260018
0.000260019
0.00026002
0.000260021
0.000260022
0.000260023
0.000260024
0.000260025
0.000260026
0.000260027
0.000260028
0.000260029
0.00026003
0.00026003
0.000260031
0.000260032
0.000260033
0.000260034
0.000260035
0.000260035
0.000260036
0.000260037
0.000260037
0.000260038
0.000260039
0.000260039
0.00026004
0.00026004
0.000260041
0.000260041
0.000260042
0.000260043
0.000260043
0.000260044
0.000260044
0.000260045
0.000260045
0.000260045
0.000260046
0.000260046
0.000260047
0.000260047
0.000260047
0.000260048
0.000260048
0.000260048
0.000260049
0.000260049
0.000260049
0.000260049
0.00026005
0.00026005
0.00026005
0.00026005
0.00026005
0.00026005
0.00026005
0.000260051
0.00026005
0.000260052
0.00026004
0.00026003
0.000260024
0.000260021
0.000260018
0.000260016
0.000260013
0.000260012
0.00026001
0.000260008
0.000260006
0.000260005
0.000260003
0.000260002
0.000260001
0.000259999
0.000259998
0.000259996
0.00026
0.000246095
0.000246087
0.000246085
0.000246084
0.000246084
0.000246084
0.000246083
0.000246083
0.000246083
0.000246083
0.000246084
0.000246084
0.000246085
0.000246085
0.000246085
0.000246086
0.000246086
0.000246087
0.000246087
0.000246087
0.000246088
0.000246088
0.000246089
0.000246088
0.000246092
0.000246097
0.000246102
0.000246106
0.00024611
0.000246113
0.000246115
0.000246118
0.00024612
0.000246122
0.000246123
0.000246125
0.000246127
0.000246128
0.00024613
0.000246131
0.000246132
0.000246134
0.000246135
0.000246136
0.000246137
0.000246138
0.000246139
0.00024614
0.000246141
0.000246142
0.000246143
0.000246144
0.000246144
0.000246145
0.000246146
0.000246147
0.000246148
0.000246148
0.000246149
0.00024615
0.000246151
0.000246151
0.000246152
0.000246153
0.000246153
0.000246154
0.000246154
0.000246155
0.000246155
0.000246156
0.000246157
0.000246157
0.000246158
0.000246158
0.000246159
0.000246159
0.000246159
0.00024616
0.00024616
0.000246161
0.000246161
0.000246161
0.000246162
0.000246162
0.000246162
0.000246163
0.000246163
0.000246163
0.000246163
0.000246164
0.000246164
0.000246164
0.000246164
0.000246165
0.000246165
0.000246165
0.000246165
0.000246165
0.000246165
0.000246165
0.000246166
0.000246161
0.000246154
0.000246149
0.000246145
0.000246142
0.00024614
0.000246138
0.000246136
0.000246134
0.000246132
0.000246131
0.000246129
0.000246128
0.000246127
0.000246125
0.000246124
0.000246123
0.000246121
0.000246125
0.000232567
0.00023256
0.000232557
0.000232557
0.000232556
0.000232556
0.000232556
0.000232555
0.000232555
0.000232556
0.000232556
0.000232556
0.000232557
0.000232557
0.000232558
0.000232558
0.000232558
0.000232559
0.000232559
0.00023256
0.00023256
0.00023256
0.000232561
0.000232561
0.000232563
0.000232566
0.00023257
0.000232573
0.000232576
0.000232579
0.000232581
0.000232583
0.000232585
0.000232587
0.000232589
0.000232591
0.000232592
0.000232594
0.000232595
0.000232596
0.000232598
0.000232599
0.0002326
0.000232601
0.000232602
0.000232603
0.000232604
0.000232605
0.000232606
0.000232607
0.000232608
0.000232609
0.00023261
0.00023261
0.000232611
0.000232612
0.000232613
0.000232613
0.000232614
0.000232615
0.000232616
0.000232616
0.000232617
0.000232617
0.000232618
0.000232619
0.000232619
0.00023262
0.00023262
0.000232621
0.000232621
0.000232622
0.000232622
0.000232623
0.000232623
0.000232623
0.000232624
0.000232624
0.000232625
0.000232625
0.000232625
0.000232626
0.000232626
0.000232626
0.000232626
0.000232627
0.000232627
0.000232627
0.000232628
0.000232628
0.000232628
0.000232628
0.000232628
0.000232629
0.000232629
0.000232629
0.000232629
0.000232629
0.000232629
0.000232629
0.00023263
0.000232628
0.000232624
0.00023262
0.000232616
0.000232613
0.000232611
0.000232609
0.000232607
0.000232606
0.000232604
0.000232602
0.000232601
0.0002326
0.000232599
0.000232597
0.000232596
0.000232595
0.000232593
0.000232597
0.000219371
0.000219364
0.000219362
0.000219361
0.00021936
0.00021936
0.00021936
0.000219359
0.000219359
0.000219359
0.00021936
0.00021936
0.000219361
0.000219361
0.000219362
0.000219362
0.000219362
0.000219363
0.000219363
0.000219364
0.000219364
0.000219364
0.000219365
0.000219365
0.000219366
0.000219368
0.000219371
0.000219373
0.000219376
0.000219378
0.000219381
0.000219383
0.000219384
0.000219386
0.000219388
0.000219389
0.000219391
0.000219392
0.000219394
0.000219395
0.000219396
0.000219397
0.000219399
0.0002194
0.000219401
0.000219402
0.000219403
0.000219404
0.000219404
0.000219405
0.000219406
0.000219407
0.000219408
0.000219408
0.000219409
0.00021941
0.000219411
0.000219411
0.000219412
0.000219413
0.000219413
0.000219414
0.000219415
0.000219415
0.000219416
0.000219416
0.000219417
0.000219417
0.000219418
0.000219418
0.000219419
0.000219419
0.000219419
0.00021942
0.00021942
0.000219421
0.000219421
0.000219421
0.000219422
0.000219422
0.000219422
0.000219423
0.000219423
0.000219423
0.000219424
0.000219424
0.000219424
0.000219424
0.000219425
0.000219425
0.000219425
0.000219425
0.000219425
0.000219425
0.000219426
0.000219426
0.000219426
0.000219426
0.000219426
0.000219426
0.000219426
0.000219426
0.000219423
0.000219421
0.000219418
0.000219415
0.000219413
0.000219412
0.00021941
0.000219408
0.000219407
0.000219405
0.000219404
0.000219403
0.000219402
0.000219401
0.0002194
0.000219399
0.000219396
0.000219401
0.000206492
0.000206485
0.000206483
0.000206482
0.000206481
0.000206481
0.00020648
0.00020648
0.00020648
0.00020648
0.000206481
0.000206481
0.000206481
0.000206482
0.000206482
0.000206483
0.000206483
0.000206484
0.000206484
0.000206484
0.000206485
0.000206485
0.000206486
0.000206486
0.000206487
0.000206488
0.00020649
0.000206492
0.000206494
0.000206496
0.000206498
0.0002065
0.000206501
0.000206503
0.000206505
0.000206506
0.000206507
0.000206509
0.00020651
0.000206511
0.000206513
0.000206514
0.000206515
0.000206516
0.000206517
0.000206518
0.000206519
0.00020652
0.00020652
0.000206521
0.000206522
0.000206523
0.000206524
0.000206524
0.000206525
0.000206526
0.000206526
0.000206527
0.000206528
0.000206528
0.000206529
0.000206529
0.00020653
0.000206531
0.000206531
0.000206532
0.000206532
0.000206532
0.000206533
0.000206533
0.000206534
0.000206534
0.000206535
0.000206535
0.000206535
0.000206536
0.000206536
0.000206536
0.000206537
0.000206537
0.000206537
0.000206537
0.000206538
0.000206538
0.000206538
0.000206538
0.000206539
0.000206539
0.000206539
0.000206539
0.00020654
0.00020654
0.00020654
0.00020654
0.00020654
0.00020654
0.00020654
0.00020654
0.00020654
0.00020654
0.000206541
0.000206541
0.000206539
0.000206538
0.000206536
0.000206534
0.000206532
0.00020653
0.000206529
0.000206527
0.000206526
0.000206525
0.000206524
0.000206522
0.000206521
0.00020652
0.000206519
0.000206519
0.000206516
0.000206521
0.000193916
0.000193909
0.000193907
0.000193906
0.000193905
0.000193905
0.000193905
0.000193904
0.000193904
0.000193904
0.000193905
0.000193905
0.000193905
0.000193906
0.000193906
0.000193907
0.000193907
0.000193908
0.000193908
0.000193908
0.000193909
0.000193909
0.00019391
0.00019391
0.000193911
0.000193912
0.000193913
0.000193915
0.000193916
0.000193918
0.00019392
0.000193921
0.000193923
0.000193924
0.000193926
0.000193927
0.000193928
0.000193929
0.000193931
0.000193932
0.000193933
0.000193934
0.000193935
0.000193936
0.000193937
0.000193938
0.000193939
0.00019394
0.000193941
0.000193941
0.000193942
0.000193943
0.000193943
0.000193944
0.000193945
0.000193945
0.000193946
0.000193947
0.000193947
0.000193948
0.000193948
0.000193949
0.000193949
0.00019395
0.00019395
0.000193951
0.000193951
0.000193952
0.000193952
0.000193952
0.000193953
0.000193953
0.000193954
0.000193954
0.000193954
0.000193955
0.000193955
0.000193955
0.000193955
0.000193956
0.000193956
0.000193956
0.000193956
0.000193957
0.000193957
0.000193957
0.000193957
0.000193958
0.000193958
0.000193958
0.000193958
0.000193958
0.000193958
0.000193959
0.000193959
0.000193959
0.000193959
0.000193959
0.000193959
0.000193959
0.000193959
0.000193959
0.000193959
0.000193958
0.000193956
0.000193955
0.000193953
0.000193952
0.000193951
0.000193949
0.000193948
0.000193947
0.000193946
0.000193945
0.000193944
0.000193943
0.000193942
0.000193941
0.000193939
0.000193944
0.000181631
0.000181625
0.000181622
0.000181621
0.000181621
0.00018162
0.00018162
0.00018162
0.00018162
0.00018162
0.00018162
0.000181621
0.000181621
0.000181621
0.000181622
0.000181622
0.000181623
0.000181623
0.000181623
0.000181624
0.000181624
0.000181625
0.000181625
0.000181626
0.000181626
0.000181627
0.000181628
0.000181629
0.00018163
0.000181632
0.000181633
0.000181634
0.000181636
0.000181637
0.000181638
0.00018164
0.000181641
0.000181642
0.000181643
0.000181644
0.000181645
0.000181646
0.000181647
0.000181648
0.000181649
0.00018165
0.000181651
0.000181652
0.000181652
0.000181653
0.000181654
0.000181655
0.000181655
0.000181656
0.000181656
0.000181657
0.000181658
0.000181658
0.000181659
0.000181659
0.00018166
0.00018166
0.000181661
0.000181661
0.000181662
0.000181662
0.000181662
0.000181663
0.000181663
0.000181663
0.000181664
0.000181664
0.000181665
0.000181665
0.000181665
0.000181665
0.000181666
0.000181666
0.000181666
0.000181666
0.000181667
0.000181667
0.000181667
0.000181667
0.000181668
0.000181668
0.000181668
0.000181668
0.000181668
0.000181668
0.000181669
0.000181669
0.000181669
0.000181669
0.000181669
0.000181669
0.000181669
0.000181669
0.000181669
0.000181669
0.000181669
0.00018167
0.000181669
0.000181669
0.000181668
0.000181667
0.000181666
0.000181664
0.000181663
0.000181662
0.000181661
0.00018166
0.000181659
0.000181658
0.000181658
0.000181657
0.000181656
0.000181655
0.000181653
0.000181657
0.000169628
0.000169621
0.000169619
0.000169618
0.000169617
0.000169617
0.000169617
0.000169617
0.000169616
0.000169617
0.000169617
0.000169617
0.000169617
0.000169618
0.000169618
0.000169619
0.000169619
0.000169619
0.00016962
0.00016962
0.000169621
0.000169621
0.000169622
0.000169622
0.000169623
0.000169623
0.000169624
0.000169625
0.000169626
0.000169627
0.000169628
0.000169629
0.000169631
0.000169632
0.000169633
0.000169634
0.000169635
0.000169636
0.000169637
0.000169638
0.000169639
0.00016964
0.000169641
0.000169642
0.000169643
0.000169644
0.000169644
0.000169645
0.000169646
0.000169647
0.000169647
0.000169648
0.000169648
0.000169649
0.00016965
0.00016965
0.000169651
0.000169651
0.000169652
0.000169652
0.000169653
0.000169653
0.000169654
0.000169654
0.000169654
0.000169655
0.000169655
0.000169655
0.000169656
0.000169656
0.000169656
0.000169657
0.000169657
0.000169657
0.000169657
0.000169658
0.000169658
0.000169658
0.000169658
0.000169659
0.000169659
0.000169659
0.000169659
0.000169659
0.00016966
0.00016966
0.00016966
0.00016966
0.00016966
0.00016966
0.00016966
0.000169661
0.000169661
0.000169661
0.000169661
0.000169661
0.000169661
0.000169661
0.000169661
0.000169661
0.000169661
0.000169661
0.000169661
0.000169661
0.00016966
0.00016966
0.000169659
0.000169658
0.000169657
0.000169656
0.000169655
0.000169654
0.000169654
0.000169653
0.000169652
0.000169651
0.00016965
0.00016965
0.000169648
0.000169652
0.000157896
0.00015789
0.000157888
0.000157887
0.000157886
0.000157886
0.000157886
0.000157885
0.000157885
0.000157885
0.000157886
0.000157886
0.000157886
0.000157886
0.000157887
0.000157887
0.000157888
0.000157888
0.000157888
0.000157889
0.000157889
0.00015789
0.00015789
0.000157891
0.000157891
0.000157892
0.000157892
0.000157893
0.000157894
0.000157895
0.000157896
0.000157897
0.000157898
0.000157899
0.0001579
0.000157901
0.000157902
0.000157903
0.000157904
0.000157905
0.000157906
0.000157907
0.000157907
0.000157908
0.000157909
0.00015791
0.000157911
0.000157911
0.000157912
0.000157912
0.000157913
0.000157914
0.000157914
0.000157915
0.000157915
0.000157916
0.000157916
0.000157917
0.000157917
0.000157918
0.000157918
0.000157919
0.000157919
0.000157919
0.00015792
0.00015792
0.00015792
0.00015792
0.000157921
0.000157921
0.000157921
0.000157922
0.000157922
0.000157922
0.000157922
0.000157923
0.000157923
0.000157923
0.000157923
0.000157923
0.000157924
0.000157924
0.000157924
0.000157924
0.000157924
0.000157924
0.000157924
0.000157925
0.000157925
0.000157925
0.000157925
0.000157925
0.000157925
0.000157925
0.000157925
0.000157925
0.000157926
0.000157926
0.000157926
0.000157926
0.000157926
0.000157926
0.000157926
0.000157926
0.000157925
0.000157925
0.000157924
0.000157923
0.000157923
0.000157922
0.000157921
0.000157921
0.00015792
0.000157919
0.000157918
0.000157918
0.000157917
0.000157917
0.000157915
0.000157919
0.00014643
0.000146424
0.000146422
0.000146421
0.00014642
0.00014642
0.00014642
0.00014642
0.00014642
0.00014642
0.00014642
0.00014642
0.00014642
0.00014642
0.000146421
0.000146421
0.000146421
0.000146422
0.000146422
0.000146423
0.000146423
0.000146423
0.000146424
0.000146424
0.000146425
0.000146425
0.000146426
0.000146427
0.000146427
0.000146428
0.000146429
0.00014643
0.000146431
0.000146432
0.000146433
0.000146433
0.000146434
0.000146435
0.000146436
0.000146437
0.000146438
0.000146439
0.000146439
0.00014644
0.000146441
0.000146442
0.000146442
0.000146443
0.000146443
0.000146444
0.000146445
0.000146445
0.000146446
0.000146446
0.000146447
0.000146447
0.000146447
0.000146448
0.000146448
0.000146449
0.000146449
0.00014645
0.00014645
0.00014645
0.00014645
0.000146451
0.000146451
0.000146451
0.000146451
0.000146452
0.000146452
0.000146452
0.000146452
0.000146453
0.000146453
0.000146453
0.000146453
0.000146453
0.000146454
0.000146454
0.000146454
0.000146454
0.000146454
0.000146454
0.000146454
0.000146455
0.000146455
0.000146455
0.000146455
0.000146455
0.000146455
0.000146455
0.000146455
0.000146455
0.000146456
0.000146456
0.000146456
0.000146456
0.000146456
0.000146456
0.000146456
0.000146456
0.000146456
0.000146456
0.000146456
0.000146455
0.000146455
0.000146454
0.000146454
0.000146453
0.000146453
0.000146452
0.000146451
0.000146451
0.00014645
0.00014645
0.000146449
0.000146448
0.000146447
0.00014645
0.000135224
0.000135218
0.000135216
0.000135215
0.000135215
0.000135215
0.000135214
0.000135214
0.000135214
0.000135214
0.000135214
0.000135214
0.000135214
0.000135215
0.000135215
0.000135215
0.000135216
0.000135216
0.000135216
0.000135217
0.000135217
0.000135217
0.000135218
0.000135218
0.000135219
0.000135219
0.00013522
0.000135221
0.000135221
0.000135222
0.000135222
0.000135223
0.000135224
0.000135225
0.000135226
0.000135226
0.000135227
0.000135228
0.000135229
0.000135229
0.00013523
0.000135231
0.000135232
0.000135232
0.000135233
0.000135234
0.000135234
0.000135235
0.000135235
0.000135236
0.000135236
0.000135237
0.000135237
0.000135238
0.000135238
0.000135239
0.000135239
0.00013524
0.00013524
0.00013524
0.000135241
0.000135241
0.000135241
0.000135242
0.000135242
0.000135242
0.000135242
0.000135242
0.000135243
0.000135243
0.000135243
0.000135243
0.000135243
0.000135244
0.000135244
0.000135244
0.000135244
0.000135244
0.000135244
0.000135245
0.000135245
0.000135245
0.000135245
0.000135245
0.000135245
0.000135245
0.000135245
0.000135246
0.000135246
0.000135246
0.000135246
0.000135246
0.000135246
0.000135246
0.000135246
0.000135246
0.000135246
0.000135246
0.000135246
0.000135246
0.000135246
0.000135246
0.000135246
0.000135246
0.000135246
0.000135246
0.000135246
0.000135245
0.000135245
0.000135244
0.000135244
0.000135243
0.000135243
0.000135242
0.000135242
0.000135241
0.000135241
0.000135241
0.000135239
0.000135242
0.000124275
0.00012427
0.000124268
0.000124267
0.000124267
0.000124266
0.000124266
0.000124266
0.000124266
0.000124266
0.000124266
0.000124266
0.000124266
0.000124266
0.000124266
0.000124267
0.000124267
0.000124267
0.000124268
0.000124268
0.000124268
0.000124269
0.000124269
0.00012427
0.00012427
0.000124271
0.000124271
0.000124272
0.000124272
0.000124273
0.000124273
0.000124274
0.000124275
0.000124275
0.000124276
0.000124277
0.000124277
0.000124278
0.000124279
0.000124279
0.00012428
0.000124281
0.000124281
0.000124282
0.000124283
0.000124283
0.000124284
0.000124284
0.000124285
0.000124285
0.000124286
0.000124286
0.000124287
0.000124287
0.000124287
0.000124288
0.000124288
0.000124288
0.000124289
0.000124289
0.000124289
0.00012429
0.00012429
0.00012429
0.00012429
0.000124291
0.000124291
0.000124291
0.000124291
0.000124291
0.000124292
0.000124292
0.000124292
0.000124292
0.000124292
0.000124292
0.000124293
0.000124293
0.000124293
0.000124293
0.000124293
0.000124293
0.000124293
0.000124293
0.000124293
0.000124293
0.000124294
0.000124294
0.000124294
0.000124294
0.000124294
0.000124294
0.000124294
0.000124294
0.000124294
0.000124294
0.000124294
0.000124294
0.000124294
0.000124294
0.000124294
0.000124294
0.000124294
0.000124294
0.000124294
0.000124294
0.000124294
0.000124294
0.000124293
0.000124293
0.000124293
0.000124292
0.000124292
0.000124291
0.000124291
0.00012429
0.00012429
0.00012429
0.000124288
0.000124291
0.000113582
0.000113578
0.000113576
0.000113575
0.000113574
0.000113574
0.000113574
0.000113574
0.000113574
0.000113573
0.000113573
0.000113573
0.000113574
0.000113574
0.000113574
0.000113574
0.000113574
0.000113575
0.000113575
0.000113575
0.000113576
0.000113576
0.000113577
0.000113577
0.000113577
0.000113578
0.000113578
0.000113579
0.000113579
0.00011358
0.00011358
0.000113581
0.000113581
0.000113582
0.000113583
0.000113583
0.000113584
0.000113584
0.000113585
0.000113586
0.000113586
0.000113587
0.000113588
0.000113588
0.000113589
0.000113589
0.00011359
0.00011359
0.000113591
0.000113591
0.000113591
0.000113592
0.000113592
0.000113593
0.000113593
0.000113593
0.000113594
0.000113594
0.000113594
0.000113594
0.000113595
0.000113595
0.000113595
0.000113595
0.000113596
0.000113596
0.000113596
0.000113596
0.000113596
0.000113596
0.000113596
0.000113597
0.000113597
0.000113597
0.000113597
0.000113597
0.000113597
0.000113597
0.000113598
0.000113598
0.000113598
0.000113598
0.000113598
0.000113598
0.000113598
0.000113598
0.000113598
0.000113598
0.000113598
0.000113598
0.000113598
0.000113599
0.000113599
0.000113599
0.000113599
0.000113599
0.000113599
0.000113599
0.000113599
0.000113599
0.000113599
0.000113599
0.000113599
0.000113599
0.000113599
0.000113599
0.000113599
0.000113598
0.000113598
0.000113598
0.000113598
0.000113597
0.000113597
0.000113597
0.000113596
0.000113596
0.000113595
0.000113595
0.000113594
0.000113597
0.000103147
0.000103143
0.000103142
0.000103141
0.00010314
0.00010314
0.00010314
0.00010314
0.000103139
0.000103139
0.000103139
0.000103139
0.000103139
0.000103139
0.00010314
0.00010314
0.00010314
0.00010314
0.000103141
0.000103141
0.000103141
0.000103141
0.000103142
0.000103142
0.000103143
0.000103143
0.000103144
0.000103144
0.000103144
0.000103145
0.000103145
0.000103146
0.000103146
0.000103147
0.000103147
0.000103148
0.000103148
0.000103149
0.000103149
0.00010315
0.000103151
0.000103151
0.000103152
0.000103152
0.000103153
0.000103153
0.000103154
0.000103154
0.000103154
0.000103155
0.000103155
0.000103155
0.000103156
0.000103156
0.000103156
0.000103157
0.000103157
0.000103157
0.000103158
0.000103158
0.000103158
0.000103158
0.000103158
0.000103159
0.000103159
0.000103159
0.000103159
0.000103159
0.000103159
0.000103159
0.00010316
0.00010316
0.00010316
0.00010316
0.00010316
0.00010316
0.00010316
0.00010316
0.00010316
0.00010316
0.00010316
0.000103161
0.000103161
0.000103161
0.000103161
0.000103161
0.000103161
0.000103161
0.000103161
0.000103161
0.000103161
0.000103161
0.000103161
0.000103161
0.000103161
0.000103161
0.000103161
0.000103161
0.000103161
0.000103161
0.000103161
0.000103162
0.000103162
0.000103162
0.000103162
0.000103161
0.000103161
0.000103161
0.000103161
0.000103161
0.000103161
0.00010316
0.00010316
0.00010316
0.000103159
0.000103159
0.000103159
0.000103158
0.000103158
0.00010316
9.29748e-05
9.29716e-05
9.29701e-05
9.29693e-05
9.29687e-05
9.29683e-05
9.2968e-05
9.29678e-05
9.29675e-05
9.29673e-05
9.29672e-05
9.29672e-05
9.29673e-05
9.29673e-05
9.29675e-05
9.29676e-05
9.29678e-05
9.29681e-05
9.29683e-05
9.29686e-05
9.29689e-05
9.29692e-05
9.29696e-05
9.297e-05
9.29704e-05
9.29708e-05
9.29712e-05
9.29716e-05
9.2972e-05
9.29724e-05
9.29728e-05
9.29732e-05
9.29736e-05
9.2974e-05
9.29745e-05
9.29749e-05
9.29754e-05
9.29759e-05
9.29763e-05
9.29768e-05
9.29773e-05
9.29778e-05
9.29783e-05
9.29787e-05
9.29792e-05
9.29796e-05
9.298e-05
9.29803e-05
9.29807e-05
9.2981e-05
9.29813e-05
9.29816e-05
9.29819e-05
9.29821e-05
9.29824e-05
9.29827e-05
9.29829e-05
9.29832e-05
9.29834e-05
9.29836e-05
9.29838e-05
9.2984e-05
9.29841e-05
9.29843e-05
9.29844e-05
9.29845e-05
9.29846e-05
9.29847e-05
9.29848e-05
9.29849e-05
9.2985e-05
9.29851e-05
9.29852e-05
9.29853e-05
9.29854e-05
9.29855e-05
9.29856e-05
9.29857e-05
9.29857e-05
9.29858e-05
9.29859e-05
9.29859e-05
9.2986e-05
9.2986e-05
9.29861e-05
9.29861e-05
9.29862e-05
9.29862e-05
9.29863e-05
9.29863e-05
9.29864e-05
9.29864e-05
9.29865e-05
9.29865e-05
9.29865e-05
9.29866e-05
9.29866e-05
9.29866e-05
9.29866e-05
9.29867e-05
9.29867e-05
9.29867e-05
9.29867e-05
9.29867e-05
9.29867e-05
9.29867e-05
9.29866e-05
9.29865e-05
9.29864e-05
9.29862e-05
9.2986e-05
9.29858e-05
9.29856e-05
9.29853e-05
9.2985e-05
9.29848e-05
9.29845e-05
9.29843e-05
9.29834e-05
9.29853e-05
8.30726e-05
8.30698e-05
8.30685e-05
8.30677e-05
8.30671e-05
8.30667e-05
8.30664e-05
8.30661e-05
8.30658e-05
8.30656e-05
8.30655e-05
8.30654e-05
8.30654e-05
8.30655e-05
8.30656e-05
8.30657e-05
8.30659e-05
8.30661e-05
8.30663e-05
8.30666e-05
8.30669e-05
8.30672e-05
8.30675e-05
8.30679e-05
8.30683e-05
8.30686e-05
8.3069e-05
8.30693e-05
8.30697e-05
8.307e-05
8.30703e-05
8.30707e-05
8.30711e-05
8.30714e-05
8.30718e-05
8.30722e-05
8.30726e-05
8.3073e-05
8.30734e-05
8.30738e-05
8.30742e-05
8.30747e-05
8.30751e-05
8.30755e-05
8.30759e-05
8.30762e-05
8.30766e-05
8.30769e-05
8.30772e-05
8.30775e-05
8.30777e-05
8.3078e-05
8.30782e-05
8.30785e-05
8.30787e-05
8.30789e-05
8.30791e-05
8.30793e-05
8.30795e-05
8.30797e-05
8.30799e-05
8.308e-05
8.30801e-05
8.30803e-05
8.30804e-05
8.30805e-05
8.30806e-05
8.30806e-05
8.30807e-05
8.30808e-05
8.30809e-05
8.3081e-05
8.3081e-05
8.30811e-05
8.30812e-05
8.30813e-05
8.30813e-05
8.30814e-05
8.30815e-05
8.30815e-05
8.30815e-05
8.30816e-05
8.30816e-05
8.30817e-05
8.30817e-05
8.30818e-05
8.30818e-05
8.30818e-05
8.30819e-05
8.30819e-05
8.3082e-05
8.3082e-05
8.30821e-05
8.30821e-05
8.30821e-05
8.30821e-05
8.30822e-05
8.30822e-05
8.30822e-05
8.30822e-05
8.30822e-05
8.30822e-05
8.30823e-05
8.30823e-05
8.30823e-05
8.30823e-05
8.30822e-05
8.30822e-05
8.30821e-05
8.30819e-05
8.30818e-05
8.30816e-05
8.30814e-05
8.30812e-05
8.3081e-05
8.30807e-05
8.30805e-05
8.30803e-05
8.30796e-05
8.30811e-05
7.34523e-05
7.345e-05
7.34489e-05
7.34481e-05
7.34475e-05
7.3447e-05
7.34467e-05
7.34463e-05
7.3446e-05
7.34458e-05
7.34456e-05
7.34455e-05
7.34455e-05
7.34455e-05
7.34456e-05
7.34457e-05
7.34459e-05
7.34461e-05
7.34463e-05
7.34465e-05
7.34468e-05
7.34471e-05
7.34474e-05
7.34477e-05
7.3448e-05
7.34484e-05
7.34487e-05
7.3449e-05
7.34493e-05
7.34496e-05
7.34499e-05
7.34502e-05
7.34505e-05
7.34508e-05
7.34511e-05
7.34515e-05
7.34518e-05
7.34521e-05
7.34525e-05
7.34529e-05
7.34532e-05
7.34536e-05
7.34539e-05
7.34543e-05
7.34546e-05
7.34549e-05
7.34552e-05
7.34555e-05
7.34558e-05
7.3456e-05
7.34562e-05
7.34564e-05
7.34566e-05
7.34568e-05
7.3457e-05
7.34572e-05
7.34574e-05
7.34576e-05
7.34577e-05
7.34579e-05
7.3458e-05
7.34581e-05
7.34583e-05
7.34584e-05
7.34584e-05
7.34585e-05
7.34586e-05
7.34587e-05
7.34587e-05
7.34588e-05
7.34588e-05
7.34589e-05
7.3459e-05
7.3459e-05
7.34591e-05
7.34592e-05
7.34592e-05
7.34593e-05
7.34593e-05
7.34593e-05
7.34594e-05
7.34594e-05
7.34594e-05
7.34595e-05
7.34595e-05
7.34595e-05
7.34596e-05
7.34596e-05
7.34597e-05
7.34597e-05
7.34597e-05
7.34598e-05
7.34598e-05
7.34598e-05
7.34598e-05
7.34599e-05
7.34599e-05
7.34599e-05
7.34599e-05
7.34599e-05
7.34599e-05
7.346e-05
7.346e-05
7.346e-05
7.346e-05
7.346e-05
7.346e-05
7.34599e-05
7.34598e-05
7.34597e-05
7.34596e-05
7.34595e-05
7.34593e-05
7.34592e-05
7.3459e-05
7.34588e-05
7.34585e-05
7.34584e-05
7.34578e-05
7.3459e-05
6.41308e-05
6.41289e-05
6.41279e-05
6.41272e-05
6.41266e-05
6.41261e-05
6.41257e-05
6.41253e-05
6.4125e-05
6.41247e-05
6.41246e-05
6.41245e-05
6.41244e-05
6.41244e-05
6.41245e-05
6.41246e-05
6.41247e-05
6.41249e-05
6.41251e-05
6.41253e-05
6.41255e-05
6.41258e-05
6.4126e-05
6.41263e-05
6.41266e-05
6.41269e-05
6.41272e-05
6.41275e-05
6.41278e-05
6.4128e-05
6.41283e-05
6.41285e-05
6.41288e-05
6.4129e-05
6.41293e-05
6.41296e-05
6.41298e-05
6.41301e-05
6.41304e-05
6.41307e-05
6.4131e-05
6.41313e-05
6.41317e-05
6.41319e-05
6.41322e-05
6.41325e-05
6.41327e-05
6.4133e-05
6.41332e-05
6.41334e-05
6.41336e-05
6.41338e-05
6.4134e-05
6.41341e-05
6.41343e-05
6.41344e-05
6.41346e-05
6.41347e-05
6.41349e-05
6.4135e-05
6.41351e-05
6.41352e-05
6.41353e-05
6.41354e-05
6.41354e-05
6.41355e-05
6.41356e-05
6.41356e-05
6.41356e-05
6.41357e-05
6.41357e-05
6.41358e-05
6.41359e-05
6.41359e-05
6.4136e-05
6.4136e-05
6.4136e-05
6.41361e-05
6.41361e-05
6.41361e-05
6.41362e-05
6.41362e-05
6.41362e-05
6.41362e-05
6.41363e-05
6.41363e-05
6.41363e-05
6.41364e-05
6.41364e-05
6.41364e-05
6.41365e-05
6.41365e-05
6.41365e-05
6.41365e-05
6.41366e-05
6.41366e-05
6.41366e-05
6.41366e-05
6.41366e-05
6.41366e-05
6.41366e-05
6.41366e-05
6.41367e-05
6.41367e-05
6.41367e-05
6.41367e-05
6.41367e-05
6.41366e-05
6.41366e-05
6.41365e-05
6.41364e-05
6.41363e-05
6.41362e-05
6.4136e-05
6.41359e-05
6.41357e-05
6.41355e-05
6.41354e-05
6.41349e-05
6.41358e-05
5.51313e-05
5.51299e-05
5.5129e-05
5.51283e-05
5.51276e-05
5.51271e-05
5.51267e-05
5.51263e-05
5.5126e-05
5.51258e-05
5.51256e-05
5.51254e-05
5.51254e-05
5.51254e-05
5.51254e-05
5.51255e-05
5.51256e-05
5.51258e-05
5.51259e-05
5.51261e-05
5.51263e-05
5.51266e-05
5.51268e-05
5.51271e-05
5.51273e-05
5.51276e-05
5.51278e-05
5.51281e-05
5.51283e-05
5.51285e-05
5.51287e-05
5.51289e-05
5.51291e-05
5.51293e-05
5.51296e-05
5.51298e-05
5.513e-05
5.51302e-05
5.51305e-05
5.51307e-05
5.5131e-05
5.51313e-05
5.51315e-05
5.51318e-05
5.5132e-05
5.51322e-05
5.51324e-05
5.51326e-05
5.51328e-05
5.5133e-05
5.51331e-05
5.51333e-05
5.51334e-05
5.51336e-05
5.51337e-05
5.51338e-05
5.51339e-05
5.51341e-05
5.51342e-05
5.51343e-05
5.51344e-05
5.51345e-05
5.51345e-05
5.51346e-05
5.51346e-05
5.51347e-05
5.51347e-05
5.51348e-05
5.51348e-05
5.51348e-05
5.51349e-05
5.51349e-05
5.5135e-05
5.5135e-05
5.5135e-05
5.51351e-05
5.51351e-05
5.51351e-05
5.51352e-05
5.51352e-05
5.51352e-05
5.51352e-05
5.51353e-05
5.51353e-05
5.51353e-05
5.51353e-05
5.51353e-05
5.51354e-05
5.51354e-05
5.51354e-05
5.51355e-05
5.51355e-05
5.51355e-05
5.51355e-05
5.51355e-05
5.51355e-05
5.51356e-05
5.51356e-05
5.51356e-05
5.51356e-05
5.51356e-05
5.51356e-05
5.51356e-05
5.51356e-05
5.51356e-05
5.51356e-05
5.51356e-05
5.51356e-05
5.51356e-05
5.51355e-05
5.51355e-05
5.51354e-05
5.51353e-05
5.51352e-05
5.5135e-05
5.51349e-05
5.51347e-05
5.51346e-05
5.51342e-05
5.51348e-05
4.64858e-05
4.64847e-05
4.64839e-05
4.64832e-05
4.64826e-05
4.64821e-05
4.64817e-05
4.64813e-05
4.6481e-05
4.64807e-05
4.64805e-05
4.64804e-05
4.64804e-05
4.64803e-05
4.64804e-05
4.64804e-05
4.64806e-05
4.64807e-05
4.64808e-05
4.6481e-05
4.64812e-05
4.64813e-05
4.64816e-05
4.64818e-05
4.6482e-05
4.64822e-05
4.64824e-05
4.64826e-05
4.64828e-05
4.6483e-05
4.64831e-05
4.64833e-05
4.64835e-05
4.64837e-05
4.64838e-05
4.6484e-05
4.64842e-05
4.64844e-05
4.64846e-05
4.64848e-05
4.6485e-05
4.64852e-05
4.64854e-05
4.64856e-05
4.64858e-05
4.6486e-05
4.64862e-05
4.64863e-05
4.64865e-05
4.64866e-05
4.64868e-05
4.64869e-05
4.6487e-05
4.64871e-05
4.64872e-05
4.64873e-05
4.64874e-05
4.64875e-05
4.64876e-05
4.64877e-05
4.64878e-05
4.64878e-05
4.64879e-05
4.64879e-05
4.6488e-05
4.6488e-05
4.6488e-05
4.64881e-05
4.64881e-05
4.64881e-05
4.64882e-05
4.64882e-05
4.64882e-05
4.64883e-05
4.64883e-05
4.64883e-05
4.64883e-05
4.64884e-05
4.64884e-05
4.64884e-05
4.64884e-05
4.64884e-05
4.64885e-05
4.64885e-05
4.64885e-05
4.64885e-05
4.64885e-05
4.64886e-05
4.64886e-05
4.64886e-05
4.64886e-05
4.64886e-05
4.64887e-05
4.64887e-05
4.64887e-05
4.64887e-05
4.64887e-05
4.64887e-05
4.64887e-05
4.64887e-05
4.64887e-05
4.64888e-05
4.64888e-05
4.64888e-05
4.64888e-05
4.64888e-05
4.64888e-05
4.64888e-05
4.64887e-05
4.64887e-05
4.64887e-05
4.64886e-05
4.64885e-05
4.64884e-05
4.64883e-05
4.64882e-05
4.64881e-05
4.6488e-05
4.64877e-05
4.64881e-05
3.8238e-05
3.82373e-05
3.82366e-05
3.82359e-05
3.82354e-05
3.82349e-05
3.82344e-05
3.82341e-05
3.82338e-05
3.82335e-05
3.82334e-05
3.82333e-05
3.82332e-05
3.82332e-05
3.82332e-05
3.82333e-05
3.82334e-05
3.82335e-05
3.82336e-05
3.82337e-05
3.82339e-05
3.8234e-05
3.82342e-05
3.82344e-05
3.82345e-05
3.82347e-05
3.82349e-05
3.82351e-05
3.82352e-05
3.82353e-05
3.82355e-05
3.82356e-05
3.82357e-05
3.82359e-05
3.8236e-05
3.82362e-05
3.82363e-05
3.82365e-05
3.82366e-05
3.82368e-05
3.82369e-05
3.82371e-05
3.82373e-05
3.82375e-05
3.82376e-05
3.82378e-05
3.82379e-05
3.8238e-05
3.82382e-05
3.82383e-05
3.82384e-05
3.82385e-05
3.82386e-05
3.82387e-05
3.82387e-05
3.82388e-05
3.82389e-05
3.8239e-05
3.8239e-05
3.82391e-05
3.82392e-05
3.82392e-05
3.82393e-05
3.82393e-05
3.82393e-05
3.82394e-05
3.82394e-05
3.82394e-05
3.82394e-05
3.82394e-05
3.82395e-05
3.82395e-05
3.82395e-05
3.82395e-05
3.82396e-05
3.82396e-05
3.82396e-05
3.82396e-05
3.82397e-05
3.82397e-05
3.82397e-05
3.82397e-05
3.82397e-05
3.82397e-05
3.82397e-05
3.82398e-05
3.82398e-05
3.82398e-05
3.82398e-05
3.82398e-05
3.82398e-05
3.82399e-05
3.82399e-05
3.82399e-05
3.82399e-05
3.82399e-05
3.82399e-05
3.82399e-05
3.82399e-05
3.82399e-05
3.82399e-05
3.824e-05
3.824e-05
3.824e-05
3.824e-05
3.824e-05
3.824e-05
3.824e-05
3.824e-05
3.82399e-05
3.82399e-05
3.82399e-05
3.82398e-05
3.82397e-05
3.82396e-05
3.82396e-05
3.82394e-05
3.82394e-05
3.82391e-05
3.82393e-05
3.04492e-05
3.04487e-05
3.04481e-05
3.04475e-05
3.0447e-05
3.04465e-05
3.04461e-05
3.04458e-05
3.04455e-05
3.04453e-05
3.04452e-05
3.04451e-05
3.0445e-05
3.0445e-05
3.0445e-05
3.04451e-05
3.04452e-05
3.04452e-05
3.04453e-05
3.04454e-05
3.04456e-05
3.04457e-05
3.04458e-05
3.0446e-05
3.04461e-05
3.04462e-05
3.04464e-05
3.04465e-05
3.04466e-05
3.04467e-05
3.04468e-05
3.04469e-05
3.0447e-05
3.04471e-05
3.04472e-05
3.04474e-05
3.04475e-05
3.04476e-05
3.04477e-05
3.04478e-05
3.0448e-05
3.04481e-05
3.04482e-05
3.04484e-05
3.04485e-05
3.04486e-05
3.04487e-05
3.04488e-05
3.04489e-05
3.0449e-05
3.04491e-05
3.04492e-05
3.04492e-05
3.04493e-05
3.04494e-05
3.04494e-05
3.04495e-05
3.04495e-05
3.04496e-05
3.04497e-05
3.04497e-05
3.04497e-05
3.04498e-05
3.04498e-05
3.04498e-05
3.04498e-05
3.04499e-05
3.04499e-05
3.04499e-05
3.04499e-05
3.04499e-05
3.045e-05
3.045e-05
3.045e-05
3.045e-05
3.045e-05
3.04501e-05
3.04501e-05
3.04501e-05
3.04501e-05
3.04501e-05
3.04501e-05
3.04501e-05
3.04501e-05
3.04501e-05
3.04502e-05
3.04502e-05
3.04502e-05
3.04502e-05
3.04502e-05
3.04502e-05
3.04503e-05
3.04503e-05
3.04503e-05
3.04503e-05
3.04503e-05
3.04503e-05
3.04503e-05
3.04503e-05
3.04503e-05
3.04503e-05
3.04503e-05
3.04503e-05
3.04503e-05
3.04504e-05
3.04504e-05
3.04504e-05
3.04504e-05
3.04503e-05
3.04503e-05
3.04503e-05
3.04503e-05
3.04502e-05
3.04502e-05
3.04501e-05
3.045e-05
3.04499e-05
3.04499e-05
3.04497e-05
3.04498e-05
2.32061e-05
2.32057e-05
2.32052e-05
2.32047e-05
2.32042e-05
2.32038e-05
2.32035e-05
2.32032e-05
2.3203e-05
2.32028e-05
2.32027e-05
2.32026e-05
2.32026e-05
2.32025e-05
2.32026e-05
2.32026e-05
2.32026e-05
2.32027e-05
2.32028e-05
2.32029e-05
2.3203e-05
2.32031e-05
2.32032e-05
2.32033e-05
2.32034e-05
2.32035e-05
2.32036e-05
2.32037e-05
2.32037e-05
2.32038e-05
2.32039e-05
2.3204e-05
2.32041e-05
2.32041e-05
2.32042e-05
2.32043e-05
2.32044e-05
2.32045e-05
2.32046e-05
2.32046e-05
2.32047e-05
2.32049e-05
2.3205e-05
2.3205e-05
2.32051e-05
2.32052e-05
2.32053e-05
2.32054e-05
2.32055e-05
2.32055e-05
2.32056e-05
2.32057e-05
2.32057e-05
2.32058e-05
2.32058e-05
2.32059e-05
2.32059e-05
2.3206e-05
2.3206e-05
2.3206e-05
2.32061e-05
2.32061e-05
2.32061e-05
2.32061e-05
2.32062e-05
2.32062e-05
2.32062e-05
2.32062e-05
2.32062e-05
2.32062e-05
2.32063e-05
2.32063e-05
2.32063e-05
2.32063e-05
2.32063e-05
2.32063e-05
2.32063e-05
2.32064e-05
2.32064e-05
2.32064e-05
2.32064e-05
2.32064e-05
2.32064e-05
2.32064e-05
2.32064e-05
2.32064e-05
2.32064e-05
2.32065e-05
2.32065e-05
2.32065e-05
2.32065e-05
2.32065e-05
2.32065e-05
2.32065e-05
2.32065e-05
2.32065e-05
2.32065e-05
2.32066e-05
2.32066e-05
2.32066e-05
2.32066e-05
2.32066e-05
2.32066e-05
2.32066e-05
2.32066e-05
2.32066e-05
2.32066e-05
2.32066e-05
2.32066e-05
2.32066e-05
2.32066e-05
2.32065e-05
2.32065e-05
2.32065e-05
2.32064e-05
2.32064e-05
2.32063e-05
2.32062e-05
2.32061e-05
2.32061e-05
1.66335e-05
1.66332e-05
1.66328e-05
1.66324e-05
1.6632e-05
1.66317e-05
1.66314e-05
1.66312e-05
1.6631e-05
1.66309e-05
1.66308e-05
1.66307e-05
1.66307e-05
1.66307e-05
1.66307e-05
1.66307e-05
1.66308e-05
1.66308e-05
1.66309e-05
1.66309e-05
1.6631e-05
1.6631e-05
1.66311e-05
1.66312e-05
1.66313e-05
1.66313e-05
1.66314e-05
1.66315e-05
1.66315e-05
1.66316e-05
1.66317e-05
1.66317e-05
1.66318e-05
1.66318e-05
1.66319e-05
1.66319e-05
1.6632e-05
1.6632e-05
1.66321e-05
1.66322e-05
1.66322e-05
1.66323e-05
1.66324e-05
1.66325e-05
1.66325e-05
1.66326e-05
1.66327e-05
1.66327e-05
1.66328e-05
1.66328e-05
1.66329e-05
1.66329e-05
1.6633e-05
1.6633e-05
1.6633e-05
1.66331e-05
1.66331e-05
1.66331e-05
1.66332e-05
1.66332e-05
1.66332e-05
1.66332e-05
1.66333e-05
1.66333e-05
1.66333e-05
1.66333e-05
1.66333e-05
1.66333e-05
1.66333e-05
1.66333e-05
1.66334e-05
1.66334e-05
1.66334e-05
1.66334e-05
1.66334e-05
1.66334e-05
1.66334e-05
1.66334e-05
1.66334e-05
1.66335e-05
1.66335e-05
1.66335e-05
1.66335e-05
1.66335e-05
1.66335e-05
1.66335e-05
1.66335e-05
1.66335e-05
1.66335e-05
1.66335e-05
1.66336e-05
1.66336e-05
1.66336e-05
1.66336e-05
1.66336e-05
1.66336e-05
1.66336e-05
1.66336e-05
1.66336e-05
1.66336e-05
1.66336e-05
1.66336e-05
1.66336e-05
1.66336e-05
1.66336e-05
1.66336e-05
1.66336e-05
1.66336e-05
1.66336e-05
1.66336e-05
1.66336e-05
1.66336e-05
1.66336e-05
1.66336e-05
1.66335e-05
1.66335e-05
1.66334e-05
1.66334e-05
1.66333e-05
1.66333e-05
1.09103e-05
1.09101e-05
1.09098e-05
1.09095e-05
1.09093e-05
1.0909e-05
1.09088e-05
1.09087e-05
1.09086e-05
1.09085e-05
1.09084e-05
1.09083e-05
1.09083e-05
1.09083e-05
1.09083e-05
1.09083e-05
1.09083e-05
1.09084e-05
1.09084e-05
1.09084e-05
1.09085e-05
1.09085e-05
1.09086e-05
1.09086e-05
1.09087e-05
1.09087e-05
1.09088e-05
1.09088e-05
1.09088e-05
1.09089e-05
1.09089e-05
1.0909e-05
1.0909e-05
1.0909e-05
1.09091e-05
1.09091e-05
1.09091e-05
1.09092e-05
1.09092e-05
1.09093e-05
1.09093e-05
1.09094e-05
1.09094e-05
1.09095e-05
1.09095e-05
1.09096e-05
1.09096e-05
1.09096e-05
1.09097e-05
1.09097e-05
1.09097e-05
1.09098e-05
1.09098e-05
1.09098e-05
1.09098e-05
1.09099e-05
1.09099e-05
1.09099e-05
1.09099e-05
1.091e-05
1.091e-05
1.091e-05
1.091e-05
1.091e-05
1.091e-05
1.091e-05
1.091e-05
1.09101e-05
1.09101e-05
1.09101e-05
1.09101e-05
1.09101e-05
1.09101e-05
1.09101e-05
1.09101e-05
1.09101e-05
1.09101e-05
1.09101e-05
1.09102e-05
1.09102e-05
1.09102e-05
1.09102e-05
1.09102e-05
1.09102e-05
1.09102e-05
1.09102e-05
1.09102e-05
1.09102e-05
1.09102e-05
1.09102e-05
1.09102e-05
1.09102e-05
1.09102e-05
1.09102e-05
1.09103e-05
1.09103e-05
1.09103e-05
1.09103e-05
1.09103e-05
1.09103e-05
1.09103e-05
1.09103e-05
1.09103e-05
1.09103e-05
1.09103e-05
1.09103e-05
1.09103e-05
1.09103e-05
1.09103e-05
1.09103e-05
1.09103e-05
1.09103e-05
1.09103e-05
1.09102e-05
1.09102e-05
1.09102e-05
1.09102e-05
1.09101e-05
1.09101e-05
1.091e-05
6.27423e-06
6.27412e-06
6.27395e-06
6.27377e-06
6.27361e-06
6.27346e-06
6.27334e-06
6.27324e-06
6.27316e-06
6.2731e-06
6.27305e-06
6.27302e-06
6.273e-06
6.27299e-06
6.27299e-06
6.27299e-06
6.273e-06
6.27302e-06
6.27304e-06
6.27306e-06
6.27308e-06
6.27311e-06
6.27313e-06
6.27316e-06
6.27319e-06
6.27322e-06
6.27324e-06
6.27327e-06
6.27329e-06
6.27331e-06
6.27333e-06
6.27335e-06
6.27337e-06
6.27339e-06
6.27341e-06
6.27343e-06
6.27346e-06
6.27348e-06
6.27351e-06
6.27354e-06
6.27357e-06
6.2736e-06
6.27363e-06
6.27365e-06
6.27368e-06
6.27371e-06
6.27374e-06
6.27376e-06
6.27378e-06
6.2738e-06
6.27382e-06
6.27384e-06
6.27386e-06
6.27388e-06
6.27389e-06
6.27391e-06
6.27392e-06
6.27394e-06
6.27395e-06
6.27397e-06
6.27398e-06
6.27399e-06
6.274e-06
6.274e-06
6.27401e-06
6.27402e-06
6.27402e-06
6.27403e-06
6.27404e-06
6.27404e-06
6.27405e-06
6.27405e-06
6.27406e-06
6.27407e-06
6.27407e-06
6.27408e-06
6.27408e-06
6.27409e-06
6.27409e-06
6.2741e-06
6.2741e-06
6.27411e-06
6.27411e-06
6.27412e-06
6.27412e-06
6.27412e-06
6.27413e-06
6.27414e-06
6.27414e-06
6.27415e-06
6.27415e-06
6.27415e-06
6.27416e-06
6.27416e-06
6.27417e-06
6.27417e-06
6.27417e-06
6.27417e-06
6.27418e-06
6.27418e-06
6.27418e-06
6.27419e-06
6.27419e-06
6.27419e-06
6.27419e-06
6.2742e-06
6.2742e-06
6.2742e-06
6.2742e-06
6.2742e-06
6.27419e-06
6.27419e-06
6.27418e-06
6.27417e-06
6.27416e-06
6.27414e-06
6.27412e-06
6.2741e-06
6.27407e-06
6.27404e-06
2.96701e-06
2.96697e-06
2.96689e-06
2.9668e-06
2.96672e-06
2.96664e-06
2.96658e-06
2.96653e-06
2.96648e-06
2.96645e-06
2.96643e-06
2.96641e-06
2.9664e-06
2.96639e-06
2.96639e-06
2.96639e-06
2.9664e-06
2.9664e-06
2.96641e-06
2.96642e-06
2.96643e-06
2.96644e-06
2.96645e-06
2.96647e-06
2.96648e-06
2.96649e-06
2.96651e-06
2.96652e-06
2.96653e-06
2.96654e-06
2.96655e-06
2.96656e-06
2.96657e-06
2.96658e-06
2.96659e-06
2.9666e-06
2.96661e-06
2.96662e-06
2.96664e-06
2.96665e-06
2.96667e-06
2.96668e-06
2.9667e-06
2.96671e-06
2.96672e-06
2.96674e-06
2.96675e-06
2.96676e-06
2.96678e-06
2.96679e-06
2.9668e-06
2.96681e-06
2.96682e-06
2.96683e-06
2.96683e-06
2.96684e-06
2.96685e-06
2.96686e-06
2.96687e-06
2.96687e-06
2.96688e-06
2.96688e-06
2.96689e-06
2.96689e-06
2.9669e-06
2.9669e-06
2.96691e-06
2.96691e-06
2.96691e-06
2.96692e-06
2.96692e-06
2.96692e-06
2.96693e-06
2.96693e-06
2.96693e-06
2.96694e-06
2.96694e-06
2.96694e-06
2.96695e-06
2.96695e-06
2.96695e-06
2.96695e-06
2.96696e-06
2.96696e-06
2.96696e-06
2.96696e-06
2.96697e-06
2.96697e-06
2.96697e-06
2.96697e-06
2.96698e-06
2.96698e-06
2.96698e-06
2.96698e-06
2.96699e-06
2.96699e-06
2.96699e-06
2.96699e-06
2.96699e-06
2.96699e-06
2.96699e-06
2.967e-06
2.967e-06
2.967e-06
2.967e-06
2.967e-06
2.967e-06
2.967e-06
2.96701e-06
2.967e-06
2.967e-06
2.967e-06
2.967e-06
2.96699e-06
2.96699e-06
2.96698e-06
2.96697e-06
2.96696e-06
2.96694e-06
2.96693e-06
1.05661e-06
1.0566e-06
1.05657e-06
1.05654e-06
1.05651e-06
1.05648e-06
1.05646e-06
1.05644e-06
1.05642e-06
1.05641e-06
1.0564e-06
1.05639e-06
1.05639e-06
1.05638e-06
1.05638e-06
1.05638e-06
1.05638e-06
1.05638e-06
1.05639e-06
1.05639e-06
1.05639e-06
1.0564e-06
1.0564e-06
1.05641e-06
1.05641e-06
1.05642e-06
1.05642e-06
1.05643e-06
1.05643e-06
1.05643e-06
1.05644e-06
1.05644e-06
1.05644e-06
1.05645e-06
1.05645e-06
1.05646e-06
1.05646e-06
1.05647e-06
1.05647e-06
1.05648e-06
1.05648e-06
1.05649e-06
1.05649e-06
1.0565e-06
1.0565e-06
1.05651e-06
1.05651e-06
1.05652e-06
1.05652e-06
1.05653e-06
1.05653e-06
1.05654e-06
1.05654e-06
1.05654e-06
1.05655e-06
1.05655e-06
1.05655e-06
1.05656e-06
1.05656e-06
1.05656e-06
1.05656e-06
1.05657e-06
1.05657e-06
1.05657e-06
1.05657e-06
1.05657e-06
1.05658e-06
1.05658e-06
1.05658e-06
1.05658e-06
1.05658e-06
1.05658e-06
1.05658e-06
1.05659e-06
1.05659e-06
1.05659e-06
1.05659e-06
1.05659e-06
1.05659e-06
1.05659e-06
1.05659e-06
1.05659e-06
1.0566e-06
1.0566e-06
1.0566e-06
1.0566e-06
1.0566e-06
1.0566e-06
1.0566e-06
1.0566e-06
1.0566e-06
1.05661e-06
1.05661e-06
1.05661e-06
1.05661e-06
1.05661e-06
1.05661e-06
1.05661e-06
1.05661e-06
1.05661e-06
1.05661e-06
1.05661e-06
1.05661e-06
1.05661e-06
1.05661e-06
1.05662e-06
1.05662e-06
1.05662e-06
1.05662e-06
1.05662e-06
1.05662e-06
1.05661e-06
1.05661e-06
1.05661e-06
1.05661e-06
1.05661e-06
1.0566e-06
1.0566e-06
1.05659e-06
1.05659e-06
2.51893e-07
2.51892e-07
2.51887e-07
2.51879e-07
2.51872e-07
2.51864e-07
2.51858e-07
2.51853e-07
2.51849e-07
2.51845e-07
2.51843e-07
2.51841e-07
2.51839e-07
2.51839e-07
2.51838e-07
2.51838e-07
2.51838e-07
2.51838e-07
2.51839e-07
2.5184e-07
2.51841e-07
2.51842e-07
2.51843e-07
2.51844e-07
2.51845e-07
2.51846e-07
2.51847e-07
2.51848e-07
2.51849e-07
2.5185e-07
2.51851e-07
2.51852e-07
2.51853e-07
2.51854e-07
2.51855e-07
2.51856e-07
2.51857e-07
2.51858e-07
2.51859e-07
2.5186e-07
2.51862e-07
2.51863e-07
2.51865e-07
2.51866e-07
2.51868e-07
2.51869e-07
2.5187e-07
2.51871e-07
2.51872e-07
2.51874e-07
2.51875e-07
2.51876e-07
2.51877e-07
2.51877e-07
2.51878e-07
2.51879e-07
2.5188e-07
2.51881e-07
2.51882e-07
2.51882e-07
2.51883e-07
2.51884e-07
2.51884e-07
2.51885e-07
2.51885e-07
2.51885e-07
2.51886e-07
2.51886e-07
2.51887e-07
2.51887e-07
2.51887e-07
2.51888e-07
2.51888e-07
2.51888e-07
2.51889e-07
2.51889e-07
2.5189e-07
2.5189e-07
2.5189e-07
2.5189e-07
2.51891e-07
2.51891e-07
2.51891e-07
2.51891e-07
2.51892e-07
2.51892e-07
2.51892e-07
2.51893e-07
2.51893e-07
2.51893e-07
2.51893e-07
2.51894e-07
2.51894e-07
2.51894e-07
2.51894e-07
2.51895e-07
2.51895e-07
2.51895e-07
2.51895e-07
2.51895e-07
2.51895e-07
2.51896e-07
2.51896e-07
2.51896e-07
2.51896e-07
2.51896e-07
2.51896e-07
2.51897e-07
2.51897e-07
2.51897e-07
2.51897e-07
2.51896e-07
2.51896e-07
2.51896e-07
2.51895e-07
2.51894e-07
2.51893e-07
2.51893e-07
2.51891e-07
2.5189e-07
3.31222e-08
3.31221e-08
3.31215e-08
3.31205e-08
3.31195e-08
3.31185e-08
3.31176e-08
3.31169e-08
3.31163e-08
3.31159e-08
3.31155e-08
3.31153e-08
3.31151e-08
3.3115e-08
3.31149e-08
3.31149e-08
3.31149e-08
3.31149e-08
3.3115e-08
3.31151e-08
3.31152e-08
3.31153e-08
3.31155e-08
3.31156e-08
3.31158e-08
3.31159e-08
3.31161e-08
3.31162e-08
3.31163e-08
3.31165e-08
3.31166e-08
3.31167e-08
3.31168e-08
3.3117e-08
3.31171e-08
3.31172e-08
3.31173e-08
3.31175e-08
3.31177e-08
3.31178e-08
3.3118e-08
3.31182e-08
3.31184e-08
3.31186e-08
3.31188e-08
3.3119e-08
3.31191e-08
3.31193e-08
3.31195e-08
3.31196e-08
3.31198e-08
3.31199e-08
3.312e-08
3.31201e-08
3.31203e-08
3.31204e-08
3.31205e-08
3.31206e-08
3.31207e-08
3.31208e-08
3.31209e-08
3.3121e-08
3.3121e-08
3.31211e-08
3.31212e-08
3.31212e-08
3.31213e-08
3.31213e-08
3.31214e-08
3.31214e-08
3.31215e-08
3.31215e-08
3.31216e-08
3.31217e-08
3.31217e-08
3.31218e-08
3.31218e-08
3.31218e-08
3.31219e-08
3.31219e-08
3.3122e-08
3.3122e-08
3.3122e-08
3.31221e-08
3.31221e-08
3.31221e-08
3.31222e-08
3.31222e-08
3.31223e-08
3.31223e-08
3.31223e-08
3.31224e-08
3.31224e-08
3.31224e-08
3.31225e-08
3.31225e-08
3.31225e-08
3.31225e-08
3.31226e-08
3.31226e-08
3.31226e-08
3.31226e-08
3.31227e-08
3.31227e-08
3.31227e-08
3.31227e-08
3.31227e-08
3.31228e-08
3.31228e-08
3.31228e-08
3.31228e-08
3.31227e-08
3.31227e-08
3.31226e-08
3.31226e-08
3.31225e-08
3.31224e-08
3.31222e-08
3.3122e-08
3.31219e-08
1.55172e-09
1.55171e-09
1.55169e-09
1.55164e-09
1.55159e-09
1.55154e-09
1.5515e-09
1.55147e-09
1.55144e-09
1.55142e-09
1.5514e-09
1.55139e-09
1.55138e-09
1.55138e-09
1.55137e-09
1.55137e-09
1.55137e-09
1.55138e-09
1.55138e-09
1.55138e-09
1.55139e-09
1.5514e-09
1.5514e-09
1.55141e-09
1.55142e-09
1.55142e-09
1.55143e-09
1.55144e-09
1.55144e-09
1.55145e-09
1.55145e-09
1.55146e-09
1.55147e-09
1.55147e-09
1.55148e-09
1.55148e-09
1.55149e-09
1.5515e-09
1.5515e-09
1.55151e-09
1.55152e-09
1.55153e-09
1.55154e-09
1.55155e-09
1.55156e-09
1.55157e-09
1.55157e-09
1.55158e-09
1.55159e-09
1.5516e-09
1.5516e-09
1.55161e-09
1.55162e-09
1.55162e-09
1.55163e-09
1.55163e-09
1.55164e-09
1.55164e-09
1.55165e-09
1.55165e-09
1.55166e-09
1.55166e-09
1.55166e-09
1.55167e-09
1.55167e-09
1.55167e-09
1.55168e-09
1.55168e-09
1.55168e-09
1.55168e-09
1.55169e-09
1.55169e-09
1.55169e-09
1.55169e-09
1.5517e-09
1.5517e-09
1.5517e-09
1.5517e-09
1.5517e-09
1.55171e-09
1.55171e-09
1.55171e-09
1.55171e-09
1.55171e-09
1.55171e-09
1.55172e-09
1.55172e-09
1.55172e-09
1.55172e-09
1.55172e-09
1.55173e-09
1.55173e-09
1.55173e-09
1.55173e-09
1.55173e-09
1.55173e-09
1.55173e-09
1.55173e-09
1.55174e-09
1.55174e-09
1.55174e-09
1.55174e-09
1.55174e-09
1.55174e-09
1.55174e-09
1.55174e-09
1.55174e-09
1.55175e-09
1.55175e-09
1.55175e-09
1.55175e-09
1.55174e-09
1.55174e-09
1.55174e-09
1.55174e-09
1.55173e-09
1.55173e-09
1.55172e-09
1.55171e-09
1.55171e-09
8.36411e-12
8.36411e-12
8.36395e-12
8.3637e-12
8.36343e-12
8.36318e-12
8.36296e-12
8.36278e-12
8.36264e-12
8.36252e-12
8.36243e-12
8.36236e-12
8.36232e-12
8.36228e-12
8.36227e-12
8.36226e-12
8.36226e-12
8.36228e-12
8.36229e-12
8.36232e-12
8.36235e-12
8.36238e-12
8.36242e-12
8.36246e-12
8.36249e-12
8.36253e-12
8.36257e-12
8.3626e-12
8.36263e-12
8.36266e-12
8.3627e-12
8.36273e-12
8.36276e-12
8.36279e-12
8.36282e-12
8.36285e-12
8.36289e-12
8.36293e-12
8.36297e-12
8.36302e-12
8.36306e-12
8.36311e-12
8.36316e-12
8.36321e-12
8.36325e-12
8.3633e-12
8.36334e-12
8.36338e-12
8.36342e-12
8.36346e-12
8.3635e-12
8.36353e-12
8.36357e-12
8.3636e-12
8.36363e-12
8.36366e-12
8.36369e-12
8.36372e-12
8.36374e-12
8.36377e-12
8.36379e-12
8.36381e-12
8.36383e-12
8.36385e-12
8.36386e-12
8.36388e-12
8.36389e-12
8.3639e-12
8.36392e-12
8.36393e-12
8.36395e-12
8.36396e-12
8.36397e-12
8.36399e-12
8.364e-12
8.36401e-12
8.36402e-12
8.36403e-12
8.36404e-12
8.36405e-12
8.36406e-12
8.36407e-12
8.36408e-12
8.36409e-12
8.3641e-12
8.36411e-12
8.36412e-12
8.36413e-12
8.36414e-12
8.36415e-12
8.36416e-12
8.36417e-12
8.36418e-12
8.36419e-12
8.36419e-12
8.3642e-12
8.36421e-12
8.36421e-12
8.36422e-12
8.36422e-12
8.36423e-12
8.36424e-12
8.36425e-12
8.36425e-12
8.36426e-12
8.36426e-12
8.36427e-12
8.36427e-12
8.36427e-12
8.36427e-12
8.36427e-12
8.36426e-12
8.36425e-12
8.36424e-12
8.36422e-12
8.3642e-12
8.36417e-12
8.36414e-12
8.36408e-12
8.36406e-12
)
;

boundaryField
{
    bottomWall
    {
        type            nutUWallFunction;
        Cmu             0.09;
        kappa           0.41;
        E               9.8;
        value           nonuniform 0();
    }
    topWall
    {
        type            nutUWallFunction;
        Cmu             0.09;
        kappa           0.41;
        E               9.8;
        value           uniform 0;
    }
    sides1_half0
    {
        type            cyclic;
    }
    sides1_half1
    {
        type            cyclic;
    }
    sides2_half0
    {
        type            cyclic;
    }
    sides2_half1
    {
        type            cyclic;
    }
    inout1_half0
    {
        type            cyclic;
    }
    inout1_half1
    {
        type            cyclic;
    }
    inout2_half0
    {
        type            cyclic;
    }
    inout2_half1
    {
        type            cyclic;
    }
    procBoundary0to1
    {
        type            processor;
        value           nonuniform List<scalar> 
122
(
0.000303969
0.000303966
0.000303968
0.000303971
0.000303973
0.000303975
0.000303977
0.000303979
0.000303981
0.000303983
0.000303984
0.000303985
0.000303987
0.000303988
0.000303989
0.000303991
0.000303992
0.000303993
0.000303994
0.000303995
0.000303996
0.000303997
0.000303998
0.000303999
0.000304
0.000304001
0.000304001
0.000304002
0.000304003
0.000304004
0.000304005
0.000304006
0.000304007
0.000304008
0.000304008
0.000304009
0.00030401
0.000304011
0.000304011
0.000304012
0.000304013
0.000304014
0.000304014
0.000304015
0.000304016
0.000304016
0.000304017
0.000304017
0.000304018
0.000304019
0.000304019
0.00030402
0.00030402
0.000304021
0.000304021
0.000304022
0.000304022
0.000304023
0.000304023
0.000304023
0.000304024
0.000304024
0.000304024
0.000304025
0.000304025
0.000304025
0.000304026
0.000304026
0.000304026
0.000304026
0.000304026
0.000304027
0.000304027
0.000304027
0.000304027
0.000304027
0.000304027
0.000288873
0.000288869
0.000288868
0.000288868
0.000288868
0.000288868
0.000288868
0.000288868
0.000288868
0.000288868
0.000288869
0.000288869
0.000288869
0.00028887
0.00028887
0.00028887
0.00028887
0.000288871
0.000288871
0.000288871
0.000288871
0.000288872
0.000288872
0.000288872
0.000288872
0.000288927
0.000288927
0.000288927
0.000288926
0.000288924
0.000288922
0.000288921
0.000288919
0.000288917
0.000288915
0.000288914
0.000288912
0.00028891
0.000288909
0.000288907
0.000288906
0.000288904
0.000288903
0.000288901
0.000288904
)
;
    }
}


// ************************************************************************* //
