/*--------------------------------*- C++ -*----------------------------------*\
  =========                 |
  \\      /  F ield         | OpenFOAM: The Open Source CFD Toolbox
   \\    /   O peration     | Website:  https://openfoam.org
    \\  /    A nd           | Version:  7
     \\/     M anipulation  |
\*---------------------------------------------------------------------------*/
FoamFile
{
    version     2.0;
    format      ascii;
    class       volScalarField;
    location    "4000";
    object      nut;
}
// * * * * * * * * * * * * * * * * * * * * * * * * * * * * * * * * * * * * * //

dimensions      [0 2 -1 0 0 0 0];

internalField   nonuniform List<scalar> 
4037
(
0.000290594
0.000290601
0.000290606
0.00029061
0.000290613
0.000290616
0.000290618
0.00029062
0.000290622
0.000290624
0.000290626
0.000290627
0.000290629
0.00029063
0.000290631
0.000290633
0.000290634
0.000290635
0.000290636
0.000290637
0.000290638
0.000290639
0.00029064
0.000290641
0.000290642
0.000290643
0.000290644
0.000290645
0.000290646
0.000290647
0.000290647
0.000290648
0.000290649
0.00029065
0.000290651
0.000290652
0.000290652
0.000290653
0.000290654
0.000290655
0.000290656
0.000290656
0.000290657
0.000290658
0.000290658
0.000290659
0.00029066
0.000290661
0.000290661
0.000290662
0.000290662
0.000290663
0.000290664
0.000290664
0.000290665
0.000290665
0.000290666
0.000290666
0.000290667
0.000290667
0.000290668
0.000290668
0.000290668
0.000290669
0.000290669
0.000290669
0.00029067
0.00029067
0.00029067
0.00029067
0.000290671
0.000290671
0.000290671
0.000290671
0.000290671
0.000290671
0.000290673
0.000275831
0.000275824
0.000275823
0.000275823
0.000275822
0.000275822
0.000275822
0.000275822
0.000275822
0.000275822
0.000275822
0.000275822
0.000275822
0.000275823
0.000275823
0.000275824
0.000275824
0.000275825
0.000275825
0.000275825
0.000275825
0.000275825
0.000275826
0.000275825
0.000275841
0.00027585
0.000275856
0.000275861
0.000275864
0.000275867
0.00027587
0.000275872
0.000275874
0.000275876
0.000275877
0.000275879
0.000275881
0.000275882
0.000275883
0.000275885
0.000275886
0.000275887
0.000275888
0.000275889
0.00027589
0.000275891
0.000275892
0.000275893
0.000275894
0.000275895
0.000275896
0.000275897
0.000275898
0.000275899
0.0002759
0.000275901
0.000275902
0.000275902
0.000275903
0.000275904
0.000275905
0.000275906
0.000275906
0.000275907
0.000275908
0.000275909
0.000275909
0.00027591
0.000275911
0.000275911
0.000275912
0.000275913
0.000275913
0.000275914
0.000275914
0.000275915
0.000275916
0.000275916
0.000275917
0.000275917
0.000275918
0.000275918
0.000275919
0.000275919
0.000275919
0.00027592
0.00027592
0.00027592
0.000275921
0.000275921
0.000275921
0.000275922
0.000275922
0.000275922
0.000275922
0.000275922
0.000275923
0.000275923
0.000275923
0.000275923
0.000275925
0.000275899
0.000275889
0.000275885
0.000275882
0.00027588
0.000275877
0.000275875
0.000275873
0.000275872
0.00027587
0.000275868
0.000275866
0.000275865
0.000275863
0.000275862
0.00027586
0.000275859
0.000275857
0.00027586
0.00026149
0.000261482
0.00026148
0.00026148
0.000261479
0.000261479
0.000261479
0.000261479
0.000261479
0.000261479
0.000261479
0.000261479
0.000261479
0.000261479
0.00026148
0.00026148
0.000261481
0.000261481
0.000261482
0.000261482
0.000261482
0.000261483
0.000261483
0.000261482
0.000261489
0.000261497
0.000261503
0.000261507
0.000261511
0.000261514
0.000261516
0.000261518
0.00026152
0.000261522
0.000261524
0.000261526
0.000261527
0.000261529
0.00026153
0.000261531
0.000261533
0.000261534
0.000261535
0.000261536
0.000261537
0.000261538
0.000261539
0.00026154
0.000261541
0.000261542
0.000261543
0.000261544
0.000261545
0.000261546
0.000261547
0.000261547
0.000261548
0.000261549
0.00026155
0.000261551
0.000261551
0.000261552
0.000261553
0.000261554
0.000261554
0.000261555
0.000261556
0.000261556
0.000261557
0.000261558
0.000261558
0.000261559
0.00026156
0.00026156
0.000261561
0.000261561
0.000261562
0.000261562
0.000261563
0.000261563
0.000261564
0.000261564
0.000261565
0.000261565
0.000261565
0.000261566
0.000261566
0.000261566
0.000261567
0.000261567
0.000261567
0.000261568
0.000261568
0.000261568
0.000261568
0.000261568
0.000261569
0.000261569
0.000261569
0.000261569
0.000261571
0.000261559
0.00026155
0.000261544
0.00026154
0.000261537
0.000261535
0.000261533
0.000261531
0.000261529
0.000261527
0.000261526
0.000261524
0.000261523
0.000261521
0.00026152
0.000261518
0.000261517
0.000261515
0.000261518
0.00024752
0.000247513
0.00024751
0.000247509
0.000247509
0.000247509
0.000247508
0.000247508
0.000247508
0.000247508
0.000247508
0.000247508
0.000247508
0.000247509
0.000247509
0.00024751
0.00024751
0.000247511
0.000247511
0.000247511
0.000247512
0.000247512
0.000247512
0.000247512
0.000247515
0.00024752
0.000247525
0.000247529
0.000247532
0.000247535
0.000247537
0.000247539
0.000247542
0.000247543
0.000247545
0.000247547
0.000247548
0.00024755
0.000247551
0.000247552
0.000247554
0.000247555
0.000247556
0.000247557
0.000247558
0.000247559
0.00024756
0.000247561
0.000247562
0.000247563
0.000247564
0.000247565
0.000247566
0.000247567
0.000247567
0.000247568
0.000247569
0.00024757
0.000247571
0.000247571
0.000247572
0.000247573
0.000247574
0.000247574
0.000247575
0.000247576
0.000247576
0.000247577
0.000247577
0.000247578
0.000247579
0.000247579
0.00024758
0.00024758
0.000247581
0.000247581
0.000247582
0.000247582
0.000247583
0.000247583
0.000247584
0.000247584
0.000247585
0.000247585
0.000247585
0.000247586
0.000247586
0.000247586
0.000247587
0.000247587
0.000247587
0.000247587
0.000247588
0.000247588
0.000247588
0.000247588
0.000247588
0.000247588
0.000247589
0.000247588
0.00024759
0.000247585
0.000247578
0.000247573
0.000247569
0.000247566
0.000247564
0.000247562
0.00024756
0.000247558
0.000247557
0.000247555
0.000247554
0.000247552
0.000247551
0.000247549
0.000247548
0.000247547
0.000247545
0.000247548
0.000233904
0.000233896
0.000233894
0.000233893
0.000233892
0.000233892
0.000233891
0.000233891
0.000233891
0.000233891
0.000233891
0.000233891
0.000233891
0.000233892
0.000233892
0.000233893
0.000233893
0.000233894
0.000233894
0.000233894
0.000233895
0.000233895
0.000233895
0.000233895
0.000233897
0.0002339
0.000233903
0.000233906
0.000233909
0.000233912
0.000233914
0.000233916
0.000233918
0.00023392
0.000233922
0.000233923
0.000233925
0.000233926
0.000233927
0.000233929
0.00023393
0.000233931
0.000233932
0.000233933
0.000233934
0.000233935
0.000233936
0.000233937
0.000233938
0.000233939
0.00023394
0.000233941
0.000233942
0.000233942
0.000233943
0.000233944
0.000233945
0.000233946
0.000233946
0.000233947
0.000233948
0.000233948
0.000233949
0.00023395
0.00023395
0.000233951
0.000233952
0.000233952
0.000233953
0.000233953
0.000233954
0.000233955
0.000233955
0.000233956
0.000233956
0.000233957
0.000233957
0.000233957
0.000233958
0.000233958
0.000233959
0.000233959
0.000233959
0.00023396
0.00023396
0.000233961
0.000233961
0.000233961
0.000233961
0.000233962
0.000233962
0.000233962
0.000233962
0.000233962
0.000233963
0.000233963
0.000233963
0.000233963
0.000233963
0.000233963
0.000233964
0.000233962
0.000233958
0.000233954
0.000233951
0.000233948
0.000233946
0.000233944
0.000233942
0.00023394
0.000233939
0.000233937
0.000233936
0.000233935
0.000233933
0.000233932
0.000233931
0.00023393
0.000233928
0.000233931
0.000220624
0.000220616
0.000220614
0.000220612
0.000220612
0.000220611
0.000220611
0.000220611
0.000220611
0.000220611
0.00022061
0.00022061
0.000220611
0.000220611
0.000220612
0.000220612
0.000220613
0.000220613
0.000220614
0.000220614
0.000220614
0.000220615
0.000220615
0.000220615
0.000220616
0.000220618
0.00022062
0.000220622
0.000220625
0.000220627
0.000220629
0.000220631
0.000220633
0.000220634
0.000220636
0.000220637
0.000220639
0.00022064
0.000220642
0.000220643
0.000220644
0.000220645
0.000220646
0.000220647
0.000220648
0.000220649
0.00022065
0.000220651
0.000220652
0.000220653
0.000220654
0.000220654
0.000220655
0.000220656
0.000220657
0.000220658
0.000220658
0.000220659
0.00022066
0.00022066
0.000220661
0.000220662
0.000220662
0.000220663
0.000220664
0.000220664
0.000220665
0.000220665
0.000220666
0.000220666
0.000220667
0.000220667
0.000220668
0.000220668
0.000220669
0.000220669
0.00022067
0.00022067
0.000220671
0.000220671
0.000220671
0.000220672
0.000220672
0.000220672
0.000220673
0.000220673
0.000220673
0.000220674
0.000220674
0.000220674
0.000220674
0.000220674
0.000220675
0.000220675
0.000220675
0.000220675
0.000220675
0.000220675
0.000220676
0.000220676
0.000220676
0.000220675
0.000220673
0.000220671
0.000220668
0.000220666
0.000220664
0.000220662
0.00022066
0.000220659
0.000220657
0.000220656
0.000220654
0.000220653
0.000220652
0.000220651
0.00022065
0.000220649
0.000220647
0.00022065
0.000207664
0.000207657
0.000207655
0.000207653
0.000207652
0.000207652
0.000207652
0.000207651
0.000207651
0.000207651
0.000207651
0.000207651
0.000207651
0.000207652
0.000207652
0.000207653
0.000207653
0.000207654
0.000207654
0.000207654
0.000207655
0.000207655
0.000207655
0.000207656
0.000207656
0.000207657
0.000207659
0.000207661
0.000207662
0.000207664
0.000207666
0.000207668
0.000207669
0.000207671
0.000207672
0.000207674
0.000207675
0.000207676
0.000207678
0.000207679
0.00020768
0.000207681
0.000207682
0.000207683
0.000207684
0.000207685
0.000207686
0.000207687
0.000207688
0.000207688
0.000207689
0.00020769
0.000207691
0.000207692
0.000207692
0.000207693
0.000207694
0.000207694
0.000207695
0.000207696
0.000207696
0.000207697
0.000207698
0.000207698
0.000207699
0.000207699
0.0002077
0.0002077
0.000207701
0.000207701
0.000207702
0.000207702
0.000207703
0.000207703
0.000207704
0.000207704
0.000207704
0.000207705
0.000207705
0.000207705
0.000207706
0.000207706
0.000207706
0.000207707
0.000207707
0.000207707
0.000207708
0.000207708
0.000207708
0.000207708
0.000207708
0.000207709
0.000207709
0.000207709
0.000207709
0.000207709
0.000207709
0.000207709
0.00020771
0.00020771
0.00020771
0.00020771
0.000207709
0.000207707
0.000207705
0.000207703
0.000207701
0.0002077
0.000207698
0.000207697
0.000207696
0.000207695
0.000207693
0.000207692
0.000207691
0.00020769
0.000207689
0.000207688
0.000207686
0.00020769
0.000195012
0.000195005
0.000195002
0.000195001
0.000195
0.000195
0.000194999
0.000194999
0.000194999
0.000194999
0.000194999
0.000194999
0.000194999
0.000194999
0.000194999
0.000195
0.000195
0.000195001
0.000195001
0.000195002
0.000195002
0.000195002
0.000195003
0.000195003
0.000195003
0.000195004
0.000195005
0.000195006
0.000195008
0.000195009
0.000195011
0.000195012
0.000195014
0.000195015
0.000195017
0.000195018
0.000195019
0.00019502
0.000195021
0.000195023
0.000195024
0.000195025
0.000195026
0.000195027
0.000195028
0.000195028
0.000195029
0.00019503
0.000195031
0.000195032
0.000195033
0.000195033
0.000195034
0.000195035
0.000195035
0.000195036
0.000195037
0.000195037
0.000195038
0.000195039
0.000195039
0.00019504
0.00019504
0.000195041
0.000195041
0.000195042
0.000195042
0.000195043
0.000195043
0.000195044
0.000195044
0.000195045
0.000195045
0.000195045
0.000195046
0.000195046
0.000195046
0.000195047
0.000195047
0.000195048
0.000195048
0.000195048
0.000195048
0.000195049
0.000195049
0.000195049
0.000195049
0.00019505
0.00019505
0.00019505
0.00019505
0.00019505
0.000195051
0.000195051
0.000195051
0.000195051
0.000195051
0.000195051
0.000195051
0.000195051
0.000195051
0.000195051
0.000195051
0.00019505
0.000195049
0.000195047
0.000195046
0.000195045
0.000195043
0.000195042
0.000195041
0.00019504
0.000195039
0.000195038
0.000195037
0.000195036
0.000195035
0.000195034
0.000195032
0.000195036
0.000182653
0.000182647
0.000182644
0.000182643
0.000182642
0.000182642
0.000182641
0.000182641
0.000182641
0.000182641
0.000182641
0.000182641
0.000182641
0.000182641
0.000182641
0.000182642
0.000182642
0.000182643
0.000182643
0.000182643
0.000182644
0.000182644
0.000182645
0.000182645
0.000182645
0.000182646
0.000182646
0.000182647
0.000182649
0.00018265
0.000182651
0.000182652
0.000182654
0.000182655
0.000182656
0.000182657
0.000182658
0.000182659
0.00018266
0.000182662
0.000182663
0.000182663
0.000182664
0.000182665
0.000182666
0.000182667
0.000182668
0.000182669
0.000182669
0.00018267
0.000182671
0.000182672
0.000182672
0.000182673
0.000182674
0.000182674
0.000182675
0.000182675
0.000182676
0.000182677
0.000182677
0.000182678
0.000182678
0.000182679
0.000182679
0.00018268
0.00018268
0.00018268
0.000182681
0.000182681
0.000182682
0.000182682
0.000182682
0.000182683
0.000182683
0.000182683
0.000182684
0.000182684
0.000182684
0.000182685
0.000182685
0.000182685
0.000182685
0.000182686
0.000182686
0.000182686
0.000182686
0.000182687
0.000182687
0.000182687
0.000182687
0.000182687
0.000182687
0.000182688
0.000182688
0.000182688
0.000182688
0.000182688
0.000182688
0.000182688
0.000182688
0.000182688
0.000182688
0.000182687
0.000182687
0.000182686
0.000182685
0.000182684
0.000182682
0.000182681
0.00018268
0.00018268
0.000182679
0.000182678
0.000182677
0.000182676
0.000182675
0.000182674
0.000182673
0.000182676
0.000170579
0.000170573
0.00017057
0.000170569
0.000170568
0.000170568
0.000170567
0.000170567
0.000170567
0.000170566
0.000170566
0.000170566
0.000170566
0.000170567
0.000170567
0.000170567
0.000170568
0.000170568
0.000170569
0.000170569
0.000170569
0.00017057
0.00017057
0.00017057
0.000170571
0.000170571
0.000170572
0.000170572
0.000170573
0.000170574
0.000170575
0.000170576
0.000170577
0.000170578
0.00017058
0.000170581
0.000170582
0.000170583
0.000170584
0.000170585
0.000170586
0.000170586
0.000170587
0.000170588
0.000170589
0.00017059
0.000170591
0.000170591
0.000170592
0.000170593
0.000170593
0.000170594
0.000170595
0.000170595
0.000170596
0.000170597
0.000170597
0.000170598
0.000170598
0.000170599
0.000170599
0.0001706
0.0001706
0.000170601
0.000170601
0.000170601
0.000170602
0.000170602
0.000170603
0.000170603
0.000170603
0.000170604
0.000170604
0.000170604
0.000170605
0.000170605
0.000170605
0.000170605
0.000170606
0.000170606
0.000170606
0.000170606
0.000170607
0.000170607
0.000170607
0.000170607
0.000170607
0.000170608
0.000170608
0.000170608
0.000170608
0.000170608
0.000170608
0.000170609
0.000170609
0.000170609
0.000170609
0.000170609
0.000170609
0.000170609
0.000170609
0.000170609
0.000170609
0.000170609
0.000170608
0.000170608
0.000170607
0.000170606
0.000170605
0.000170604
0.000170603
0.000170603
0.000170602
0.000170601
0.0001706
0.000170599
0.000170599
0.000170598
0.000170596
0.0001706
0.000158779
0.000158773
0.000158771
0.00015877
0.000158769
0.000158768
0.000158768
0.000158767
0.000158767
0.000158767
0.000158767
0.000158767
0.000158767
0.000158767
0.000158767
0.000158768
0.000158768
0.000158768
0.000158769
0.000158769
0.000158769
0.00015877
0.00015877
0.00015877
0.000158771
0.000158771
0.000158771
0.000158772
0.000158773
0.000158774
0.000158774
0.000158775
0.000158776
0.000158777
0.000158778
0.000158779
0.00015878
0.000158781
0.000158782
0.000158783
0.000158784
0.000158785
0.000158785
0.000158786
0.000158787
0.000158788
0.000158788
0.000158789
0.00015879
0.00015879
0.000158791
0.000158792
0.000158792
0.000158793
0.000158793
0.000158794
0.000158794
0.000158795
0.000158795
0.000158796
0.000158796
0.000158797
0.000158797
0.000158797
0.000158798
0.000158798
0.000158799
0.000158799
0.000158799
0.0001588
0.0001588
0.0001588
0.000158801
0.000158801
0.000158801
0.000158801
0.000158802
0.000158802
0.000158802
0.000158802
0.000158803
0.000158803
0.000158803
0.000158803
0.000158803
0.000158803
0.000158804
0.000158804
0.000158804
0.000158804
0.000158804
0.000158804
0.000158804
0.000158805
0.000158805
0.000158805
0.000158805
0.000158805
0.000158805
0.000158805
0.000158805
0.000158805
0.000158805
0.000158805
0.000158805
0.000158804
0.000158804
0.000158803
0.000158802
0.000158802
0.000158801
0.0001588
0.0001588
0.000158799
0.000158798
0.000158798
0.000158797
0.000158796
0.000158795
0.000158798
0.000147246
0.000147241
0.000147239
0.000147238
0.000147237
0.000147236
0.000147236
0.000147235
0.000147235
0.000147235
0.000147235
0.000147235
0.000147235
0.000147235
0.000147235
0.000147235
0.000147236
0.000147236
0.000147236
0.000147237
0.000147237
0.000147237
0.000147237
0.000147238
0.000147238
0.000147238
0.000147239
0.000147239
0.00014724
0.000147241
0.000147241
0.000147242
0.000147243
0.000147244
0.000147245
0.000147246
0.000147246
0.000147247
0.000147248
0.000147249
0.00014725
0.00014725
0.000147251
0.000147252
0.000147253
0.000147253
0.000147254
0.000147254
0.000147255
0.000147256
0.000147256
0.000147257
0.000147257
0.000147258
0.000147258
0.000147259
0.000147259
0.00014726
0.00014726
0.000147261
0.000147261
0.000147261
0.000147262
0.000147262
0.000147263
0.000147263
0.000147263
0.000147264
0.000147264
0.000147264
0.000147264
0.000147265
0.000147265
0.000147265
0.000147265
0.000147266
0.000147266
0.000147266
0.000147266
0.000147266
0.000147267
0.000147267
0.000147267
0.000147267
0.000147267
0.000147267
0.000147268
0.000147268
0.000147268
0.000147268
0.000147268
0.000147268
0.000147268
0.000147268
0.000147268
0.000147269
0.000147269
0.000147269
0.000147269
0.000147269
0.000147269
0.000147269
0.000147269
0.000147269
0.000147269
0.000147268
0.000147268
0.000147267
0.000147267
0.000147266
0.000147266
0.000147265
0.000147265
0.000147264
0.000147263
0.000147263
0.000147262
0.000147262
0.000147261
0.000147263
0.000135976
0.000135971
0.000135969
0.000135968
0.000135967
0.000135966
0.000135966
0.000135966
0.000135965
0.000135965
0.000135965
0.000135965
0.000135965
0.000135965
0.000135965
0.000135965
0.000135965
0.000135966
0.000135966
0.000135966
0.000135967
0.000135967
0.000135967
0.000135967
0.000135968
0.000135968
0.000135969
0.000135969
0.000135969
0.00013597
0.000135971
0.000135971
0.000135972
0.000135973
0.000135974
0.000135974
0.000135975
0.000135976
0.000135977
0.000135977
0.000135978
0.000135979
0.000135979
0.00013598
0.000135981
0.000135981
0.000135982
0.000135982
0.000135983
0.000135984
0.000135984
0.000135985
0.000135985
0.000135986
0.000135986
0.000135986
0.000135987
0.000135987
0.000135988
0.000135988
0.000135988
0.000135989
0.000135989
0.000135989
0.00013599
0.00013599
0.00013599
0.000135991
0.000135991
0.000135991
0.000135991
0.000135992
0.000135992
0.000135992
0.000135992
0.000135992
0.000135993
0.000135993
0.000135993
0.000135993
0.000135993
0.000135993
0.000135994
0.000135994
0.000135994
0.000135994
0.000135994
0.000135994
0.000135994
0.000135994
0.000135995
0.000135995
0.000135995
0.000135995
0.000135995
0.000135995
0.000135995
0.000135995
0.000135995
0.000135995
0.000135995
0.000135995
0.000135995
0.000135995
0.000135995
0.000135995
0.000135995
0.000135994
0.000135994
0.000135993
0.000135993
0.000135992
0.000135992
0.000135991
0.000135991
0.00013599
0.00013599
0.00013599
0.000135988
0.000135991
0.000124965
0.00012496
0.000124958
0.000124957
0.000124956
0.000124956
0.000124955
0.000124955
0.000124954
0.000124954
0.000124954
0.000124954
0.000124954
0.000124954
0.000124954
0.000124954
0.000124954
0.000124955
0.000124955
0.000124955
0.000124955
0.000124956
0.000124956
0.000124956
0.000124957
0.000124957
0.000124957
0.000124958
0.000124958
0.000124959
0.000124959
0.00012496
0.00012496
0.000124961
0.000124962
0.000124962
0.000124963
0.000124964
0.000124964
0.000124965
0.000124966
0.000124966
0.000124967
0.000124967
0.000124968
0.000124969
0.000124969
0.00012497
0.00012497
0.000124971
0.000124971
0.000124972
0.000124972
0.000124972
0.000124973
0.000124973
0.000124974
0.000124974
0.000124974
0.000124975
0.000124975
0.000124975
0.000124976
0.000124976
0.000124976
0.000124976
0.000124977
0.000124977
0.000124977
0.000124977
0.000124977
0.000124978
0.000124978
0.000124978
0.000124978
0.000124978
0.000124979
0.000124979
0.000124979
0.000124979
0.000124979
0.000124979
0.000124979
0.00012498
0.00012498
0.00012498
0.00012498
0.00012498
0.00012498
0.00012498
0.00012498
0.00012498
0.00012498
0.00012498
0.00012498
0.000124981
0.000124981
0.000124981
0.000124981
0.000124981
0.000124981
0.000124981
0.000124981
0.000124981
0.000124981
0.000124981
0.00012498
0.00012498
0.00012498
0.00012498
0.000124979
0.000124979
0.000124978
0.000124978
0.000124978
0.000124977
0.000124977
0.000124976
0.000124975
0.000124977
0.000114211
0.000114208
0.000114206
0.000114205
0.000114204
0.000114203
0.000114203
0.000114202
0.000114202
0.000114202
0.000114201
0.000114201
0.000114201
0.000114201
0.000114201
0.000114201
0.000114201
0.000114202
0.000114202
0.000114202
0.000114202
0.000114203
0.000114203
0.000114203
0.000114203
0.000114204
0.000114204
0.000114204
0.000114205
0.000114205
0.000114206
0.000114206
0.000114207
0.000114207
0.000114208
0.000114209
0.000114209
0.00011421
0.00011421
0.000114211
0.000114211
0.000114212
0.000114213
0.000114213
0.000114214
0.000114214
0.000114215
0.000114215
0.000114216
0.000114216
0.000114216
0.000114217
0.000114217
0.000114218
0.000114218
0.000114218
0.000114219
0.000114219
0.000114219
0.00011422
0.00011422
0.00011422
0.00011422
0.000114221
0.000114221
0.000114221
0.000114221
0.000114221
0.000114222
0.000114222
0.000114222
0.000114222
0.000114222
0.000114222
0.000114223
0.000114223
0.000114223
0.000114223
0.000114223
0.000114223
0.000114223
0.000114224
0.000114224
0.000114224
0.000114224
0.000114224
0.000114224
0.000114224
0.000114224
0.000114224
0.000114224
0.000114224
0.000114224
0.000114224
0.000114225
0.000114225
0.000114225
0.000114225
0.000114225
0.000114225
0.000114225
0.000114225
0.000114225
0.000114225
0.000114225
0.000114225
0.000114225
0.000114224
0.000114224
0.000114224
0.000114224
0.000114223
0.000114223
0.000114223
0.000114222
0.000114222
0.000114221
0.000114221
0.00011422
0.000114222
0.000103718
0.000103715
0.000103713
0.000103712
0.000103711
0.00010371
0.00010371
0.000103709
0.000103709
0.000103709
0.000103708
0.000103708
0.000103708
0.000103708
0.000103708
0.000103708
0.000103708
0.000103708
0.000103709
0.000103709
0.000103709
0.000103709
0.00010371
0.00010371
0.00010371
0.00010371
0.000103711
0.000103711
0.000103711
0.000103712
0.000103712
0.000103713
0.000103713
0.000103714
0.000103714
0.000103715
0.000103715
0.000103716
0.000103716
0.000103717
0.000103717
0.000103718
0.000103718
0.000103719
0.000103719
0.00010372
0.00010372
0.000103721
0.000103721
0.000103721
0.000103722
0.000103722
0.000103722
0.000103723
0.000103723
0.000103723
0.000103724
0.000103724
0.000103724
0.000103724
0.000103725
0.000103725
0.000103725
0.000103725
0.000103726
0.000103726
0.000103726
0.000103726
0.000103726
0.000103726
0.000103727
0.000103727
0.000103727
0.000103727
0.000103727
0.000103727
0.000103727
0.000103727
0.000103727
0.000103728
0.000103728
0.000103728
0.000103728
0.000103728
0.000103728
0.000103728
0.000103728
0.000103728
0.000103728
0.000103728
0.000103728
0.000103729
0.000103729
0.000103729
0.000103729
0.000103729
0.000103729
0.000103729
0.000103729
0.000103729
0.000103729
0.000103729
0.000103729
0.000103729
0.000103729
0.000103729
0.000103729
0.000103729
0.000103728
0.000103728
0.000103728
0.000103728
0.000103727
0.000103727
0.000103727
0.000103727
0.000103726
0.000103726
0.000103725
0.000103727
9.34888e-05
9.34862e-05
9.34848e-05
9.34837e-05
9.34829e-05
9.34822e-05
9.34816e-05
9.34811e-05
9.34806e-05
9.34803e-05
9.34799e-05
9.34797e-05
9.34795e-05
9.34794e-05
9.34794e-05
9.34795e-05
9.34796e-05
9.34797e-05
9.34799e-05
9.34801e-05
9.34803e-05
9.34805e-05
9.34808e-05
9.3481e-05
9.34813e-05
9.34816e-05
9.34819e-05
9.34822e-05
9.34826e-05
9.34829e-05
9.34833e-05
9.34836e-05
9.34841e-05
9.34845e-05
9.34849e-05
9.34854e-05
9.34858e-05
9.34863e-05
9.34867e-05
9.34872e-05
9.34876e-05
9.34881e-05
9.34885e-05
9.34889e-05
9.34893e-05
9.34897e-05
9.34901e-05
9.34905e-05
9.34909e-05
9.34912e-05
9.34916e-05
9.34919e-05
9.34922e-05
9.34925e-05
9.34928e-05
9.3493e-05
9.34933e-05
9.34935e-05
9.34937e-05
9.34939e-05
9.34941e-05
9.34943e-05
9.34945e-05
9.34947e-05
9.34948e-05
9.3495e-05
9.34951e-05
9.34953e-05
9.34954e-05
9.34955e-05
9.34957e-05
9.34958e-05
9.34959e-05
9.3496e-05
9.34961e-05
9.34962e-05
9.34963e-05
9.34964e-05
9.34964e-05
9.34965e-05
9.34966e-05
9.34967e-05
9.34968e-05
9.34968e-05
9.34969e-05
9.3497e-05
9.3497e-05
9.34971e-05
9.34972e-05
9.34972e-05
9.34973e-05
9.34973e-05
9.34973e-05
9.34974e-05
9.34974e-05
9.34975e-05
9.34975e-05
9.34975e-05
9.34975e-05
9.34976e-05
9.34976e-05
9.34976e-05
9.34976e-05
9.34976e-05
9.34976e-05
9.34976e-05
9.34975e-05
9.34974e-05
9.34973e-05
9.34972e-05
9.3497e-05
9.34968e-05
9.34966e-05
9.34963e-05
9.34961e-05
9.34958e-05
9.34955e-05
9.34953e-05
9.34946e-05
9.34958e-05
8.35321e-05
8.353e-05
8.35287e-05
8.35277e-05
8.35269e-05
8.35262e-05
8.35255e-05
8.3525e-05
8.35245e-05
8.35241e-05
8.35238e-05
8.35235e-05
8.35233e-05
8.35232e-05
8.35232e-05
8.35232e-05
8.35233e-05
8.35234e-05
8.35235e-05
8.35237e-05
8.35239e-05
8.35241e-05
8.35244e-05
8.35246e-05
8.35249e-05
8.35251e-05
8.35254e-05
8.35257e-05
8.3526e-05
8.35263e-05
8.35266e-05
8.3527e-05
8.35273e-05
8.35277e-05
8.35281e-05
8.35285e-05
8.35288e-05
8.35292e-05
8.35296e-05
8.353e-05
8.35304e-05
8.35308e-05
8.35312e-05
8.35316e-05
8.35319e-05
8.35323e-05
8.35326e-05
8.35329e-05
8.35332e-05
8.35335e-05
8.35338e-05
8.35341e-05
8.35344e-05
8.35346e-05
8.35349e-05
8.35351e-05
8.35353e-05
8.35355e-05
8.35357e-05
8.35359e-05
8.3536e-05
8.35362e-05
8.35363e-05
8.35365e-05
8.35366e-05
8.35368e-05
8.35369e-05
8.3537e-05
8.35371e-05
8.35372e-05
8.35373e-05
8.35374e-05
8.35375e-05
8.35376e-05
8.35376e-05
8.35377e-05
8.35378e-05
8.35379e-05
8.35379e-05
8.3538e-05
8.35381e-05
8.35381e-05
8.35382e-05
8.35383e-05
8.35383e-05
8.35384e-05
8.35384e-05
8.35385e-05
8.35385e-05
8.35386e-05
8.35386e-05
8.35386e-05
8.35387e-05
8.35387e-05
8.35387e-05
8.35388e-05
8.35388e-05
8.35388e-05
8.35388e-05
8.35389e-05
8.35389e-05
8.35389e-05
8.35389e-05
8.35389e-05
8.35389e-05
8.35389e-05
8.35389e-05
8.35388e-05
8.35387e-05
8.35386e-05
8.35385e-05
8.35383e-05
8.35381e-05
8.35379e-05
8.35377e-05
8.35375e-05
8.35372e-05
8.3537e-05
8.35365e-05
8.35374e-05
7.38597e-05
7.38581e-05
7.38569e-05
7.3856e-05
7.38552e-05
7.38545e-05
7.38538e-05
7.38532e-05
7.38528e-05
7.38523e-05
7.3852e-05
7.38517e-05
7.38515e-05
7.38514e-05
7.38513e-05
7.38513e-05
7.38514e-05
7.38515e-05
7.38516e-05
7.38518e-05
7.38519e-05
7.38521e-05
7.38523e-05
7.38526e-05
7.38528e-05
7.38531e-05
7.38533e-05
7.38536e-05
7.38538e-05
7.38541e-05
7.38544e-05
7.38547e-05
7.3855e-05
7.38553e-05
7.38556e-05
7.38559e-05
7.38563e-05
7.38566e-05
7.3857e-05
7.38573e-05
7.38576e-05
7.3858e-05
7.38583e-05
7.38586e-05
7.38589e-05
7.38592e-05
7.38595e-05
7.38598e-05
7.38601e-05
7.38603e-05
7.38606e-05
7.38608e-05
7.3861e-05
7.38613e-05
7.38615e-05
7.38617e-05
7.38618e-05
7.3862e-05
7.38621e-05
7.38623e-05
7.38624e-05
7.38626e-05
7.38627e-05
7.38628e-05
7.38629e-05
7.3863e-05
7.38631e-05
7.38632e-05
7.38633e-05
7.38634e-05
7.38635e-05
7.38635e-05
7.38636e-05
7.38637e-05
7.38637e-05
7.38638e-05
7.38639e-05
7.38639e-05
7.3864e-05
7.3864e-05
7.38641e-05
7.38641e-05
7.38642e-05
7.38642e-05
7.38643e-05
7.38643e-05
7.38644e-05
7.38644e-05
7.38645e-05
7.38645e-05
7.38645e-05
7.38646e-05
7.38646e-05
7.38646e-05
7.38646e-05
7.38647e-05
7.38647e-05
7.38647e-05
7.38647e-05
7.38647e-05
7.38647e-05
7.38648e-05
7.38648e-05
7.38648e-05
7.38648e-05
7.38648e-05
7.38647e-05
7.38647e-05
7.38646e-05
7.38646e-05
7.38645e-05
7.38643e-05
7.38642e-05
7.3864e-05
7.38638e-05
7.38637e-05
7.38634e-05
7.38633e-05
7.38628e-05
7.38634e-05
6.44887e-05
6.44874e-05
6.44865e-05
6.44856e-05
6.44848e-05
6.4484e-05
6.44834e-05
6.44828e-05
6.44823e-05
6.44819e-05
6.44815e-05
6.44813e-05
6.44811e-05
6.44809e-05
6.44808e-05
6.44808e-05
6.44809e-05
6.4481e-05
6.44811e-05
6.44812e-05
6.44814e-05
6.44815e-05
6.44817e-05
6.44819e-05
6.44822e-05
6.44824e-05
6.44826e-05
6.44828e-05
6.44831e-05
6.44833e-05
6.44835e-05
6.44838e-05
6.4484e-05
6.44843e-05
6.44846e-05
6.44849e-05
6.44851e-05
6.44854e-05
6.44857e-05
6.4486e-05
6.44863e-05
6.44866e-05
6.44868e-05
6.44871e-05
6.44874e-05
6.44876e-05
6.44879e-05
6.44881e-05
6.44883e-05
6.44886e-05
6.44888e-05
6.4489e-05
6.44892e-05
6.44894e-05
6.44895e-05
6.44897e-05
6.44898e-05
6.449e-05
6.44901e-05
6.44902e-05
6.44903e-05
6.44904e-05
6.44905e-05
6.44906e-05
6.44907e-05
6.44908e-05
6.44909e-05
6.4491e-05
6.4491e-05
6.44911e-05
6.44912e-05
6.44912e-05
6.44913e-05
6.44913e-05
6.44914e-05
6.44914e-05
6.44915e-05
6.44915e-05
6.44916e-05
6.44916e-05
6.44916e-05
6.44917e-05
6.44917e-05
6.44918e-05
6.44918e-05
6.44919e-05
6.44919e-05
6.44919e-05
6.4492e-05
6.4492e-05
6.4492e-05
6.4492e-05
6.44921e-05
6.44921e-05
6.44921e-05
6.44921e-05
6.44921e-05
6.44922e-05
6.44922e-05
6.44922e-05
6.44922e-05
6.44922e-05
6.44922e-05
6.44922e-05
6.44922e-05
6.44922e-05
6.44922e-05
6.44922e-05
6.44921e-05
6.44921e-05
6.4492e-05
6.44919e-05
6.44918e-05
6.44917e-05
6.44915e-05
6.44914e-05
6.44912e-05
6.4491e-05
6.44907e-05
6.4491e-05
5.54424e-05
5.54415e-05
5.54407e-05
5.54399e-05
5.54391e-05
5.54383e-05
5.54377e-05
5.54371e-05
5.54366e-05
5.54362e-05
5.54359e-05
5.54356e-05
5.54354e-05
5.54353e-05
5.54352e-05
5.54352e-05
5.54352e-05
5.54353e-05
5.54354e-05
5.54355e-05
5.54356e-05
5.54358e-05
5.5436e-05
5.54362e-05
5.54363e-05
5.54365e-05
5.54367e-05
5.54369e-05
5.54371e-05
5.54373e-05
5.54375e-05
5.54377e-05
5.5438e-05
5.54382e-05
5.54384e-05
5.54386e-05
5.54389e-05
5.54391e-05
5.54393e-05
5.54396e-05
5.54398e-05
5.54401e-05
5.54403e-05
5.54405e-05
5.54407e-05
5.54409e-05
5.54411e-05
5.54413e-05
5.54415e-05
5.54417e-05
5.54419e-05
5.54421e-05
5.54422e-05
5.54424e-05
5.54425e-05
5.54427e-05
5.54428e-05
5.54429e-05
5.5443e-05
5.54431e-05
5.54432e-05
5.54433e-05
5.54433e-05
5.54434e-05
5.54435e-05
5.54436e-05
5.54436e-05
5.54437e-05
5.54437e-05
5.54438e-05
5.54438e-05
5.54439e-05
5.54439e-05
5.5444e-05
5.5444e-05
5.5444e-05
5.54441e-05
5.54441e-05
5.54441e-05
5.54442e-05
5.54442e-05
5.54443e-05
5.54443e-05
5.54443e-05
5.54444e-05
5.54444e-05
5.54444e-05
5.54444e-05
5.54445e-05
5.54445e-05
5.54445e-05
5.54445e-05
5.54446e-05
5.54446e-05
5.54446e-05
5.54446e-05
5.54446e-05
5.54446e-05
5.54447e-05
5.54447e-05
5.54447e-05
5.54447e-05
5.54447e-05
5.54447e-05
5.54447e-05
5.54447e-05
5.54447e-05
5.54447e-05
5.54446e-05
5.54446e-05
5.54445e-05
5.54445e-05
5.54444e-05
5.54443e-05
5.54442e-05
5.5444e-05
5.54439e-05
5.54437e-05
5.54435e-05
5.54436e-05
4.67529e-05
4.67523e-05
4.67516e-05
4.67508e-05
4.67501e-05
4.67494e-05
4.67487e-05
4.67482e-05
4.67477e-05
4.67473e-05
4.6747e-05
4.67468e-05
4.67466e-05
4.67465e-05
4.67464e-05
4.67464e-05
4.67464e-05
4.67465e-05
4.67465e-05
4.67466e-05
4.67468e-05
4.67469e-05
4.67471e-05
4.67472e-05
4.67474e-05
4.67475e-05
4.67477e-05
4.67479e-05
4.6748e-05
4.67482e-05
4.67484e-05
4.67485e-05
4.67487e-05
4.67489e-05
4.67491e-05
4.67493e-05
4.67495e-05
4.67496e-05
4.67498e-05
4.675e-05
4.67502e-05
4.67504e-05
4.67506e-05
4.67508e-05
4.6751e-05
4.67512e-05
4.67513e-05
4.67515e-05
4.67516e-05
4.67518e-05
4.67519e-05
4.67521e-05
4.67522e-05
4.67523e-05
4.67524e-05
4.67525e-05
4.67526e-05
4.67527e-05
4.67528e-05
4.67529e-05
4.6753e-05
4.6753e-05
4.67531e-05
4.67532e-05
4.67532e-05
4.67533e-05
4.67533e-05
4.67534e-05
4.67534e-05
4.67534e-05
4.67535e-05
4.67535e-05
4.67535e-05
4.67536e-05
4.67536e-05
4.67536e-05
4.67537e-05
4.67537e-05
4.67537e-05
4.67538e-05
4.67538e-05
4.67538e-05
4.67538e-05
4.67539e-05
4.67539e-05
4.67539e-05
4.67539e-05
4.6754e-05
4.6754e-05
4.6754e-05
4.6754e-05
4.6754e-05
4.67541e-05
4.67541e-05
4.67541e-05
4.67541e-05
4.67541e-05
4.67541e-05
4.67541e-05
4.67542e-05
4.67542e-05
4.67542e-05
4.67542e-05
4.67542e-05
4.67542e-05
4.67542e-05
4.67542e-05
4.67542e-05
4.67542e-05
4.67541e-05
4.67541e-05
4.6754e-05
4.6754e-05
4.67539e-05
4.67538e-05
4.67537e-05
4.67536e-05
4.67534e-05
4.67532e-05
4.67532e-05
3.84641e-05
3.84637e-05
3.84631e-05
3.84623e-05
3.84616e-05
3.8461e-05
3.84604e-05
3.84599e-05
3.84595e-05
3.84591e-05
3.84589e-05
3.84586e-05
3.84585e-05
3.84584e-05
3.84583e-05
3.84583e-05
3.84583e-05
3.84583e-05
3.84584e-05
3.84585e-05
3.84586e-05
3.84587e-05
3.84588e-05
3.8459e-05
3.84591e-05
3.84592e-05
3.84594e-05
3.84595e-05
3.84597e-05
3.84598e-05
3.84599e-05
3.84601e-05
3.84602e-05
3.84603e-05
3.84605e-05
3.84606e-05
3.84608e-05
3.84609e-05
3.84611e-05
3.84612e-05
3.84614e-05
3.84616e-05
3.84617e-05
3.84619e-05
3.8462e-05
3.84621e-05
3.84623e-05
3.84624e-05
3.84625e-05
3.84627e-05
3.84628e-05
3.84629e-05
3.8463e-05
3.84631e-05
3.84632e-05
3.84633e-05
3.84633e-05
3.84634e-05
3.84635e-05
3.84635e-05
3.84636e-05
3.84636e-05
3.84637e-05
3.84637e-05
3.84638e-05
3.84638e-05
3.84639e-05
3.84639e-05
3.84639e-05
3.8464e-05
3.8464e-05
3.8464e-05
3.8464e-05
3.84641e-05
3.84641e-05
3.84641e-05
3.84641e-05
3.84642e-05
3.84642e-05
3.84642e-05
3.84642e-05
3.84642e-05
3.84643e-05
3.84643e-05
3.84643e-05
3.84643e-05
3.84644e-05
3.84644e-05
3.84644e-05
3.84644e-05
3.84644e-05
3.84644e-05
3.84645e-05
3.84645e-05
3.84645e-05
3.84645e-05
3.84645e-05
3.84645e-05
3.84645e-05
3.84645e-05
3.84645e-05
3.84645e-05
3.84646e-05
3.84646e-05
3.84646e-05
3.84646e-05
3.84646e-05
3.84646e-05
3.84646e-05
3.84645e-05
3.84645e-05
3.84645e-05
3.84644e-05
3.84643e-05
3.84643e-05
3.84642e-05
3.84641e-05
3.8464e-05
3.84638e-05
3.84637e-05
3.06368e-05
3.06366e-05
3.06361e-05
3.06354e-05
3.06348e-05
3.06342e-05
3.06337e-05
3.06333e-05
3.06329e-05
3.06326e-05
3.06324e-05
3.06322e-05
3.0632e-05
3.0632e-05
3.06319e-05
3.06319e-05
3.06319e-05
3.06319e-05
3.0632e-05
3.06321e-05
3.06321e-05
3.06322e-05
3.06323e-05
3.06324e-05
3.06325e-05
3.06326e-05
3.06328e-05
3.06329e-05
3.0633e-05
3.06331e-05
3.06332e-05
3.06333e-05
3.06334e-05
3.06335e-05
3.06336e-05
3.06337e-05
3.06338e-05
3.06339e-05
3.06341e-05
3.06342e-05
3.06343e-05
3.06344e-05
3.06346e-05
3.06347e-05
3.06348e-05
3.06349e-05
3.0635e-05
3.06351e-05
3.06352e-05
3.06353e-05
3.06354e-05
3.06355e-05
3.06356e-05
3.06356e-05
3.06357e-05
3.06358e-05
3.06358e-05
3.06359e-05
3.06359e-05
3.0636e-05
3.0636e-05
3.06361e-05
3.06361e-05
3.06361e-05
3.06362e-05
3.06362e-05
3.06362e-05
3.06362e-05
3.06363e-05
3.06363e-05
3.06363e-05
3.06363e-05
3.06364e-05
3.06364e-05
3.06364e-05
3.06364e-05
3.06364e-05
3.06365e-05
3.06365e-05
3.06365e-05
3.06365e-05
3.06365e-05
3.06366e-05
3.06366e-05
3.06366e-05
3.06366e-05
3.06366e-05
3.06366e-05
3.06367e-05
3.06367e-05
3.06367e-05
3.06367e-05
3.06367e-05
3.06367e-05
3.06367e-05
3.06367e-05
3.06368e-05
3.06368e-05
3.06368e-05
3.06368e-05
3.06368e-05
3.06368e-05
3.06368e-05
3.06368e-05
3.06368e-05
3.06368e-05
3.06368e-05
3.06368e-05
3.06368e-05
3.06368e-05
3.06368e-05
3.06367e-05
3.06367e-05
3.06367e-05
3.06366e-05
3.06365e-05
3.06364e-05
3.06364e-05
3.06363e-05
3.06361e-05
2.33577e-05
2.33575e-05
2.33571e-05
2.33565e-05
2.3356e-05
2.33555e-05
2.33551e-05
2.33547e-05
2.33544e-05
2.33542e-05
2.3354e-05
2.33538e-05
2.33537e-05
2.33537e-05
2.33536e-05
2.33536e-05
2.33536e-05
2.33536e-05
2.33537e-05
2.33537e-05
2.33538e-05
2.33539e-05
2.33539e-05
2.3354e-05
2.33541e-05
2.33542e-05
2.33543e-05
2.33543e-05
2.33544e-05
2.33545e-05
2.33546e-05
2.33546e-05
2.33547e-05
2.33548e-05
2.33549e-05
2.3355e-05
2.3355e-05
2.33551e-05
2.33552e-05
2.33553e-05
2.33554e-05
2.33555e-05
2.33556e-05
2.33557e-05
2.33558e-05
2.33558e-05
2.33559e-05
2.3356e-05
2.33561e-05
2.33562e-05
2.33562e-05
2.33563e-05
2.33563e-05
2.33564e-05
2.33565e-05
2.33565e-05
2.33565e-05
2.33566e-05
2.33566e-05
2.33567e-05
2.33567e-05
2.33567e-05
2.33568e-05
2.33568e-05
2.33568e-05
2.33568e-05
2.33569e-05
2.33569e-05
2.33569e-05
2.33569e-05
2.33569e-05
2.33569e-05
2.3357e-05
2.3357e-05
2.3357e-05
2.3357e-05
2.3357e-05
2.3357e-05
2.33571e-05
2.33571e-05
2.33571e-05
2.33571e-05
2.33571e-05
2.33571e-05
2.33571e-05
2.33572e-05
2.33572e-05
2.33572e-05
2.33572e-05
2.33572e-05
2.33572e-05
2.33572e-05
2.33572e-05
2.33573e-05
2.33573e-05
2.33573e-05
2.33573e-05
2.33573e-05
2.33573e-05
2.33573e-05
2.33573e-05
2.33573e-05
2.33573e-05
2.33573e-05
2.33573e-05
2.33573e-05
2.33573e-05
2.33573e-05
2.33573e-05
2.33573e-05
2.33573e-05
2.33573e-05
2.33573e-05
2.33572e-05
2.33572e-05
2.33571e-05
2.33571e-05
2.3357e-05
2.33569e-05
2.33567e-05
1.67511e-05
1.6751e-05
1.67507e-05
1.67502e-05
1.67498e-05
1.67495e-05
1.67491e-05
1.67489e-05
1.67486e-05
1.67484e-05
1.67483e-05
1.67482e-05
1.67481e-05
1.6748e-05
1.6748e-05
1.6748e-05
1.6748e-05
1.6748e-05
1.6748e-05
1.67481e-05
1.67481e-05
1.67482e-05
1.67482e-05
1.67483e-05
1.67483e-05
1.67484e-05
1.67484e-05
1.67485e-05
1.67486e-05
1.67486e-05
1.67487e-05
1.67487e-05
1.67488e-05
1.67488e-05
1.67489e-05
1.67489e-05
1.6749e-05
1.67491e-05
1.67491e-05
1.67492e-05
1.67493e-05
1.67493e-05
1.67494e-05
1.67494e-05
1.67495e-05
1.67496e-05
1.67496e-05
1.67497e-05
1.67497e-05
1.67498e-05
1.67498e-05
1.67499e-05
1.67499e-05
1.675e-05
1.675e-05
1.67501e-05
1.67501e-05
1.67501e-05
1.67501e-05
1.67502e-05
1.67502e-05
1.67502e-05
1.67502e-05
1.67503e-05
1.67503e-05
1.67503e-05
1.67503e-05
1.67503e-05
1.67503e-05
1.67504e-05
1.67504e-05
1.67504e-05
1.67504e-05
1.67504e-05
1.67504e-05
1.67504e-05
1.67504e-05
1.67505e-05
1.67505e-05
1.67505e-05
1.67505e-05
1.67505e-05
1.67505e-05
1.67505e-05
1.67505e-05
1.67505e-05
1.67506e-05
1.67506e-05
1.67506e-05
1.67506e-05
1.67506e-05
1.67506e-05
1.67506e-05
1.67506e-05
1.67506e-05
1.67506e-05
1.67506e-05
1.67507e-05
1.67507e-05
1.67507e-05
1.67507e-05
1.67507e-05
1.67507e-05
1.67507e-05
1.67507e-05
1.67507e-05
1.67507e-05
1.67507e-05
1.67507e-05
1.67507e-05
1.67507e-05
1.67507e-05
1.67507e-05
1.67506e-05
1.67506e-05
1.67506e-05
1.67505e-05
1.67505e-05
1.67504e-05
1.67502e-05
1.09958e-05
1.09958e-05
1.09955e-05
1.09952e-05
1.09949e-05
1.09947e-05
1.09944e-05
1.09942e-05
1.09941e-05
1.09939e-05
1.09938e-05
1.09938e-05
1.09937e-05
1.09937e-05
1.09936e-05
1.09936e-05
1.09936e-05
1.09936e-05
1.09936e-05
1.09937e-05
1.09937e-05
1.09937e-05
1.09938e-05
1.09938e-05
1.09938e-05
1.09939e-05
1.09939e-05
1.09939e-05
1.0994e-05
1.0994e-05
1.0994e-05
1.09941e-05
1.09941e-05
1.09941e-05
1.09942e-05
1.09942e-05
1.09943e-05
1.09943e-05
1.09943e-05
1.09944e-05
1.09944e-05
1.09945e-05
1.09945e-05
1.09946e-05
1.09946e-05
1.09946e-05
1.09947e-05
1.09947e-05
1.09948e-05
1.09948e-05
1.09948e-05
1.09949e-05
1.09949e-05
1.09949e-05
1.09949e-05
1.0995e-05
1.0995e-05
1.0995e-05
1.0995e-05
1.09951e-05
1.09951e-05
1.09951e-05
1.09951e-05
1.09951e-05
1.09951e-05
1.09951e-05
1.09952e-05
1.09952e-05
1.09952e-05
1.09952e-05
1.09952e-05
1.09952e-05
1.09952e-05
1.09952e-05
1.09952e-05
1.09952e-05
1.09953e-05
1.09953e-05
1.09953e-05
1.09953e-05
1.09953e-05
1.09953e-05
1.09953e-05
1.09953e-05
1.09953e-05
1.09953e-05
1.09953e-05
1.09954e-05
1.09954e-05
1.09954e-05
1.09954e-05
1.09954e-05
1.09954e-05
1.09954e-05
1.09954e-05
1.09954e-05
1.09954e-05
1.09954e-05
1.09954e-05
1.09954e-05
1.09954e-05
1.09954e-05
1.09954e-05
1.09954e-05
1.09954e-05
1.09955e-05
1.09955e-05
1.09955e-05
1.09955e-05
1.09955e-05
1.09955e-05
1.09954e-05
1.09954e-05
1.09954e-05
1.09954e-05
1.09954e-05
1.09953e-05
1.09953e-05
1.09953e-05
1.09951e-05
6.32983e-06
6.32978e-06
6.32963e-06
6.32947e-06
6.3293e-06
6.32915e-06
6.329e-06
6.32888e-06
6.32878e-06
6.32869e-06
6.32863e-06
6.32858e-06
6.32854e-06
6.32851e-06
6.32849e-06
6.32848e-06
6.32848e-06
6.32848e-06
6.32849e-06
6.3285e-06
6.32851e-06
6.32853e-06
6.32855e-06
6.32857e-06
6.32859e-06
6.32861e-06
6.32863e-06
6.32865e-06
6.32867e-06
6.32869e-06
6.32871e-06
6.32873e-06
6.32875e-06
6.32877e-06
6.32879e-06
6.32881e-06
6.32884e-06
6.32886e-06
6.32889e-06
6.32891e-06
6.32894e-06
6.32897e-06
6.32899e-06
6.32902e-06
6.32904e-06
6.32907e-06
6.32909e-06
6.32912e-06
6.32914e-06
6.32916e-06
6.32918e-06
6.3292e-06
6.32922e-06
6.32924e-06
6.32926e-06
6.32927e-06
6.32929e-06
6.3293e-06
6.32931e-06
6.32932e-06
6.32933e-06
6.32935e-06
6.32936e-06
6.32936e-06
6.32937e-06
6.32938e-06
6.32939e-06
6.3294e-06
6.32941e-06
6.32941e-06
6.32942e-06
6.32943e-06
6.32943e-06
6.32944e-06
6.32945e-06
6.32945e-06
6.32946e-06
6.32946e-06
6.32947e-06
6.32948e-06
6.32948e-06
6.32949e-06
6.3295e-06
6.3295e-06
6.32951e-06
6.32951e-06
6.32952e-06
6.32952e-06
6.32953e-06
6.32953e-06
6.32954e-06
6.32954e-06
6.32955e-06
6.32955e-06
6.32956e-06
6.32956e-06
6.32957e-06
6.32957e-06
6.32957e-06
6.32958e-06
6.32958e-06
6.32958e-06
6.32959e-06
6.32959e-06
6.32959e-06
6.32959e-06
6.3296e-06
6.3296e-06
6.3296e-06
6.3296e-06
6.3296e-06
6.32959e-06
6.32959e-06
6.32958e-06
6.32956e-06
6.32955e-06
6.32953e-06
6.32951e-06
6.32949e-06
6.32942e-06
2.99689e-06
2.99687e-06
2.99682e-06
2.99674e-06
2.99666e-06
2.99658e-06
2.99651e-06
2.99645e-06
2.99639e-06
2.99635e-06
2.99632e-06
2.99629e-06
2.99627e-06
2.99625e-06
2.99624e-06
2.99624e-06
2.99623e-06
2.99623e-06
2.99623e-06
2.99624e-06
2.99624e-06
2.99625e-06
2.99626e-06
2.99627e-06
2.99628e-06
2.99629e-06
2.9963e-06
2.99631e-06
2.99632e-06
2.99633e-06
2.99633e-06
2.99634e-06
2.99635e-06
2.99636e-06
2.99638e-06
2.99639e-06
2.9964e-06
2.99641e-06
2.99642e-06
2.99643e-06
2.99645e-06
2.99646e-06
2.99647e-06
2.99649e-06
2.9965e-06
2.99651e-06
2.99653e-06
2.99654e-06
2.99655e-06
2.99656e-06
2.99657e-06
2.99658e-06
2.99659e-06
2.9966e-06
2.99661e-06
2.99662e-06
2.99663e-06
2.99663e-06
2.99664e-06
2.99665e-06
2.99665e-06
2.99666e-06
2.99666e-06
2.99667e-06
2.99667e-06
2.99668e-06
2.99668e-06
2.99669e-06
2.99669e-06
2.9967e-06
2.9967e-06
2.9967e-06
2.99671e-06
2.99671e-06
2.99671e-06
2.99672e-06
2.99672e-06
2.99673e-06
2.99673e-06
2.99673e-06
2.99674e-06
2.99674e-06
2.99674e-06
2.99675e-06
2.99675e-06
2.99675e-06
2.99676e-06
2.99676e-06
2.99676e-06
2.99676e-06
2.99677e-06
2.99677e-06
2.99677e-06
2.99677e-06
2.99678e-06
2.99678e-06
2.99678e-06
2.99678e-06
2.99679e-06
2.99679e-06
2.99679e-06
2.99679e-06
2.99679e-06
2.99679e-06
2.9968e-06
2.9968e-06
2.9968e-06
2.9968e-06
2.9968e-06
2.9968e-06
2.9968e-06
2.9968e-06
2.9968e-06
2.99679e-06
2.99679e-06
2.99678e-06
2.99677e-06
2.99676e-06
2.99675e-06
2.99672e-06
1.06848e-06
1.06848e-06
1.06847e-06
1.06844e-06
1.06841e-06
1.06838e-06
1.06836e-06
1.06833e-06
1.06831e-06
1.06829e-06
1.06828e-06
1.06827e-06
1.06826e-06
1.06825e-06
1.06825e-06
1.06825e-06
1.06824e-06
1.06824e-06
1.06824e-06
1.06824e-06
1.06825e-06
1.06825e-06
1.06825e-06
1.06825e-06
1.06826e-06
1.06826e-06
1.06826e-06
1.06827e-06
1.06827e-06
1.06828e-06
1.06828e-06
1.06828e-06
1.06829e-06
1.06829e-06
1.06829e-06
1.0683e-06
1.0683e-06
1.06831e-06
1.06831e-06
1.06832e-06
1.06832e-06
1.06833e-06
1.06833e-06
1.06834e-06
1.06834e-06
1.06835e-06
1.06835e-06
1.06836e-06
1.06836e-06
1.06836e-06
1.06837e-06
1.06837e-06
1.06838e-06
1.06838e-06
1.06838e-06
1.06839e-06
1.06839e-06
1.06839e-06
1.0684e-06
1.0684e-06
1.0684e-06
1.0684e-06
1.06841e-06
1.06841e-06
1.06841e-06
1.06841e-06
1.06841e-06
1.06841e-06
1.06842e-06
1.06842e-06
1.06842e-06
1.06842e-06
1.06842e-06
1.06842e-06
1.06843e-06
1.06843e-06
1.06843e-06
1.06843e-06
1.06843e-06
1.06843e-06
1.06843e-06
1.06844e-06
1.06844e-06
1.06844e-06
1.06844e-06
1.06844e-06
1.06844e-06
1.06844e-06
1.06844e-06
1.06845e-06
1.06845e-06
1.06845e-06
1.06845e-06
1.06845e-06
1.06845e-06
1.06845e-06
1.06845e-06
1.06845e-06
1.06845e-06
1.06846e-06
1.06846e-06
1.06846e-06
1.06846e-06
1.06846e-06
1.06846e-06
1.06846e-06
1.06846e-06
1.06846e-06
1.06846e-06
1.06846e-06
1.06846e-06
1.06846e-06
1.06846e-06
1.06846e-06
1.06846e-06
1.06845e-06
1.06845e-06
1.06845e-06
1.06844e-06
1.06843e-06
2.54933e-07
2.54935e-07
2.54933e-07
2.54927e-07
2.5492e-07
2.54913e-07
2.54906e-07
2.549e-07
2.54895e-07
2.5489e-07
2.54887e-07
2.54884e-07
2.54882e-07
2.5488e-07
2.54879e-07
2.54878e-07
2.54877e-07
2.54877e-07
2.54877e-07
2.54877e-07
2.54878e-07
2.54878e-07
2.54879e-07
2.54879e-07
2.5488e-07
2.54881e-07
2.54882e-07
2.54883e-07
2.54884e-07
2.54884e-07
2.54885e-07
2.54886e-07
2.54887e-07
2.54888e-07
2.54889e-07
2.5489e-07
2.54891e-07
2.54892e-07
2.54893e-07
2.54894e-07
2.54896e-07
2.54897e-07
2.54898e-07
2.54899e-07
2.54901e-07
2.54902e-07
2.54903e-07
2.54904e-07
2.54905e-07
2.54907e-07
2.54908e-07
2.54909e-07
2.5491e-07
2.54911e-07
2.54912e-07
2.54912e-07
2.54913e-07
2.54914e-07
2.54915e-07
2.54915e-07
2.54916e-07
2.54916e-07
2.54917e-07
2.54918e-07
2.54918e-07
2.54919e-07
2.54919e-07
2.5492e-07
2.5492e-07
2.5492e-07
2.54921e-07
2.54921e-07
2.54922e-07
2.54922e-07
2.54922e-07
2.54923e-07
2.54923e-07
2.54924e-07
2.54924e-07
2.54924e-07
2.54925e-07
2.54925e-07
2.54925e-07
2.54926e-07
2.54926e-07
2.54926e-07
2.54927e-07
2.54927e-07
2.54927e-07
2.54928e-07
2.54928e-07
2.54928e-07
2.54929e-07
2.54929e-07
2.54929e-07
2.54929e-07
2.5493e-07
2.5493e-07
2.5493e-07
2.5493e-07
2.5493e-07
2.54931e-07
2.54931e-07
2.54931e-07
2.54931e-07
2.54931e-07
2.54932e-07
2.54932e-07
2.54932e-07
2.54932e-07
2.54932e-07
2.54932e-07
2.54931e-07
2.54931e-07
2.54931e-07
2.5493e-07
2.54929e-07
2.54928e-07
2.54927e-07
2.54925e-07
3.35354e-08
3.35359e-08
3.35356e-08
3.35349e-08
3.3534e-08
3.3533e-08
3.35321e-08
3.35312e-08
3.35305e-08
3.35299e-08
3.35294e-08
3.35291e-08
3.35288e-08
3.35285e-08
3.35283e-08
3.35282e-08
3.35281e-08
3.35281e-08
3.35281e-08
3.35281e-08
3.35282e-08
3.35282e-08
3.35283e-08
3.35284e-08
3.35285e-08
3.35286e-08
3.35287e-08
3.35288e-08
3.35289e-08
3.3529e-08
3.35292e-08
3.35293e-08
3.35294e-08
3.35295e-08
3.35296e-08
3.35298e-08
3.35299e-08
3.35301e-08
3.35302e-08
3.35304e-08
3.35305e-08
3.35307e-08
3.35309e-08
3.35311e-08
3.35312e-08
3.35314e-08
3.35316e-08
3.35317e-08
3.35319e-08
3.3532e-08
3.35322e-08
3.35323e-08
3.35325e-08
3.35326e-08
3.35327e-08
3.35328e-08
3.35329e-08
3.3533e-08
3.35331e-08
3.35332e-08
3.35333e-08
3.35334e-08
3.35334e-08
3.35335e-08
3.35336e-08
3.35337e-08
3.35337e-08
3.35338e-08
3.35339e-08
3.35339e-08
3.3534e-08
3.3534e-08
3.35341e-08
3.35341e-08
3.35342e-08
3.35342e-08
3.35343e-08
3.35343e-08
3.35344e-08
3.35344e-08
3.35345e-08
3.35346e-08
3.35346e-08
3.35346e-08
3.35347e-08
3.35347e-08
3.35348e-08
3.35348e-08
3.35349e-08
3.35349e-08
3.3535e-08
3.3535e-08
3.3535e-08
3.35351e-08
3.35351e-08
3.35351e-08
3.35352e-08
3.35352e-08
3.35352e-08
3.35353e-08
3.35353e-08
3.35353e-08
3.35353e-08
3.35354e-08
3.35354e-08
3.35354e-08
3.35354e-08
3.35355e-08
3.35355e-08
3.35355e-08
3.35355e-08
3.35355e-08
3.35354e-08
3.35354e-08
3.35353e-08
3.35352e-08
3.35351e-08
3.3535e-08
3.35349e-08
3.35346e-08
1.57126e-09
1.57128e-09
1.57127e-09
1.57124e-09
1.57119e-09
1.57115e-09
1.5711e-09
1.57106e-09
1.57103e-09
1.571e-09
1.57098e-09
1.57096e-09
1.57095e-09
1.57094e-09
1.57093e-09
1.57092e-09
1.57092e-09
1.57092e-09
1.57092e-09
1.57092e-09
1.57092e-09
1.57092e-09
1.57093e-09
1.57093e-09
1.57093e-09
1.57094e-09
1.57094e-09
1.57095e-09
1.57096e-09
1.57096e-09
1.57097e-09
1.57097e-09
1.57098e-09
1.57098e-09
1.57099e-09
1.57099e-09
1.571e-09
1.57101e-09
1.57102e-09
1.57102e-09
1.57103e-09
1.57104e-09
1.57105e-09
1.57105e-09
1.57106e-09
1.57107e-09
1.57108e-09
1.57109e-09
1.57109e-09
1.5711e-09
1.57111e-09
1.57111e-09
1.57112e-09
1.57113e-09
1.57113e-09
1.57114e-09
1.57114e-09
1.57115e-09
1.57115e-09
1.57116e-09
1.57116e-09
1.57116e-09
1.57117e-09
1.57117e-09
1.57118e-09
1.57118e-09
1.57118e-09
1.57118e-09
1.57119e-09
1.57119e-09
1.57119e-09
1.5712e-09
1.5712e-09
1.5712e-09
1.5712e-09
1.57121e-09
1.57121e-09
1.57121e-09
1.57121e-09
1.57122e-09
1.57122e-09
1.57122e-09
1.57122e-09
1.57123e-09
1.57123e-09
1.57123e-09
1.57123e-09
1.57123e-09
1.57124e-09
1.57124e-09
1.57124e-09
1.57124e-09
1.57124e-09
1.57124e-09
1.57125e-09
1.57125e-09
1.57125e-09
1.57125e-09
1.57125e-09
1.57125e-09
1.57126e-09
1.57126e-09
1.57126e-09
1.57126e-09
1.57126e-09
1.57126e-09
1.57126e-09
1.57126e-09
1.57126e-09
1.57126e-09
1.57126e-09
1.57126e-09
1.57126e-09
1.57126e-09
1.57126e-09
1.57125e-09
1.57125e-09
1.57124e-09
1.57124e-09
1.57122e-09
8.46957e-12
8.46971e-12
8.46965e-12
8.46947e-12
8.46923e-12
8.46898e-12
8.46875e-12
8.46854e-12
8.46836e-12
8.4682e-12
8.46808e-12
8.46798e-12
8.4679e-12
8.46784e-12
8.4678e-12
8.46777e-12
8.46774e-12
8.46773e-12
8.46773e-12
8.46774e-12
8.46775e-12
8.46776e-12
8.46778e-12
8.46781e-12
8.46783e-12
8.46786e-12
8.46789e-12
8.46792e-12
8.46794e-12
8.46797e-12
8.468e-12
8.46803e-12
8.46806e-12
8.46809e-12
8.46812e-12
8.46816e-12
8.46819e-12
8.46823e-12
8.46827e-12
8.46831e-12
8.46835e-12
8.4684e-12
8.46844e-12
8.46848e-12
8.46853e-12
8.46857e-12
8.46861e-12
8.46865e-12
8.46869e-12
8.46873e-12
8.46877e-12
8.4688e-12
8.46884e-12
8.46887e-12
8.4689e-12
8.46893e-12
8.46896e-12
8.46898e-12
8.46901e-12
8.46903e-12
8.46905e-12
8.46907e-12
8.46909e-12
8.46911e-12
8.46913e-12
8.46915e-12
8.46917e-12
8.46918e-12
8.4692e-12
8.46921e-12
8.46923e-12
8.46924e-12
8.46926e-12
8.46927e-12
8.46928e-12
8.4693e-12
8.46931e-12
8.46932e-12
8.46934e-12
8.46935e-12
8.46936e-12
8.46938e-12
8.46939e-12
8.4694e-12
8.46941e-12
8.46942e-12
8.46944e-12
8.46945e-12
8.46946e-12
8.46947e-12
8.46948e-12
8.46949e-12
8.4695e-12
8.46951e-12
8.46952e-12
8.46953e-12
8.46953e-12
8.46954e-12
8.46955e-12
8.46956e-12
8.46956e-12
8.46957e-12
8.46958e-12
8.46959e-12
8.46959e-12
8.4696e-12
8.4696e-12
8.46961e-12
8.46961e-12
8.46962e-12
8.46962e-12
8.46961e-12
8.4696e-12
8.46959e-12
8.46958e-12
8.46955e-12
8.46953e-12
8.4695e-12
8.46947e-12
8.46939e-12
)
;

boundaryField
{
    bottomWall
    {
        type            nutUWallFunction;
        Cmu             0.09;
        kappa           0.41;
        E               9.8;
        value           nonuniform 0();
    }
    topWall
    {
        type            nutUWallFunction;
        Cmu             0.09;
        kappa           0.41;
        E               9.8;
        value           uniform 0;
    }
    sides1_half0
    {
        type            cyclic;
    }
    sides1_half1
    {
        type            cyclic;
    }
    sides2_half0
    {
        type            cyclic;
    }
    sides2_half1
    {
        type            cyclic;
    }
    inout1_half0
    {
        type            cyclic;
    }
    inout1_half1
    {
        type            cyclic;
    }
    inout2_half0
    {
        type            cyclic;
    }
    inout2_half1
    {
        type            cyclic;
    }
    procBoundary0to1
    {
        type            processor;
        value           nonuniform List<scalar> 
122
(
0.000305812
0.000305808
0.00030581
0.000305813
0.000305815
0.000305817
0.000305819
0.000305821
0.000305823
0.000305824
0.000305826
0.000305827
0.000305829
0.00030583
0.000305831
0.000305832
0.000305833
0.000305834
0.000305835
0.000305836
0.000305837
0.000305838
0.000305839
0.00030584
0.000305841
0.000305842
0.000305843
0.000305844
0.000305845
0.000305846
0.000305847
0.000305847
0.000305848
0.000305849
0.00030585
0.000305851
0.000305852
0.000305852
0.000305853
0.000305854
0.000305855
0.000305856
0.000305856
0.000305857
0.000305858
0.000305859
0.000305859
0.00030586
0.000305861
0.000305861
0.000305862
0.000305862
0.000305863
0.000305864
0.000305864
0.000305865
0.000305865
0.000305866
0.000305866
0.000305867
0.000305867
0.000305867
0.000305868
0.000305868
0.000305869
0.000305869
0.000305869
0.000305869
0.00030587
0.00030587
0.00030587
0.00030587
0.000305871
0.000305871
0.000305871
0.000305871
0.000305871
0.000290602
0.000290597
0.000290596
0.000290596
0.000290596
0.000290596
0.000290596
0.000290596
0.000290596
0.000290596
0.000290596
0.000290596
0.000290596
0.000290597
0.000290597
0.000290598
0.000290598
0.000290598
0.000290599
0.000290599
0.000290599
0.000290599
0.000290599
0.0002906
0.0002906
0.000290656
0.000290656
0.000290656
0.000290655
0.000290653
0.000290651
0.000290649
0.000290648
0.000290646
0.000290644
0.000290642
0.00029064
0.000290639
0.000290637
0.000290636
0.000290634
0.000290632
0.000290631
0.000290629
0.000290632
)
;
    }
}


// ************************************************************************* //
