/*--------------------------------*- C++ -*----------------------------------*\
  =========                 |
  \\      /  F ield         | OpenFOAM: The Open Source CFD Toolbox
   \\    /   O peration     | Website:  https://openfoam.org
    \\  /    A nd           | Version:  7
     \\/     M anipulation  |
\*---------------------------------------------------------------------------*/
FoamFile
{
    version     2.0;
    format      ascii;
    class       volScalarField;
    location    "4500";
    object      nut;
}
// * * * * * * * * * * * * * * * * * * * * * * * * * * * * * * * * * * * * * //

dimensions      [0 2 -1 0 0 0 0];

internalField   nonuniform List<scalar> 
3963
(
0.00135328
0.0013536
0.00135366
0.00135367
0.00135366
0.00135366
0.00135365
0.00135364
0.00135362
0.00135361
0.00135359
0.00135358
0.00135356
0.00135354
0.00135352
0.0013535
0.00135347
0.00135345
0.00135342
0.0013534
0.00135339
0.00135247
0.00135235
0.00135224
0.00135218
0.00135214
0.00135211
0.00135208
0.00135205
0.00135203
0.00135201
0.00135198
0.00135196
0.00135194
0.00135191
0.00135189
0.00135182
0.0012917
0.001292
0.00129207
0.00129208
0.00129207
0.00129206
0.00129205
0.00129204
0.00129202
0.001292
0.00129199
0.00129197
0.00129195
0.00129193
0.0012919
0.00129188
0.00129186
0.00129183
0.0012918
0.00129178
0.00129169
0.00129273
0.0012931
0.00129251
0.0012924
0.00129228
0.00129225
0.00129171
0.0012914
0.00129121
0.00129108
0.00129099
0.00129091
0.00129085
0.0012908
0.00129075
0.0012907
0.00129066
0.00129062
0.00129059
0.00129055
0.00129053
0.00129043
0.00123281
0.00123308
0.00123314
0.00123315
0.00123315
0.00123314
0.00123312
0.00123311
0.00123309
0.00123307
0.00123305
0.00123303
0.00123301
0.00123299
0.00123296
0.00123294
0.00123291
0.00123289
0.00123286
0.00123284
0.00123276
0.00123317
0.00123345
0.0012346
0.00123503
0.00123515
0.00123519
0.00123522
0.00123523
0.00123524
0.00123525
0.00123525
0.00123525
0.00123525
0.00123525
0.00123524
0.00123524
0.00123523
0.00123522
0.00123521
0.0012352
0.00123519
0.00123518
0.00123517
0.00123516
0.00123515
0.00123514
0.00123513
0.00123512
0.00123511
0.00123509
0.00123508
0.00123507
0.00123505
0.00123504
0.00123503
0.00123501
0.001235
0.00123498
0.00123497
0.00123495
0.00123494
0.00123492
0.00123491
0.00123489
0.00123488
0.00123486
0.00123485
0.00123483
0.00123481
0.0012348
0.00123478
0.00123477
0.00123475
0.00123474
0.00123472
0.00123471
0.00123469
0.00123468
0.00123466
0.00123465
0.00123463
0.00123462
0.0012346
0.00123459
0.00123457
0.00123456
0.00123455
0.00123453
0.00123452
0.00123451
0.0012345
0.00123448
0.00123447
0.00123446
0.00123445
0.00123443
0.00123442
0.00123441
0.00123443
0.00123395
0.00123369
0.00123353
0.00123345
0.00123317
0.0012329
0.00123269
0.00123254
0.00123241
0.00123231
0.00123223
0.00123215
0.00123209
0.00123203
0.00123198
0.00123193
0.00123188
0.00123183
0.0012318
0.00123169
0.00117655
0.00117678
0.00117683
0.00117684
0.00117684
0.00117683
0.00117681
0.00117679
0.00117677
0.00117676
0.00117673
0.00117671
0.00117669
0.00117667
0.00117665
0.00117662
0.0011766
0.00117657
0.00117654
0.00117652
0.00117646
0.00117661
0.00117677
0.00117733
0.00117778
0.00117802
0.00117815
0.00117824
0.00117829
0.00117834
0.00117837
0.00117839
0.00117841
0.00117843
0.00117844
0.00117845
0.00117845
0.00117846
0.00117846
0.00117846
0.00117846
0.00117846
0.00117845
0.00117845
0.00117845
0.00117844
0.00117843
0.00117843
0.00117842
0.00117841
0.00117841
0.0011784
0.00117839
0.00117838
0.00117837
0.00117836
0.00117835
0.00117834
0.00117833
0.00117832
0.0011783
0.00117829
0.00117828
0.00117827
0.00117826
0.00117824
0.00117823
0.00117822
0.0011782
0.00117819
0.00117818
0.00117816
0.00117815
0.00117814
0.00117813
0.00117811
0.0011781
0.00117809
0.00117807
0.00117806
0.00117805
0.00117804
0.00117802
0.00117801
0.001178
0.00117799
0.00117798
0.00117796
0.00117795
0.00117794
0.00117793
0.00117792
0.00117791
0.0011779
0.00117789
0.00117788
0.00117787
0.00117786
0.00117785
0.00117786
0.00117766
0.00117746
0.0011773
0.0011772
0.00117703
0.00117683
0.00117665
0.00117649
0.00117636
0.00117625
0.00117616
0.00117607
0.001176
0.00117593
0.00117587
0.00117581
0.00117576
0.00117571
0.00117567
0.00117555
0.00112284
0.00112304
0.00112308
0.00112309
0.00112308
0.00112307
0.00112305
0.00112304
0.00112302
0.001123
0.00112298
0.00112296
0.00112293
0.00112291
0.00112289
0.00112286
0.00112284
0.00112282
0.00112279
0.00112277
0.00112272
0.00112276
0.00112283
0.0011231
0.00112341
0.00112365
0.00112382
0.00112393
0.00112401
0.00112408
0.00112413
0.00112417
0.0011242
0.00112423
0.00112425
0.00112426
0.00112428
0.00112429
0.0011243
0.00112431
0.00112431
0.00112432
0.00112432
0.00112432
0.00112432
0.00112432
0.00112432
0.00112432
0.00112432
0.00112431
0.00112431
0.0011243
0.0011243
0.00112429
0.00112429
0.00112428
0.00112427
0.00112426
0.00112426
0.00112425
0.00112424
0.00112423
0.00112422
0.00112421
0.0011242
0.00112419
0.00112418
0.00112417
0.00112416
0.00112415
0.00112414
0.00112413
0.00112411
0.0011241
0.00112409
0.00112408
0.00112407
0.00112406
0.00112405
0.00112404
0.00112403
0.00112402
0.00112401
0.001124
0.00112399
0.00112398
0.00112397
0.00112396
0.00112395
0.00112394
0.00112393
0.00112392
0.00112391
0.0011239
0.00112389
0.00112388
0.00112387
0.00112387
0.00112386
0.00112386
0.00112378
0.00112366
0.00112353
0.00112343
0.00112332
0.00112318
0.00112304
0.0011229
0.00112278
0.00112267
0.00112258
0.00112249
0.00112241
0.00112234
0.00112228
0.00112222
0.00112216
0.00112211
0.00112207
0.00112195
0.00107161
0.00107178
0.00107181
0.00107181
0.00107181
0.00107179
0.00107178
0.00107176
0.00107174
0.00107172
0.0010717
0.00107168
0.00107166
0.00107164
0.00107162
0.00107159
0.00107157
0.00107155
0.00107152
0.0010715
0.00107146
0.00107146
0.00107148
0.0010716
0.00107178
0.00107197
0.00107212
0.00107223
0.00107232
0.0010724
0.00107245
0.0010725
0.00107254
0.00107257
0.0010726
0.00107263
0.00107265
0.00107266
0.00107268
0.00107269
0.0010727
0.00107271
0.00107272
0.00107272
0.00107272
0.00107273
0.00107273
0.00107273
0.00107273
0.00107273
0.00107273
0.00107273
0.00107272
0.00107272
0.00107272
0.00107271
0.00107271
0.0010727
0.0010727
0.00107269
0.00107269
0.00107268
0.00107267
0.00107266
0.00107266
0.00107265
0.00107264
0.00107263
0.00107262
0.00107261
0.00107261
0.0010726
0.00107259
0.00107258
0.00107257
0.00107256
0.00107255
0.00107254
0.00107253
0.00107252
0.00107252
0.00107251
0.0010725
0.00107249
0.00107248
0.00107247
0.00107246
0.00107246
0.00107245
0.00107244
0.00107243
0.00107242
0.00107242
0.00107241
0.0010724
0.00107239
0.00107239
0.00107238
0.00107237
0.00107237
0.00107234
0.00107227
0.00107219
0.00107211
0.00107202
0.00107193
0.00107182
0.00107171
0.00107161
0.00107151
0.00107142
0.00107134
0.00107126
0.0010712
0.00107113
0.00107107
0.00107102
0.00107096
0.00107092
0.00107081
0.00102276
0.00102291
0.00102294
0.00102294
0.00102293
0.00102291
0.0010229
0.00102288
0.00102286
0.00102284
0.00102282
0.0010228
0.00102278
0.00102276
0.00102274
0.00102272
0.0010227
0.00102268
0.00102265
0.00102263
0.0010226
0.00102259
0.00102258
0.00102263
0.00102272
0.00102284
0.00102295
0.00102305
0.00102314
0.00102321
0.00102326
0.00102331
0.00102335
0.00102339
0.00102342
0.00102345
0.00102347
0.00102349
0.00102351
0.00102352
0.00102354
0.00102355
0.00102356
0.00102357
0.00102357
0.00102358
0.00102358
0.00102359
0.00102359
0.00102359
0.00102359
0.00102359
0.00102359
0.00102359
0.00102359
0.00102358
0.00102358
0.00102358
0.00102358
0.00102357
0.00102357
0.00102356
0.00102356
0.00102355
0.00102354
0.00102354
0.00102353
0.00102352
0.00102352
0.00102351
0.0010235
0.0010235
0.00102349
0.00102348
0.00102347
0.00102347
0.00102346
0.00102345
0.00102344
0.00102344
0.00102343
0.00102342
0.00102342
0.00102341
0.0010234
0.00102339
0.00102339
0.00102338
0.00102337
0.00102337
0.00102336
0.00102335
0.00102335
0.00102334
0.00102333
0.00102333
0.00102332
0.00102331
0.00102331
0.00102331
0.00102329
0.00102326
0.0010232
0.00102315
0.00102309
0.00102302
0.00102294
0.00102286
0.00102277
0.00102269
0.00102262
0.00102254
0.00102248
0.00102241
0.00102235
0.0010223
0.00102224
0.00102219
0.00102215
0.00102204
0.000976209
0.000976345
0.000976366
0.000976362
0.000976352
0.000976339
0.000976324
0.000976309
0.000976292
0.000976274
0.000976256
0.000976237
0.000976218
0.000976198
0.000976179
0.000976158
0.000976138
0.000976117
0.000976095
0.000976074
0.00097605
0.00097603
0.000976017
0.000976026
0.000976066
0.000976132
0.000976208
0.000976282
0.00097635
0.00097641
0.000976462
0.000976508
0.000976548
0.000976583
0.000976614
0.000976641
0.000976664
0.000976685
0.000976704
0.00097672
0.000976734
0.000976746
0.000976757
0.000976766
0.000976774
0.000976781
0.000976787
0.000976792
0.000976795
0.000976799
0.000976801
0.000976803
0.000976804
0.000976804
0.000976804
0.000976803
0.000976802
0.0009768
0.000976798
0.000976795
0.000976792
0.000976789
0.000976785
0.00097678
0.000976776
0.000976771
0.000976766
0.000976761
0.000976756
0.00097675
0.000976744
0.000976739
0.000976733
0.000976727
0.000976721
0.000976715
0.000976708
0.000976702
0.000976696
0.00097669
0.000976684
0.000976678
0.000976672
0.000976666
0.00097666
0.000976654
0.000976648
0.000976642
0.000976636
0.000976631
0.000976625
0.00097662
0.000976614
0.000976609
0.000976604
0.000976598
0.000976593
0.000976588
0.000976582
0.000976578
0.000976571
0.000976553
0.000976523
0.000976485
0.000976443
0.000976394
0.000976339
0.000976278
0.000976214
0.000976149
0.000976086
0.000976024
0.000975965
0.000975909
0.000975855
0.000975803
0.000975754
0.000975706
0.000975671
0.000975564
0.000931865
0.000931986
0.000932005
0.000932
0.00093199
0.000931978
0.000931965
0.00093195
0.000931934
0.000931918
0.000931901
0.000931884
0.000931866
0.000931848
0.00093183
0.000931812
0.000931793
0.000931774
0.000931754
0.000931734
0.000931713
0.000931693
0.000931676
0.000931669
0.000931681
0.000931711
0.000931755
0.000931804
0.000931854
0.000931901
0.000931944
0.000931982
0.000932017
0.000932049
0.000932077
0.000932102
0.000932124
0.000932145
0.000932162
0.000932178
0.000932192
0.000932205
0.000932216
0.000932226
0.000932234
0.000932242
0.000932248
0.000932254
0.000932259
0.000932263
0.000932266
0.000932269
0.00093227
0.000932272
0.000932273
0.000932273
0.000932273
0.000932272
0.000932271
0.00093227
0.000932268
0.000932265
0.000932263
0.00093226
0.000932256
0.000932253
0.000932249
0.000932245
0.000932241
0.000932236
0.000932232
0.000932227
0.000932223
0.000932218
0.000932213
0.000932208
0.000932203
0.000932198
0.000932193
0.000932188
0.000932183
0.000932178
0.000932173
0.000932168
0.000932163
0.000932158
0.000932153
0.000932148
0.000932144
0.000932139
0.000932134
0.00093213
0.000932125
0.000932121
0.000932116
0.000932112
0.000932107
0.000932103
0.000932098
0.000932095
0.00093209
0.00093208
0.000932063
0.000932039
0.00093201
0.000931977
0.000931938
0.000931894
0.000931846
0.000931797
0.000931746
0.000931696
0.000931646
0.000931598
0.000931551
0.000931506
0.000931462
0.000931419
0.000931388
0.000931288
0.000889633
0.000889742
0.000889759
0.000889754
0.000889745
0.000889734
0.000889722
0.000889709
0.000889695
0.00088968
0.000889665
0.000889649
0.000889633
0.000889617
0.000889601
0.000889584
0.000889567
0.000889549
0.000889531
0.000889513
0.000889494
0.000889475
0.000889458
0.000889445
0.000889442
0.000889452
0.000889473
0.000889501
0.000889533
0.000889567
0.000889599
0.000889629
0.000889658
0.000889684
0.000889708
0.00088973
0.00088975
0.000889768
0.000889784
0.000889799
0.000889812
0.000889824
0.000889834
0.000889844
0.000889852
0.00088986
0.000889866
0.000889872
0.000889877
0.000889882
0.000889886
0.000889889
0.000889891
0.000889893
0.000889895
0.000889896
0.000889896
0.000889896
0.000889896
0.000889895
0.000889894
0.000889893
0.000889891
0.000889889
0.000889887
0.000889884
0.000889881
0.000889878
0.000889875
0.000889871
0.000889868
0.000889864
0.000889861
0.000889857
0.000889853
0.000889849
0.000889845
0.000889841
0.000889837
0.000889833
0.000889828
0.000889824
0.00088982
0.000889816
0.000889812
0.000889808
0.000889804
0.0008898
0.000889797
0.000889793
0.000889789
0.000889785
0.000889781
0.000889778
0.000889774
0.00088977
0.000889766
0.000889763
0.000889759
0.000889755
0.000889752
0.000889746
0.000889736
0.000889721
0.000889702
0.000889679
0.000889652
0.000889621
0.000889587
0.00088955
0.00088951
0.000889471
0.00088943
0.00088939
0.000889351
0.000889312
0.000889275
0.000889236
0.00088921
0.000889118
0.000849418
0.000849516
0.000849531
0.000849528
0.00084952
0.000849511
0.0008495
0.000849489
0.000849476
0.000849463
0.000849449
0.000849435
0.000849421
0.000849407
0.000849392
0.000849377
0.000849362
0.000849346
0.00084933
0.000849314
0.000849297
0.00084928
0.000849263
0.000849248
0.000849239
0.000849237
0.000849243
0.000849257
0.000849275
0.000849296
0.000849318
0.00084934
0.000849361
0.000849382
0.000849401
0.000849419
0.000849436
0.000849451
0.000849465
0.000849478
0.00084949
0.0008495
0.00084951
0.000849519
0.000849526
0.000849533
0.00084954
0.000849545
0.00084955
0.000849555
0.000849559
0.000849562
0.000849565
0.000849567
0.000849569
0.00084957
0.000849571
0.000849572
0.000849572
0.000849572
0.000849572
0.000849571
0.00084957
0.000849568
0.000849567
0.000849565
0.000849563
0.00084956
0.000849558
0.000849555
0.000849553
0.00084955
0.000849547
0.000849544
0.000849541
0.000849538
0.000849534
0.000849531
0.000849528
0.000849524
0.000849521
0.000849518
0.000849515
0.000849511
0.000849508
0.000849505
0.000849502
0.000849498
0.000849495
0.000849492
0.000849489
0.000849486
0.000849483
0.00084948
0.000849477
0.000849474
0.00084947
0.000849467
0.000849464
0.000849461
0.000849458
0.000849454
0.000849448
0.000849439
0.000849426
0.000849411
0.000849392
0.000849371
0.000849346
0.000849319
0.000849289
0.000849258
0.000849227
0.000849194
0.000849162
0.00084913
0.000849098
0.000849065
0.000849043
0.000848959
0.000811125
0.000811212
0.000811227
0.000811225
0.000811219
0.000811211
0.000811202
0.000811192
0.000811181
0.00081117
0.000811158
0.000811146
0.000811133
0.00081112
0.000811108
0.000811094
0.000811081
0.000811067
0.000811053
0.000811038
0.000811023
0.000811008
0.000810992
0.000810978
0.000810966
0.000810958
0.000810956
0.00081096
0.000810968
0.000810979
0.000810992
0.000811007
0.000811022
0.000811036
0.000811051
0.000811065
0.000811078
0.00081109
0.000811102
0.000811112
0.000811122
0.000811131
0.00081114
0.000811147
0.000811154
0.00081116
0.000811166
0.000811171
0.000811176
0.00081118
0.000811184
0.000811187
0.00081119
0.000811192
0.000811194
0.000811196
0.000811197
0.000811198
0.000811199
0.000811199
0.000811199
0.000811198
0.000811198
0.000811197
0.000811196
0.000811194
0.000811193
0.000811191
0.000811189
0.000811187
0.000811185
0.000811183
0.000811181
0.000811178
0.000811176
0.000811174
0.000811171
0.000811168
0.000811166
0.000811163
0.000811161
0.000811158
0.000811155
0.000811153
0.00081115
0.000811147
0.000811145
0.000811142
0.00081114
0.000811137
0.000811135
0.000811132
0.000811129
0.000811127
0.000811124
0.000811122
0.000811119
0.000811117
0.000811114
0.000811111
0.000811109
0.000811106
0.000811101
0.000811096
0.000811088
0.000811077
0.000811065
0.00081105
0.000811032
0.000811012
0.000810991
0.000810967
0.000810942
0.000810917
0.000810891
0.000810864
0.000810838
0.00081081
0.000810793
0.000810717
0.000774658
0.000774736
0.000774751
0.00077475
0.000774745
0.000774739
0.000774732
0.000774724
0.000774714
0.000774705
0.000774694
0.000774684
0.000774673
0.000774662
0.000774651
0.000774639
0.000774627
0.000774615
0.000774603
0.00077459
0.000774576
0.000774563
0.000774549
0.000774536
0.000774523
0.000774514
0.000774507
0.000774505
0.000774506
0.00077451
0.000774516
0.000774525
0.000774534
0.000774544
0.000774554
0.000774564
0.000774573
0.000774583
0.000774592
0.0007746
0.000774608
0.000774615
0.000774622
0.000774628
0.000774634
0.00077464
0.000774645
0.000774649
0.000774653
0.000774657
0.00077466
0.000774663
0.000774666
0.000774668
0.00077467
0.000774672
0.000774673
0.000774674
0.000774675
0.000774675
0.000774676
0.000774676
0.000774675
0.000774675
0.000774674
0.000774673
0.000774672
0.000774671
0.00077467
0.000774668
0.000774667
0.000774665
0.000774663
0.000774661
0.000774659
0.000774657
0.000774655
0.000774653
0.000774651
0.000774649
0.000774647
0.000774645
0.000774643
0.000774641
0.000774639
0.000774637
0.000774635
0.000774633
0.000774631
0.000774629
0.000774627
0.000774624
0.000774622
0.00077462
0.000774618
0.000774616
0.000774614
0.000774612
0.00077461
0.000774607
0.000774605
0.000774603
0.0007746
0.000774596
0.00077459
0.000774583
0.000774575
0.000774564
0.000774552
0.000774537
0.000774521
0.000774504
0.000774485
0.000774465
0.000774445
0.000774423
0.000774402
0.000774379
0.000774365
0.000774297
0.000739925
0.000739995
0.000740008
0.000740009
0.000740006
0.000740001
0.000739995
0.000739989
0.000739981
0.000739973
0.000739964
0.000739955
0.000739946
0.000739937
0.000739927
0.000739917
0.000739907
0.000739896
0.000739885
0.000739874
0.000739862
0.00073985
0.000739838
0.000739826
0.000739815
0.000739804
0.000739796
0.00073979
0.000739787
0.000739787
0.000739788
0.000739792
0.000739797
0.000739802
0.000739808
0.000739815
0.000739821
0.000739828
0.000739835
0.000739841
0.000739847
0.000739852
0.000739858
0.000739863
0.000739868
0.000739872
0.000739876
0.00073988
0.000739883
0.000739887
0.00073989
0.000739892
0.000739895
0.000739897
0.000739899
0.0007399
0.000739901
0.000739903
0.000739903
0.000739904
0.000739904
0.000739905
0.000739905
0.000739904
0.000739904
0.000739903
0.000739903
0.000739902
0.000739901
0.0007399
0.000739898
0.000739897
0.000739896
0.000739895
0.000739893
0.000739892
0.00073989
0.000739889
0.000739887
0.000739885
0.000739884
0.000739882
0.00073988
0.000739879
0.000739877
0.000739876
0.000739874
0.000739872
0.000739871
0.000739869
0.000739867
0.000739866
0.000739864
0.000739862
0.000739861
0.000739859
0.000739857
0.000739855
0.000739854
0.000739852
0.00073985
0.000739848
0.000739845
0.000739842
0.000739839
0.000739834
0.000739828
0.00073982
0.000739812
0.000739801
0.00073979
0.000739777
0.000739762
0.000739747
0.000739731
0.000739714
0.000739697
0.000739678
0.000739667
0.000739607
0.000706833
0.000706896
0.000706909
0.00070691
0.000706908
0.000706905
0.000706901
0.000706896
0.00070689
0.000706883
0.000706876
0.000706868
0.00070686
0.000706852
0.000706844
0.000706836
0.000706827
0.000706818
0.000706809
0.000706799
0.000706788
0.000706778
0.000706767
0.000706757
0.000706746
0.000706737
0.000706728
0.000706721
0.000706715
0.000706712
0.00070671
0.000706711
0.000706712
0.000706714
0.000706717
0.000706721
0.000706725
0.000706729
0.000706734
0.000706738
0.000706742
0.000706746
0.00070675
0.000706754
0.000706758
0.000706761
0.000706764
0.000706768
0.00070677
0.000706773
0.000706776
0.000706778
0.00070678
0.000706782
0.000706783
0.000706785
0.000706786
0.000706787
0.000706788
0.000706789
0.000706789
0.00070679
0.00070679
0.00070679
0.000706789
0.000706789
0.000706789
0.000706788
0.000706787
0.000706787
0.000706786
0.000706785
0.000706784
0.000706783
0.000706782
0.000706781
0.00070678
0.000706778
0.000706777
0.000706776
0.000706775
0.000706774
0.000706772
0.000706771
0.00070677
0.000706769
0.000706767
0.000706766
0.000706765
0.000706763
0.000706762
0.000706761
0.00070676
0.000706758
0.000706757
0.000706755
0.000706754
0.000706752
0.000706751
0.000706749
0.000706747
0.000706746
0.000706744
0.000706741
0.000706739
0.000706735
0.000706731
0.000706726
0.000706719
0.000706712
0.000706703
0.000706694
0.000706683
0.000706671
0.000706659
0.000706645
0.000706632
0.000706616
0.000706608
0.000706555
0.000675295
0.00067535
0.000675363
0.000675365
0.000675364
0.000675362
0.000675359
0.000675355
0.000675351
0.000675345
0.000675339
0.000675333
0.000675326
0.00067532
0.000675313
0.000675306
0.000675298
0.000675291
0.000675282
0.000675274
0.000675265
0.000675256
0.000675247
0.000675238
0.000675228
0.000675219
0.000675211
0.000675204
0.000675197
0.000675192
0.000675189
0.000675187
0.000675186
0.000675186
0.000675187
0.000675188
0.00067519
0.000675192
0.000675195
0.000675197
0.0006752
0.000675203
0.000675206
0.000675209
0.000675211
0.000675214
0.000675216
0.000675219
0.000675221
0.000675223
0.000675225
0.000675227
0.000675229
0.000675231
0.000675232
0.000675233
0.000675235
0.000675236
0.000675236
0.000675237
0.000675238
0.000675238
0.000675238
0.000675238
0.000675238
0.000675238
0.000675238
0.000675237
0.000675237
0.000675237
0.000675236
0.000675235
0.000675235
0.000675234
0.000675233
0.000675233
0.000675232
0.000675231
0.00067523
0.000675229
0.000675228
0.000675227
0.000675226
0.000675225
0.000675224
0.000675224
0.000675223
0.000675222
0.000675221
0.00067522
0.000675219
0.000675218
0.000675217
0.000675216
0.000675214
0.000675213
0.000675212
0.000675211
0.000675209
0.000675208
0.000675207
0.000675205
0.000675203
0.000675201
0.000675199
0.000675197
0.000675193
0.00067519
0.000675185
0.00067518
0.000675173
0.000675166
0.000675158
0.000675149
0.000675139
0.000675129
0.000675118
0.000675105
0.000675099
0.000675052
0.000645223
0.000645272
0.000645283
0.000645286
0.000645286
0.000645285
0.000645283
0.000645281
0.000645277
0.000645273
0.000645268
0.000645263
0.000645257
0.000645252
0.000645246
0.00064524
0.000645234
0.000645228
0.000645221
0.000645213
0.000645206
0.000645198
0.00064519
0.000645182
0.000645174
0.000645166
0.000645158
0.000645151
0.000645145
0.000645139
0.000645135
0.000645131
0.000645129
0.000645127
0.000645126
0.000645126
0.000645127
0.000645127
0.000645128
0.00064513
0.000645131
0.000645133
0.000645135
0.000645137
0.000645139
0.000645141
0.000645142
0.000645144
0.000645146
0.000645148
0.000645149
0.000645151
0.000645152
0.000645154
0.000645155
0.000645156
0.000645157
0.000645158
0.000645159
0.00064516
0.00064516
0.000645161
0.000645161
0.000645161
0.000645161
0.000645161
0.000645161
0.000645161
0.000645161
0.00064516
0.00064516
0.00064516
0.000645159
0.000645159
0.000645158
0.000645158
0.000645157
0.000645157
0.000645156
0.000645156
0.000645155
0.000645154
0.000645154
0.000645153
0.000645152
0.000645152
0.000645151
0.00064515
0.000645149
0.000645149
0.000645148
0.000645147
0.000645146
0.000645146
0.000645145
0.000645144
0.000645143
0.000645142
0.00064514
0.000645139
0.000645138
0.000645137
0.000645135
0.000645134
0.000645132
0.00064513
0.000645127
0.000645124
0.000645121
0.000645117
0.000645112
0.000645107
0.0006451
0.000645093
0.000645086
0.000645077
0.000645069
0.000645058
0.000645054
0.000645013
0.000616535
0.000616577
0.000616587
0.00061659
0.000616591
0.000616591
0.00061659
0.000616588
0.000616586
0.000616582
0.000616578
0.000616574
0.00061657
0.000616565
0.000616561
0.000616556
0.000616551
0.000616545
0.000616539
0.000616533
0.000616527
0.00061652
0.000616513
0.000616507
0.0006165
0.000616493
0.000616486
0.000616479
0.000616473
0.000616467
0.000616463
0.000616459
0.000616455
0.000616453
0.000616451
0.000616449
0.000616449
0.000616448
0.000616448
0.000616449
0.00061645
0.00061645
0.000616451
0.000616453
0.000616454
0.000616455
0.000616456
0.000616458
0.000616459
0.00061646
0.000616462
0.000616463
0.000616464
0.000616465
0.000616466
0.000616467
0.000616468
0.000616469
0.00061647
0.000616471
0.000616471
0.000616472
0.000616472
0.000616472
0.000616473
0.000616473
0.000616473
0.000616473
0.000616473
0.000616473
0.000616472
0.000616472
0.000616472
0.000616472
0.000616472
0.000616471
0.000616471
0.000616471
0.00061647
0.00061647
0.000616469
0.000616469
0.000616469
0.000616468
0.000616468
0.000616467
0.000616467
0.000616466
0.000616466
0.000616465
0.000616465
0.000616464
0.000616463
0.000616463
0.000616462
0.000616461
0.000616461
0.00061646
0.000616459
0.000616458
0.000616457
0.000616455
0.000616454
0.000616453
0.000616451
0.000616449
0.000616447
0.000616445
0.000616442
0.000616439
0.000616436
0.000616431
0.000616427
0.000616421
0.000616415
0.000616408
0.000616402
0.000616393
0.00061639
0.000616354
0.000589149
0.000589185
0.000589195
0.000589198
0.000589199
0.0005892
0.000589199
0.000589198
0.000589196
0.000589194
0.000589191
0.000589187
0.000589184
0.00058918
0.000589176
0.000589172
0.000589168
0.000589164
0.000589159
0.000589154
0.000589148
0.000589143
0.000589137
0.000589131
0.000589125
0.000589119
0.000589113
0.000589107
0.000589101
0.000589096
0.000589091
0.000589087
0.000589083
0.00058908
0.000589078
0.000589076
0.000589074
0.000589073
0.000589073
0.000589072
0.000589072
0.000589073
0.000589073
0.000589074
0.000589074
0.000589075
0.000589076
0.000589077
0.000589078
0.000589079
0.00058908
0.000589081
0.000589082
0.000589083
0.000589084
0.000589085
0.000589086
0.000589087
0.000589088
0.000589088
0.000589089
0.000589089
0.00058909
0.00058909
0.00058909
0.000589091
0.000589091
0.000589091
0.000589091
0.000589091
0.000589091
0.000589091
0.000589091
0.000589091
0.000589091
0.000589091
0.000589091
0.000589091
0.00058909
0.00058909
0.00058909
0.00058909
0.00058909
0.000589089
0.000589089
0.000589089
0.000589088
0.000589088
0.000589088
0.000589087
0.000589087
0.000589087
0.000589086
0.000589086
0.000589085
0.000589084
0.000589084
0.000589083
0.000589082
0.000589081
0.00058908
0.000589079
0.000589078
0.000589077
0.000589076
0.000589074
0.000589073
0.000589071
0.000589068
0.000589066
0.000589063
0.00058906
0.000589056
0.000589052
0.000589047
0.000589041
0.000589036
0.000589029
0.000589027
0.000588996
0.000562989
0.00056302
0.000563029
0.000563032
0.000563033
0.000563034
0.000563034
0.000563034
0.000563032
0.00056303
0.000563028
0.000563025
0.000563022
0.00056302
0.000563017
0.000563013
0.00056301
0.000563006
0.000563002
0.000562998
0.000562993
0.000562989
0.000562984
0.000562979
0.000562974
0.000562969
0.000562963
0.000562958
0.000562953
0.000562948
0.000562944
0.00056294
0.000562936
0.000562933
0.00056293
0.000562927
0.000562926
0.000562924
0.000562923
0.000562922
0.000562922
0.000562922
0.000562922
0.000562922
0.000562923
0.000562923
0.000562924
0.000562924
0.000562925
0.000562926
0.000562927
0.000562928
0.000562929
0.000562929
0.00056293
0.000562931
0.000562932
0.000562933
0.000562933
0.000562934
0.000562935
0.000562935
0.000562936
0.000562936
0.000562936
0.000562937
0.000562937
0.000562937
0.000562938
0.000562938
0.000562938
0.000562938
0.000562938
0.000562938
0.000562938
0.000562938
0.000562938
0.000562938
0.000562938
0.000562938
0.000562938
0.000562938
0.000562938
0.000562938
0.000562938
0.000562938
0.000562938
0.000562938
0.000562938
0.000562937
0.000562937
0.000562937
0.000562936
0.000562936
0.000562936
0.000562935
0.000562935
0.000562934
0.000562933
0.000562933
0.000562932
0.000562931
0.00056293
0.000562929
0.000562928
0.000562926
0.000562925
0.000562923
0.000562921
0.000562919
0.000562917
0.000562914
0.000562911
0.000562908
0.000562904
0.000562899
0.000562895
0.000562889
0.000562887
0.00056286
0.000537982
0.000538008
0.000538015
0.000538018
0.00053802
0.000538021
0.000538022
0.000538021
0.000538021
0.000538019
0.000538017
0.000538015
0.000538013
0.000538011
0.000538008
0.000538006
0.000538003
0.000538
0.000537997
0.000537993
0.000537989
0.000537985
0.000537981
0.000537977
0.000537973
0.000537968
0.000537964
0.00053796
0.000537955
0.000537951
0.000537947
0.000537943
0.000537939
0.000537936
0.000537933
0.00053793
0.000537928
0.000537927
0.000537925
0.000537925
0.000537924
0.000537924
0.000537923
0.000537923
0.000537924
0.000537924
0.000537924
0.000537925
0.000537926
0.000537926
0.000537927
0.000537928
0.000537929
0.000537929
0.00053793
0.000537931
0.000537932
0.000537932
0.000537933
0.000537934
0.000537934
0.000537935
0.000537935
0.000537936
0.000537936
0.000537937
0.000537937
0.000537938
0.000537938
0.000537938
0.000537939
0.000537939
0.000537939
0.000537939
0.00053794
0.00053794
0.00053794
0.00053794
0.00053794
0.00053794
0.000537941
0.000537941
0.000537941
0.000537941
0.000537941
0.000537941
0.000537941
0.000537941
0.000537941
0.000537941
0.00053794
0.00053794
0.00053794
0.00053794
0.000537939
0.000537939
0.000537939
0.000537938
0.000537938
0.000537937
0.000537936
0.000537935
0.000537934
0.000537933
0.000537932
0.000537931
0.00053793
0.000537929
0.000537927
0.000537925
0.000537923
0.000537921
0.000537919
0.000537916
0.000537912
0.000537908
0.000537904
0.000537899
0.000537898
0.000537875
0.000514058
0.000514079
0.000514085
0.000514088
0.00051409
0.000514091
0.000514092
0.000514092
0.000514091
0.00051409
0.000514089
0.000514087
0.000514085
0.000514083
0.000514082
0.00051408
0.000514078
0.000514075
0.000514072
0.00051407
0.000514066
0.000514063
0.00051406
0.000514056
0.000514053
0.000514049
0.000514045
0.000514041
0.000514037
0.000514033
0.00051403
0.000514026
0.000514023
0.000514019
0.000514017
0.000514014
0.000514012
0.000514011
0.00051401
0.000514009
0.000514008
0.000514007
0.000514007
0.000514007
0.000514007
0.000514008
0.000514008
0.000514008
0.000514009
0.000514009
0.00051401
0.000514011
0.000514012
0.000514012
0.000514013
0.000514014
0.000514015
0.000514015
0.000514016
0.000514017
0.000514017
0.000514018
0.000514019
0.000514019
0.00051402
0.00051402
0.000514021
0.000514021
0.000514022
0.000514022
0.000514022
0.000514023
0.000514023
0.000514024
0.000514024
0.000514024
0.000514025
0.000514025
0.000514025
0.000514025
0.000514026
0.000514026
0.000514026
0.000514026
0.000514026
0.000514026
0.000514027
0.000514027
0.000514027
0.000514027
0.000514027
0.000514027
0.000514026
0.000514026
0.000514026
0.000514026
0.000514025
0.000514025
0.000514024
0.000514024
0.000514023
0.000514022
0.000514022
0.000514021
0.00051402
0.000514019
0.000514018
0.000514017
0.000514015
0.000514014
0.000514012
0.00051401
0.000514008
0.000514005
0.000514002
0.000513999
0.000513996
0.000513991
0.00051399
0.000513971
0.00049115
0.000491167
0.000491172
0.000491174
0.000491176
0.000491177
0.000491178
0.000491178
0.000491178
0.000491177
0.000491176
0.000491175
0.000491173
0.000491172
0.000491171
0.000491169
0.000491167
0.000491166
0.000491163
0.000491161
0.000491158
0.000491156
0.000491153
0.00049115
0.000491147
0.000491144
0.000491141
0.000491137
0.000491134
0.00049113
0.000491127
0.000491124
0.000491121
0.000491118
0.000491115
0.000491113
0.000491111
0.00049111
0.000491109
0.000491108
0.000491107
0.000491107
0.000491107
0.000491107
0.000491107
0.000491107
0.000491107
0.000491108
0.000491108
0.000491109
0.000491109
0.00049111
0.000491111
0.000491112
0.000491112
0.000491113
0.000491114
0.000491115
0.000491115
0.000491116
0.000491117
0.000491117
0.000491118
0.000491119
0.000491119
0.00049112
0.00049112
0.000491121
0.000491122
0.000491122
0.000491123
0.000491123
0.000491124
0.000491124
0.000491125
0.000491125
0.000491125
0.000491126
0.000491126
0.000491127
0.000491127
0.000491127
0.000491128
0.000491128
0.000491128
0.000491128
0.000491128
0.000491129
0.000491129
0.000491129
0.000491129
0.000491129
0.000491129
0.000491129
0.000491129
0.000491128
0.000491128
0.000491128
0.000491127
0.000491127
0.000491126
0.000491126
0.000491125
0.000491124
0.000491123
0.000491122
0.000491122
0.000491121
0.000491119
0.000491118
0.000491117
0.000491115
0.000491113
0.00049111
0.000491108
0.000491105
0.000491102
0.000491098
0.000491096
0.00049108
0.000469195
0.000469208
0.000469213
0.000469215
0.000469216
0.000469217
0.000469218
0.000469218
0.000469218
0.000469218
0.000469217
0.000469216
0.000469215
0.000469214
0.000469213
0.000469211
0.00046921
0.000469209
0.000469207
0.000469205
0.000469203
0.000469201
0.000469198
0.000469196
0.000469194
0.000469191
0.000469188
0.000469185
0.000469182
0.000469179
0.000469176
0.000469173
0.00046917
0.000469168
0.000469166
0.000469164
0.000469162
0.000469161
0.00046916
0.00046916
0.000469159
0.000469159
0.000469159
0.000469159
0.000469159
0.000469159
0.000469159
0.00046916
0.00046916
0.000469161
0.000469162
0.000469162
0.000469163
0.000469164
0.000469165
0.000469165
0.000469166
0.000469167
0.000469168
0.000469169
0.000469169
0.00046917
0.000469171
0.000469171
0.000469172
0.000469173
0.000469173
0.000469174
0.000469175
0.000469175
0.000469176
0.000469176
0.000469177
0.000469178
0.000469178
0.000469179
0.000469179
0.00046918
0.00046918
0.000469181
0.000469181
0.000469182
0.000469182
0.000469182
0.000469183
0.000469183
0.000469183
0.000469183
0.000469184
0.000469184
0.000469184
0.000469184
0.000469184
0.000469184
0.000469184
0.000469184
0.000469183
0.000469183
0.000469183
0.000469182
0.000469182
0.000469181
0.000469181
0.00046918
0.000469179
0.000469179
0.000469178
0.000469177
0.000469176
0.000469175
0.000469173
0.000469172
0.00046917
0.000469167
0.000469165
0.000469162
0.00046916
0.000469156
0.000469155
0.000469141
0.000448134
0.000448144
0.000448147
0.000448149
0.00044815
0.000448151
0.000448152
0.000448152
0.000448152
0.000448152
0.000448151
0.00044815
0.00044815
0.000448149
0.000448148
0.000448147
0.000448146
0.000448145
0.000448144
0.000448142
0.000448141
0.000448139
0.000448137
0.000448135
0.000448133
0.000448131
0.000448128
0.000448126
0.000448123
0.00044812
0.000448117
0.000448115
0.000448112
0.00044811
0.000448109
0.000448107
0.000448106
0.000448105
0.000448104
0.000448104
0.000448104
0.000448103
0.000448103
0.000448104
0.000448104
0.000448104
0.000448105
0.000448105
0.000448106
0.000448106
0.000448107
0.000448108
0.000448109
0.000448109
0.00044811
0.000448111
0.000448112
0.000448113
0.000448114
0.000448114
0.000448115
0.000448116
0.000448117
0.000448117
0.000448118
0.000448119
0.00044812
0.00044812
0.000448121
0.000448122
0.000448123
0.000448123
0.000448124
0.000448124
0.000448125
0.000448126
0.000448126
0.000448127
0.000448127
0.000448128
0.000448129
0.000448129
0.000448129
0.00044813
0.00044813
0.000448131
0.000448131
0.000448131
0.000448132
0.000448132
0.000448132
0.000448132
0.000448132
0.000448132
0.000448132
0.000448132
0.000448132
0.000448132
0.000448131
0.000448131
0.00044813
0.00044813
0.000448129
0.000448129
0.000448128
0.000448128
0.000448127
0.000448127
0.000448126
0.000448124
0.000448123
0.000448121
0.000448119
0.000448117
0.000448115
0.000448113
0.00044811
0.000448107
0.000448105
0.000448094
0.000427911
0.000427918
0.00042792
0.000427921
0.000427922
0.000427923
0.000427924
0.000427924
0.000427924
0.000427924
0.000427923
0.000427923
0.000427922
0.000427922
0.000427921
0.000427921
0.00042792
0.000427919
0.000427918
0.000427917
0.000427916
0.000427914
0.000427913
0.000427911
0.000427909
0.000427908
0.000427905
0.000427903
0.0004279
0.000427897
0.000427895
0.000427893
0.000427891
0.000427889
0.000427888
0.000427887
0.000427886
0.000427886
0.000427885
0.000427885
0.000427885
0.000427885
0.000427885
0.000427885
0.000427886
0.000427886
0.000427887
0.000427887
0.000427888
0.000427889
0.00042789
0.00042789
0.000427891
0.000427892
0.000427893
0.000427894
0.000427895
0.000427896
0.000427896
0.000427897
0.000427898
0.000427899
0.0004279
0.000427901
0.000427901
0.000427902
0.000427903
0.000427904
0.000427905
0.000427905
0.000427906
0.000427907
0.000427908
0.000427908
0.000427909
0.00042791
0.00042791
0.000427911
0.000427912
0.000427912
0.000427913
0.000427913
0.000427914
0.000427914
0.000427915
0.000427915
0.000427916
0.000427916
0.000427916
0.000427917
0.000427917
0.000427917
0.000427917
0.000427917
0.000427917
0.000427917
0.000427917
0.000427917
0.000427916
0.000427916
0.000427916
0.000427915
0.000427915
0.000427914
0.000427914
0.000427914
0.000427913
0.000427913
0.000427912
0.000427911
0.000427909
0.000427908
0.000427906
0.000427904
0.000427902
0.000427899
0.000427897
0.000427893
0.000427892
0.000427883
0.000408472
0.000408477
0.000408478
0.000408479
0.00040848
0.00040848
0.000408481
0.000408481
0.000408481
0.000408481
0.000408481
0.00040848
0.00040848
0.000408479
0.000408479
0.000408479
0.000408478
0.000408478
0.000408477
0.000408476
0.000408475
0.000408474
0.000408473
0.000408471
0.00040847
0.000408468
0.000408466
0.000408463
0.000408461
0.000408458
0.000408456
0.000408455
0.000408453
0.000408452
0.000408452
0.000408451
0.000408451
0.00040845
0.00040845
0.00040845
0.00040845
0.000408451
0.000408451
0.000408451
0.000408452
0.000408452
0.000408453
0.000408454
0.000408455
0.000408455
0.000408456
0.000408457
0.000408458
0.000408459
0.00040846
0.000408461
0.000408462
0.000408462
0.000408463
0.000408464
0.000408465
0.000408466
0.000408467
0.000408468
0.000408469
0.00040847
0.000408471
0.000408471
0.000408472
0.000408473
0.000408474
0.000408475
0.000408475
0.000408476
0.000408477
0.000408478
0.000408478
0.000408479
0.00040848
0.00040848
0.000408481
0.000408482
0.000408482
0.000408483
0.000408483
0.000408484
0.000408484
0.000408485
0.000408485
0.000408485
0.000408485
0.000408486
0.000408486
0.000408486
0.000408486
0.000408486
0.000408486
0.000408486
0.000408485
0.000408485
0.000408485
0.000408484
0.000408484
0.000408484
0.000408484
0.000408484
0.000408483
0.000408483
0.000408482
0.000408481
0.000408479
0.000408478
0.000408476
0.000408474
0.000408471
0.000408469
0.000408467
0.000408464
0.000408462
0.000408455
0.000389769
0.000389771
0.000389771
0.000389772
0.000389772
0.000389773
0.000389773
0.000389774
0.000389774
0.000389773
0.000389773
0.000389773
0.000389772
0.000389772
0.000389772
0.000389772
0.000389772
0.000389771
0.000389771
0.00038977
0.000389769
0.000389768
0.000389767
0.000389767
0.000389765
0.000389763
0.000389761
0.000389758
0.000389756
0.000389754
0.000389752
0.000389751
0.00038975
0.00038975
0.000389749
0.000389749
0.000389749
0.000389749
0.000389749
0.00038975
0.00038975
0.000389751
0.000389751
0.000389752
0.000389752
0.000389753
0.000389754
0.000389754
0.000389755
0.000389756
0.000389757
0.000389758
0.000389759
0.00038976
0.000389761
0.000389762
0.000389763
0.000389764
0.000389765
0.000389766
0.000389767
0.000389768
0.000389769
0.000389769
0.00038977
0.000389771
0.000389772
0.000389773
0.000389774
0.000389775
0.000389776
0.000389777
0.000389777
0.000389778
0.000389779
0.00038978
0.000389781
0.000389781
0.000389782
0.000389783
0.000389783
0.000389784
0.000389785
0.000389785
0.000389786
0.000389786
0.000389787
0.000389787
0.000389787
0.000389788
0.000389788
0.000389788
0.000389788
0.000389789
0.000389789
0.000389789
0.000389788
0.000389788
0.000389788
0.000389788
0.000389787
0.000389787
0.000389787
0.000389787
0.000389788
0.000389788
0.000389788
0.000389787
0.000389786
0.000389785
0.000389783
0.000389781
0.000389779
0.000389777
0.000389775
0.000389773
0.00038977
0.000389768
0.000389766
0.00038976
0.000371753
0.000371753
0.000371753
0.000371753
0.000371753
0.000371754
0.000371754
0.000371755
0.000371755
0.000371754
0.000371754
0.000371754
0.000371754
0.000371753
0.000371753
0.000371753
0.000371753
0.000371753
0.000371753
0.000371752
0.000371752
0.000371751
0.00037175
0.00037175
0.000371749
0.000371746
0.000371743
0.00037174
0.000371738
0.000371737
0.000371736
0.000371735
0.000371735
0.000371735
0.000371735
0.000371735
0.000371735
0.000371736
0.000371736
0.000371737
0.000371737
0.000371738
0.000371739
0.000371739
0.00037174
0.000371741
0.000371742
0.000371743
0.000371744
0.000371745
0.000371746
0.000371747
0.000371748
0.000371749
0.00037175
0.000371751
0.000371752
0.000371753
0.000371754
0.000371755
0.000371756
0.000371757
0.000371758
0.000371759
0.000371759
0.00037176
0.000371761
0.000371762
0.000371763
0.000371764
0.000371765
0.000371766
0.000371767
0.000371768
0.000371769
0.000371769
0.00037177
0.000371771
0.000371772
0.000371772
0.000371773
0.000371774
0.000371774
0.000371775
0.000371776
0.000371776
0.000371777
0.000371777
0.000371777
0.000371778
0.000371778
0.000371778
0.000371778
0.000371778
0.000371779
0.000371779
0.000371778
0.000371778
0.000371778
0.000371778
0.000371778
0.000371777
0.000371778
0.000371779
0.000371779
0.000371779
0.000371779
0.000371778
0.000371777
0.000371776
0.000371774
0.000371772
0.00037177
0.000371768
0.000371766
0.000371764
0.000371761
0.000371759
0.000371756
0.000371753
0.000354382
0.00035438
0.000354379
0.000354379
0.000354379
0.00035438
0.00035438
0.00035438
0.00035438
0.00035438
0.00035438
0.00035438
0.000354379
0.000354379
0.00035438
0.00035438
0.00035438
0.00035438
0.000354379
0.000354379
0.000354379
0.000354378
0.000354378
0.000354378
0.000354376
0.000354372
0.000354369
0.000354366
0.000354364
0.000354364
0.000354363
0.000354363
0.000354364
0.000354364
0.000354365
0.000354365
0.000354366
0.000354366
0.000354367
0.000354368
0.000354369
0.00035437
0.00035437
0.000354371
0.000354372
0.000354373
0.000354374
0.000354375
0.000354376
0.000354377
0.000354378
0.000354379
0.00035438
0.000354381
0.000354382
0.000354383
0.000354384
0.000354385
0.000354386
0.000354387
0.000354388
0.000354389
0.00035439
0.000354391
0.000354392
0.000354393
0.000354394
0.000354395
0.000354396
0.000354397
0.000354398
0.000354399
0.0003544
0.000354401
0.000354402
0.000354403
0.000354403
0.000354404
0.000354405
0.000354406
0.000354406
0.000354407
0.000354408
0.000354408
0.000354409
0.000354409
0.00035441
0.00035441
0.000354411
0.000354411
0.000354411
0.000354412
0.000354412
0.000354412
0.000354412
0.000354412
0.000354412
0.000354412
0.000354412
0.000354411
0.000354411
0.000354411
0.000354413
0.000354414
0.000354414
0.000354414
0.000354414
0.000354413
0.000354412
0.00035441
0.000354408
0.000354406
0.000354404
0.000354402
0.0003544
0.000354398
0.000354395
0.000354393
0.000354391
0.000354388
0.000337614
0.000337611
0.000337609
0.000337609
0.000337609
0.000337609
0.000337609
0.00033761
0.00033761
0.000337609
0.000337609
0.000337609
0.000337609
0.000337609
0.000337609
0.00033761
0.00033761
0.00033761
0.00033761
0.000337609
0.000337609
0.000337609
0.000337608
0.000337609
0.000337606
0.000337601
0.000337597
0.000337595
0.000337594
0.000337594
0.000337594
0.000337595
0.000337596
0.000337597
0.000337597
0.000337598
0.000337599
0.0003376
0.000337601
0.000337602
0.000337603
0.000337604
0.000337605
0.000337606
0.000337607
0.000337608
0.000337609
0.00033761
0.000337611
0.000337612
0.000337613
0.000337614
0.000337615
0.000337616
0.000337617
0.000337619
0.00033762
0.000337621
0.000337622
0.000337623
0.000337624
0.000337625
0.000337626
0.000337627
0.000337628
0.000337629
0.00033763
0.000337631
0.000337632
0.000337633
0.000337634
0.000337635
0.000337636
0.000337637
0.000337637
0.000337638
0.000337639
0.00033764
0.000337641
0.000337641
0.000337642
0.000337643
0.000337643
0.000337644
0.000337645
0.000337645
0.000337646
0.000337646
0.000337646
0.000337647
0.000337647
0.000337647
0.000337648
0.000337648
0.000337648
0.000337648
0.000337648
0.000337648
0.000337648
0.000337647
0.000337647
0.000337648
0.00033765
0.000337652
0.000337652
0.000337652
0.000337651
0.00033765
0.000337649
0.000337647
0.000337645
0.000337643
0.000337641
0.000337639
0.000337636
0.000337634
0.000337632
0.00033763
0.000337627
0.000337626
0.000321411
0.000321406
0.000321405
0.000321404
0.000321404
0.000321404
0.000321404
0.000321405
0.000321405
0.000321404
0.000321404
0.000321404
0.000321404
0.000321404
0.000321405
0.000321405
0.000321405
0.000321405
0.000321405
0.000321405
0.000321405
0.000321405
0.000321404
0.000321406
0.000321399
0.000321393
0.000321389
0.000321388
0.000321389
0.00032139
0.000321391
0.000321392
0.000321393
0.000321394
0.000321395
0.000321397
0.000321398
0.000321399
0.0003214
0.000321401
0.000321402
0.000321403
0.000321405
0.000321406
0.000321407
0.000321408
0.000321409
0.00032141
0.000321411
0.000321412
0.000321413
0.000321414
0.000321415
0.000321416
0.000321417
0.000321419
0.00032142
0.000321421
0.000321422
0.000321423
0.000321424
0.000321425
0.000321426
0.000321427
0.000321428
0.000321429
0.00032143
0.000321431
0.000321432
0.000321433
0.000321434
0.000321435
0.000321436
0.000321437
0.000321438
0.000321438
0.000321439
0.00032144
0.000321441
0.000321442
0.000321442
0.000321443
0.000321444
0.000321444
0.000321445
0.000321445
0.000321446
0.000321446
0.000321447
0.000321447
0.000321447
0.000321448
0.000321448
0.000321448
0.000321448
0.000321448
0.000321448
0.000321448
0.000321448
0.000321448
0.000321447
0.00032145
0.000321453
0.000321455
0.000321455
0.000321454
0.000321453
0.000321451
0.00032145
0.000321448
0.000321446
0.000321443
0.000321441
0.000321439
0.000321437
0.000321435
0.000321432
0.00032143
0.000321428
0.000321428
0.000305738
0.000305731
0.00030573
0.000305729
0.000305729
0.000305729
0.000305729
0.000305729
0.000305729
0.000305729
0.000305729
0.000305729
0.000305729
0.000305729
0.00030573
0.00030573
0.00030573
0.00030573
0.00030573
0.000305731
0.00030573
0.00030573
0.00030573
0.000305732
0.000305719
0.000305712
0.000305711
0.000305712
0.000305713
0.000305715
0.000305717
0.000305718
0.00030572
0.000305721
0.000305723
0.000305724
0.000305726
0.000305727
0.000305728
0.00030573
0.000305731
0.000305732
0.000305733
0.000305734
0.000305735
0.000305737
0.000305738
0.000305739
0.00030574
0.000305741
0.000305742
0.000305743
0.000305744
0.000305745
0.000305746
0.000305748
0.000305749
0.00030575
0.000305751
0.000305752
0.000305753
0.000305754
0.000305755
0.000305756
0.000305757
0.000305758
0.000305759
0.00030576
0.000305761
0.000305762
0.000305763
0.000305764
0.000305765
0.000305766
0.000305767
0.000305767
0.000305768
0.000305769
0.00030577
0.000305771
0.000305771
0.000305772
0.000305773
0.000305773
0.000305774
0.000305774
0.000305775
0.000305775
0.000305775
0.000305776
0.000305776
0.000305776
0.000305777
0.000305777
0.000305777
0.000305777
0.000305777
0.000305777
0.000305777
0.000305777
0.000305776
0.000305782
0.000305786
0.000305786
0.000305786
0.000305785
0.000305783
0.000305781
0.000305779
0.000305777
0.000305775
0.000305773
0.00030577
0.000305768
0.000305766
0.000305764
0.000305762
0.00030576
0.000305757
0.000305758
0.000290559
0.000290553
0.000290551
0.000290551
0.000290551
0.000290551
0.000290551
0.000290551
0.000290551
0.00029055
0.00029055
0.00029055
0.000290551
0.000290551
0.000290551
0.000290552
0.000290552
0.000290552
0.000290552
0.000290552
0.000290552
0.000290553
0.000290552
0.000290554
0.00029053
0.000290527
0.00029053
0.000290532
0.000290535
0.000290537
0.00029054
0.000290542
0.000290544
0.000290545
0.000290547
0.000290549
0.00029055
0.000290552
0.000290553
0.000290554
0.000290556
0.000290557
0.000290558
0.000290559
0.00029056
0.000290561
0.000290563
0.000290564
0.000290565
0.000290566
0.000290567
0.000290568
0.000290569
0.00029057
0.000290572
0.000290573
0.000290574
0.000290575
0.000290576
0.000290577
0.000290578
0.000290579
0.00029058
0.000290581
0.000290582
0.000290583
0.000290584
0.000290585
0.000290586
0.000290587
0.000290588
0.000290589
0.00029059
0.000290591
0.000290591
0.000290592
0.000290593
0.000290594
0.000290595
0.000290595
0.000290596
0.000290597
0.000290597
0.000290598
0.000290598
0.000290599
0.000290599
0.0002906
0.0002906
0.0002906
0.000290601
0.000290601
0.000290601
0.000290601
0.000290601
0.000290601
0.000290601
0.000290601
0.000290601
0.000290601
0.000290601
0.000290613
0.000290615
0.000290614
0.000290612
0.00029061
0.000290608
0.000290606
0.000290604
0.000290602
0.000290599
0.000290597
0.000290595
0.000290593
0.000290591
0.000290589
0.000290587
0.000290585
0.000290582
0.000290584
0.000275846
0.000275841
0.000275839
0.000275839
0.000275838
0.000275838
0.000275838
0.000275838
0.000275838
0.000275838
0.000275838
0.000275838
0.000275838
0.000275839
0.000275839
0.000275839
0.00027584
0.00027584
0.00027584
0.00027584
0.00027584
0.00027584
0.000275841
0.000275841
0.000275908
0.000275907
0.000275906
0.000275903
0.000275901
0.000275898
0.000275896
0.000275893
0.000275891
0.000275889
0.000275887
0.000275885
0.000275883
0.000275881
0.000275879
0.000275877
0.000275875
0.000275872
0.000275874
)
;

boundaryField
{
    bottomWall
    {
        type            nutUWallFunction;
        Cmu             0.09;
        kappa           0.41;
        E               9.8;
        value           nonuniform 0();
    }
    topWall
    {
        type            nutUWallFunction;
        Cmu             0.09;
        kappa           0.41;
        E               9.8;
        value           nonuniform 0();
    }
    sides1_half0
    {
        type            cyclic;
    }
    sides1_half1
    {
        type            cyclic;
    }
    sides2_half0
    {
        type            cyclic;
    }
    sides2_half1
    {
        type            cyclic;
    }
    inout1_half0
    {
        type            cyclic;
    }
    inout1_half1
    {
        type            cyclic;
    }
    inout2_half0
    {
        type            cyclic;
    }
    inout2_half1
    {
        type            cyclic;
    }
    procBoundary1to0
    {
        type            processor;
        value           nonuniform List<scalar> 
122
(
0.000275836
0.000275843
0.000275848
0.000275852
0.000275856
0.000275859
0.000275861
0.000275863
0.000275866
0.000275867
0.000275869
0.000275871
0.000275873
0.000275874
0.000275876
0.000275877
0.000275878
0.00027588
0.000275881
0.000275882
0.000275883
0.000275884
0.000275885
0.000275887
0.000275888
0.000275889
0.00027589
0.000275891
0.000275892
0.000275893
0.000275894
0.000275895
0.000275896
0.000275897
0.000275899
0.0002759
0.000275901
0.000275902
0.000275903
0.000275904
0.000275905
0.000275906
0.000275907
0.000275907
0.000275908
0.000275909
0.00027591
0.000275911
0.000275912
0.000275913
0.000275914
0.000275915
0.000275915
0.000275916
0.000275917
0.000275917
0.000275918
0.000275919
0.000275919
0.00027592
0.00027592
0.000275921
0.000275921
0.000275922
0.000275922
0.000275923
0.000275923
0.000275923
0.000275923
0.000275923
0.000275923
0.000275924
0.000275924
0.000275924
0.000275923
0.000275923
0.000275925
0.000261609
0.000261601
0.000261599
0.000261599
0.000261598
0.000261598
0.000261598
0.000261598
0.000261598
0.000261597
0.000261597
0.000261598
0.000261598
0.000261598
0.000261599
0.000261599
0.000261599
0.0002616
0.0002616
0.0002616
0.0002616
0.0002616
0.000261601
0.000275836
0.0002616
0.000275925
0.000261683
0.000261673
0.000261668
0.000261665
0.000261662
0.000261659
0.000261657
0.000261654
0.000261652
0.00026165
0.000261648
0.000261646
0.000261644
0.000261642
0.00026164
0.000261638
0.000261636
0.000261633
0.000261636
)
;
    }
    procBoundary1to2
    {
        type            processor;
        value           nonuniform List<scalar> 
124
(
0.00141557
0.00141585
0.0014159
0.00141591
0.00141591
0.00141591
0.00141591
0.0014159
0.0014159
0.00141589
0.00141588
0.00141586
0.00141585
0.00141583
0.00141581
0.00141579
0.00141577
0.00141575
0.00141573
0.0014157
0.00141572
0.00141325
0.00141369
0.00141382
0.00141387
0.0014139
0.00141392
0.00141393
0.00141394
0.00141395
0.00141395
0.00141395
0.00141394
0.00141394
0.00141393
0.00141392
0.00141385
0.00135392
0.00135392
0.00135367
0.00135129
0.00135165
0.00135173
0.00135176
0.00135176
0.00129367
0.00129367
0.00129343
0.00129329
0.00129322
0.00129318
0.00129314
0.00129311
0.00129309
0.00129306
0.00129304
0.00129301
0.00129299
0.00129297
0.00129295
0.00129293
0.00129291
0.00129289
0.00129287
0.00129285
0.00129283
0.00129282
0.0012928
0.00129278
0.00129276
0.00129274
0.00129273
0.00129271
0.00129269
0.00129267
0.00129266
0.00129264
0.00129262
0.0012926
0.00129258
0.00129256
0.00129255
0.00129253
0.00129251
0.00129249
0.00129247
0.00129245
0.00129243
0.00129242
0.0012924
0.00129238
0.00129236
0.00129234
0.00129232
0.0012923
0.00129228
0.00129227
0.00129225
0.00129223
0.00129221
0.00129219
0.00129218
0.00129216
0.00129214
0.00129213
0.00129211
0.00129209
0.00129208
0.00129206
0.00129204
0.00129203
0.00129201
0.001292
0.00129198
0.00129197
0.00129195
0.00129194
0.00129193
0.00129191
0.0012919
0.00129188
0.00129187
0.00129186
0.00129186
)
;
    }
}


// ************************************************************************* //
