/*--------------------------------*- C++ -*----------------------------------*\
  =========                 |
  \\      /  F ield         | OpenFOAM: The Open Source CFD Toolbox
   \\    /   O peration     | Website:  https://openfoam.org
    \\  /    A nd           | Version:  7
     \\/     M anipulation  |
\*---------------------------------------------------------------------------*/
FoamFile
{
    version     2.0;
    format      ascii;
    class       volScalarField;
    location    "500";
    object      omega;
}
// * * * * * * * * * * * * * * * * * * * * * * * * * * * * * * * * * * * * * //

dimensions      [0 0 -1 0 0 0 0];

internalField   nonuniform List<scalar> 
3974
(
0.489237
0.489248
0.489278
0.489294
0.489303
0.489309
0.489314
0.489318
0.489322
0.489325
0.489328
0.489331
0.489334
0.489336
0.489338
0.489341
0.489343
0.489346
0.489349
0.489352
0.489356
0.489361
0.489366
0.489373
0.489381
0.48939
0.489399
0.489411
0.489423
0.489436
0.489451
0.489466
0.489483
0.489501
0.48952
0.48954
0.489557
0.489604
0.440087
0.440103
0.440305
0.440418
0.440486
0.44053
0.44056
0.440583
0.4406
0.440614
0.440626
0.440635
0.440643
0.44065
0.440656
0.440661
0.440666
0.44067
0.440675
0.440679
0.440683
0.440688
0.440693
0.440698
0.440705
0.440712
0.44072
0.440729
0.440739
0.440751
0.440763
0.440777
0.440791
0.440807
0.440824
0.440842
0.44086
0.440881
0.440895
0.440962
0.440619
0.440518
0.395713
0.395692
0.395869
0.395964
0.396086
0.396195
0.396278
0.396339
0.396384
0.396418
0.396445
0.396467
0.396485
0.3965
0.396512
0.396523
0.396532
0.396539
0.396546
0.396553
0.396558
0.396564
0.396569
0.396575
0.396581
0.396587
0.396594
0.396602
0.396611
0.39662
0.39663
0.396642
0.396655
0.396668
0.396683
0.396699
0.396715
0.396733
0.396752
0.396772
0.396787
0.396839
0.396728
0.396666
0.396264
0.396107
0.39608
0.39609
0.396107
0.396127
0.396148
0.39617
0.396191
0.396213
0.396235
0.396256
0.396279
0.396288
0.396363
0.356066
0.356016
0.356095
0.356179
0.356268
0.356356
0.356433
0.356496
0.356546
0.356586
0.356619
0.356646
0.356668
0.356686
0.356702
0.356715
0.356726
0.356736
0.356744
0.356752
0.356759
0.356766
0.356772
0.356779
0.356785
0.356792
0.3568
0.356808
0.356817
0.356827
0.356837
0.356849
0.356862
0.356876
0.35689
0.356906
0.356923
0.35694
0.356959
0.356979
0.356995
0.357032
0.357008
0.356986
0.356821
0.356675
0.356597
0.356565
0.356557
0.35656
0.356568
0.356579
0.356593
0.356609
0.356625
0.356642
0.356661
0.356665
0.35675
0.320481
0.320411
0.32044
0.320495
0.320557
0.320622
0.320684
0.32074
0.320787
0.320827
0.320861
0.320889
0.320913
0.320933
0.32095
0.320964
0.320977
0.320988
0.320997
0.321006
0.321014
0.321021
0.321028
0.321035
0.321043
0.32105
0.321058
0.321066
0.321076
0.321086
0.321097
0.321108
0.321121
0.321135
0.321149
0.321165
0.321181
0.321199
0.321217
0.321236
0.321254
0.321282
0.321289
0.321291
0.321232
0.321146
0.321076
0.321032
0.321009
0.321
0.320998
0.321002
0.32101
0.321019
0.321031
0.321043
0.32106
0.321059
0.321145
0.288653
0.288574
0.288578
0.288608
0.288648
0.288692
0.288738
0.288782
0.288822
0.288857
0.288888
0.288914
0.288937
0.288957
0.288974
0.288989
0.289001
0.289013
0.289023
0.289032
0.28904
0.289048
0.289055
0.289062
0.28907
0.289078
0.289086
0.289094
0.289104
0.289114
0.289125
0.289137
0.289149
0.289163
0.289177
0.289193
0.289209
0.289226
0.289244
0.289263
0.289281
0.289304
0.28932
0.289334
0.289321
0.289284
0.289241
0.289205
0.289181
0.289167
0.28916
0.28916
0.289163
0.289169
0.289177
0.289185
0.289199
0.289195
0.289278
0.260275
0.260196
0.260187
0.260201
0.260224
0.260252
0.260283
0.260314
0.260345
0.260373
0.260399
0.260422
0.260442
0.26046
0.260476
0.260489
0.260502
0.260512
0.260522
0.260531
0.260539
0.260546
0.260554
0.260561
0.260569
0.260577
0.260585
0.260593
0.260603
0.260613
0.260624
0.260636
0.260648
0.260662
0.260676
0.260691
0.260707
0.260724
0.260741
0.260759
0.260777
0.260798
0.260816
0.260834
0.260841
0.260833
0.260814
0.260793
0.260776
0.260764
0.260757
0.260755
0.260756
0.260759
0.260765
0.260772
0.260783
0.260778
0.260854
0.235039
0.234963
0.234949
0.234953
0.234964
0.23498
0.234999
0.23502
0.235042
0.235063
0.235083
0.235101
0.235118
0.235133
0.235146
0.235158
0.235169
0.235178
0.235187
0.235195
0.235203
0.23521
0.235217
0.235224
0.235232
0.235239
0.235247
0.235256
0.235265
0.235275
0.235286
0.235298
0.23531
0.235323
0.235337
0.235352
0.235367
0.235383
0.2354
0.235418
0.235436
0.235454
0.235473
0.235492
0.235506
0.235512
0.23551
0.235504
0.235496
0.235489
0.235485
0.235483
0.235484
0.235487
0.235492
0.235497
0.235507
0.235502
0.235571
0.212638
0.212567
0.212551
0.212549
0.212554
0.212562
0.212572
0.212585
0.212599
0.212613
0.212627
0.21264
0.212653
0.212665
0.212675
0.212685
0.212694
0.212702
0.212709
0.212717
0.212723
0.21273
0.212736
0.212743
0.21275
0.212758
0.212765
0.212774
0.212783
0.212793
0.212803
0.212815
0.212827
0.212839
0.212853
0.212867
0.212882
0.212898
0.212914
0.212931
0.212948
0.212966
0.212984
0.213002
0.213019
0.213032
0.213039
0.213042
0.213042
0.213042
0.213042
0.213042
0.213045
0.213048
0.213053
0.213058
0.213066
0.213061
0.213124
0.192775
0.192709
0.192693
0.192689
0.192689
0.192692
0.192696
0.192703
0.192711
0.192719
0.192728
0.192737
0.192746
0.192754
0.192762
0.192769
0.192776
0.192782
0.192788
0.192794
0.1928
0.192806
0.192812
0.192818
0.192824
0.192831
0.192839
0.192847
0.192856
0.192865
0.192875
0.192886
0.192898
0.192911
0.192924
0.192938
0.192952
0.192967
0.192983
0.192999
0.193015
0.193032
0.193049
0.193066
0.193083
0.193098
0.193111
0.19312
0.193126
0.19313
0.193134
0.193137
0.193141
0.193146
0.193151
0.193156
0.193164
0.193161
0.193217
0.175168
0.175107
0.175091
0.175085
0.175083
0.175083
0.175084
0.175086
0.175089
0.175093
0.175098
0.175103
0.175109
0.175114
0.175119
0.175124
0.175129
0.175133
0.175138
0.175143
0.175147
0.175152
0.175157
0.175163
0.175169
0.175175
0.175183
0.17519
0.175199
0.175208
0.175218
0.175228
0.17524
0.175252
0.175265
0.175278
0.175292
0.175306
0.175321
0.175336
0.175352
0.175368
0.175384
0.1754
0.175416
0.175432
0.175446
0.175458
0.175468
0.175476
0.175482
0.175488
0.175494
0.1755
0.175506
0.175512
0.17552
0.175517
0.175568
0.159554
0.159498
0.159483
0.159477
0.159473
0.159471
0.15947
0.159469
0.159469
0.15947
0.159472
0.159474
0.159476
0.159479
0.159481
0.159484
0.159487
0.15949
0.159494
0.159497
0.159501
0.159505
0.159509
0.159514
0.159519
0.159525
0.159532
0.159539
0.159547
0.159556
0.159566
0.159576
0.159587
0.159599
0.159611
0.159623
0.159637
0.15965
0.159664
0.159679
0.159694
0.159709
0.159724
0.159739
0.159755
0.15977
0.159784
0.159797
0.159809
0.159819
0.159828
0.159835
0.159843
0.15985
0.159856
0.159863
0.159871
0.15987
0.159915
0.145695
0.145644
0.145629
0.145623
0.145619
0.145615
0.145612
0.14561
0.145608
0.145607
0.145606
0.145606
0.145606
0.145607
0.145607
0.145609
0.14561
0.145612
0.145614
0.145616
0.145619
0.145622
0.145626
0.14563
0.145635
0.14564
0.145647
0.145653
0.145661
0.14567
0.145679
0.145688
0.145699
0.14571
0.145722
0.145734
0.145746
0.145759
0.145773
0.145786
0.1458
0.145814
0.145829
0.145843
0.145857
0.145872
0.145886
0.145899
0.145911
0.145922
0.145932
0.145941
0.145949
0.145957
0.145965
0.145972
0.14598
0.14598
0.146021
0.133378
0.13333
0.133316
0.13331
0.133305
0.133301
0.133297
0.133294
0.133291
0.133288
0.133286
0.133284
0.133282
0.133281
0.133281
0.13328
0.13328
0.133281
0.133282
0.133283
0.133285
0.133288
0.133291
0.133294
0.133299
0.133304
0.13331
0.133316
0.133324
0.133332
0.13334
0.13335
0.13336
0.13337
0.133381
0.133393
0.133405
0.133417
0.13343
0.133442
0.133456
0.133469
0.133482
0.133495
0.133509
0.133522
0.133535
0.133548
0.13356
0.133571
0.133582
0.133592
0.133601
0.133609
0.133617
0.133624
0.133633
0.133633
0.133671
0.122411
0.122367
0.122353
0.122347
0.122343
0.122338
0.122334
0.12233
0.122326
0.122322
0.122319
0.122316
0.122313
0.122311
0.122309
0.122308
0.122307
0.122306
0.122306
0.122307
0.122308
0.12231
0.122313
0.122316
0.12232
0.122325
0.12233
0.122336
0.122343
0.122351
0.122359
0.122368
0.122377
0.122387
0.122398
0.122409
0.12242
0.122432
0.122444
0.122456
0.122468
0.12248
0.122493
0.122505
0.122518
0.12253
0.122542
0.122554
0.122566
0.122577
0.122587
0.122597
0.122606
0.122615
0.122623
0.122631
0.122639
0.122641
0.122675
0.112627
0.112587
0.112574
0.112568
0.112563
0.112559
0.112554
0.11255
0.112545
0.112541
0.112537
0.112533
0.11253
0.112527
0.112524
0.112522
0.11252
0.112519
0.112519
0.112519
0.112519
0.112521
0.112523
0.112526
0.112529
0.112534
0.112539
0.112545
0.112551
0.112559
0.112566
0.112575
0.112584
0.112593
0.112603
0.112614
0.112624
0.112635
0.112646
0.112658
0.112669
0.112681
0.112692
0.112704
0.112715
0.112727
0.112738
0.112749
0.11276
0.112771
0.112781
0.11279
0.1128
0.112808
0.112816
0.112824
0.112832
0.112835
0.112866
0.103882
0.103844
0.103833
0.103827
0.103822
0.103817
0.103813
0.103808
0.103803
0.103799
0.103794
0.10379
0.103786
0.103783
0.103779
0.103777
0.103775
0.103773
0.103772
0.103772
0.103772
0.103773
0.103775
0.103777
0.103781
0.103785
0.103789
0.103795
0.103801
0.103808
0.103816
0.103824
0.103832
0.103841
0.103851
0.10386
0.10387
0.103881
0.103891
0.103902
0.103912
0.103923
0.103934
0.103945
0.103955
0.103966
0.103976
0.103987
0.103997
0.104007
0.104016
0.104025
0.104034
0.104043
0.104051
0.104058
0.104066
0.104069
0.104097
0.0960479
0.0960127
0.0960015
0.0959957
0.0959909
0.0959863
0.0959817
0.095977
0.0959722
0.0959675
0.0959629
0.0959585
0.0959543
0.0959504
0.095947
0.095944
0.0959415
0.0959396
0.0959383
0.0959377
0.0959378
0.0959386
0.0959401
0.0959425
0.0959455
0.0959493
0.0959539
0.0959591
0.0959651
0.0959716
0.0959787
0.0959864
0.0959945
0.096003
0.0960119
0.0960211
0.0960305
0.0960401
0.0960499
0.0960598
0.0960697
0.0960797
0.0960896
0.0960995
0.0961093
0.0961191
0.0961288
0.0961383
0.0961477
0.0961568
0.0961658
0.0961744
0.0961828
0.0961908
0.0961986
0.0962059
0.0962137
0.0962173
0.0962423
0.0890144
0.0889816
0.088971
0.0889654
0.0889607
0.0889561
0.0889515
0.0889468
0.0889421
0.0889373
0.0889327
0.0889282
0.0889239
0.0889199
0.0889163
0.0889131
0.0889105
0.0889084
0.088907
0.0889062
0.0889061
0.0889068
0.0889082
0.0889103
0.0889132
0.0889169
0.0889212
0.0889262
0.0889318
0.088938
0.0889448
0.0889521
0.0889597
0.0889678
0.0889762
0.0889848
0.0889936
0.0890027
0.0890118
0.089021
0.0890302
0.0890395
0.0890487
0.0890578
0.0890669
0.0890759
0.0890847
0.0890935
0.0891021
0.0891106
0.0891189
0.089127
0.0891348
0.0891424
0.0891498
0.0891569
0.0891643
0.0891682
0.0891907
0.0826861
0.0826557
0.0826456
0.0826401
0.0826355
0.082631
0.0826265
0.0826219
0.0826172
0.0826125
0.0826079
0.0826034
0.0825991
0.0825951
0.0825915
0.0825883
0.0825856
0.0825835
0.082582
0.0825812
0.082581
0.0825816
0.0825829
0.0825849
0.0825877
0.0825912
0.0825953
0.0826001
0.0826055
0.0826114
0.0826178
0.0826247
0.082632
0.0826396
0.0826474
0.0826555
0.0826638
0.0826723
0.0826808
0.0826893
0.0826979
0.0827065
0.082715
0.0827234
0.0827318
0.08274
0.0827482
0.0827562
0.0827641
0.0827719
0.0827796
0.0827871
0.0827944
0.0828016
0.0828086
0.0828153
0.0828224
0.0828264
0.0828465
0.0769805
0.076952
0.0769425
0.0769372
0.0769327
0.0769283
0.0769239
0.0769193
0.0769148
0.0769102
0.0769057
0.0769013
0.0768971
0.0768932
0.0768896
0.0768865
0.0768838
0.0768817
0.0768802
0.0768794
0.0768792
0.0768798
0.0768811
0.076883
0.0768857
0.076889
0.076893
0.0768976
0.0769027
0.0769084
0.0769145
0.076921
0.0769279
0.0769351
0.0769425
0.0769501
0.0769579
0.0769657
0.0769737
0.0769816
0.0769896
0.0769975
0.0770053
0.0770131
0.0770208
0.0770284
0.0770359
0.0770432
0.0770505
0.0770577
0.0770647
0.0770716
0.0770785
0.0770851
0.0770917
0.0770981
0.0771047
0.0771089
0.0771268
0.0718255
0.0717989
0.0717899
0.0717848
0.0717804
0.0717762
0.0717718
0.0717674
0.071763
0.0717586
0.0717542
0.0717499
0.0717459
0.0717421
0.0717386
0.0717356
0.071733
0.071731
0.0717296
0.0717288
0.0717287
0.0717293
0.0717306
0.0717325
0.0717351
0.0717383
0.0717422
0.0717466
0.0717515
0.0717569
0.0717627
0.0717689
0.0717754
0.0717822
0.0717891
0.0717963
0.0718035
0.0718109
0.0718182
0.0718256
0.071833
0.0718403
0.0718476
0.0718547
0.0718618
0.0718688
0.0718756
0.0718824
0.0718891
0.0718956
0.0719021
0.0719085
0.0719148
0.071921
0.0719272
0.0719332
0.0719394
0.0719436
0.0719596
0.067159
0.0671341
0.0671256
0.0671206
0.0671164
0.0671122
0.067108
0.0671038
0.0670995
0.0670952
0.067091
0.0670869
0.067083
0.0670794
0.0670761
0.0670732
0.0670708
0.0670689
0.0670676
0.0670669
0.0670669
0.0670675
0.0670688
0.0670707
0.0670733
0.0670764
0.0670802
0.0670844
0.0670891
0.0670943
0.0670998
0.0671057
0.0671118
0.0671182
0.0671247
0.0671314
0.0671382
0.067145
0.0671519
0.0671588
0.0671656
0.0671724
0.067179
0.0671856
0.0671921
0.0671985
0.0672048
0.067211
0.0672171
0.0672232
0.0672291
0.067235
0.0672408
0.0672466
0.0672523
0.067258
0.0672638
0.0672679
0.0672821
0.0629265
0.0629032
0.0628951
0.0628904
0.0628863
0.0628823
0.0628782
0.0628741
0.06287
0.0628659
0.0628618
0.0628579
0.0628542
0.0628508
0.0628477
0.0628449
0.0628427
0.062841
0.0628398
0.0628392
0.0628393
0.06284
0.0628413
0.0628432
0.0628458
0.0628488
0.0628525
0.0628565
0.0628611
0.062866
0.0628713
0.0628768
0.0628826
0.0628886
0.0628948
0.062901
0.0629074
0.0629138
0.0629202
0.0629265
0.0629328
0.0629391
0.0629453
0.0629513
0.0629573
0.0629632
0.0629689
0.0629746
0.0629802
0.0629858
0.0629912
0.0629967
0.063002
0.0630074
0.0630127
0.063018
0.0630234
0.0630275
0.06304
0.0590808
0.059059
0.0590514
0.0590468
0.0590429
0.059039
0.0590351
0.0590311
0.0590272
0.0590232
0.0590194
0.0590157
0.0590121
0.0590089
0.059006
0.0590034
0.0590014
0.0589998
0.0589988
0.0589984
0.0589985
0.0589993
0.0590006
0.0590026
0.0590051
0.0590081
0.0590116
0.0590156
0.0590199
0.0590246
0.0590296
0.0590349
0.0590404
0.059046
0.0590518
0.0590577
0.0590636
0.0590696
0.0590755
0.0590814
0.0590873
0.059093
0.0590987
0.0591043
0.0591098
0.0591152
0.0591205
0.0591257
0.0591308
0.0591359
0.0591409
0.0591459
0.0591509
0.0591559
0.0591608
0.0591657
0.0591708
0.0591748
0.0591857
0.0555806
0.0555601
0.0555529
0.0555485
0.0555447
0.055541
0.0555373
0.0555335
0.0555297
0.0555259
0.0555222
0.0555187
0.0555154
0.0555123
0.0555096
0.0555073
0.0555054
0.055504
0.0555031
0.0555028
0.0555031
0.0555039
0.0555053
0.0555073
0.0555098
0.0555127
0.0555161
0.05552
0.0555241
0.0555286
0.0555334
0.0555384
0.0555436
0.0555489
0.0555543
0.0555598
0.0555654
0.0555709
0.0555765
0.0555819
0.0555873
0.0555927
0.0555979
0.0556031
0.0556081
0.055613
0.0556179
0.0556227
0.0556274
0.0556321
0.0556367
0.0556413
0.0556459
0.0556505
0.0556551
0.0556597
0.0556644
0.0556683
0.0556778
0.0523896
0.0523703
0.0523635
0.0523593
0.0523557
0.0523521
0.0523485
0.0523449
0.0523413
0.0523377
0.0523342
0.0523309
0.0523278
0.0523249
0.0523224
0.0523202
0.0523185
0.0523173
0.0523166
0.0523164
0.0523168
0.0523177
0.0523191
0.0523211
0.0523235
0.0523264
0.0523297
0.0523334
0.0523374
0.0523417
0.0523463
0.052351
0.0523559
0.0523609
0.052366
0.0523712
0.0523764
0.0523815
0.0523867
0.0523918
0.0523968
0.0524017
0.0524065
0.0524113
0.0524159
0.0524204
0.0524249
0.0524293
0.0524336
0.0524379
0.0524422
0.0524464
0.0524507
0.052455
0.0524592
0.0524635
0.0524679
0.0524717
0.0524799
0.0494759
0.0494579
0.0494514
0.0494474
0.049444
0.0494405
0.0494371
0.0494336
0.0494302
0.0494268
0.0494235
0.0494203
0.0494174
0.0494147
0.0494124
0.0494104
0.0494089
0.0494078
0.0494072
0.0494072
0.0494076
0.0494086
0.0494101
0.0494121
0.0494145
0.0494173
0.0494205
0.0494241
0.0494279
0.049432
0.0494364
0.0494409
0.0494455
0.0494502
0.049455
0.0494598
0.0494647
0.0494695
0.0494743
0.049479
0.0494836
0.0494882
0.0494927
0.049497
0.0495013
0.0495055
0.0495096
0.0495136
0.0495176
0.0495215
0.0495255
0.0495294
0.0495333
0.0495373
0.0495413
0.0495453
0.0495493
0.049553
0.04956
0.0468117
0.0467947
0.0467886
0.0467848
0.0467815
0.0467782
0.0467749
0.0467716
0.0467683
0.0467651
0.046762
0.046759
0.0467563
0.0467538
0.0467516
0.0467498
0.0467485
0.0467475
0.0467471
0.0467471
0.0467477
0.0467487
0.0467502
0.0467522
0.0467546
0.0467573
0.0467604
0.0467639
0.0467676
0.0467715
0.0467756
0.0467799
0.0467842
0.0467887
0.0467932
0.0467977
0.0468023
0.0468068
0.0468112
0.0468156
0.0468199
0.0468241
0.0468282
0.0468322
0.0468362
0.04684
0.0468438
0.0468475
0.0468512
0.0468548
0.0468584
0.0468621
0.0468657
0.0468694
0.0468731
0.0468768
0.0468806
0.0468841
0.0468901
0.044372
0.044356
0.0443503
0.0443467
0.0443435
0.0443404
0.0443373
0.0443342
0.0443311
0.044328
0.0443251
0.0443223
0.0443197
0.0443174
0.0443154
0.0443138
0.0443125
0.0443117
0.0443114
0.0443115
0.0443121
0.0443132
0.0443147
0.0443167
0.044319
0.0443217
0.0443247
0.044328
0.0443316
0.0443353
0.0443392
0.0443433
0.0443474
0.0443516
0.0443558
0.0443601
0.0443643
0.0443685
0.0443727
0.0443767
0.0443807
0.0443846
0.0443884
0.0443921
0.0443958
0.0443993
0.0444028
0.0444062
0.0444096
0.044413
0.0444163
0.0444197
0.044423
0.0444264
0.0444299
0.0444334
0.0444369
0.0444403
0.0444452
0.0421351
0.0421201
0.0421147
0.0421113
0.0421083
0.0421053
0.0421024
0.0420994
0.0420964
0.0420935
0.0420908
0.0420882
0.0420857
0.0420836
0.0420818
0.0420803
0.0420792
0.0420785
0.0420783
0.0420785
0.0420791
0.0420802
0.0420818
0.0420837
0.042086
0.0420886
0.0420915
0.0420947
0.0420981
0.0421016
0.0421054
0.0421092
0.0421131
0.0421171
0.042121
0.042125
0.042129
0.0421329
0.0421368
0.0421406
0.0421443
0.0421479
0.0421514
0.0421548
0.0421582
0.0421614
0.0421647
0.0421678
0.0421709
0.042174
0.0421771
0.0421802
0.0421834
0.0421865
0.0421898
0.042193
0.0421963
0.0421996
0.0422036
0.0400816
0.0400675
0.0400624
0.0400592
0.0400563
0.0400535
0.0400507
0.0400479
0.0400451
0.0400424
0.0400397
0.0400373
0.040035
0.040033
0.0400313
0.04003
0.040029
0.0400284
0.0400283
0.0400286
0.0400293
0.0400304
0.0400319
0.0400338
0.040036
0.0400386
0.0400414
0.0400444
0.0400476
0.040051
0.0400546
0.0400582
0.0400619
0.0400656
0.0400694
0.0400731
0.0400768
0.0400805
0.0400841
0.0400876
0.0400911
0.0400944
0.0400977
0.0401009
0.040104
0.040107
0.0401099
0.0401129
0.0401157
0.0401186
0.0401215
0.0401244
0.0401273
0.0401302
0.0401332
0.0401363
0.0401393
0.0401425
0.0401457
0.0381942
0.0381809
0.0381761
0.0381731
0.0381704
0.0381677
0.038165
0.0381624
0.0381598
0.0381572
0.0381547
0.0381524
0.0381503
0.0381485
0.0381469
0.0381457
0.0381448
0.0381443
0.0381442
0.0381445
0.0381453
0.0381464
0.0381479
0.0381497
0.0381519
0.0381544
0.0381571
0.03816
0.0381631
0.0381663
0.0381696
0.0381731
0.0381766
0.0381801
0.0381836
0.0381871
0.0381906
0.038194
0.0381974
0.0382007
0.0382039
0.038207
0.03821
0.038213
0.0382158
0.0382186
0.0382214
0.0382241
0.0382268
0.0382294
0.0382321
0.0382348
0.0382375
0.0382402
0.038243
0.0382458
0.0382487
0.0382517
0.0382542
0.0364575
0.036445
0.0364405
0.0364376
0.0364351
0.0364326
0.0364301
0.0364276
0.0364251
0.0364227
0.0364203
0.0364182
0.0364162
0.0364145
0.036413
0.0364119
0.0364111
0.0364107
0.0364107
0.0364111
0.0364118
0.0364129
0.0364144
0.0364162
0.0364183
0.0364206
0.0364232
0.036426
0.0364289
0.036432
0.0364352
0.0364385
0.0364418
0.0364451
0.0364484
0.0364517
0.036455
0.0364582
0.0364613
0.0364644
0.0364674
0.0364703
0.0364731
0.0364758
0.0364785
0.036481
0.0364836
0.0364861
0.0364886
0.036491
0.0364935
0.036496
0.0364985
0.0365011
0.0365037
0.0365063
0.036509
0.0365118
0.0365137
0.0348578
0.0348461
0.0348419
0.0348392
0.0348368
0.0348344
0.0348321
0.0348297
0.0348273
0.0348251
0.0348229
0.0348209
0.034819
0.0348174
0.0348161
0.0348151
0.0348143
0.034814
0.034814
0.0348144
0.0348151
0.0348162
0.0348177
0.0348194
0.0348214
0.0348237
0.0348261
0.0348288
0.0348316
0.0348345
0.0348375
0.0348406
0.0348437
0.0348469
0.03485
0.0348531
0.0348561
0.0348591
0.0348621
0.034865
0.0348677
0.0348704
0.0348731
0.0348756
0.0348781
0.0348805
0.0348828
0.0348852
0.0348875
0.0348897
0.034892
0.0348944
0.0348967
0.0348991
0.0349015
0.034904
0.0349065
0.0349092
0.0349104
0.0333829
0.0333719
0.0333679
0.0333654
0.0333632
0.0333609
0.0333587
0.0333565
0.0333543
0.0333522
0.0333501
0.0333482
0.0333465
0.033345
0.0333438
0.0333428
0.0333422
0.0333419
0.0333419
0.0333423
0.033343
0.0333441
0.0333455
0.0333471
0.0333491
0.0333512
0.0333536
0.0333561
0.0333588
0.0333615
0.0333644
0.0333673
0.0333702
0.0333732
0.0333761
0.033379
0.0333819
0.0333847
0.0333875
0.0333902
0.0333928
0.0333953
0.0333977
0.0334001
0.0334024
0.0334046
0.0334068
0.033409
0.0334111
0.0334133
0.0334154
0.0334176
0.0334198
0.033422
0.0334242
0.0334266
0.0334289
0.0334315
0.0334322
0.0320218
0.0320114
0.0320077
0.0320054
0.0320032
0.0320012
0.0319991
0.031997
0.0319949
0.0319929
0.031991
0.0319892
0.0319876
0.0319862
0.031985
0.0319842
0.0319836
0.0319833
0.0319834
0.0319838
0.0319845
0.0319855
0.0319868
0.0319884
0.0319903
0.0319923
0.0319946
0.031997
0.0319995
0.0320021
0.0320048
0.0320075
0.0320103
0.0320131
0.0320159
0.0320186
0.0320213
0.032024
0.0320265
0.032029
0.0320315
0.0320338
0.0320361
0.0320383
0.0320405
0.0320426
0.0320446
0.0320466
0.0320486
0.0320506
0.0320526
0.0320546
0.0320566
0.0320587
0.0320608
0.032063
0.0320652
0.0320676
0.0320678
0.0307645
0.0307548
0.0307513
0.0307491
0.0307471
0.0307452
0.0307432
0.0307413
0.0307393
0.0307375
0.0307357
0.030734
0.0307325
0.0307312
0.0307301
0.0307293
0.0307287
0.0307285
0.0307286
0.0307289
0.0307296
0.0307306
0.0307319
0.0307334
0.0307351
0.0307371
0.0307392
0.0307415
0.0307439
0.0307463
0.0307489
0.0307515
0.0307541
0.0307567
0.0307593
0.0307619
0.0307644
0.0307669
0.0307693
0.0307717
0.030774
0.0307762
0.0307783
0.0307804
0.0307824
0.0307843
0.0307862
0.0307881
0.03079
0.0307918
0.0307937
0.0307956
0.0307975
0.0307994
0.0308014
0.0308034
0.0308055
0.0308078
0.0308075
0.0296023
0.0295931
0.0295899
0.0295878
0.029586
0.0295842
0.0295823
0.0295805
0.0295787
0.0295769
0.0295752
0.0295737
0.0295723
0.029571
0.02957
0.0295693
0.0295688
0.0295685
0.0295686
0.029569
0.0295696
0.0295705
0.0295717
0.0295732
0.0295748
0.0295767
0.0295787
0.0295808
0.0295831
0.0295854
0.0295878
0.0295902
0.0295927
0.0295952
0.0295976
0.0296
0.0296024
0.0296048
0.029607
0.0296093
0.0296114
0.0296135
0.0296155
0.0296174
0.0296193
0.0296211
0.0296229
0.0296246
0.0296264
0.0296281
0.0296298
0.0296316
0.0296334
0.0296352
0.029637
0.0296389
0.0296409
0.029643
0.0296424
0.028527
0.0285184
0.0285154
0.0285135
0.0285118
0.0285101
0.0285084
0.0285066
0.028505
0.0285033
0.0285017
0.0285003
0.028499
0.0284978
0.0284968
0.0284961
0.0284956
0.0284954
0.0284955
0.0284958
0.0284964
0.0284973
0.0284984
0.0284998
0.0285013
0.0285031
0.0285049
0.028507
0.0285091
0.0285113
0.0285135
0.0285158
0.0285182
0.0285205
0.0285228
0.0285251
0.0285273
0.0285295
0.0285317
0.0285337
0.0285357
0.0285377
0.0285396
0.0285414
0.0285431
0.0285448
0.0285465
0.0285482
0.0285498
0.0285514
0.028553
0.0285547
0.0285563
0.028558
0.0285598
0.0285615
0.0285633
0.0285654
0.0285645
0.0275315
0.0275235
0.0275207
0.0275189
0.0275173
0.0275157
0.0275141
0.0275125
0.0275109
0.0275094
0.0275079
0.0275066
0.0275053
0.0275042
0.0275033
0.0275027
0.0275022
0.027502
0.027502
0.0275024
0.0275029
0.0275037
0.0275048
0.027506
0.0275075
0.0275091
0.0275109
0.0275128
0.0275147
0.0275168
0.0275189
0.0275211
0.0275233
0.0275255
0.0275276
0.0275298
0.0275319
0.027534
0.027536
0.0275379
0.0275398
0.0275416
0.0275434
0.0275451
0.0275468
0.0275484
0.0275499
0.0275515
0.027553
0.0275545
0.027556
0.0275576
0.0275591
0.0275607
0.0275623
0.027564
0.0275657
0.0275676
0.0275664
0.0266093
0.0266018
0.0265991
0.0265975
0.026596
0.0265946
0.0265931
0.0265916
0.0265901
0.0265887
0.0265873
0.026586
0.0265849
0.0265839
0.026583
0.0265824
0.0265819
0.0265817
0.0265817
0.026582
0.0265825
0.0265833
0.0265842
0.0265854
0.0265868
0.0265883
0.0265899
0.0265917
0.0265935
0.0265955
0.0265975
0.0265995
0.0266016
0.0266036
0.0266056
0.0266077
0.0266097
0.0266116
0.0266135
0.0266153
0.0266171
0.0266188
0.0266205
0.0266221
0.0266237
0.0266252
0.0266266
0.0266281
0.0266295
0.0266309
0.0266324
0.0266338
0.0266353
0.0266368
0.0266383
0.0266398
0.0266414
0.0266432
0.0266418
0.0257545
0.0257474
0.025745
0.0257435
0.0257421
0.0257407
0.0257394
0.025738
0.0257366
0.0257353
0.025734
0.0257328
0.0257317
0.0257308
0.02573
0.0257293
0.0257289
0.0257287
0.0257287
0.0257289
0.0257294
0.0257301
0.025731
0.025732
0.0257333
0.0257347
0.0257362
0.0257379
0.0257396
0.0257414
0.0257433
0.0257452
0.0257471
0.025749
0.025751
0.0257529
0.0257547
0.0257566
0.0257583
0.0257601
0.0257617
0.0257634
0.0257649
0.0257664
0.0257679
0.0257693
0.0257707
0.0257721
0.0257734
0.0257748
0.0257761
0.0257775
0.0257788
0.0257802
0.0257816
0.0257831
0.0257846
0.0257862
0.0257846
0.0249617
0.024955
0.0249528
0.0249514
0.0249501
0.0249489
0.0249476
0.0249464
0.0249451
0.0249439
0.0249427
0.0249415
0.0249405
0.0249396
0.0249388
0.0249383
0.0249378
0.0249376
0.0249376
0.0249378
0.0249382
0.0249388
0.0249396
0.0249406
0.0249418
0.0249431
0.0249445
0.024946
0.0249476
0.0249493
0.0249511
0.0249528
0.0249546
0.0249564
0.0249582
0.02496
0.0249618
0.0249635
0.0249652
0.0249668
0.0249684
0.0249699
0.0249714
0.0249728
0.0249742
0.0249755
0.0249769
0.0249781
0.0249794
0.0249807
0.0249819
0.0249832
0.0249845
0.0249858
0.0249871
0.0249885
0.0249899
0.0249914
0.0249896
0.0242261
0.0242199
0.0242178
0.0242165
0.0242154
0.0242142
0.0242131
0.0242119
0.0242107
0.0242096
0.0242085
0.0242074
0.0242064
0.0242056
0.0242049
0.0242043
0.0242039
0.0242037
0.0242036
0.0242038
0.0242041
0.0242047
0.0242054
0.0242063
0.0242074
0.0242085
0.0242099
0.0242113
0.0242128
0.0242143
0.024216
0.0242176
0.0242193
0.024221
0.0242227
0.0242243
0.024226
0.0242276
0.0242292
0.0242307
0.0242322
0.0242337
0.0242351
0.0242364
0.0242377
0.024239
0.0242402
0.0242414
0.0242426
0.0242438
0.024245
0.0242462
0.0242474
0.0242486
0.0242499
0.0242511
0.0242525
0.0242539
0.0242519
0.0235433
0.0235375
0.0235356
0.0235344
0.0235334
0.0235323
0.0235313
0.0235302
0.0235291
0.023528
0.023527
0.023526
0.0235251
0.0235243
0.0235237
0.0235231
0.0235227
0.0235225
0.0235224
0.0235225
0.0235228
0.0235233
0.0235239
0.0235248
0.0235257
0.0235268
0.023528
0.0235293
0.0235307
0.0235321
0.0235336
0.0235352
0.0235368
0.0235383
0.0235399
0.0235415
0.023543
0.0235446
0.023546
0.0235475
0.0235489
0.0235503
0.0235516
0.0235529
0.0235541
0.0235553
0.0235565
0.0235576
0.0235587
0.0235599
0.023561
0.0235621
0.0235632
0.0235644
0.0235655
0.0235667
0.023568
0.0235693
0.0235672
0.0229094
0.022904
0.0229022
0.0229012
0.0229002
0.0228993
0.0228983
0.0228973
0.0228963
0.0228953
0.0228944
0.0228935
0.0228926
0.0228919
0.0228912
0.0228907
0.0228903
0.0228901
0.02289
0.0228901
0.0228903
0.0228907
0.0228913
0.022892
0.0228929
0.0228939
0.022895
0.0228962
0.0228974
0.0228988
0.0229002
0.0229016
0.0229031
0.0229045
0.022906
0.0229075
0.0229089
0.0229104
0.0229118
0.0229131
0.0229144
0.0229157
0.022917
0.0229182
0.0229194
0.0229205
0.0229216
0.0229227
0.0229237
0.0229248
0.0229259
0.0229269
0.022928
0.0229291
0.0229302
0.0229313
0.0229324
0.0229337
0.0229315
0.0223208
0.0223157
0.0223141
0.0223132
0.0223123
0.0223114
0.0223105
0.0223096
0.0223087
0.0223078
0.022307
0.0223061
0.0223053
0.0223046
0.022304
0.0223035
0.0223031
0.0223029
0.0223028
0.0223028
0.022303
0.0223034
0.0223039
0.0223045
0.0223053
0.0223062
0.0223072
0.0223082
0.0223094
0.0223106
0.0223119
0.0223133
0.0223146
0.022316
0.0223174
0.0223187
0.0223201
0.0223214
0.0223228
0.022324
0.0223253
0.0223265
0.0223277
0.0223288
0.0223299
0.022331
0.0223321
0.0223331
0.0223341
0.0223351
0.0223361
0.0223371
0.0223381
0.0223391
0.0223401
0.0223412
0.0223422
0.0223434
0.0223412
0.0217742
0.0217695
0.021768
0.0217671
0.0217664
0.0217656
0.0217648
0.021764
0.0217631
0.0217623
0.0217615
0.0217607
0.02176
0.0217594
0.0217588
0.0217583
0.0217579
0.0217577
0.0217575
0.0217575
0.0217577
0.021758
0.0217584
0.021759
0.0217597
0.0217605
0.0217614
0.0217623
0.0217634
0.0217645
0.0217657
0.021767
0.0217682
0.0217695
0.0217708
0.021772
0.0217733
0.0217746
0.0217758
0.021777
0.0217782
0.0217793
0.0217805
0.0217815
0.0217826
0.0217836
0.0217846
0.0217856
0.0217865
0.0217875
0.0217884
0.0217893
0.0217903
0.0217912
0.0217922
0.0217932
0.0217942
0.0217953
0.021793
0.0212667
0.0212623
0.021261
0.0212602
0.0212595
0.0212588
0.0212581
0.0212573
0.0212566
0.0212558
0.0212551
0.0212544
0.0212537
0.0212531
0.0212526
0.0212521
0.0212517
0.0212515
0.0212513
0.0212513
0.0212514
0.0212517
0.021252
0.0212525
0.0212531
0.0212538
0.0212546
0.0212555
0.0212565
0.0212575
0.0212586
0.0212597
0.0212609
0.0212621
0.0212633
0.0212644
0.0212656
0.0212668
0.021268
0.0212691
0.0212702
0.0212713
0.0212724
0.0212734
0.0212744
0.0212753
0.0212763
0.0212772
0.0212781
0.021279
0.0212799
0.0212808
0.0212817
0.0212826
0.0212835
0.0212844
0.0212853
0.0212863
0.021284
0.0207957
0.0207916
0.0207903
0.0207896
0.020789
0.0207884
0.0207878
0.0207871
0.0207864
0.0207858
0.0207851
0.0207844
0.0207838
0.0207833
0.0207827
0.0207823
0.0207819
0.0207817
0.0207815
0.0207815
0.0207816
0.0207818
0.0207821
0.0207825
0.020783
0.0207836
0.0207844
0.0207852
0.020786
0.020787
0.020788
0.020789
0.0207901
0.0207911
0.0207922
0.0207933
0.0207944
0.0207955
0.0207966
0.0207977
0.0207987
0.0207998
0.0208008
0.0208017
0.0208027
0.0208036
0.0208045
0.0208054
0.0208062
0.0208071
0.0208079
0.0208087
0.0208096
0.0208104
0.0208113
0.0208121
0.020813
0.0208139
0.0208116
0.0203587
0.0203549
0.0203538
0.0203531
0.0203526
0.0203521
0.0203515
0.0203509
0.0203503
0.0203497
0.0203491
0.0203485
0.0203479
0.0203474
0.0203469
0.0203465
0.0203462
0.0203459
0.0203458
0.0203457
0.0203457
0.0203459
0.0203461
0.0203465
0.020347
0.0203475
0.0203481
0.0203489
0.0203496
0.0203505
0.0203514
0.0203523
0.0203533
0.0203543
0.0203553
0.0203563
0.0203574
0.0203584
0.0203594
0.0203604
0.0203614
0.0203623
0.0203633
0.0203642
0.0203651
0.020366
0.0203668
0.0203676
0.0203684
0.0203692
0.02037
0.0203708
0.0203716
0.0203724
0.0203732
0.020374
0.0203748
0.0203757
0.0203734
0.0199537
0.0199501
0.0199491
0.0199485
0.0199481
0.0199476
0.0199471
0.0199466
0.019946
0.0199455
0.019945
0.0199444
0.0199439
0.0199434
0.019943
0.0199426
0.0199423
0.0199421
0.0199419
0.0199418
0.0199418
0.0199419
0.0199421
0.0199424
0.0199428
0.0199433
0.0199439
0.0199445
0.0199452
0.019946
0.0199468
0.0199476
0.0199485
0.0199494
0.0199504
0.0199513
0.0199523
0.0199532
0.0199542
0.0199551
0.019956
0.0199569
0.0199578
0.0199587
0.0199595
0.0199603
0.0199611
0.0199619
0.0199627
0.0199634
0.0199642
0.0199649
0.0199657
0.0199664
0.0199672
0.0199679
0.0199687
0.0199695
0.0199672
0.0195787
0.0195753
0.0195744
0.0195739
0.0195735
0.0195731
0.0195727
0.0195722
0.0195718
0.0195713
0.0195708
0.0195704
0.0195699
0.0195695
0.0195691
0.0195687
0.0195684
0.0195682
0.019568
0.0195679
0.0195679
0.019568
0.0195682
0.0195684
0.0195688
0.0195692
0.0195697
0.0195702
0.0195708
0.0195715
0.0195722
0.019573
0.0195738
0.0195747
0.0195755
0.0195764
0.0195773
0.0195781
0.019579
0.0195799
0.0195808
0.0195816
0.0195824
0.0195832
0.019584
0.0195848
0.0195856
0.0195863
0.0195871
0.0195878
0.0195885
0.0195892
0.0195899
0.0195906
0.0195913
0.019592
0.0195927
0.0195934
0.0195912
0.019232
0.0192289
0.0192281
0.0192277
0.0192273
0.019227
0.0192266
0.0192262
0.0192258
0.0192254
0.019225
0.0192246
0.0192242
0.0192238
0.0192235
0.0192232
0.0192229
0.0192227
0.0192225
0.0192224
0.0192224
0.0192224
0.0192225
0.0192228
0.019223
0.0192234
0.0192238
0.0192243
0.0192249
0.0192255
0.0192261
0.0192268
0.0192275
0.0192283
0.0192291
0.0192299
0.0192307
0.0192315
0.0192323
0.0192331
0.0192339
0.0192347
0.0192355
0.0192363
0.019237
0.0192377
0.0192385
0.0192392
0.0192399
0.0192405
0.0192412
0.0192419
0.0192425
0.0192432
0.0192439
0.0192445
0.0192452
0.0192459
0.0192436
0.0189122
0.0189094
0.0189086
0.0189083
0.018908
0.0189077
0.0189074
0.0189071
0.0189067
0.0189064
0.018906
0.0189057
0.0189054
0.018905
0.0189047
0.0189044
0.0189042
0.018904
0.0189038
0.0189037
0.0189037
0.0189037
0.0189038
0.018904
0.0189042
0.0189045
0.0189049
0.0189053
0.0189058
0.0189063
0.0189069
0.0189075
0.0189082
0.0189089
0.0189096
0.0189103
0.0189111
0.0189118
0.0189126
0.0189133
0.0189141
0.0189148
0.0189155
0.0189163
0.018917
0.0189176
0.0189183
0.018919
0.0189196
0.0189203
0.0189209
0.0189215
0.0189222
0.0189228
0.0189234
0.018924
0.0189247
0.0189253
0.0189231
0.0186181
0.0186154
0.0186148
0.0186145
0.0186143
0.018614
0.0186138
0.0186135
0.0186132
0.018613
0.0186127
0.0186124
0.0186121
0.0186118
0.0186115
0.0186113
0.0186111
0.0186109
0.0186108
0.0186107
0.0186106
0.0186106
0.0186107
0.0186108
0.018611
0.0186113
0.0186116
0.018612
0.0186124
0.0186129
0.0186134
0.0186139
0.0186145
0.0186151
0.0186158
0.0186165
0.0186171
0.0186178
0.0186185
0.0186192
0.0186199
0.0186206
0.0186213
0.0186219
0.0186226
0.0186233
0.0186239
0.0186245
0.0186251
0.0186257
0.0186263
0.0186269
0.0186275
0.0186281
0.0186287
0.0186293
0.0186299
0.0186304
0.0186282
0.0183485
0.018346
0.0183454
0.0183452
0.018345
0.0183448
0.0183447
0.0183445
0.0183443
0.018344
0.0183438
0.0183436
0.0183433
0.0183431
0.0183429
0.0183427
0.0183425
0.0183423
0.0183422
0.0183421
0.0183421
0.0183421
0.0183421
0.0183422
0.0183424
0.0183426
0.0183429
0.0183432
0.0183436
0.018344
0.0183445
0.0183449
0.0183455
0.018346
0.0183466
0.0183472
0.0183478
0.0183485
0.0183491
0.0183497
0.0183504
0.018351
0.0183517
0.0183523
0.0183529
0.0183535
0.0183541
0.0183547
0.0183553
0.0183559
0.0183564
0.018357
0.0183575
0.0183581
0.0183586
0.0183592
0.0183597
0.0183602
0.0183581
0.0181026
0.0181002
0.0180997
0.0180995
0.0180994
0.0180993
0.0180992
0.0180991
0.0180989
0.0180988
0.0180986
0.0180984
0.0180982
0.0180981
0.0180979
0.0180977
0.0180976
0.0180974
0.0180973
0.0180972
0.0180972
0.0180972
0.0180972
0.0180973
0.0180975
0.0180976
0.0180979
0.0180981
0.0180985
0.0180988
0.0180992
0.0180997
0.0181001
0.0181006
0.0181012
0.0181017
0.0181023
0.0181028
0.0181034
0.018104
0.0181046
0.0181052
0.0181058
0.0181064
0.0181069
0.0181075
0.0181081
0.0181086
0.0181092
0.0181097
0.0181103
0.0181108
0.0181113
0.0181118
0.0181123
0.0181128
0.0181134
0.0181138
0.0181117
0.0178796
0.0178774
0.0178769
0.0178768
0.0178768
0.0178767
0.0178767
0.0178766
0.0178765
0.0178764
0.0178763
0.0178762
0.0178761
0.0178759
0.0178758
0.0178757
0.0178756
0.0178755
0.0178754
0.0178753
0.0178753
0.0178753
0.0178753
0.0178754
0.0178755
0.0178756
0.0178758
0.0178761
0.0178763
0.0178767
0.017877
0.0178774
0.0178778
0.0178783
0.0178787
0.0178792
0.0178797
0.0178803
0.0178808
0.0178813
0.0178819
0.0178824
0.017883
0.0178835
0.017884
0.0178846
0.0178851
0.0178856
0.0178861
0.0178866
0.0178871
0.0178876
0.0178881
0.0178886
0.0178891
0.0178896
0.0178901
0.0178905
0.0178884
0.017679
0.0176769
0.0176766
0.0176765
0.0176765
0.0176765
0.0176765
0.0176765
0.0176765
0.0176765
0.0176765
0.0176764
0.0176763
0.0176762
0.0176762
0.0176761
0.017676
0.0176759
0.0176758
0.0176758
0.0176758
0.0176757
0.0176758
0.0176758
0.0176759
0.0176761
0.0176762
0.0176764
0.0176767
0.017677
0.0176773
0.0176776
0.017678
0.0176784
0.0176788
0.0176792
0.0176797
0.0176802
0.0176807
0.0176811
0.0176816
0.0176821
0.0176827
0.0176832
0.0176837
0.0176841
0.0176846
0.0176851
0.0176856
0.0176861
0.0176865
0.017687
0.0176875
0.0176879
0.0176884
0.0176888
0.0176893
0.0176896
0.0176876
0.0175004
0.0174985
0.0174982
0.0174983
0.0174983
0.0174984
0.0174985
0.0174986
0.0174986
0.0174987
0.0174987
0.0174987
0.0174986
0.0174986
0.0174986
0.0174985
0.0174984
0.0174984
0.0174983
0.0174983
0.0174983
0.0174983
0.0174983
0.0174984
0.0174985
0.0174986
0.0174987
0.0174989
0.0174991
0.0174994
0.0174996
0.0174999
0.0175003
0.0175006
0.017501
0.0175014
0.0175018
0.0175022
0.0175027
0.0175031
0.0175036
0.017504
0.0175045
0.017505
0.0175054
0.0175059
0.0175063
0.0175068
0.0175072
0.0175077
0.0175081
0.0175085
0.017509
0.0175094
0.0175098
0.0175102
0.0175107
0.017511
0.017509
0.0173438
0.017342
0.0173418
0.0173419
0.0173421
0.0173423
0.0173425
0.0173426
0.0173427
0.0173428
0.0173428
0.0173429
0.0173429
0.0173429
0.0173429
0.0173428
0.0173428
0.0173428
0.0173428
0.0173427
0.0173427
0.0173427
0.0173428
0.0173428
0.0173429
0.017343
0.0173431
0.0173433
0.0173435
0.0173437
0.0173439
0.0173442
0.0173445
0.0173448
0.0173452
0.0173455
0.0173459
0.0173463
0.0173467
0.0173471
0.0173475
0.0173479
0.0173483
0.0173488
0.0173492
0.0173496
0.01735
0.0173505
0.0173509
0.0173513
0.0173517
0.0173521
0.0173525
0.0173529
0.0173533
0.0173537
0.017354
0.0173544
0.0173524
0.017209
0.0172074
0.0172073
0.0172076
0.0172078
0.0172081
0.0172083
0.0172085
0.0172087
0.0172088
0.0172089
0.017209
0.017209
0.017209
0.0172091
0.0172091
0.0172091
0.0172091
0.017209
0.017209
0.0172091
0.0172091
0.0172091
0.0172092
0.0172092
0.0172093
0.0172095
0.0172096
0.0172098
0.01721
0.0172102
0.0172104
0.0172107
0.017211
0.0172113
0.0172116
0.0172119
0.0172123
0.0172126
0.017213
0.0172134
0.0172138
0.0172142
0.0172145
0.0172149
0.0172153
0.0172157
0.0172161
0.0172165
0.0172169
0.0172172
0.0172176
0.017218
0.0172183
0.0172187
0.0172191
0.0172194
0.0172197
0.0172178
0.0170963
0.0170949
0.017095
0.0170954
0.0170958
0.0170961
0.0170964
0.0170966
0.0170968
0.017097
0.0170971
0.0170972
0.0170972
0.0170973
0.0170973
0.0170973
0.0170974
0.0170974
0.0170974
0.0170974
0.0170974
0.0170975
0.0170975
0.0170976
0.0170976
0.0170977
0.0170978
0.017098
0.0170981
0.0170983
0.0170985
0.0170987
0.017099
0.0170992
0.0170995
0.0170998
0.0171001
0.0171004
0.0171007
0.0171011
0.0171014
0.0171018
0.0171021
0.0171025
0.0171028
0.0171032
0.0171035
0.0171039
0.0171042
0.0171046
0.0171049
0.0171053
0.0171056
0.0171059
0.0171063
0.0171066
0.0171069
0.0171072
0.0171053
0.017006
0.017005
0.0170053
0.0170059
0.0170063
0.0170067
0.017007
0.0170072
0.0170074
0.0170076
0.0170077
0.0170078
0.0170079
0.0170079
0.017008
0.017008
0.017008
0.0170081
0.0170081
0.0170081
0.0170082
0.0170082
0.0170083
0.0170083
0.0170084
0.0170085
0.0170086
0.0170088
0.0170089
0.0170091
0.0170092
0.0170095
0.0170097
0.0170099
0.0170102
0.0170104
0.0170107
0.017011
0.0170113
0.0170116
0.0170119
0.0170122
0.0170125
0.0170129
0.0170132
0.0170135
0.0170138
0.0170141
0.0170145
0.0170148
0.0170151
0.0170154
0.0170157
0.017016
0.0170163
0.0170166
0.0170169
0.0170172
0.0170153
0.016939
0.0169384
0.016939
0.0169396
0.01694
0.0169404
0.0169406
0.0169408
0.016941
0.0169411
0.0169412
0.0169413
0.0169414
0.0169415
0.0169415
0.0169416
0.0169416
0.0169417
0.0169417
0.0169418
0.0169418
0.0169419
0.016942
0.016942
0.0169421
0.0169422
0.0169423
0.0169425
0.0169426
0.0169428
0.0169429
0.0169431
0.0169433
0.0169436
0.0169438
0.016944
0.0169443
0.0169446
0.0169448
0.0169451
0.0169454
0.0169457
0.016946
0.0169462
0.0169465
0.0169468
0.0169471
0.0169474
0.0169477
0.016948
0.0169483
0.0169486
0.0169488
0.0169491
0.0169494
0.0169497
0.0169499
0.0169501
0.0169484
0.0168961
0.0168963
0.0168969
0.0168973
0.0168976
0.0168978
0.016898
0.0168981
0.0168982
0.0168983
0.0168984
0.0168985
0.0168986
0.0168987
0.0168987
0.0168988
0.0168988
0.0168989
0.016899
0.016899
0.0168991
0.0168992
0.0168992
0.0168993
0.0168994
0.0168995
0.0168997
0.0168998
0.0169
0.0169001
0.0169003
0.0169005
0.0169007
0.0169009
0.0169011
0.0169013
0.0169016
0.0169018
0.016902
0.0169023
0.0169025
0.0169028
0.0169031
0.0169033
0.0169036
0.0169038
0.0169041
0.0169044
0.0169046
0.0169049
0.0169051
0.0169054
0.0169056
0.0169059
0.0169061
0.0169064
0.0169066
0.0169068
0.0169055
)
;

boundaryField
{
    bottomWall
    {
        beta1           0.075;
        blended         0;
        type            omegaWallFunction;
        value           nonuniform 0();
    }
    topWall
    {
        beta1           0.075;
        blended         0;
        type            omegaWallFunction;
        value           nonuniform 0();
    }
    sides1_half0
    {
        type            cyclic;
    }
    sides1_half1
    {
        type            cyclic;
    }
    sides2_half0
    {
        type            cyclic;
    }
    sides2_half1
    {
        type            cyclic;
    }
    inout1_half0
    {
        type            cyclic;
    }
    inout1_half1
    {
        type            cyclic;
    }
    inout2_half0
    {
        type            cyclic;
    }
    inout2_half1
    {
        type            cyclic;
    }
    procBoundary4to2
    {
        type            processor;
        value           nonuniform List<scalar> 
59
(
0.0168899
0.0168885
0.016888
0.0168879
0.016888
0.016888
0.0168881
0.0168881
0.0168882
0.0168883
0.0168883
0.0168884
0.0168885
0.0168885
0.0168886
0.0168887
0.0168887
0.0168888
0.0168889
0.0168889
0.016889
0.0168891
0.0168892
0.0168893
0.0168894
0.0168896
0.0168897
0.0168899
0.01689
0.0168902
0.0168904
0.0168905
0.0168907
0.0168909
0.0168911
0.0168913
0.0168916
0.0168918
0.016892
0.0168922
0.0168925
0.0168927
0.0168929
0.0168932
0.0168934
0.0168936
0.0168939
0.0168941
0.0168943
0.0168945
0.0168948
0.016895
0.0168952
0.0168954
0.0168957
0.0168959
0.0168961
0.0168963
0.0168959
)
;
    }
    procBoundary4to3
    {
        type            processor;
        value           nonuniform List<scalar> 
63
(
0.543812
0.543622
0.543557
0.543529
0.543513
0.543502
0.543495
0.543489
0.543486
0.543483
0.543482
0.543481
0.54348
0.54348
0.54348
0.54348
0.543481
0.543482
0.543484
0.543486
0.543489
0.543493
0.543498
0.543504
0.543511
0.543519
0.543528
0.543539
0.54355
0.543563
0.543577
0.543593
0.543609
0.543626
0.543644
0.543664
0.543684
0.543695
0.489707
0.489581
0.489581
0.489404
0.489404
0.489522
0.44045
0.440411
0.440411
0.440295
0.440295
0.440419
0.440509
0.440565
0.440608
0.440645
0.440679
0.440711
0.440741
0.440769
0.440796
0.440821
0.440847
0.440862
0.440917
)
;
    }
    procBoundary4to5
    {
        type            processor;
        value           nonuniform List<scalar> 
132
(
0.396044
0.396054
0.356457
0.356378
0.320876
0.320768
0.289031
0.288915
0.260629
0.260514
0.235367
0.235256
0.21294
0.212835
0.193052
0.192952
0.175422
0.175326
0.159787
0.159695
0.145909
0.14582
0.133573
0.133488
0.12259
0.122508
0.112793
0.112713
0.104035
0.103957
0.0961889
0.0961135
0.089145
0.089072
0.0828074
0.0827369
0.0770933
0.0770253
0.0719307
0.0718653
0.0672572
0.0671943
0.0630184
0.0629582
0.0591669
0.0591093
0.0556614
0.0556063
0.0524654
0.0524128
0.0495472
0.0494971
0.0468787
0.0468309
0.0444352
0.0443896
0.0421946
0.0421512
0.0401377
0.0400963
0.0382471
0.0382076
0.0365075
0.0364697
0.034905
0.0348689
0.0334275
0.033393
0.0320639
0.0320308
0.0308043
0.0307725
0.0296398
0.0296093
0.0285625
0.0285331
0.027565
0.0275368
0.0266409
0.0266137
0.0257843
0.0257581
0.0249898
0.0249645
0.0242527
0.0242282
0.0235684
0.0235448
0.0229331
0.0229103
0.0223431
0.0223211
0.0217953
0.021774
0.0212866
0.021266
0.0208144
0.0207946
0.0203763
0.0203573
0.0199703
0.019952
0.0195943
0.0195768
0.0192468
0.01923
0.0189262
0.0189101
0.0186313
0.018616
0.018361
0.0183464
0.0181144
0.0181006
0.0178907
0.0178778
0.0176896
0.0176775
0.0175106
0.0174993
0.0173535
0.0173431
0.0172183
0.0172088
0.0171052
0.0170966
0.0170146
0.017007
0.016947
0.0169406
0.0169032
0.0168985
)
;
    }
}


// ************************************************************************* //
