/*--------------------------------*- C++ -*----------------------------------*\
  =========                 |
  \\      /  F ield         | OpenFOAM: The Open Source CFD Toolbox
   \\    /   O peration     | Website:  https://openfoam.org
    \\  /    A nd           | Version:  7
     \\/     M anipulation  |
\*---------------------------------------------------------------------------*/
FoamFile
{
    version     2.0;
    format      ascii;
    class       volScalarField;
    location    "16000";
    object      nut;
}
// * * * * * * * * * * * * * * * * * * * * * * * * * * * * * * * * * * * * * //

dimensions      [0 2 -1 0 0 0 0];

internalField   nonuniform List<scalar> 
3974
(
0.000270356
0.000270353
0.000270351
0.000270348
0.000270346
0.000270344
0.000270342
0.00027034
0.000270338
0.000270336
0.000270335
0.000270333
0.000270331
0.00027033
0.000270329
0.000270327
0.000270326
0.000270324
0.000270323
0.000270322
0.000270321
0.000270319
0.000270318
0.000270317
0.000270316
0.000270315
0.000270314
0.000270313
0.000270312
0.000270311
0.00027031
0.000270308
0.000270307
0.000270306
0.000270305
0.000270304
0.000270303
0.000270303
0.000284615
0.000284614
0.000284625
0.000284629
0.00028463
0.000284629
0.000284628
0.000284627
0.000284626
0.000284624
0.000284623
0.000284621
0.00028462
0.000284618
0.000284617
0.000284616
0.000284614
0.000284613
0.000284612
0.00028461
0.000284609
0.000284608
0.000284606
0.000284605
0.000284604
0.000284603
0.000284602
0.0002846
0.000284599
0.000284598
0.000284597
0.000284596
0.000284594
0.000284593
0.000284592
0.000284591
0.00028459
0.000284589
0.000284587
0.000284588
0.000284563
0.000284557
0.000299256
0.000299256
0.000299268
0.000299273
0.000299282
0.000299288
0.000299291
0.000299293
0.000299293
0.000299293
0.000299293
0.000299292
0.000299291
0.00029929
0.000299289
0.000299287
0.000299286
0.000299285
0.000299284
0.000299282
0.000299281
0.00029928
0.000299279
0.000299277
0.000299276
0.000299275
0.000299273
0.000299272
0.000299271
0.000299269
0.000299268
0.000299267
0.000299265
0.000299264
0.000299263
0.000299262
0.00029926
0.000299259
0.000299258
0.000299256
0.000299255
0.000299255
0.000299242
0.000299234
0.000299207
0.000299201
0.000299201
0.000299203
0.000299205
0.000299208
0.000299209
0.000299211
0.000299213
0.000299215
0.000299216
0.000299218
0.000299219
0.00029922
0.000299223
0.000314325
0.000314324
0.000314332
0.000314339
0.000314346
0.000314353
0.000314358
0.000314361
0.000314363
0.000314364
0.000314365
0.000314364
0.000314364
0.000314363
0.000314362
0.000314361
0.00031436
0.000314359
0.000314358
0.000314357
0.000314356
0.000314355
0.000314353
0.000314352
0.000314351
0.000314349
0.000314348
0.000314347
0.000314345
0.000314344
0.000314342
0.000314341
0.000314339
0.000314338
0.000314337
0.000314335
0.000314334
0.000314332
0.000314331
0.000314329
0.000314327
0.000314328
0.00031432
0.000314313
0.000314295
0.000314284
0.00031428
0.000314279
0.000314279
0.00031428
0.000314281
0.000314282
0.000314283
0.000314284
0.000314285
0.000314286
0.000314287
0.000314287
0.000314291
0.000329826
0.000329823
0.000329829
0.000329835
0.000329842
0.000329849
0.000329855
0.000329859
0.000329862
0.000329864
0.000329865
0.000329866
0.000329866
0.000329866
0.000329865
0.000329864
0.000329864
0.000329863
0.000329862
0.000329861
0.00032986
0.000329859
0.000329857
0.000329856
0.000329855
0.000329853
0.000329852
0.00032985
0.000329849
0.000329847
0.000329846
0.000329844
0.000329842
0.000329841
0.000329839
0.000329838
0.000329836
0.000329834
0.000329833
0.000329831
0.000329829
0.000329829
0.000329824
0.000329819
0.000329807
0.000329795
0.000329788
0.000329784
0.000329783
0.000329782
0.000329782
0.000329782
0.000329782
0.000329783
0.000329783
0.000329784
0.000329784
0.000329784
0.000329787
0.000345783
0.00034578
0.000345783
0.000345789
0.000345795
0.000345801
0.000345807
0.000345812
0.000345816
0.000345819
0.000345821
0.000345822
0.000345823
0.000345823
0.000345823
0.000345822
0.000345822
0.000345821
0.00034582
0.000345819
0.000345818
0.000345817
0.000345816
0.000345815
0.000345813
0.000345812
0.00034581
0.000345809
0.000345807
0.000345805
0.000345804
0.000345802
0.0003458
0.000345798
0.000345797
0.000345795
0.000345793
0.000345791
0.000345789
0.000345788
0.000345785
0.000345784
0.000345781
0.000345777
0.000345769
0.000345759
0.000345751
0.000345745
0.000345742
0.00034574
0.000345738
0.000345738
0.000345737
0.000345737
0.000345736
0.000345736
0.000345736
0.000345736
0.000345739
0.000362223
0.00036222
0.000362222
0.000362226
0.000362232
0.000362238
0.000362243
0.000362249
0.000362253
0.000362256
0.000362259
0.00036226
0.000362262
0.000362262
0.000362262
0.000362262
0.000362262
0.000362262
0.000362261
0.00036226
0.000362259
0.000362258
0.000362257
0.000362255
0.000362254
0.000362252
0.000362251
0.000362249
0.000362247
0.000362245
0.000362244
0.000362242
0.00036224
0.000362238
0.000362236
0.000362234
0.000362232
0.00036223
0.000362228
0.000362226
0.000362224
0.000362222
0.000362219
0.000362216
0.00036221
0.000362202
0.000362194
0.000362188
0.000362183
0.00036218
0.000362177
0.000362175
0.000362174
0.000362173
0.000362172
0.000362171
0.00036217
0.00036217
0.000362171
0.000379175
0.000379173
0.000379174
0.000379177
0.000379182
0.000379187
0.000379193
0.000379198
0.000379202
0.000379206
0.000379209
0.000379211
0.000379212
0.000379213
0.000379214
0.000379214
0.000379214
0.000379214
0.000379213
0.000379212
0.000379212
0.00037921
0.000379209
0.000379208
0.000379206
0.000379205
0.000379203
0.000379201
0.000379199
0.000379197
0.000379195
0.000379193
0.000379191
0.000379189
0.000379187
0.000379185
0.000379182
0.00037918
0.000379178
0.000379175
0.000379173
0.000379171
0.000379168
0.000379165
0.00037916
0.000379154
0.000379147
0.000379141
0.000379135
0.000379131
0.000379127
0.000379124
0.000379122
0.00037912
0.000379118
0.000379117
0.000379116
0.000379114
0.000379115
0.000396671
0.000396669
0.00039667
0.000396673
0.000396677
0.000396681
0.000396686
0.000396691
0.000396695
0.000396699
0.000396702
0.000396705
0.000396706
0.000396707
0.000396708
0.000396709
0.000396709
0.000396709
0.000396708
0.000396708
0.000396707
0.000396706
0.000396705
0.000396703
0.000396702
0.0003967
0.000396698
0.000396696
0.000396694
0.000396692
0.000396689
0.000396687
0.000396685
0.000396683
0.00039668
0.000396678
0.000396675
0.000396673
0.00039667
0.000396667
0.000396665
0.000396662
0.000396659
0.000396656
0.000396652
0.000396647
0.000396641
0.000396635
0.000396629
0.000396624
0.000396619
0.000396616
0.000396612
0.00039661
0.000396607
0.000396605
0.000396603
0.000396601
0.0003966
0.000414743
0.000414742
0.000414743
0.000414746
0.000414749
0.000414753
0.000414757
0.000414762
0.000414766
0.000414769
0.000414773
0.000414775
0.000414777
0.000414778
0.000414779
0.00041478
0.00041478
0.00041478
0.00041478
0.000414779
0.000414778
0.000414777
0.000414776
0.000414775
0.000414773
0.000414771
0.000414769
0.000414767
0.000414764
0.000414762
0.00041476
0.000414757
0.000414755
0.000414752
0.000414749
0.000414747
0.000414744
0.000414741
0.000414738
0.000414735
0.000414732
0.000414729
0.000414726
0.000414723
0.000414719
0.000414714
0.000414709
0.000414703
0.000414697
0.000414691
0.000414686
0.000414682
0.000414678
0.000414674
0.000414671
0.000414668
0.000414666
0.000414663
0.00041466
0.000433426
0.000433427
0.000433429
0.000433431
0.000433434
0.000433437
0.000433441
0.000433445
0.000433449
0.000433452
0.000433455
0.000433458
0.00043346
0.000433461
0.000433462
0.000433462
0.000433463
0.000433463
0.000433463
0.000433462
0.000433461
0.00043346
0.000433459
0.000433457
0.000433455
0.000433453
0.000433451
0.000433449
0.000433446
0.000433444
0.000433441
0.000433438
0.000433435
0.000433432
0.000433429
0.000433426
0.000433423
0.00043342
0.000433417
0.000433413
0.00043341
0.000433407
0.000433403
0.0004334
0.000433396
0.000433391
0.000433386
0.00043338
0.000433375
0.000433369
0.000433364
0.000433359
0.000433354
0.00043335
0.000433346
0.000433342
0.000433338
0.000433335
0.00043333
0.000452758
0.000452762
0.000452764
0.000452766
0.000452768
0.000452771
0.000452775
0.000452778
0.000452782
0.000452785
0.000452787
0.00045279
0.000452792
0.000452793
0.000452794
0.000452794
0.000452795
0.000452795
0.000452794
0.000452794
0.000452793
0.000452792
0.00045279
0.000452788
0.000452786
0.000452784
0.000452782
0.000452779
0.000452776
0.000452773
0.00045277
0.000452767
0.000452764
0.000452761
0.000452758
0.000452754
0.000452751
0.000452747
0.000452743
0.00045274
0.000452736
0.000452732
0.000452728
0.000452724
0.00045272
0.000452716
0.00045271
0.000452705
0.000452699
0.000452693
0.000452688
0.000452682
0.000452677
0.000452672
0.000452667
0.000452663
0.000452658
0.000452655
0.000452648
0.000472778
0.000472784
0.000472787
0.000472789
0.000472791
0.000472794
0.000472797
0.0004728
0.000472803
0.000472806
0.000472808
0.00047281
0.000472812
0.000472813
0.000472814
0.000472814
0.000472815
0.000472815
0.000472814
0.000472813
0.000472812
0.000472811
0.000472809
0.000472807
0.000472805
0.000472803
0.0004728
0.000472797
0.000472794
0.000472791
0.000472787
0.000472784
0.00047278
0.000472777
0.000472773
0.000472769
0.000472765
0.000472761
0.000472757
0.000472753
0.000472749
0.000472744
0.00047274
0.000472736
0.000472731
0.000472726
0.000472721
0.000472716
0.00047271
0.000472704
0.000472698
0.000472692
0.000472686
0.00047268
0.000472675
0.00047267
0.000472664
0.000472661
0.000472651
0.000493528
0.000493537
0.00049354
0.000493542
0.000493545
0.000493547
0.00049355
0.000493553
0.000493555
0.000493557
0.000493559
0.000493561
0.000493562
0.000493563
0.000493564
0.000493564
0.000493564
0.000493564
0.000493563
0.000493562
0.000493561
0.00049356
0.000493558
0.000493555
0.000493553
0.00049355
0.000493547
0.000493544
0.00049354
0.000493537
0.000493533
0.000493529
0.000493525
0.000493521
0.000493517
0.000493513
0.000493508
0.000493504
0.000493499
0.000493495
0.00049349
0.000493485
0.00049348
0.000493475
0.00049347
0.000493465
0.000493459
0.000493454
0.000493448
0.000493441
0.000493435
0.000493428
0.000493422
0.000493416
0.00049341
0.000493404
0.000493398
0.000493394
0.000493381
0.000515051
0.000515062
0.000515066
0.000515069
0.000515071
0.000515073
0.000515076
0.000515078
0.00051508
0.000515082
0.000515084
0.000515085
0.000515086
0.000515087
0.000515087
0.000515087
0.000515087
0.000515086
0.000515085
0.000515084
0.000515083
0.000515081
0.000515078
0.000515076
0.000515073
0.00051507
0.000515066
0.000515063
0.000515059
0.000515055
0.000515051
0.000515047
0.000515042
0.000515037
0.000515033
0.000515028
0.000515023
0.000515018
0.000515013
0.000515008
0.000515002
0.000514997
0.000514991
0.000514986
0.00051498
0.000514975
0.000514969
0.000514962
0.000514956
0.000514949
0.000514943
0.000514936
0.000514929
0.000514922
0.000514915
0.000514909
0.000514902
0.000514897
0.000514882
0.000537391
0.000537406
0.000537411
0.000537414
0.000537416
0.000537419
0.000537421
0.000537423
0.000537425
0.000537426
0.000537427
0.000537428
0.000537429
0.000537429
0.000537429
0.000537428
0.000537428
0.000537427
0.000537426
0.000537424
0.000537422
0.00053742
0.000537417
0.000537414
0.000537411
0.000537407
0.000537404
0.000537399
0.000537395
0.000537391
0.000537386
0.000537381
0.000537376
0.000537371
0.000537366
0.00053736
0.000537355
0.000537349
0.000537343
0.000537338
0.000537332
0.000537326
0.00053732
0.000537313
0.000537307
0.000537301
0.000537294
0.000537288
0.000537281
0.000537274
0.000537266
0.000537259
0.000537251
0.000537244
0.000537236
0.000537229
0.000537221
0.000537216
0.000537198
0.000560598
0.000560617
0.000560623
0.000560625
0.000560628
0.00056063
0.000560632
0.000560634
0.000560635
0.000560636
0.000560637
0.000560637
0.000560637
0.000560637
0.000560636
0.000560636
0.000560635
0.000560633
0.000560632
0.00056063
0.000560627
0.000560625
0.000560621
0.000560618
0.000560614
0.00056061
0.000560606
0.000560601
0.000560596
0.000560591
0.000560586
0.000560581
0.000560575
0.000560569
0.000560563
0.000560557
0.000560551
0.000560545
0.000560538
0.000560532
0.000560525
0.000560518
0.000560512
0.000560505
0.000560498
0.000560491
0.000560484
0.000560476
0.000560469
0.000560461
0.000560453
0.000560445
0.000560437
0.000560429
0.00056042
0.000560413
0.000560404
0.000560399
0.000560377
0.00058472
0.000584743
0.00058475
0.000584753
0.000584755
0.000584757
0.000584759
0.000584761
0.000584762
0.000584763
0.000584763
0.000584763
0.000584762
0.000584761
0.00058476
0.000584759
0.000584757
0.000584755
0.000584753
0.000584751
0.000584748
0.000584744
0.000584741
0.000584737
0.000584732
0.000584728
0.000584723
0.000584717
0.000584712
0.000584706
0.0005847
0.000584694
0.000584688
0.000584682
0.000584675
0.000584668
0.000584661
0.000584654
0.000584647
0.00058464
0.000584632
0.000584625
0.000584617
0.00058461
0.000584602
0.000584594
0.000584586
0.000584578
0.00058457
0.000584561
0.000584553
0.000584544
0.000584535
0.000584526
0.000584517
0.000584508
0.000584499
0.000584493
0.000584468
0.000609809
0.000609837
0.000609845
0.000609848
0.00060985
0.000609852
0.000609854
0.000609855
0.000609856
0.000609856
0.000609856
0.000609855
0.000609854
0.000609853
0.000609851
0.000609849
0.000609847
0.000609844
0.000609841
0.000609838
0.000609835
0.000609831
0.000609827
0.000609822
0.000609817
0.000609811
0.000609806
0.0006098
0.000609794
0.000609787
0.000609781
0.000609774
0.000609767
0.00060976
0.000609752
0.000609745
0.000609737
0.000609729
0.000609721
0.000609713
0.000609705
0.000609696
0.000609688
0.000609679
0.000609671
0.000609662
0.000609653
0.000609644
0.000609635
0.000609626
0.000609617
0.000609607
0.000609597
0.000609588
0.000609578
0.000609568
0.000609558
0.000609552
0.000609523
0.000635919
0.000635952
0.000635961
0.000635964
0.000635967
0.000635968
0.00063597
0.000635971
0.000635971
0.000635971
0.00063597
0.000635969
0.000635967
0.000635965
0.000635963
0.00063596
0.000635957
0.000635954
0.00063595
0.000635946
0.000635942
0.000635938
0.000635932
0.000635927
0.000635921
0.000635915
0.000635909
0.000635902
0.000635895
0.000635888
0.00063588
0.000635873
0.000635865
0.000635857
0.000635848
0.00063584
0.000635832
0.000635823
0.000635814
0.000635805
0.000635796
0.000635786
0.000635777
0.000635767
0.000635758
0.000635748
0.000635738
0.000635728
0.000635719
0.000635709
0.000635698
0.000635688
0.000635677
0.000635666
0.000635656
0.000635645
0.000635634
0.000635627
0.000635594
0.000663105
0.000663143
0.000663154
0.000663157
0.000663159
0.000663161
0.000663162
0.000663162
0.000663162
0.000663162
0.00066316
0.000663158
0.000663156
0.000663153
0.00066315
0.000663147
0.000663143
0.000663139
0.000663135
0.00066313
0.000663125
0.00066312
0.000663114
0.000663107
0.000663101
0.000663094
0.000663086
0.000663079
0.000663071
0.000663063
0.000663055
0.000663046
0.000663037
0.000663028
0.000663019
0.000663009
0.000663
0.00066299
0.00066298
0.00066297
0.00066296
0.00066295
0.000662939
0.000662929
0.000662918
0.000662907
0.000662897
0.000662886
0.000662875
0.000662864
0.000662852
0.000662841
0.000662829
0.000662817
0.000662806
0.000662794
0.000662782
0.000662775
0.000662738
0.000691423
0.000691468
0.00069148
0.000691484
0.000691486
0.000691487
0.000691488
0.000691488
0.000691487
0.000691486
0.000691484
0.000691481
0.000691478
0.000691475
0.000691471
0.000691467
0.000691462
0.000691457
0.000691452
0.000691447
0.000691441
0.000691434
0.000691427
0.00069142
0.000691412
0.000691404
0.000691396
0.000691387
0.000691379
0.00069137
0.00069136
0.000691351
0.000691341
0.000691331
0.00069132
0.00069131
0.000691299
0.000691288
0.000691278
0.000691266
0.000691255
0.000691244
0.000691232
0.00069122
0.000691209
0.000691197
0.000691185
0.000691173
0.000691161
0.000691149
0.000691136
0.000691124
0.000691111
0.000691098
0.000691085
0.000691073
0.000691059
0.000691051
0.00069101
0.000720933
0.000720986
0.000720999
0.000721002
0.000721004
0.000721005
0.000721006
0.000721005
0.000721004
0.000721002
0.000720999
0.000720996
0.000720992
0.000720988
0.000720983
0.000720978
0.000720973
0.000720967
0.000720961
0.000720954
0.000720947
0.00072094
0.000720932
0.000720924
0.000720915
0.000720905
0.000720896
0.000720886
0.000720877
0.000720866
0.000720856
0.000720845
0.000720834
0.000720823
0.000720811
0.0007208
0.000720788
0.000720776
0.000720764
0.000720752
0.000720739
0.000720727
0.000720714
0.000720701
0.000720688
0.000720675
0.000720662
0.000720648
0.000720635
0.000720622
0.000720608
0.000720594
0.00072058
0.000720566
0.000720552
0.000720538
0.000720523
0.000720515
0.000720469
0.000751695
0.000751755
0.00075177
0.000751774
0.000751775
0.000751776
0.000751776
0.000751775
0.000751773
0.00075177
0.000751767
0.000751763
0.000751758
0.000751753
0.000751747
0.000751741
0.000751735
0.000751728
0.000751721
0.000751713
0.000751705
0.000751697
0.000751687
0.000751678
0.000751668
0.000751657
0.000751647
0.000751636
0.000751625
0.000751613
0.000751602
0.00075159
0.000751577
0.000751565
0.000751552
0.000751539
0.000751526
0.000751513
0.0007515
0.000751486
0.000751472
0.000751458
0.000751444
0.00075143
0.000751415
0.000751401
0.000751387
0.000751372
0.000751357
0.000751343
0.000751328
0.000751312
0.000751297
0.000751282
0.000751267
0.000751251
0.000751235
0.000751226
0.000751175
0.00078377
0.000783838
0.000783854
0.000783859
0.00078386
0.00078386
0.00078386
0.000783858
0.000783855
0.000783852
0.000783847
0.000783843
0.000783837
0.000783831
0.000783824
0.000783817
0.000783809
0.000783801
0.000783793
0.000783784
0.000783775
0.000783765
0.000783755
0.000783744
0.000783733
0.000783721
0.000783709
0.000783697
0.000783684
0.000783671
0.000783658
0.000783645
0.000783631
0.000783617
0.000783603
0.000783589
0.000783575
0.00078356
0.000783545
0.00078353
0.000783515
0.0007835
0.000783484
0.000783468
0.000783453
0.000783437
0.000783421
0.000783405
0.000783389
0.000783372
0.000783356
0.000783339
0.000783323
0.000783306
0.000783289
0.000783273
0.000783255
0.000783245
0.000783188
0.00081722
0.000817297
0.000817315
0.000817319
0.00081732
0.00081732
0.000817319
0.000817316
0.000817313
0.000817308
0.000817303
0.000817297
0.000817291
0.000817283
0.000817275
0.000817267
0.000817258
0.000817249
0.00081724
0.00081723
0.000817219
0.000817208
0.000817196
0.000817184
0.000817171
0.000817158
0.000817144
0.000817131
0.000817117
0.000817103
0.000817088
0.000817073
0.000817058
0.000817043
0.000817027
0.000817011
0.000816995
0.000816979
0.000816963
0.000816946
0.00081693
0.000816913
0.000816896
0.000816878
0.000816861
0.000816844
0.000816826
0.000816809
0.000816791
0.000816773
0.000816755
0.000816737
0.000816719
0.0008167
0.000816682
0.000816664
0.000816644
0.000816633
0.000816572
0.000852107
0.000852194
0.000852214
0.000852218
0.000852219
0.000852218
0.000852216
0.000852213
0.000852208
0.000852203
0.000852196
0.000852189
0.000852182
0.000852173
0.000852164
0.000852155
0.000852145
0.000852134
0.000852123
0.000852112
0.0008521
0.000852087
0.000852074
0.00085206
0.000852046
0.000852031
0.000852016
0.000852001
0.000851985
0.000851969
0.000851953
0.000851936
0.000851919
0.000851903
0.000851885
0.000851868
0.00085185
0.000851833
0.000851815
0.000851797
0.000851778
0.00085176
0.000851741
0.000851722
0.000851703
0.000851684
0.000851665
0.000851646
0.000851626
0.000851607
0.000851587
0.000851567
0.000851547
0.000851527
0.000851507
0.000851488
0.000851466
0.000851454
0.000851387
0.000888494
0.000888591
0.000888613
0.000888618
0.000888618
0.000888617
0.000888614
0.00088861
0.000888604
0.000888598
0.00088859
0.000888582
0.000888573
0.000888563
0.000888553
0.000888542
0.00088853
0.000888518
0.000888506
0.000888493
0.000888479
0.000888465
0.00088845
0.000888435
0.000888419
0.000888402
0.000888385
0.000888368
0.000888351
0.000888333
0.000888315
0.000888297
0.000888278
0.00088826
0.000888241
0.000888222
0.000888203
0.000888183
0.000888163
0.000888143
0.000888123
0.000888103
0.000888082
0.000888062
0.000888041
0.00088802
0.000887999
0.000887978
0.000887957
0.000887935
0.000887914
0.000887893
0.000887871
0.000887849
0.000887827
0.000887806
0.000887782
0.000887769
0.000887697
0.000926444
0.000926552
0.000926577
0.000926581
0.000926581
0.000926579
0.000926575
0.00092657
0.000926563
0.000926555
0.000926546
0.000926537
0.000926526
0.000926515
0.000926503
0.000926491
0.000926478
0.000926464
0.00092645
0.000926436
0.00092642
0.000926404
0.000926387
0.00092637
0.000926353
0.000926334
0.000926315
0.000926297
0.000926278
0.000926258
0.000926238
0.000926218
0.000926197
0.000926177
0.000926156
0.000926135
0.000926114
0.000926092
0.000926071
0.000926049
0.000926027
0.000926005
0.000925982
0.00092596
0.000925937
0.000925914
0.000925892
0.000925869
0.000925845
0.000925822
0.000925799
0.000925775
0.000925752
0.000925728
0.000925704
0.000925681
0.000925656
0.00092564
0.000925563
0.000966018
0.000966138
0.000966164
0.000966169
0.000966169
0.000966165
0.00096616
0.000966154
0.000966146
0.000966137
0.000966127
0.000966115
0.000966104
0.000966091
0.000966077
0.000966063
0.000966049
0.000966033
0.000966018
0.000966001
0.000965983
0.000965965
0.000965947
0.000965928
0.000965908
0.000965888
0.000965867
0.000965847
0.000965825
0.000965804
0.000965781
0.000965759
0.000965737
0.000965714
0.000965692
0.000965669
0.000965646
0.000965622
0.000965598
0.000965574
0.000965551
0.000965526
0.000965502
0.000965477
0.000965452
0.000965428
0.000965403
0.000965378
0.000965353
0.000965327
0.000965302
0.000965277
0.000965251
0.000965225
0.000965199
0.000965174
0.000965147
0.00096513
0.000965047
0.00100728
0.00100741
0.00100744
0.00100744
0.00100744
0.00100744
0.00100743
0.00100742
0.00100741
0.0010074
0.00100739
0.00100738
0.00100736
0.00100735
0.00100733
0.00100732
0.0010073
0.00100729
0.00100727
0.00100725
0.00100723
0.00100721
0.00100719
0.00100717
0.00100715
0.00100712
0.0010071
0.00100708
0.00100705
0.00100703
0.00100701
0.00100698
0.00100696
0.00100693
0.00100691
0.00100688
0.00100686
0.00100683
0.00100681
0.00100678
0.00100675
0.00100673
0.0010067
0.00100667
0.00100665
0.00100662
0.00100659
0.00100657
0.00100654
0.00100651
0.00100648
0.00100646
0.00100643
0.0010064
0.00100637
0.00100634
0.00100632
0.0010063
0.00100621
0.00105028
0.00105042
0.00105045
0.00105046
0.00105046
0.00105045
0.00105044
0.00105043
0.00105042
0.00105041
0.0010504
0.00105038
0.00105037
0.00105035
0.00105033
0.00105032
0.0010503
0.00105028
0.00105026
0.00105024
0.00105022
0.00105019
0.00105017
0.00105015
0.00105012
0.0010501
0.00105007
0.00105005
0.00105002
0.00105
0.00104997
0.00104994
0.00104992
0.00104989
0.00104986
0.00104983
0.00104981
0.00104978
0.00104975
0.00104972
0.00104969
0.00104967
0.00104964
0.00104961
0.00104958
0.00104955
0.00104952
0.00104949
0.00104946
0.00104943
0.0010494
0.00104937
0.00104934
0.00104931
0.00104928
0.00104925
0.00104922
0.0010492
0.00104911
0.00109507
0.00109523
0.00109527
0.00109527
0.00109527
0.00109526
0.00109525
0.00109524
0.00109523
0.00109521
0.0010952
0.00109518
0.00109517
0.00109515
0.00109513
0.00109511
0.00109509
0.00109507
0.00109504
0.00109502
0.001095
0.00109497
0.00109495
0.00109492
0.00109489
0.00109487
0.00109484
0.00109481
0.00109478
0.00109476
0.00109473
0.0010947
0.00109467
0.00109464
0.00109461
0.00109458
0.00109455
0.00109452
0.00109449
0.00109446
0.00109443
0.0010944
0.00109436
0.00109433
0.0010943
0.00109427
0.00109424
0.00109421
0.00109417
0.00109414
0.00109411
0.00109408
0.00109404
0.00109401
0.00109398
0.00109395
0.00109391
0.00109389
0.00109379
0.00114172
0.00114189
0.00114193
0.00114193
0.00114193
0.00114192
0.00114191
0.0011419
0.00114188
0.00114187
0.00114185
0.00114183
0.00114181
0.00114179
0.00114177
0.00114175
0.00114172
0.0011417
0.00114168
0.00114165
0.00114162
0.0011416
0.00114157
0.00114154
0.00114151
0.00114148
0.00114145
0.00114142
0.00114139
0.00114136
0.00114133
0.0011413
0.00114127
0.00114123
0.0011412
0.00114117
0.00114114
0.0011411
0.00114107
0.00114104
0.001141
0.00114097
0.00114094
0.0011409
0.00114087
0.00114083
0.0011408
0.00114076
0.00114073
0.0011407
0.00114066
0.00114063
0.00114059
0.00114056
0.00114052
0.00114049
0.00114045
0.00114042
0.00114032
0.00119026
0.00119045
0.00119049
0.00119049
0.00119048
0.00119048
0.00119046
0.00119045
0.00119043
0.00119041
0.00119039
0.00119037
0.00119035
0.00119033
0.0011903
0.00119028
0.00119025
0.00119023
0.0011902
0.00119017
0.00119014
0.00119011
0.00119008
0.00119005
0.00119002
0.00118999
0.00118996
0.00118992
0.00118989
0.00118986
0.00118982
0.00118979
0.00118975
0.00118972
0.00118968
0.00118965
0.00118961
0.00118958
0.00118954
0.0011895
0.00118947
0.00118943
0.0011894
0.00118936
0.00118932
0.00118929
0.00118925
0.00118921
0.00118917
0.00118914
0.0011891
0.00118906
0.00118902
0.00118899
0.00118895
0.00118891
0.00118887
0.00118884
0.00118874
0.00124073
0.00124094
0.00124098
0.00124098
0.00124098
0.00124097
0.00124095
0.00124093
0.00124092
0.0012409
0.00124087
0.00124085
0.00124083
0.0012408
0.00124077
0.00124075
0.00124072
0.00124069
0.00124066
0.00124063
0.0012406
0.00124056
0.00124053
0.0012405
0.00124046
0.00124043
0.00124039
0.00124036
0.00124032
0.00124028
0.00124024
0.00124021
0.00124017
0.00124013
0.00124009
0.00124006
0.00124002
0.00123998
0.00123994
0.0012399
0.00123986
0.00123983
0.00123979
0.00123975
0.00123971
0.00123967
0.00123963
0.00123959
0.00123955
0.00123951
0.00123947
0.00123943
0.00123939
0.00123935
0.00123931
0.00123927
0.00123922
0.00123919
0.00123909
0.00129317
0.0012934
0.00129344
0.00129345
0.00129344
0.00129343
0.00129341
0.00129339
0.00129337
0.00129335
0.00129332
0.0012933
0.00129327
0.00129324
0.00129321
0.00129318
0.00129315
0.00129312
0.00129309
0.00129305
0.00129302
0.00129298
0.00129294
0.00129291
0.00129287
0.00129283
0.00129279
0.00129275
0.00129271
0.00129267
0.00129263
0.00129259
0.00129255
0.00129251
0.00129247
0.00129243
0.00129239
0.00129235
0.00129231
0.00129227
0.00129222
0.00129218
0.00129214
0.0012921
0.00129205
0.00129201
0.00129197
0.00129193
0.00129188
0.00129184
0.0012918
0.00129176
0.00129171
0.00129167
0.00129163
0.00129158
0.00129154
0.0012915
0.0012914
0.00134761
0.00134786
0.0013479
0.00134791
0.0013479
0.00134788
0.00134786
0.00134784
0.00134782
0.00134779
0.00134776
0.00134773
0.0013477
0.00134767
0.00134764
0.00134761
0.00134757
0.00134754
0.0013475
0.00134747
0.00134743
0.00134739
0.00134735
0.00134731
0.00134727
0.00134723
0.00134719
0.00134714
0.0013471
0.00134706
0.00134701
0.00134697
0.00134693
0.00134688
0.00134684
0.0013468
0.00134675
0.00134671
0.00134666
0.00134662
0.00134657
0.00134653
0.00134648
0.00134644
0.00134639
0.00134635
0.0013463
0.00134626
0.00134621
0.00134616
0.00134612
0.00134607
0.00134603
0.00134598
0.00134593
0.00134589
0.00134584
0.0013458
0.00134569
0.00140406
0.00140433
0.00140438
0.00140438
0.00140437
0.00140435
0.00140433
0.0014043
0.00140428
0.00140425
0.00140422
0.00140418
0.00140415
0.00140412
0.00140408
0.00140405
0.00140401
0.00140397
0.00140393
0.00140389
0.00140385
0.00140381
0.00140376
0.00140372
0.00140368
0.00140363
0.00140359
0.00140354
0.00140349
0.00140345
0.0014034
0.00140335
0.00140331
0.00140326
0.00140321
0.00140317
0.00140312
0.00140307
0.00140302
0.00140298
0.00140293
0.00140288
0.00140283
0.00140278
0.00140273
0.00140269
0.00140264
0.00140259
0.00140254
0.00140249
0.00140244
0.00140239
0.00140234
0.0014023
0.00140225
0.0014022
0.00140215
0.00140211
0.001402
0.00146253
0.00146281
0.00146287
0.00146287
0.00146285
0.00146283
0.00146281
0.00146278
0.00146275
0.00146272
0.00146268
0.00146265
0.00146261
0.00146258
0.00146254
0.0014625
0.00146246
0.00146242
0.00146237
0.00146233
0.00146228
0.00146224
0.00146219
0.00146214
0.0014621
0.00146205
0.001462
0.00146195
0.0014619
0.00146185
0.0014618
0.00146175
0.0014617
0.00146165
0.0014616
0.00146155
0.0014615
0.00146145
0.0014614
0.00146134
0.00146129
0.00146124
0.00146119
0.00146114
0.00146109
0.00146104
0.00146099
0.00146093
0.00146088
0.00146083
0.00146078
0.00146073
0.00146067
0.00146062
0.00146057
0.00146052
0.00146046
0.00146042
0.00146031
0.00152301
0.00152331
0.00152337
0.00152337
0.00152335
0.00152332
0.0015233
0.00152327
0.00152323
0.0015232
0.00152316
0.00152312
0.00152308
0.00152304
0.001523
0.00152296
0.00152291
0.00152287
0.00152282
0.00152277
0.00152273
0.00152268
0.00152262
0.00152257
0.00152252
0.00152247
0.00152242
0.00152236
0.00152231
0.00152226
0.0015222
0.00152215
0.0015221
0.00152204
0.00152199
0.00152193
0.00152188
0.00152183
0.00152177
0.00152172
0.00152166
0.00152161
0.00152155
0.0015215
0.00152145
0.00152139
0.00152134
0.00152128
0.00152123
0.00152117
0.00152112
0.00152106
0.00152101
0.00152095
0.0015209
0.00152084
0.00152078
0.00152074
0.00152063
0.00158548
0.0015858
0.00158586
0.00158585
0.00158583
0.00158581
0.00158578
0.00158574
0.00158571
0.00158567
0.00158563
0.00158558
0.00158554
0.00158549
0.00158545
0.0015854
0.00158535
0.00158531
0.00158525
0.0015852
0.00158515
0.0015851
0.00158504
0.00158499
0.00158493
0.00158488
0.00158482
0.00158476
0.0015847
0.00158465
0.00158459
0.00158453
0.00158448
0.00158442
0.00158436
0.0015843
0.00158425
0.00158419
0.00158413
0.00158407
0.00158402
0.00158396
0.0015839
0.00158384
0.00158378
0.00158373
0.00158367
0.00158361
0.00158355
0.00158349
0.00158344
0.00158338
0.00158332
0.00158326
0.0015832
0.00158315
0.00158309
0.00158303
0.00158293
0.0016499
0.00165024
0.0016503
0.00165029
0.00165027
0.00165024
0.0016502
0.00165017
0.00165013
0.00165008
0.00165004
0.00164999
0.00164995
0.0016499
0.00164985
0.0016498
0.00164974
0.00164969
0.00164964
0.00164958
0.00164952
0.00164947
0.00164941
0.00164935
0.00164929
0.00164923
0.00164917
0.00164911
0.00164905
0.00164899
0.00164892
0.00164886
0.0016488
0.00164874
0.00164868
0.00164862
0.00164856
0.0016485
0.00164844
0.00164837
0.00164831
0.00164825
0.00164819
0.00164813
0.00164807
0.00164801
0.00164795
0.00164789
0.00164783
0.00164776
0.0016477
0.00164764
0.00164758
0.00164752
0.00164746
0.0016474
0.00164733
0.00164728
0.00164718
0.00171621
0.00171657
0.00171663
0.00171663
0.0017166
0.00171657
0.00171653
0.00171649
0.00171644
0.0017164
0.00171635
0.0017163
0.00171624
0.00171619
0.00171614
0.00171608
0.00171603
0.00171597
0.00171591
0.00171585
0.00171579
0.00171573
0.00171567
0.0017156
0.00171554
0.00171547
0.00171541
0.00171534
0.00171528
0.00171521
0.00171515
0.00171508
0.00171502
0.00171495
0.00171489
0.00171482
0.00171476
0.0017147
0.00171463
0.00171457
0.0017145
0.00171444
0.00171437
0.00171431
0.00171424
0.00171418
0.00171412
0.00171405
0.00171399
0.00171392
0.00171386
0.00171379
0.00171373
0.00171367
0.0017136
0.00171354
0.00171347
0.00171341
0.00171332
0.00178435
0.00178473
0.00178479
0.00178478
0.00178475
0.00178472
0.00178467
0.00178463
0.00178458
0.00178453
0.00178447
0.00178442
0.00178436
0.00178431
0.00178425
0.00178419
0.00178413
0.00178407
0.001784
0.00178394
0.00178387
0.00178381
0.00178374
0.00178367
0.0017836
0.00178353
0.00178346
0.0017834
0.00178333
0.00178326
0.00178319
0.00178312
0.00178305
0.00178298
0.00178291
0.00178285
0.00178278
0.00178271
0.00178264
0.00178257
0.00178251
0.00178244
0.00178237
0.0017823
0.00178224
0.00178217
0.0017821
0.00178203
0.00178196
0.0017819
0.00178183
0.00178176
0.00178169
0.00178163
0.00178156
0.00178149
0.00178143
0.00178136
0.00178128
0.00185421
0.00185461
0.00185468
0.00185466
0.00185463
0.00185459
0.00185454
0.00185449
0.00185444
0.00185438
0.00185432
0.00185426
0.0018542
0.00185414
0.00185408
0.00185401
0.00185395
0.00185388
0.00185381
0.00185375
0.00185368
0.00185361
0.00185353
0.00185346
0.00185339
0.00185331
0.00185324
0.00185317
0.00185309
0.00185302
0.00185295
0.00185288
0.0018528
0.00185273
0.00185266
0.00185259
0.00185251
0.00185244
0.00185237
0.0018523
0.00185223
0.00185216
0.00185209
0.00185201
0.00185194
0.00185187
0.0018518
0.00185173
0.00185166
0.00185159
0.00185152
0.00185145
0.00185138
0.00185131
0.00185124
0.00185117
0.0018511
0.00185103
0.00185096
0.00192567
0.00192609
0.00192616
0.00192614
0.00192611
0.00192606
0.00192601
0.00192595
0.00192589
0.00192583
0.00192577
0.00192571
0.00192564
0.00192557
0.00192551
0.00192544
0.00192537
0.0019253
0.00192523
0.00192515
0.00192508
0.001925
0.00192493
0.00192485
0.00192477
0.00192469
0.00192461
0.00192454
0.00192446
0.00192438
0.0019243
0.00192423
0.00192415
0.00192407
0.001924
0.00192392
0.00192385
0.00192377
0.0019237
0.00192362
0.00192355
0.00192347
0.0019234
0.00192332
0.00192325
0.00192318
0.0019231
0.00192303
0.00192295
0.00192288
0.00192281
0.00192273
0.00192266
0.00192259
0.00192251
0.00192244
0.00192237
0.00192229
0.00192224
0.00199859
0.00199903
0.0019991
0.00199908
0.00199904
0.00199899
0.00199893
0.00199887
0.0019988
0.00199874
0.00199867
0.0019986
0.00199853
0.00199846
0.00199839
0.00199831
0.00199824
0.00199816
0.00199809
0.00199801
0.00199793
0.00199785
0.00199777
0.00199768
0.0019976
0.00199752
0.00199744
0.00199735
0.00199727
0.00199719
0.00199711
0.00199703
0.00199695
0.00199687
0.00199679
0.00199671
0.00199663
0.00199655
0.00199647
0.00199639
0.00199631
0.00199624
0.00199616
0.00199608
0.001996
0.00199593
0.00199585
0.00199577
0.0019957
0.00199562
0.00199554
0.00199547
0.00199539
0.00199532
0.00199524
0.00199516
0.00199509
0.00199501
0.00199498
0.00207279
0.00207325
0.00207332
0.00207329
0.00207324
0.00207319
0.00207312
0.00207306
0.00207299
0.00207292
0.00207285
0.00207277
0.00207269
0.00207262
0.00207254
0.00207246
0.00207238
0.0020723
0.00207222
0.00207214
0.00207205
0.00207197
0.00207188
0.00207179
0.00207171
0.00207162
0.00207153
0.00207144
0.00207136
0.00207127
0.00207119
0.0020711
0.00207102
0.00207093
0.00207085
0.00207077
0.00207068
0.0020706
0.00207052
0.00207044
0.00207035
0.00207027
0.00207019
0.00207011
0.00207003
0.00206995
0.00206987
0.00206979
0.00206971
0.00206963
0.00206955
0.00206948
0.0020694
0.00206932
0.00206924
0.00206916
0.00206908
0.002069
0.00206898
0.00214806
0.00214853
0.0021486
0.00214857
0.00214852
0.00214845
0.00214839
0.00214831
0.00214824
0.00214816
0.00214809
0.00214801
0.00214792
0.00214784
0.00214776
0.00214768
0.00214759
0.00214751
0.00214742
0.00214733
0.00214724
0.00214715
0.00214706
0.00214697
0.00214688
0.00214678
0.00214669
0.0021466
0.00214651
0.00214642
0.00214633
0.00214624
0.00214615
0.00214606
0.00214597
0.00214589
0.0021458
0.00214571
0.00214563
0.00214554
0.00214546
0.00214537
0.00214529
0.00214521
0.00214512
0.00214504
0.00214496
0.00214487
0.00214479
0.00214471
0.00214463
0.00214455
0.00214447
0.00214439
0.0021443
0.00214422
0.00214414
0.00214405
0.00214406
0.00222415
0.00222464
0.00222471
0.00222467
0.00222462
0.00222455
0.00222447
0.00222439
0.00222431
0.00222423
0.00222415
0.00222406
0.00222398
0.00222389
0.0022238
0.00222371
0.00222362
0.00222353
0.00222344
0.00222335
0.00222325
0.00222316
0.00222306
0.00222296
0.00222286
0.00222277
0.00222267
0.00222257
0.00222248
0.00222238
0.00222229
0.00222219
0.0022221
0.00222201
0.00222192
0.00222183
0.00222174
0.00222165
0.00222156
0.00222147
0.00222138
0.00222129
0.00222121
0.00222112
0.00222103
0.00222095
0.00222086
0.00222078
0.00222069
0.00222061
0.00222053
0.00222044
0.00222036
0.00222027
0.00222019
0.00222011
0.00222003
0.00221993
0.00221996
0.00230078
0.0023013
0.00230136
0.00230132
0.00230126
0.00230118
0.0023011
0.00230102
0.00230093
0.00230084
0.00230075
0.00230066
0.00230057
0.00230048
0.00230038
0.00230029
0.00230019
0.0023001
0.0023
0.0022999
0.0022998
0.0022997
0.0022996
0.0022995
0.00229939
0.00229929
0.00229919
0.00229909
0.00229899
0.00229889
0.00229879
0.00229869
0.0022986
0.0022985
0.0022984
0.00229831
0.00229822
0.00229812
0.00229803
0.00229794
0.00229785
0.00229776
0.00229767
0.00229758
0.00229749
0.0022974
0.00229731
0.00229722
0.00229714
0.00229705
0.00229696
0.00229688
0.00229679
0.00229671
0.00229662
0.00229654
0.00229645
0.00229636
0.00229641
0.00237765
0.00237818
0.00237824
0.0023782
0.00237813
0.00237804
0.00237796
0.00237787
0.00237777
0.00237768
0.00237758
0.00237749
0.00237739
0.00237729
0.00237719
0.00237709
0.00237699
0.00237689
0.00237679
0.00237668
0.00237658
0.00237647
0.00237636
0.00237626
0.00237615
0.00237604
0.00237593
0.00237583
0.00237572
0.00237562
0.00237552
0.00237541
0.00237531
0.00237521
0.00237511
0.00237501
0.00237492
0.00237482
0.00237473
0.00237463
0.00237454
0.00237444
0.00237435
0.00237426
0.00237417
0.00237408
0.00237399
0.0023739
0.00237381
0.00237372
0.00237363
0.00237354
0.00237345
0.00237337
0.00237328
0.00237319
0.00237311
0.00237301
0.00237309
0.00245439
0.00245494
0.002455
0.00245494
0.00245486
0.00245477
0.00245468
0.00245458
0.00245448
0.00245438
0.00245428
0.00245418
0.00245407
0.00245397
0.00245386
0.00245376
0.00245365
0.00245354
0.00245344
0.00245333
0.00245322
0.0024531
0.00245299
0.00245288
0.00245277
0.00245265
0.00245254
0.00245243
0.00245232
0.00245221
0.0024521
0.002452
0.00245189
0.00245179
0.00245169
0.00245158
0.00245148
0.00245138
0.00245129
0.00245119
0.00245109
0.002451
0.0024509
0.00245081
0.00245071
0.00245062
0.00245053
0.00245043
0.00245034
0.00245025
0.00245016
0.00245007
0.00244998
0.00244989
0.00244981
0.00244972
0.00244963
0.00244953
0.00244964
0.00253059
0.00253116
0.00253121
0.00253115
0.00253107
0.00253097
0.00253087
0.00253076
0.00253066
0.00253055
0.00253044
0.00253033
0.00253022
0.00253011
0.00253
0.00252989
0.00252977
0.00252966
0.00252955
0.00252943
0.00252932
0.0025292
0.00252908
0.00252896
0.00252885
0.00252873
0.00252861
0.0025285
0.00252838
0.00252827
0.00252816
0.00252805
0.00252794
0.00252783
0.00252772
0.00252762
0.00252751
0.00252741
0.00252731
0.00252721
0.00252711
0.00252701
0.00252691
0.00252682
0.00252672
0.00252662
0.00252653
0.00252644
0.00252634
0.00252625
0.00252616
0.00252607
0.00252598
0.00252589
0.0025258
0.00252571
0.00252562
0.00252552
0.00252566
0.00260581
0.0026064
0.00260645
0.00260638
0.00260629
0.00260618
0.00260608
0.00260596
0.00260585
0.00260574
0.00260562
0.0026055
0.00260539
0.00260527
0.00260515
0.00260503
0.00260491
0.00260479
0.00260467
0.00260455
0.00260443
0.00260431
0.00260419
0.00260406
0.00260394
0.00260382
0.0026037
0.00260358
0.00260346
0.00260334
0.00260322
0.00260311
0.002603
0.00260288
0.00260277
0.00260267
0.00260256
0.00260245
0.00260235
0.00260225
0.00260214
0.00260204
0.00260194
0.00260184
0.00260175
0.00260165
0.00260155
0.00260146
0.00260136
0.00260127
0.00260118
0.00260108
0.00260099
0.0026009
0.00260081
0.00260072
0.00260063
0.00260053
0.0026007
0.00267957
0.00268017
0.00268022
0.00268014
0.00268004
0.00267993
0.00267981
0.00267969
0.00267957
0.00267945
0.00267932
0.0026792
0.00267907
0.00267895
0.00267883
0.0026787
0.00267858
0.00267845
0.00267832
0.0026782
0.00267807
0.00267794
0.00267782
0.00267769
0.00267756
0.00267743
0.0026773
0.00267718
0.00267706
0.00267693
0.00267681
0.0026767
0.00267658
0.00267647
0.00267635
0.00267624
0.00267613
0.00267602
0.00267592
0.00267581
0.00267571
0.0026756
0.0026755
0.0026754
0.0026753
0.0026752
0.00267511
0.00267501
0.00267491
0.00267482
0.00267473
0.00267463
0.00267454
0.00267445
0.00267436
0.00267427
0.00267418
0.00267407
0.00267428
0.00275132
0.00275194
0.00275198
0.0027519
0.00275179
0.00275167
0.00275154
0.00275141
0.00275128
0.00275115
0.00275102
0.00275089
0.00275075
0.00275062
0.00275049
0.00275036
0.00275023
0.00275009
0.00274996
0.00274983
0.0027497
0.00274956
0.00274943
0.0027493
0.00274916
0.00274903
0.0027489
0.00274877
0.00274864
0.00274852
0.00274839
0.00274827
0.00274815
0.00274804
0.00274792
0.00274781
0.00274769
0.00274758
0.00274747
0.00274737
0.00274726
0.00274716
0.00274705
0.00274695
0.00274685
0.00274675
0.00274665
0.00274656
0.00274646
0.00274636
0.00274627
0.00274618
0.00274608
0.00274599
0.0027459
0.00274581
0.00274572
0.00274561
0.00274586
0.00282049
0.00282112
0.00282116
0.00282107
0.00282095
0.00282082
0.00282069
0.00282055
0.00282041
0.00282027
0.00282012
0.00281998
0.00281984
0.0028197
0.00281956
0.00281942
0.00281928
0.00281914
0.00281901
0.00281887
0.00281873
0.00281859
0.00281845
0.00281832
0.00281818
0.00281804
0.00281791
0.00281777
0.00281764
0.00281751
0.00281739
0.00281726
0.00281714
0.00281702
0.0028169
0.00281679
0.00281667
0.00281656
0.00281645
0.00281634
0.00281623
0.00281613
0.00281602
0.00281592
0.00281582
0.00281572
0.00281562
0.00281552
0.00281543
0.00281533
0.00281524
0.00281514
0.00281505
0.00281496
0.00281487
0.00281478
0.00281469
0.00281458
0.00281486
0.00288646
0.00288711
0.00288714
0.00288704
0.00288691
0.00288677
0.00288662
0.00288647
0.00288632
0.00288617
0.00288602
0.00288586
0.00288571
0.00288556
0.00288542
0.00288527
0.00288512
0.00288498
0.00288484
0.00288469
0.00288455
0.00288441
0.00288427
0.00288412
0.00288398
0.00288384
0.0028837
0.00288357
0.00288343
0.0028833
0.00288317
0.00288305
0.00288292
0.0028828
0.00288268
0.00288256
0.00288245
0.00288233
0.00288222
0.00288211
0.002882
0.0028819
0.00288179
0.00288169
0.00288159
0.00288149
0.00288139
0.00288129
0.0028812
0.0028811
0.00288101
0.00288091
0.00288082
0.00288073
0.00288064
0.00288055
0.00288046
0.00288036
0.00288067
0.00294858
0.00294924
0.00294927
0.00294916
0.00294902
0.00294886
0.0029487
0.00294854
0.00294837
0.0029482
0.00294804
0.00294788
0.00294771
0.00294756
0.0029474
0.00294725
0.00294709
0.00294694
0.0029468
0.00294665
0.0029465
0.00294636
0.00294621
0.00294607
0.00294592
0.00294578
0.00294564
0.0029455
0.00294537
0.00294523
0.0029451
0.00294497
0.00294485
0.00294472
0.0029446
0.00294448
0.00294437
0.00294425
0.00294414
0.00294403
0.00294392
0.00294382
0.00294371
0.00294361
0.00294351
0.00294341
0.00294331
0.00294321
0.00294312
0.00294302
0.00294293
0.00294284
0.00294275
0.00294266
0.00294257
0.00294248
0.00294239
0.00294229
0.00294264
0.00300617
0.00300684
0.00300686
0.00300674
0.00300658
0.0030064
0.00300622
0.00300604
0.00300586
0.00300568
0.0030055
0.00300533
0.00300516
0.00300499
0.00300483
0.00300467
0.00300451
0.00300435
0.0030042
0.00300405
0.0030039
0.00300375
0.00300361
0.00300346
0.00300332
0.00300317
0.00300303
0.00300289
0.00300276
0.00300262
0.00300249
0.00300236
0.00300223
0.00300211
0.00300199
0.00300187
0.00300176
0.00300164
0.00300153
0.00300142
0.00300131
0.00300121
0.00300111
0.003001
0.0030009
0.0030008
0.00300071
0.00300061
0.00300052
0.00300042
0.00300033
0.00300024
0.00300015
0.00300006
0.00299997
0.00299989
0.0029998
0.0029997
0.00300008
0.00305853
0.00305921
0.00305921
0.00305907
0.00305888
0.00305868
0.00305847
0.00305827
0.00305807
0.00305788
0.00305769
0.0030575
0.00305733
0.00305715
0.00305698
0.00305682
0.00305666
0.0030565
0.00305635
0.0030562
0.00305605
0.0030559
0.00305575
0.00305561
0.00305546
0.00305532
0.00305518
0.00305504
0.0030549
0.00305477
0.00305464
0.00305451
0.00305439
0.00305426
0.00305415
0.00305403
0.00305391
0.0030538
0.00305369
0.00305358
0.00305348
0.00305337
0.00305327
0.00305317
0.00305307
0.00305297
0.00305288
0.00305278
0.00305269
0.0030526
0.00305251
0.00305242
0.00305233
0.00305225
0.00305216
0.00305208
0.003052
0.0030519
0.00305231
0.00310494
0.00310562
0.00310559
0.00310541
0.00310518
0.00310495
0.00310472
0.0031045
0.00310428
0.00310408
0.00310388
0.00310369
0.00310351
0.00310333
0.00310316
0.003103
0.00310284
0.00310268
0.00310253
0.00310238
0.00310223
0.00310208
0.00310194
0.00310179
0.00310165
0.00310151
0.00310137
0.00310124
0.0031011
0.00310097
0.00310084
0.00310072
0.0031006
0.00310048
0.00310036
0.00310024
0.00310013
0.00310002
0.00309991
0.00309981
0.0030997
0.0030996
0.0030995
0.0030994
0.00309931
0.00309921
0.00309912
0.00309903
0.00309894
0.00309885
0.00309876
0.00309868
0.00309859
0.00309851
0.00309843
0.00309834
0.00309827
0.00309817
0.00309861
0.0031447
0.00314535
0.00314527
0.00314502
0.00314475
0.00314448
0.00314423
0.00314399
0.00314377
0.00314356
0.00314336
0.00314317
0.00314299
0.00314282
0.00314265
0.00314249
0.00314234
0.00314218
0.00314203
0.00314189
0.00314174
0.0031416
0.00314146
0.00314132
0.00314118
0.00314105
0.00314092
0.00314078
0.00314065
0.00314053
0.0031404
0.00314028
0.00314016
0.00314005
0.00313993
0.00313982
0.00313971
0.00313961
0.0031395
0.0031394
0.0031393
0.0031392
0.0031391
0.00313901
0.00313891
0.00313882
0.00313873
0.00313864
0.00313856
0.00313847
0.00313839
0.0031383
0.00313822
0.00313814
0.00313806
0.00313799
0.00313791
0.00313782
0.00313829
0.00317709
0.00317766
0.00317747
0.00317715
0.00317684
0.00317655
0.00317629
0.00317605
0.00317584
0.00317563
0.00317544
0.00317526
0.00317509
0.00317493
0.00317477
0.00317462
0.00317447
0.00317432
0.00317418
0.00317405
0.00317391
0.00317377
0.00317364
0.00317351
0.00317338
0.00317325
0.00317312
0.003173
0.00317287
0.00317275
0.00317263
0.00317252
0.0031724
0.00317229
0.00317218
0.00317208
0.00317197
0.00317187
0.00317177
0.00317167
0.00317158
0.00317148
0.00317139
0.0031713
0.00317121
0.00317112
0.00317103
0.00317095
0.00317087
0.00317079
0.0031707
0.00317063
0.00317055
0.00317047
0.0031704
0.00317032
0.00317025
0.00317016
0.00317065
0.0032014
0.00320176
0.00320143
0.00320106
0.00320073
0.00320046
0.00320023
0.00320002
0.00319982
0.00319964
0.00319947
0.00319931
0.00319916
0.00319901
0.00319887
0.00319873
0.00319859
0.00319846
0.00319833
0.0031982
0.00319808
0.00319795
0.00319783
0.00319771
0.00319758
0.00319746
0.00319735
0.00319723
0.00319711
0.003197
0.00319689
0.00319678
0.00319667
0.00319657
0.00319646
0.00319636
0.00319627
0.00319617
0.00319607
0.00319598
0.00319589
0.0031958
0.00319571
0.00319563
0.00319554
0.00319546
0.00319538
0.0031953
0.00319522
0.00319514
0.00319507
0.00319499
0.00319492
0.00319484
0.00319477
0.0031947
0.00319464
0.00319455
0.00319503
0.00321683
0.00321675
0.00321635
0.00321605
0.00321582
0.00321562
0.00321545
0.00321528
0.00321513
0.00321499
0.00321485
0.00321472
0.00321459
0.00321446
0.00321434
0.00321422
0.0032141
0.00321398
0.00321387
0.00321375
0.00321364
0.00321353
0.00321342
0.0032133
0.00321319
0.00321308
0.00321297
0.00321287
0.00321276
0.00321265
0.00321255
0.00321245
0.00321235
0.00321226
0.00321216
0.00321207
0.00321198
0.00321189
0.0032118
0.00321171
0.00321162
0.00321154
0.00321146
0.00321138
0.0032113
0.00321122
0.00321114
0.00321107
0.003211
0.00321092
0.00321085
0.00321078
0.00321071
0.00321065
0.00321058
0.00321051
0.00321045
0.00321038
0.00321077
)
;

boundaryField
{
    bottomWall
    {
        type            nutUWallFunction;
        Cmu             0.09;
        kappa           0.41;
        E               9.8;
        value           nonuniform 0();
    }
    topWall
    {
        type            nutUWallFunction;
        Cmu             0.09;
        kappa           0.41;
        E               9.8;
        value           nonuniform 0();
    }
    sides1_half0
    {
        type            cyclic;
    }
    sides1_half1
    {
        type            cyclic;
    }
    sides2_half0
    {
        type            cyclic;
    }
    sides2_half1
    {
        type            cyclic;
    }
    inout1_half0
    {
        type            cyclic;
    }
    inout1_half1
    {
        type            cyclic;
    }
    inout2_half0
    {
        type            cyclic;
    }
    inout2_half1
    {
        type            cyclic;
    }
    procBoundary4to2
    {
        type            processor;
        value           nonuniform List<scalar> 
59
(
0.00321708
0.00321775
0.00321797
0.00321798
0.00321792
0.00321784
0.00321774
0.00321764
0.00321754
0.00321744
0.00321734
0.00321724
0.00321714
0.00321703
0.00321693
0.00321683
0.00321674
0.00321664
0.00321654
0.00321644
0.00321634
0.00321624
0.00321614
0.00321604
0.00321594
0.00321584
0.00321575
0.00321565
0.00321555
0.00321546
0.00321536
0.00321527
0.00321518
0.00321509
0.003215
0.00321492
0.00321483
0.00321475
0.00321467
0.00321459
0.00321451
0.00321443
0.00321435
0.00321428
0.0032142
0.00321413
0.00321406
0.00321399
0.00321392
0.00321385
0.00321379
0.00321372
0.00321366
0.00321359
0.00321353
0.00321347
0.00321341
0.00321335
0.00321342
)
;
    }
    procBoundary4to3
    {
        type            processor;
        value           nonuniform List<scalar> 
63
(
0.000256489
0.000256476
0.000256471
0.000256467
0.000256464
0.000256461
0.000256458
0.000256456
0.000256454
0.000256452
0.00025645
0.000256448
0.000256446
0.000256445
0.000256443
0.000256442
0.000256441
0.000256439
0.000256438
0.000256437
0.000256436
0.000256434
0.000256433
0.000256432
0.000256431
0.00025643
0.000256429
0.000256428
0.000256427
0.000256426
0.000256425
0.000256424
0.000256423
0.000256422
0.000256421
0.00025642
0.00025642
0.000256418
0.000270384
0.000270377
0.000270377
0.000270297
0.000270297
0.000270302
0.000284633
0.000284633
0.000284633
0.000284553
0.000284553
0.000284561
0.000284567
0.000284571
0.000284574
0.000284577
0.00028458
0.000284583
0.000284585
0.000284587
0.000284589
0.00028459
0.000284592
0.000284593
0.000284596
)
;
    }
    procBoundary4to5
    {
        type            processor;
        value           nonuniform List<scalar> 
132
(
0.000299271
0.000299209
0.000314342
0.000314274
0.000329843
0.000329771
0.000345798
0.000345724
0.000362235
0.000362159
0.000379182
0.000379107
0.000396672
0.000396597
0.000414737
0.000414664
0.000433413
0.000433342
0.000452736
0.000452668
0.000472745
0.000472681
0.000493483
0.000493423
0.000514992
0.000514938
0.000537317
0.000537269
0.000560506
0.000560465
0.000584608
0.000584576
0.000609675
0.000609652
0.000635761
0.000635748
0.000662919
0.000662917
0.000691208
0.000691219
0.000720686
0.00072071
0.000751413
0.000751451
0.000783449
0.000783503
0.000816857
0.000816928
0.000851699
0.000851789
0.000888037
0.000888148
0.000925935
0.000926067
0.000965452
0.000965607
0.00100665
0.00100683
0.00104959
0.00104979
0.00109431
0.00109455
0.00114089
0.00114115
0.00118935
0.00118964
0.00123975
0.00124007
0.00129211
0.00129246
0.00134646
0.00134685
0.00140282
0.00140324
0.00146119
0.00146165
0.00152157
0.00152207
0.00158394
0.00158448
0.00164826
0.00164883
0.00171447
0.00171508
0.0017825
0.00178315
0.00185225
0.00185294
0.0019236
0.00192433
0.00199641
0.00199717
0.0020705
0.0020713
0.00214565
0.00214649
0.00222163
0.00222251
0.00229815
0.00229907
0.00237491
0.00237587
0.00245153
0.00245253
0.00252762
0.00252866
0.00260273
0.00260382
0.00267638
0.00267751
0.00274802
0.0027492
0.00281708
0.00281831
0.00288294
0.00288423
0.00294496
0.0029463
0.00300246
0.00300384
0.00305472
0.00305616
0.00310106
0.00310254
0.00314076
0.00314227
0.00317314
0.00317464
0.00319753
0.00319894
0.00321328
0.00321436
)
;
    }
}


// ************************************************************************* //
