/*--------------------------------*- C++ -*----------------------------------*\
  =========                 |
  \\      /  F ield         | OpenFOAM: The Open Source CFD Toolbox
   \\    /   O peration     | Website:  https://openfoam.org
    \\  /    A nd           | Version:  7
     \\/     M anipulation  |
\*---------------------------------------------------------------------------*/
FoamFile
{
    version     2.0;
    format      ascii;
    class       volScalarField;
    location    "17500";
    object      k;
}
// * * * * * * * * * * * * * * * * * * * * * * * * * * * * * * * * * * * * * //

dimensions      [0 2 -2 0 0 0 0];

internalField   nonuniform List<scalar> 
4037
(
0.000166702
0.000166702
0.000166702
0.000166702
0.000166702
0.000166703
0.000166703
0.000166703
0.000166703
0.000166703
0.000166704
0.000166704
0.000166704
0.000166704
0.000166705
0.000166705
0.000166705
0.000166706
0.000166706
0.000166707
0.000166707
0.000166707
0.000166708
0.000166708
0.000166709
0.000166709
0.00016671
0.00016671
0.000166711
0.000166711
0.000166712
0.000166712
0.000166713
0.000166713
0.000166714
0.000166714
0.000166715
0.000166715
0.000166716
0.000166716
0.000166717
0.000166717
0.000166718
0.000166718
0.000166719
0.000166719
0.000166719
0.00016672
0.00016672
0.000166721
0.000166721
0.000166721
0.000166722
0.000166722
0.000166723
0.000166723
0.000166723
0.000166723
0.000166724
0.000166724
0.000166724
0.000166725
0.000166725
0.000166725
0.000166725
0.000166725
0.000166726
0.000166726
0.000166726
0.000166726
0.000166726
0.000166726
0.000166726
0.000166726
0.000166726
0.000166726
0.000166726
0.000167224
0.000167223
0.000167221
0.00016722
0.000167219
0.000167217
0.000167216
0.000167215
0.000167214
0.000167214
0.000167213
0.000167212
0.000167212
0.000167211
0.000167211
0.00016721
0.00016721
0.00016721
0.000167209
0.000167209
0.000167209
0.000167209
0.000167209
0.000167208
0.000167208
0.000167208
0.000167208
0.000167209
0.000167209
0.000167209
0.000167209
0.000167209
0.00016721
0.00016721
0.00016721
0.00016721
0.000167211
0.000167211
0.000167211
0.000167212
0.000167212
0.000167213
0.000167213
0.000167213
0.000167214
0.000167214
0.000167215
0.000167215
0.000167216
0.000167216
0.000167217
0.000167217
0.000167218
0.000167218
0.000167219
0.000167219
0.00016722
0.00016722
0.000167221
0.000167221
0.000167222
0.000167222
0.000167223
0.000167223
0.000167224
0.000167224
0.000167225
0.000167225
0.000167225
0.000167226
0.000167226
0.000167227
0.000167227
0.000167228
0.000167228
0.000167228
0.000167229
0.000167229
0.000167229
0.00016723
0.00016723
0.00016723
0.000167231
0.000167231
0.000167231
0.000167231
0.000167232
0.000167232
0.000167232
0.000167232
0.000167232
0.000167232
0.000167233
0.000167233
0.000167233
0.000167233
0.000167233
0.000167233
0.000167233
0.000167233
0.000167233
0.000167233
0.000167233
0.000167232
0.000167232
0.000167232
0.000167231
0.000167231
0.000167231
0.00016723
0.00016723
0.000167229
0.000167229
0.000167228
0.000167228
0.000167227
0.000167226
0.000167226
0.000167225
0.000167225
0.000167639
0.000167638
0.000167637
0.000167635
0.000167634
0.000167632
0.000167631
0.00016763
0.000167629
0.000167629
0.000167628
0.000167627
0.000167627
0.000167626
0.000167626
0.000167625
0.000167625
0.000167624
0.000167624
0.000167624
0.000167624
0.000167624
0.000167624
0.000167623
0.000167623
0.000167623
0.000167624
0.000167624
0.000167624
0.000167624
0.000167624
0.000167625
0.000167625
0.000167625
0.000167626
0.000167626
0.000167626
0.000167627
0.000167627
0.000167628
0.000167628
0.000167628
0.000167629
0.000167629
0.00016763
0.00016763
0.000167631
0.000167631
0.000167631
0.000167632
0.000167632
0.000167633
0.000167633
0.000167634
0.000167634
0.000167635
0.000167635
0.000167636
0.000167636
0.000167637
0.000167637
0.000167638
0.000167638
0.000167639
0.000167639
0.00016764
0.00016764
0.000167641
0.000167641
0.000167642
0.000167642
0.000167643
0.000167643
0.000167643
0.000167644
0.000167644
0.000167644
0.000167645
0.000167645
0.000167645
0.000167646
0.000167646
0.000167646
0.000167647
0.000167647
0.000167647
0.000167647
0.000167648
0.000167648
0.000167648
0.000167648
0.000167648
0.000167648
0.000167648
0.000167649
0.000167649
0.000167649
0.000167649
0.000167649
0.000167649
0.000167649
0.000167649
0.000167648
0.000167648
0.000167648
0.000167647
0.000167647
0.000167647
0.000167646
0.000167646
0.000167645
0.000167645
0.000167644
0.000167644
0.000167643
0.000167643
0.000167642
0.000167641
0.000167641
0.00016764
0.000167957
0.000167956
0.000167954
0.000167953
0.000167951
0.00016795
0.000167949
0.000167948
0.000167947
0.000167946
0.000167945
0.000167945
0.000167944
0.000167943
0.000167943
0.000167943
0.000167942
0.000167942
0.000167942
0.000167942
0.000167941
0.000167941
0.000167941
0.000167941
0.000167941
0.000167941
0.000167941
0.000167942
0.000167942
0.000167942
0.000167942
0.000167943
0.000167943
0.000167943
0.000167944
0.000167944
0.000167945
0.000167945
0.000167945
0.000167946
0.000167946
0.000167947
0.000167947
0.000167948
0.000167948
0.000167949
0.000167949
0.00016795
0.00016795
0.00016795
0.000167951
0.000167951
0.000167952
0.000167952
0.000167953
0.000167953
0.000167954
0.000167954
0.000167955
0.000167955
0.000167956
0.000167956
0.000167957
0.000167957
0.000167958
0.000167958
0.000167959
0.000167959
0.00016796
0.00016796
0.00016796
0.000167961
0.000167961
0.000167962
0.000167962
0.000167962
0.000167963
0.000167963
0.000167963
0.000167964
0.000167964
0.000167964
0.000167965
0.000167965
0.000167965
0.000167965
0.000167966
0.000167966
0.000167966
0.000167966
0.000167966
0.000167966
0.000167967
0.000167967
0.000167967
0.000167967
0.000167967
0.000167967
0.000167967
0.000167967
0.000167967
0.000167967
0.000167967
0.000167966
0.000167966
0.000167966
0.000167965
0.000167965
0.000167964
0.000167964
0.000167963
0.000167963
0.000167962
0.000167962
0.000167961
0.000167961
0.00016796
0.00016796
0.000167959
0.000167959
0.000168171
0.000168169
0.000168167
0.000168166
0.000168164
0.000168163
0.000168162
0.000168161
0.00016816
0.000168159
0.000168158
0.000168157
0.000168157
0.000168156
0.000168156
0.000168155
0.000168155
0.000168155
0.000168154
0.000168154
0.000168154
0.000168154
0.000168154
0.000168154
0.000168154
0.000168154
0.000168154
0.000168154
0.000168155
0.000168155
0.000168155
0.000168156
0.000168156
0.000168157
0.000168157
0.000168157
0.000168158
0.000168158
0.000168159
0.000168159
0.00016816
0.00016816
0.000168161
0.000168161
0.000168162
0.000168162
0.000168163
0.000168163
0.000168164
0.000168164
0.000168165
0.000168165
0.000168166
0.000168166
0.000168167
0.000168167
0.000168168
0.000168168
0.000168169
0.000168169
0.00016817
0.00016817
0.00016817
0.000168171
0.000168171
0.000168172
0.000168172
0.000168173
0.000168173
0.000168174
0.000168174
0.000168174
0.000168175
0.000168175
0.000168176
0.000168176
0.000168176
0.000168177
0.000168177
0.000168177
0.000168178
0.000168178
0.000168178
0.000168178
0.000168179
0.000168179
0.000168179
0.000168179
0.000168179
0.00016818
0.00016818
0.00016818
0.00016818
0.00016818
0.00016818
0.00016818
0.00016818
0.00016818
0.00016818
0.00016818
0.00016818
0.00016818
0.00016818
0.00016818
0.000168179
0.000168179
0.000168179
0.000168178
0.000168178
0.000168177
0.000168177
0.000168176
0.000168176
0.000168175
0.000168175
0.000168174
0.000168173
0.000168173
0.000168172
0.000168172
0.00016827
0.000168269
0.000168267
0.000168265
0.000168264
0.000168262
0.000168261
0.00016826
0.000168259
0.000168258
0.000168257
0.000168256
0.000168256
0.000168255
0.000168255
0.000168254
0.000168254
0.000168254
0.000168254
0.000168253
0.000168253
0.000168253
0.000168253
0.000168253
0.000168253
0.000168253
0.000168254
0.000168254
0.000168254
0.000168255
0.000168255
0.000168255
0.000168256
0.000168256
0.000168257
0.000168257
0.000168258
0.000168258
0.000168259
0.000168259
0.00016826
0.00016826
0.000168261
0.000168261
0.000168262
0.000168262
0.000168263
0.000168263
0.000168264
0.000168264
0.000168265
0.000168265
0.000168266
0.000168266
0.000168267
0.000168267
0.000168268
0.000168268
0.000168269
0.000168269
0.00016827
0.00016827
0.00016827
0.000168271
0.000168271
0.000168272
0.000168272
0.000168273
0.000168273
0.000168273
0.000168274
0.000168274
0.000168275
0.000168275
0.000168275
0.000168276
0.000168276
0.000168276
0.000168277
0.000168277
0.000168277
0.000168278
0.000168278
0.000168278
0.000168278
0.000168279
0.000168279
0.000168279
0.000168279
0.000168279
0.000168279
0.00016828
0.00016828
0.00016828
0.00016828
0.00016828
0.00016828
0.00016828
0.00016828
0.00016828
0.00016828
0.00016828
0.00016828
0.00016828
0.000168279
0.000168279
0.000168278
0.000168278
0.000168278
0.000168277
0.000168277
0.000168276
0.000168275
0.000168275
0.000168274
0.000168274
0.000168273
0.000168273
0.000168272
0.000168272
0.000168246
0.000168244
0.000168243
0.000168241
0.000168239
0.000168238
0.000168236
0.000168235
0.000168234
0.000168233
0.000168232
0.000168232
0.000168231
0.00016823
0.00016823
0.00016823
0.000168229
0.000168229
0.000168229
0.000168229
0.000168229
0.000168229
0.000168229
0.000168229
0.000168229
0.000168229
0.000168229
0.000168229
0.00016823
0.00016823
0.000168231
0.000168231
0.000168232
0.000168232
0.000168233
0.000168233
0.000168234
0.000168234
0.000168235
0.000168235
0.000168236
0.000168236
0.000168237
0.000168237
0.000168238
0.000168238
0.000168239
0.000168239
0.00016824
0.00016824
0.000168241
0.000168241
0.000168242
0.000168242
0.000168243
0.000168243
0.000168244
0.000168244
0.000168245
0.000168245
0.000168246
0.000168246
0.000168247
0.000168247
0.000168247
0.000168248
0.000168248
0.000168249
0.000168249
0.00016825
0.00016825
0.00016825
0.000168251
0.000168251
0.000168251
0.000168252
0.000168252
0.000168252
0.000168253
0.000168253
0.000168253
0.000168253
0.000168254
0.000168254
0.000168254
0.000168254
0.000168255
0.000168255
0.000168255
0.000168255
0.000168255
0.000168255
0.000168256
0.000168256
0.000168256
0.000168256
0.000168256
0.000168256
0.000168256
0.000168256
0.000168256
0.000168256
0.000168256
0.000168256
0.000168255
0.000168255
0.000168254
0.000168254
0.000168253
0.000168253
0.000168252
0.000168252
0.000168251
0.000168251
0.00016825
0.00016825
0.000168249
0.000168248
0.000168248
0.000168247
0.000168086
0.000168084
0.000168082
0.00016808
0.000168079
0.000168077
0.000168076
0.000168074
0.000168073
0.000168072
0.000168072
0.000168071
0.00016807
0.00016807
0.000168069
0.000168069
0.000168068
0.000168068
0.000168068
0.000168068
0.000168068
0.000168068
0.000168068
0.000168068
0.000168068
0.000168068
0.000168069
0.000168069
0.000168069
0.00016807
0.00016807
0.000168071
0.000168071
0.000168072
0.000168072
0.000168073
0.000168074
0.000168074
0.000168075
0.000168075
0.000168076
0.000168076
0.000168077
0.000168077
0.000168078
0.000168079
0.000168079
0.00016808
0.00016808
0.000168081
0.000168081
0.000168082
0.000168082
0.000168083
0.000168083
0.000168083
0.000168084
0.000168084
0.000168085
0.000168085
0.000168086
0.000168086
0.000168087
0.000168087
0.000168087
0.000168088
0.000168088
0.000168089
0.000168089
0.000168089
0.00016809
0.00016809
0.00016809
0.000168091
0.000168091
0.000168091
0.000168092
0.000168092
0.000168092
0.000168093
0.000168093
0.000168093
0.000168093
0.000168094
0.000168094
0.000168094
0.000168094
0.000168095
0.000168095
0.000168095
0.000168095
0.000168095
0.000168095
0.000168095
0.000168095
0.000168095
0.000168096
0.000168096
0.000168096
0.000168096
0.000168096
0.000168096
0.000168096
0.000168095
0.000168095
0.000168095
0.000168094
0.000168094
0.000168093
0.000168093
0.000168092
0.000168092
0.000168091
0.00016809
0.00016809
0.000168089
0.000168089
0.000168088
0.000168087
0.000168087
0.000167775
0.000167773
0.000167771
0.000167769
0.000167767
0.000167766
0.000167764
0.000167763
0.000167762
0.000167761
0.00016776
0.000167759
0.000167759
0.000167758
0.000167758
0.000167757
0.000167757
0.000167757
0.000167757
0.000167757
0.000167757
0.000167757
0.000167757
0.000167757
0.000167757
0.000167757
0.000167757
0.000167758
0.000167758
0.000167759
0.000167759
0.00016776
0.00016776
0.000167761
0.000167761
0.000167762
0.000167763
0.000167763
0.000167764
0.000167764
0.000167765
0.000167766
0.000167766
0.000167767
0.000167767
0.000167768
0.000167768
0.000167769
0.000167769
0.00016777
0.00016777
0.000167771
0.000167771
0.000167772
0.000167772
0.000167773
0.000167773
0.000167774
0.000167774
0.000167775
0.000167775
0.000167775
0.000167776
0.000167776
0.000167777
0.000167777
0.000167777
0.000167778
0.000167778
0.000167779
0.000167779
0.000167779
0.00016778
0.00016778
0.00016778
0.000167781
0.000167781
0.000167781
0.000167781
0.000167782
0.000167782
0.000167782
0.000167782
0.000167783
0.000167783
0.000167783
0.000167783
0.000167783
0.000167784
0.000167784
0.000167784
0.000167784
0.000167784
0.000167784
0.000167784
0.000167784
0.000167784
0.000167785
0.000167785
0.000167785
0.000167785
0.000167785
0.000167784
0.000167784
0.000167784
0.000167784
0.000167783
0.000167783
0.000167782
0.000167782
0.000167781
0.000167781
0.00016778
0.000167779
0.000167779
0.000167778
0.000167778
0.000167777
0.000167776
0.000167776
0.000167296
0.000167294
0.000167292
0.00016729
0.000167288
0.000167286
0.000167285
0.000167284
0.000167282
0.000167282
0.000167281
0.00016728
0.000167279
0.000167279
0.000167278
0.000167278
0.000167278
0.000167277
0.000167277
0.000167277
0.000167277
0.000167277
0.000167277
0.000167277
0.000167278
0.000167278
0.000167278
0.000167278
0.000167279
0.000167279
0.00016728
0.00016728
0.000167281
0.000167282
0.000167282
0.000167283
0.000167284
0.000167284
0.000167285
0.000167285
0.000167286
0.000167287
0.000167287
0.000167288
0.000167288
0.000167289
0.00016729
0.00016729
0.000167291
0.000167291
0.000167292
0.000167292
0.000167293
0.000167293
0.000167293
0.000167294
0.000167294
0.000167295
0.000167295
0.000167296
0.000167296
0.000167296
0.000167297
0.000167297
0.000167298
0.000167298
0.000167298
0.000167299
0.000167299
0.000167299
0.0001673
0.0001673
0.0001673
0.000167301
0.000167301
0.000167301
0.000167302
0.000167302
0.000167302
0.000167302
0.000167303
0.000167303
0.000167303
0.000167303
0.000167304
0.000167304
0.000167304
0.000167304
0.000167304
0.000167304
0.000167305
0.000167305
0.000167305
0.000167305
0.000167305
0.000167305
0.000167305
0.000167305
0.000167305
0.000167305
0.000167305
0.000167305
0.000167305
0.000167305
0.000167305
0.000167304
0.000167304
0.000167304
0.000167303
0.000167303
0.000167302
0.000167301
0.000167301
0.0001673
0.0001673
0.000167299
0.000167299
0.000167298
0.000167297
0.000167297
0.000166627
0.000166625
0.000166623
0.000166621
0.000166619
0.000166618
0.000166616
0.000166615
0.000166614
0.000166613
0.000166612
0.000166611
0.00016661
0.00016661
0.000166609
0.000166609
0.000166609
0.000166608
0.000166608
0.000166608
0.000166608
0.000166608
0.000166609
0.000166609
0.000166609
0.000166609
0.00016661
0.00016661
0.00016661
0.000166611
0.000166611
0.000166612
0.000166613
0.000166613
0.000166614
0.000166615
0.000166615
0.000166616
0.000166616
0.000166617
0.000166618
0.000166618
0.000166619
0.00016662
0.00016662
0.000166621
0.000166621
0.000166622
0.000166622
0.000166623
0.000166623
0.000166624
0.000166624
0.000166625
0.000166625
0.000166626
0.000166626
0.000166626
0.000166627
0.000166627
0.000166628
0.000166628
0.000166628
0.000166629
0.000166629
0.00016663
0.00016663
0.00016663
0.000166631
0.000166631
0.000166631
0.000166632
0.000166632
0.000166632
0.000166632
0.000166633
0.000166633
0.000166633
0.000166633
0.000166634
0.000166634
0.000166634
0.000166634
0.000166635
0.000166635
0.000166635
0.000166635
0.000166635
0.000166636
0.000166636
0.000166636
0.000166636
0.000166636
0.000166636
0.000166636
0.000166636
0.000166636
0.000166636
0.000166636
0.000166637
0.000166637
0.000166636
0.000166636
0.000166636
0.000166636
0.000166636
0.000166635
0.000166635
0.000166634
0.000166634
0.000166633
0.000166633
0.000166632
0.000166632
0.000166631
0.000166631
0.00016663
0.000166629
0.000166629
0.000166629
0.000165744
0.000165742
0.000165739
0.000165738
0.000165736
0.000165734
0.000165733
0.000165731
0.00016573
0.000165729
0.000165728
0.000165727
0.000165727
0.000165726
0.000165726
0.000165725
0.000165725
0.000165725
0.000165725
0.000165725
0.000165725
0.000165725
0.000165725
0.000165725
0.000165725
0.000165726
0.000165726
0.000165726
0.000165727
0.000165727
0.000165728
0.000165728
0.000165729
0.00016573
0.00016573
0.000165731
0.000165732
0.000165732
0.000165733
0.000165734
0.000165734
0.000165735
0.000165736
0.000165736
0.000165737
0.000165737
0.000165738
0.000165739
0.000165739
0.000165739
0.00016574
0.00016574
0.000165741
0.000165741
0.000165742
0.000165742
0.000165743
0.000165743
0.000165743
0.000165744
0.000165744
0.000165745
0.000165745
0.000165745
0.000165746
0.000165746
0.000165746
0.000165747
0.000165747
0.000165747
0.000165748
0.000165748
0.000165748
0.000165748
0.000165749
0.000165749
0.000165749
0.000165749
0.00016575
0.00016575
0.00016575
0.00016575
0.000165751
0.000165751
0.000165751
0.000165751
0.000165751
0.000165752
0.000165752
0.000165752
0.000165752
0.000165752
0.000165752
0.000165752
0.000165752
0.000165752
0.000165753
0.000165753
0.000165753
0.000165753
0.000165753
0.000165753
0.000165753
0.000165752
0.000165752
0.000165752
0.000165752
0.000165751
0.000165751
0.00016575
0.00016575
0.000165749
0.000165749
0.000165748
0.000165748
0.000165747
0.000165746
0.000165746
0.000165745
0.000165745
0.000164614
0.000164612
0.00016461
0.000164608
0.000164606
0.000164604
0.000164603
0.000164601
0.0001646
0.000164599
0.000164598
0.000164597
0.000164596
0.000164596
0.000164595
0.000164595
0.000164595
0.000164595
0.000164594
0.000164594
0.000164594
0.000164595
0.000164595
0.000164595
0.000164595
0.000164596
0.000164596
0.000164596
0.000164597
0.000164597
0.000164598
0.000164599
0.000164599
0.0001646
0.000164601
0.000164601
0.000164602
0.000164603
0.000164603
0.000164604
0.000164605
0.000164605
0.000164606
0.000164606
0.000164607
0.000164608
0.000164608
0.000164609
0.000164609
0.00016461
0.00016461
0.000164611
0.000164611
0.000164612
0.000164612
0.000164612
0.000164613
0.000164613
0.000164614
0.000164614
0.000164614
0.000164615
0.000164615
0.000164615
0.000164616
0.000164616
0.000164616
0.000164617
0.000164617
0.000164617
0.000164617
0.000164618
0.000164618
0.000164618
0.000164619
0.000164619
0.000164619
0.000164619
0.000164619
0.00016462
0.00016462
0.00016462
0.00016462
0.000164621
0.000164621
0.000164621
0.000164621
0.000164621
0.000164621
0.000164621
0.000164622
0.000164622
0.000164622
0.000164622
0.000164622
0.000164622
0.000164622
0.000164622
0.000164622
0.000164622
0.000164622
0.000164622
0.000164622
0.000164622
0.000164622
0.000164622
0.000164622
0.000164621
0.000164621
0.00016462
0.00016462
0.000164619
0.000164619
0.000164618
0.000164618
0.000164617
0.000164616
0.000164616
0.000164615
0.000164615
0.000163198
0.000163197
0.000163195
0.000163193
0.000163191
0.000163189
0.000163188
0.000163186
0.000163185
0.000163184
0.000163183
0.000163182
0.000163181
0.000163181
0.00016318
0.00016318
0.00016318
0.000163179
0.000163179
0.000163179
0.000163179
0.00016318
0.00016318
0.00016318
0.00016318
0.000163181
0.000163181
0.000163182
0.000163182
0.000163182
0.000163183
0.000163184
0.000163184
0.000163185
0.000163186
0.000163186
0.000163187
0.000163188
0.000163188
0.000163189
0.00016319
0.00016319
0.000163191
0.000163192
0.000163192
0.000163193
0.000163193
0.000163194
0.000163194
0.000163195
0.000163195
0.000163196
0.000163196
0.000163197
0.000163197
0.000163197
0.000163198
0.000163198
0.000163199
0.000163199
0.000163199
0.0001632
0.0001632
0.0001632
0.000163201
0.000163201
0.000163201
0.000163201
0.000163202
0.000163202
0.000163202
0.000163203
0.000163203
0.000163203
0.000163203
0.000163203
0.000163204
0.000163204
0.000163204
0.000163204
0.000163205
0.000163205
0.000163205
0.000163205
0.000163205
0.000163206
0.000163206
0.000163206
0.000163206
0.000163206
0.000163206
0.000163206
0.000163206
0.000163207
0.000163207
0.000163207
0.000163207
0.000163207
0.000163207
0.000163207
0.000163207
0.000163207
0.000163207
0.000163207
0.000163207
0.000163207
0.000163206
0.000163206
0.000163206
0.000163205
0.000163205
0.000163204
0.000163204
0.000163203
0.000163203
0.000163202
0.000163201
0.000163201
0.0001632
0.0001632
0.000161451
0.000161449
0.000161447
0.000161445
0.000161443
0.000161442
0.00016144
0.000161439
0.000161437
0.000161436
0.000161435
0.000161434
0.000161433
0.000161433
0.000161432
0.000161432
0.000161432
0.000161431
0.000161431
0.000161432
0.000161432
0.000161432
0.000161432
0.000161432
0.000161433
0.000161433
0.000161433
0.000161434
0.000161434
0.000161435
0.000161435
0.000161436
0.000161437
0.000161437
0.000161438
0.000161439
0.000161439
0.00016144
0.000161441
0.000161441
0.000161442
0.000161443
0.000161443
0.000161444
0.000161444
0.000161445
0.000161446
0.000161446
0.000161447
0.000161447
0.000161448
0.000161448
0.000161448
0.000161449
0.000161449
0.00016145
0.00016145
0.00016145
0.000161451
0.000161451
0.000161451
0.000161452
0.000161452
0.000161452
0.000161453
0.000161453
0.000161453
0.000161453
0.000161454
0.000161454
0.000161454
0.000161454
0.000161455
0.000161455
0.000161455
0.000161455
0.000161456
0.000161456
0.000161456
0.000161456
0.000161456
0.000161457
0.000161457
0.000161457
0.000161457
0.000161457
0.000161457
0.000161458
0.000161458
0.000161458
0.000161458
0.000161458
0.000161458
0.000161458
0.000161458
0.000161458
0.000161459
0.000161459
0.000161459
0.000161459
0.000161459
0.000161459
0.000161459
0.000161459
0.000161459
0.000161458
0.000161458
0.000161458
0.000161457
0.000161457
0.000161457
0.000161456
0.000161456
0.000161455
0.000161455
0.000161454
0.000161453
0.000161453
0.000161452
0.000161452
0.00015931
0.000159309
0.000159307
0.000159305
0.000159303
0.000159302
0.0001593
0.000159299
0.000159297
0.000159296
0.000159295
0.000159294
0.000159293
0.000159293
0.000159292
0.000159292
0.000159291
0.000159291
0.000159291
0.000159291
0.000159291
0.000159292
0.000159292
0.000159292
0.000159293
0.000159293
0.000159293
0.000159294
0.000159294
0.000159295
0.000159295
0.000159296
0.000159296
0.000159297
0.000159298
0.000159298
0.000159299
0.0001593
0.0001593
0.000159301
0.000159302
0.000159302
0.000159303
0.000159304
0.000159304
0.000159305
0.000159305
0.000159306
0.000159306
0.000159307
0.000159307
0.000159308
0.000159308
0.000159308
0.000159309
0.000159309
0.00015931
0.00015931
0.00015931
0.000159311
0.000159311
0.000159311
0.000159311
0.000159312
0.000159312
0.000159312
0.000159312
0.000159313
0.000159313
0.000159313
0.000159313
0.000159314
0.000159314
0.000159314
0.000159314
0.000159315
0.000159315
0.000159315
0.000159315
0.000159315
0.000159316
0.000159316
0.000159316
0.000159316
0.000159316
0.000159317
0.000159317
0.000159317
0.000159317
0.000159317
0.000159317
0.000159317
0.000159317
0.000159317
0.000159318
0.000159318
0.000159318
0.000159318
0.000159318
0.000159318
0.000159318
0.000159318
0.000159318
0.000159318
0.000159318
0.000159318
0.000159317
0.000159317
0.000159317
0.000159316
0.000159316
0.000159316
0.000159315
0.000159315
0.000159314
0.000159314
0.000159313
0.000159313
0.000159312
0.000159312
0.000156703
0.000156701
0.0001567
0.000156698
0.000156696
0.000156694
0.000156693
0.000156691
0.00015669
0.000156688
0.000156687
0.000156686
0.000156686
0.000156685
0.000156684
0.000156684
0.000156684
0.000156684
0.000156684
0.000156684
0.000156684
0.000156684
0.000156684
0.000156685
0.000156685
0.000156685
0.000156686
0.000156686
0.000156687
0.000156687
0.000156688
0.000156688
0.000156689
0.00015669
0.00015669
0.000156691
0.000156691
0.000156692
0.000156693
0.000156693
0.000156694
0.000156695
0.000156695
0.000156696
0.000156696
0.000156697
0.000156697
0.000156698
0.000156698
0.000156699
0.000156699
0.0001567
0.0001567
0.000156701
0.000156701
0.000156701
0.000156702
0.000156702
0.000156702
0.000156703
0.000156703
0.000156703
0.000156703
0.000156704
0.000156704
0.000156704
0.000156704
0.000156705
0.000156705
0.000156705
0.000156705
0.000156706
0.000156706
0.000156706
0.000156706
0.000156706
0.000156707
0.000156707
0.000156707
0.000156707
0.000156707
0.000156708
0.000156708
0.000156708
0.000156708
0.000156708
0.000156708
0.000156708
0.000156709
0.000156709
0.000156709
0.000156709
0.000156709
0.000156709
0.000156709
0.000156709
0.000156709
0.00015671
0.00015671
0.00015671
0.00015671
0.00015671
0.00015671
0.00015671
0.00015671
0.000156709
0.000156709
0.000156709
0.000156709
0.000156708
0.000156708
0.000156708
0.000156707
0.000156707
0.000156706
0.000156706
0.000156705
0.000156705
0.000156704
0.000156704
0.000153533
0.000153531
0.00015353
0.000153528
0.000153527
0.000153525
0.000153523
0.000153522
0.00015352
0.000153519
0.000153518
0.000153517
0.000153516
0.000153515
0.000153514
0.000153514
0.000153514
0.000153514
0.000153514
0.000153514
0.000153514
0.000153514
0.000153515
0.000153515
0.000153515
0.000153516
0.000153516
0.000153517
0.000153517
0.000153517
0.000153518
0.000153519
0.000153519
0.00015352
0.00015352
0.000153521
0.000153522
0.000153522
0.000153523
0.000153523
0.000153524
0.000153525
0.000153525
0.000153526
0.000153526
0.000153527
0.000153527
0.000153528
0.000153528
0.000153529
0.000153529
0.00015353
0.00015353
0.00015353
0.000153531
0.000153531
0.000153531
0.000153532
0.000153532
0.000153532
0.000153533
0.000153533
0.000153533
0.000153533
0.000153534
0.000153534
0.000153534
0.000153534
0.000153534
0.000153535
0.000153535
0.000153535
0.000153535
0.000153535
0.000153536
0.000153536
0.000153536
0.000153536
0.000153536
0.000153537
0.000153537
0.000153537
0.000153537
0.000153537
0.000153538
0.000153538
0.000153538
0.000153538
0.000153538
0.000153538
0.000153538
0.000153538
0.000153538
0.000153539
0.000153539
0.000153539
0.000153539
0.000153539
0.000153539
0.000153539
0.000153539
0.000153539
0.000153539
0.000153539
0.000153539
0.000153539
0.000153539
0.000153539
0.000153538
0.000153538
0.000153538
0.000153537
0.000153537
0.000153537
0.000153536
0.000153536
0.000153535
0.000153535
0.000153534
0.000153534
0.00014968
0.000149679
0.000149678
0.000149676
0.000149674
0.000149673
0.000149671
0.000149669
0.000149668
0.000149666
0.000149665
0.000149664
0.000149663
0.000149662
0.000149662
0.000149661
0.000149661
0.000149661
0.000149661
0.000149661
0.000149661
0.000149662
0.000149662
0.000149662
0.000149663
0.000149663
0.000149663
0.000149664
0.000149664
0.000149665
0.000149665
0.000149666
0.000149666
0.000149667
0.000149668
0.000149668
0.000149669
0.000149669
0.00014967
0.00014967
0.000149671
0.000149672
0.000149672
0.000149673
0.000149673
0.000149674
0.000149674
0.000149675
0.000149675
0.000149676
0.000149676
0.000149676
0.000149677
0.000149677
0.000149677
0.000149678
0.000149678
0.000149678
0.000149679
0.000149679
0.000149679
0.000149679
0.00014968
0.00014968
0.00014968
0.00014968
0.000149681
0.000149681
0.000149681
0.000149681
0.000149681
0.000149682
0.000149682
0.000149682
0.000149682
0.000149682
0.000149683
0.000149683
0.000149683
0.000149683
0.000149683
0.000149683
0.000149684
0.000149684
0.000149684
0.000149684
0.000149684
0.000149684
0.000149684
0.000149685
0.000149685
0.000149685
0.000149685
0.000149685
0.000149685
0.000149685
0.000149685
0.000149685
0.000149685
0.000149685
0.000149685
0.000149685
0.000149685
0.000149685
0.000149685
0.000149685
0.000149685
0.000149685
0.000149685
0.000149685
0.000149684
0.000149684
0.000149684
0.000149683
0.000149683
0.000149682
0.000149682
0.000149681
0.000149681
0.00014968
0.00014499
0.000144989
0.000144988
0.000144987
0.000144985
0.000144983
0.000144981
0.000144979
0.000144978
0.000144976
0.000144975
0.000144974
0.000144973
0.000144972
0.000144972
0.000144971
0.000144971
0.000144971
0.000144971
0.000144971
0.000144971
0.000144972
0.000144972
0.000144972
0.000144973
0.000144973
0.000144974
0.000144974
0.000144974
0.000144975
0.000144975
0.000144976
0.000144976
0.000144977
0.000144977
0.000144978
0.000144979
0.000144979
0.00014498
0.00014498
0.000144981
0.000144981
0.000144982
0.000144982
0.000144983
0.000144983
0.000144984
0.000144984
0.000144985
0.000144985
0.000144985
0.000144986
0.000144986
0.000144987
0.000144987
0.000144987
0.000144987
0.000144988
0.000144988
0.000144988
0.000144988
0.000144989
0.000144989
0.000144989
0.000144989
0.00014499
0.00014499
0.00014499
0.00014499
0.00014499
0.000144991
0.000144991
0.000144991
0.000144991
0.000144991
0.000144992
0.000144992
0.000144992
0.000144992
0.000144992
0.000144992
0.000144993
0.000144993
0.000144993
0.000144993
0.000144993
0.000144993
0.000144993
0.000144994
0.000144994
0.000144994
0.000144994
0.000144994
0.000144994
0.000144994
0.000144994
0.000144994
0.000144994
0.000144995
0.000144995
0.000144995
0.000144995
0.000144995
0.000144995
0.000144995
0.000144995
0.000144994
0.000144994
0.000144994
0.000144994
0.000144994
0.000144993
0.000144993
0.000144993
0.000144992
0.000144992
0.000144991
0.000144991
0.00014499
0.00014499
0.000139265
0.000139265
0.000139264
0.000139263
0.000139261
0.000139259
0.000139257
0.000139255
0.000139254
0.000139252
0.000139251
0.00013925
0.000139249
0.000139248
0.000139247
0.000139247
0.000139247
0.000139247
0.000139247
0.000139247
0.000139247
0.000139247
0.000139248
0.000139248
0.000139248
0.000139249
0.000139249
0.00013925
0.00013925
0.000139251
0.000139251
0.000139251
0.000139252
0.000139252
0.000139253
0.000139253
0.000139254
0.000139254
0.000139255
0.000139255
0.000139256
0.000139257
0.000139257
0.000139257
0.000139258
0.000139258
0.000139259
0.000139259
0.00013926
0.00013926
0.00013926
0.000139261
0.000139261
0.000139261
0.000139262
0.000139262
0.000139262
0.000139263
0.000139263
0.000139263
0.000139263
0.000139264
0.000139264
0.000139264
0.000139264
0.000139264
0.000139265
0.000139265
0.000139265
0.000139265
0.000139265
0.000139266
0.000139266
0.000139266
0.000139266
0.000139266
0.000139266
0.000139267
0.000139267
0.000139267
0.000139267
0.000139267
0.000139267
0.000139268
0.000139268
0.000139268
0.000139268
0.000139268
0.000139268
0.000139268
0.000139268
0.000139269
0.000139269
0.000139269
0.000139269
0.000139269
0.000139269
0.000139269
0.000139269
0.000139269
0.000139269
0.000139269
0.000139269
0.000139269
0.000139269
0.000139269
0.000139269
0.000139269
0.000139269
0.000139269
0.000139269
0.000139268
0.000139268
0.000139268
0.000139267
0.000139267
0.000139266
0.000139266
0.000139266
0.000139265
0.000132256
0.000132256
0.000132256
0.000132254
0.000132253
0.000132251
0.000132248
0.000132246
0.000132245
0.000132243
0.000132242
0.000132241
0.00013224
0.000132239
0.000132239
0.000132238
0.000132238
0.000132238
0.000132238
0.000132238
0.000132238
0.000132238
0.000132239
0.000132239
0.000132239
0.00013224
0.00013224
0.000132241
0.000132241
0.000132241
0.000132242
0.000132242
0.000132243
0.000132243
0.000132244
0.000132244
0.000132245
0.000132245
0.000132245
0.000132246
0.000132246
0.000132247
0.000132247
0.000132248
0.000132248
0.000132249
0.000132249
0.00013225
0.00013225
0.00013225
0.000132251
0.000132251
0.000132251
0.000132252
0.000132252
0.000132252
0.000132252
0.000132253
0.000132253
0.000132253
0.000132253
0.000132254
0.000132254
0.000132254
0.000132254
0.000132254
0.000132255
0.000132255
0.000132255
0.000132255
0.000132255
0.000132255
0.000132256
0.000132256
0.000132256
0.000132256
0.000132256
0.000132256
0.000132257
0.000132257
0.000132257
0.000132257
0.000132257
0.000132257
0.000132258
0.000132258
0.000132258
0.000132258
0.000132258
0.000132258
0.000132258
0.000132258
0.000132259
0.000132259
0.000132259
0.000132259
0.000132259
0.000132259
0.000132259
0.000132259
0.000132259
0.000132259
0.000132259
0.000132259
0.000132259
0.000132259
0.000132259
0.000132259
0.000132259
0.000132259
0.000132259
0.000132258
0.000132258
0.000132258
0.000132258
0.000132257
0.000132257
0.000132256
0.000132256
0.000132255
0.000123651
0.000123652
0.000123651
0.00012365
0.000123648
0.000123646
0.000123644
0.000123642
0.00012364
0.000123638
0.000123637
0.000123636
0.000123635
0.000123634
0.000123634
0.000123634
0.000123633
0.000123633
0.000123633
0.000123633
0.000123633
0.000123634
0.000123634
0.000123634
0.000123635
0.000123635
0.000123635
0.000123636
0.000123636
0.000123637
0.000123637
0.000123637
0.000123638
0.000123638
0.000123638
0.000123639
0.000123639
0.00012364
0.00012364
0.000123641
0.000123641
0.000123642
0.000123642
0.000123642
0.000123643
0.000123643
0.000123644
0.000123644
0.000123644
0.000123645
0.000123645
0.000123645
0.000123646
0.000123646
0.000123646
0.000123646
0.000123647
0.000123647
0.000123647
0.000123647
0.000123648
0.000123648
0.000123648
0.000123648
0.000123648
0.000123649
0.000123649
0.000123649
0.000123649
0.000123649
0.000123649
0.00012365
0.00012365
0.00012365
0.00012365
0.00012365
0.00012365
0.000123651
0.000123651
0.000123651
0.000123651
0.000123651
0.000123651
0.000123652
0.000123652
0.000123652
0.000123652
0.000123652
0.000123652
0.000123652
0.000123652
0.000123652
0.000123653
0.000123653
0.000123653
0.000123653
0.000123653
0.000123653
0.000123653
0.000123653
0.000123653
0.000123653
0.000123653
0.000123653
0.000123653
0.000123653
0.000123653
0.000123653
0.000123653
0.000123653
0.000123653
0.000123653
0.000123652
0.000123652
0.000123652
0.000123652
0.000123651
0.000123651
0.00012365
0.00012365
0.000113083
0.000113084
0.000113084
0.000113083
0.000113081
0.000113078
0.000113076
0.000113074
0.000113072
0.000113071
0.00011307
0.000113068
0.000113068
0.000113067
0.000113066
0.000113066
0.000113066
0.000113066
0.000113066
0.000113066
0.000113066
0.000113066
0.000113066
0.000113067
0.000113067
0.000113067
0.000113068
0.000113068
0.000113068
0.000113069
0.000113069
0.000113069
0.00011307
0.00011307
0.00011307
0.000113071
0.000113071
0.000113072
0.000113072
0.000113072
0.000113073
0.000113073
0.000113074
0.000113074
0.000113074
0.000113075
0.000113075
0.000113075
0.000113076
0.000113076
0.000113076
0.000113077
0.000113077
0.000113077
0.000113078
0.000113078
0.000113078
0.000113078
0.000113078
0.000113079
0.000113079
0.000113079
0.000113079
0.000113079
0.00011308
0.00011308
0.00011308
0.00011308
0.00011308
0.00011308
0.000113081
0.000113081
0.000113081
0.000113081
0.000113081
0.000113081
0.000113082
0.000113082
0.000113082
0.000113082
0.000113082
0.000113082
0.000113082
0.000113083
0.000113083
0.000113083
0.000113083
0.000113083
0.000113083
0.000113083
0.000113083
0.000113083
0.000113084
0.000113084
0.000113084
0.000113084
0.000113084
0.000113084
0.000113084
0.000113084
0.000113084
0.000113084
0.000113084
0.000113084
0.000113084
0.000113084
0.000113084
0.000113084
0.000113084
0.000113084
0.000113084
0.000113084
0.000113084
0.000113083
0.000113083
0.000113083
0.000113083
0.000113082
0.000113082
0.000113081
0.00010017
0.000100172
0.000100172
0.00010017
0.000100168
0.000100166
0.000100164
0.000100162
0.00010016
0.000100159
0.000100158
0.000100156
0.000100156
0.000100155
0.000100154
0.000100154
0.000100154
0.000100154
0.000100154
0.000100154
0.000100154
0.000100154
0.000100154
0.000100155
0.000100155
0.000100155
0.000100155
0.000100156
0.000100156
0.000100156
0.000100157
0.000100157
0.000100157
0.000100158
0.000100158
0.000100158
0.000100159
0.000100159
0.000100159
0.00010016
0.00010016
0.00010016
0.000100161
0.000100161
0.000100161
0.000100162
0.000100162
0.000100162
0.000100163
0.000100163
0.000100163
0.000100164
0.000100164
0.000100164
0.000100164
0.000100165
0.000100165
0.000100165
0.000100165
0.000100165
0.000100166
0.000100166
0.000100166
0.000100166
0.000100166
0.000100166
0.000100167
0.000100167
0.000100167
0.000100167
0.000100167
0.000100167
0.000100167
0.000100168
0.000100168
0.000100168
0.000100168
0.000100168
0.000100168
0.000100168
0.000100169
0.000100169
0.000100169
0.000100169
0.000100169
0.000100169
0.000100169
0.000100169
0.00010017
0.00010017
0.00010017
0.00010017
0.00010017
0.00010017
0.00010017
0.00010017
0.00010017
0.00010017
0.00010017
0.000100171
0.000100171
0.000100171
0.000100171
0.000100171
0.000100171
0.000100171
0.000100171
0.000100171
0.000100171
0.000100171
0.000100171
0.00010017
0.00010017
0.00010017
0.00010017
0.00010017
0.000100169
0.000100169
0.000100169
0.000100168
8.46472e-05
8.46491e-05
8.4649e-05
8.46476e-05
8.46457e-05
8.46436e-05
8.46416e-05
8.46398e-05
8.46381e-05
8.46367e-05
8.46356e-05
8.46346e-05
8.46338e-05
8.46332e-05
8.46327e-05
8.46324e-05
8.46322e-05
8.4632e-05
8.4632e-05
8.4632e-05
8.46321e-05
8.46322e-05
8.46324e-05
8.46326e-05
8.46328e-05
8.46331e-05
8.46334e-05
8.46336e-05
8.46339e-05
8.46342e-05
8.46344e-05
8.46347e-05
8.46349e-05
8.46352e-05
8.46354e-05
8.46357e-05
8.4636e-05
8.46363e-05
8.46366e-05
8.46369e-05
8.46373e-05
8.46376e-05
8.46379e-05
8.46382e-05
8.46385e-05
8.46388e-05
8.46391e-05
8.46394e-05
8.46397e-05
8.464e-05
8.46402e-05
8.46405e-05
8.46407e-05
8.46409e-05
8.46411e-05
8.46413e-05
8.46415e-05
8.46417e-05
8.46419e-05
8.46421e-05
8.46422e-05
8.46424e-05
8.46426e-05
8.46427e-05
8.46429e-05
8.4643e-05
8.46432e-05
8.46433e-05
8.46435e-05
8.46436e-05
8.46437e-05
8.46439e-05
8.4644e-05
8.46441e-05
8.46442e-05
8.46444e-05
8.46445e-05
8.46446e-05
8.46448e-05
8.46449e-05
8.4645e-05
8.46452e-05
8.46453e-05
8.46454e-05
8.46455e-05
8.46456e-05
8.46457e-05
8.46458e-05
8.46459e-05
8.4646e-05
8.46461e-05
8.46462e-05
8.46463e-05
8.46464e-05
8.46465e-05
8.46465e-05
8.46466e-05
8.46467e-05
8.46468e-05
8.46468e-05
8.46468e-05
8.46469e-05
8.4647e-05
8.4647e-05
8.4647e-05
8.4647e-05
8.4647e-05
8.4647e-05
8.4647e-05
8.4647e-05
8.46469e-05
8.46468e-05
8.46467e-05
8.46466e-05
8.46464e-05
8.46462e-05
8.4646e-05
8.46457e-05
8.46456e-05
8.46444e-05
6.66704e-05
6.66722e-05
6.66721e-05
6.66709e-05
6.66692e-05
6.66674e-05
6.66656e-05
6.6664e-05
6.66626e-05
6.66613e-05
6.66603e-05
6.66595e-05
6.66588e-05
6.66582e-05
6.66578e-05
6.66575e-05
6.66573e-05
6.66571e-05
6.66571e-05
6.66571e-05
6.66571e-05
6.66572e-05
6.66573e-05
6.66575e-05
6.66577e-05
6.66579e-05
6.66582e-05
6.66583e-05
6.66586e-05
6.66588e-05
6.6659e-05
6.66592e-05
6.66594e-05
6.66596e-05
6.66598e-05
6.666e-05
6.66603e-05
6.66605e-05
6.66608e-05
6.66611e-05
6.66613e-05
6.66616e-05
6.66618e-05
6.66621e-05
6.66624e-05
6.66626e-05
6.66629e-05
6.66631e-05
6.66634e-05
6.66636e-05
6.66638e-05
6.6664e-05
6.66642e-05
6.66644e-05
6.66645e-05
6.66647e-05
6.66649e-05
6.66651e-05
6.66652e-05
6.66654e-05
6.66655e-05
6.66656e-05
6.66658e-05
6.66659e-05
6.66661e-05
6.66662e-05
6.66663e-05
6.66664e-05
6.66666e-05
6.66667e-05
6.66668e-05
6.66669e-05
6.6667e-05
6.66671e-05
6.66672e-05
6.66674e-05
6.66675e-05
6.66676e-05
6.66677e-05
6.66678e-05
6.66679e-05
6.66681e-05
6.66682e-05
6.66683e-05
6.66684e-05
6.66685e-05
6.66686e-05
6.66686e-05
6.66687e-05
6.66688e-05
6.66688e-05
6.66689e-05
6.6669e-05
6.66691e-05
6.66692e-05
6.66692e-05
6.66693e-05
6.66694e-05
6.66694e-05
6.66695e-05
6.66695e-05
6.66696e-05
6.66696e-05
6.66697e-05
6.66697e-05
6.66697e-05
6.66697e-05
6.66697e-05
6.66697e-05
6.66697e-05
6.66697e-05
6.66696e-05
6.66695e-05
6.66694e-05
6.66693e-05
6.66691e-05
6.66689e-05
6.66687e-05
6.66686e-05
6.66675e-05
4.73317e-05
4.73331e-05
4.7333e-05
4.73321e-05
4.73307e-05
4.73294e-05
4.7328e-05
4.73267e-05
4.73256e-05
4.73246e-05
4.73238e-05
4.73231e-05
4.73226e-05
4.73221e-05
4.73218e-05
4.73215e-05
4.73213e-05
4.73212e-05
4.73211e-05
4.73211e-05
4.73211e-05
4.73212e-05
4.73212e-05
4.73214e-05
4.73216e-05
4.73217e-05
4.73219e-05
4.7322e-05
4.73222e-05
4.73223e-05
4.73225e-05
4.73227e-05
4.73228e-05
4.7323e-05
4.73231e-05
4.73233e-05
4.73234e-05
4.73236e-05
4.73238e-05
4.7324e-05
4.73242e-05
4.73244e-05
4.73247e-05
4.73249e-05
4.7325e-05
4.73252e-05
4.73255e-05
4.73257e-05
4.73258e-05
4.73259e-05
4.73261e-05
4.73263e-05
4.73264e-05
4.73266e-05
4.73267e-05
4.73268e-05
4.7327e-05
4.73271e-05
4.73273e-05
4.73274e-05
4.73275e-05
4.73276e-05
4.73277e-05
4.73278e-05
4.73279e-05
4.7328e-05
4.73281e-05
4.73282e-05
4.73283e-05
4.73284e-05
4.73285e-05
4.73286e-05
4.73287e-05
4.73287e-05
4.73288e-05
4.73289e-05
4.7329e-05
4.73291e-05
4.73292e-05
4.73293e-05
4.73294e-05
4.73295e-05
4.73296e-05
4.73297e-05
4.73298e-05
4.73298e-05
4.73299e-05
4.73299e-05
4.73299e-05
4.733e-05
4.73301e-05
4.73301e-05
4.73302e-05
4.73303e-05
4.73303e-05
4.73304e-05
4.73305e-05
4.73305e-05
4.73306e-05
4.73306e-05
4.73306e-05
4.73307e-05
4.73307e-05
4.73308e-05
4.73308e-05
4.73308e-05
4.73308e-05
4.73308e-05
4.73308e-05
4.73308e-05
4.73308e-05
4.73308e-05
4.73307e-05
4.73306e-05
4.73305e-05
4.73304e-05
4.73303e-05
4.73301e-05
4.73301e-05
4.73292e-05
2.90185e-05
2.90195e-05
2.90195e-05
2.90189e-05
2.9018e-05
2.90171e-05
2.90162e-05
2.90153e-05
2.90145e-05
2.9014e-05
2.90134e-05
2.90129e-05
2.90125e-05
2.90122e-05
2.9012e-05
2.90118e-05
2.90116e-05
2.90115e-05
2.90115e-05
2.90114e-05
2.90115e-05
2.90115e-05
2.90115e-05
2.90117e-05
2.90118e-05
2.90119e-05
2.9012e-05
2.90121e-05
2.90122e-05
2.90123e-05
2.90124e-05
2.90125e-05
2.90126e-05
2.90127e-05
2.90128e-05
2.90129e-05
2.9013e-05
2.90131e-05
2.90133e-05
2.90134e-05
2.90135e-05
2.90136e-05
2.90138e-05
2.90139e-05
2.9014e-05
2.90142e-05
2.90143e-05
2.90145e-05
2.90145e-05
2.90146e-05
2.90146e-05
2.90148e-05
2.90149e-05
2.9015e-05
2.90151e-05
2.90152e-05
2.90153e-05
2.90154e-05
2.90155e-05
2.90155e-05
2.90156e-05
2.90157e-05
2.90158e-05
2.90158e-05
2.90159e-05
2.9016e-05
2.90161e-05
2.90161e-05
2.90162e-05
2.90163e-05
2.90163e-05
2.90164e-05
2.90164e-05
2.90165e-05
2.90166e-05
2.90166e-05
2.90167e-05
2.90168e-05
2.90168e-05
2.90169e-05
2.9017e-05
2.9017e-05
2.90171e-05
2.90172e-05
2.90172e-05
2.90173e-05
2.90173e-05
2.90172e-05
2.90172e-05
2.90173e-05
2.90173e-05
2.90174e-05
2.90174e-05
2.90175e-05
2.90175e-05
2.90176e-05
2.90176e-05
2.90176e-05
2.90177e-05
2.90177e-05
2.90177e-05
2.90178e-05
2.90178e-05
2.90178e-05
2.90178e-05
2.90179e-05
2.90179e-05
2.90179e-05
2.90179e-05
2.90179e-05
2.90179e-05
2.90179e-05
2.90178e-05
2.90178e-05
2.90177e-05
2.90177e-05
2.90176e-05
2.90175e-05
2.90174e-05
2.90169e-05
1.46506e-05
1.46511e-05
1.46512e-05
1.46509e-05
1.46504e-05
1.46499e-05
1.46494e-05
1.4649e-05
1.46486e-05
1.46483e-05
1.4648e-05
1.46477e-05
1.46475e-05
1.46473e-05
1.46472e-05
1.46471e-05
1.4647e-05
1.46469e-05
1.46469e-05
1.46469e-05
1.46469e-05
1.46469e-05
1.46469e-05
1.4647e-05
1.46471e-05
1.46471e-05
1.46472e-05
1.46472e-05
1.46473e-05
1.46473e-05
1.46474e-05
1.46474e-05
1.46475e-05
1.46475e-05
1.46476e-05
1.46476e-05
1.46477e-05
1.46477e-05
1.46478e-05
1.46479e-05
1.4648e-05
1.4648e-05
1.46481e-05
1.46482e-05
1.46482e-05
1.46483e-05
1.46484e-05
1.46485e-05
1.46485e-05
1.46485e-05
1.46485e-05
1.46486e-05
1.46487e-05
1.46487e-05
1.46488e-05
1.46488e-05
1.46489e-05
1.46489e-05
1.4649e-05
1.4649e-05
1.46491e-05
1.46491e-05
1.46491e-05
1.46492e-05
1.46492e-05
1.46493e-05
1.46493e-05
1.46493e-05
1.46494e-05
1.46494e-05
1.46495e-05
1.46495e-05
1.46495e-05
1.46495e-05
1.46496e-05
1.46496e-05
1.46497e-05
1.46497e-05
1.46497e-05
1.46498e-05
1.46498e-05
1.46498e-05
1.46499e-05
1.46499e-05
1.46499e-05
1.465e-05
1.465e-05
1.46499e-05
1.46499e-05
1.46499e-05
1.465e-05
1.465e-05
1.465e-05
1.46501e-05
1.46501e-05
1.46501e-05
1.46501e-05
1.46502e-05
1.46502e-05
1.46502e-05
1.46502e-05
1.46502e-05
1.46502e-05
1.46503e-05
1.46503e-05
1.46503e-05
1.46503e-05
1.46503e-05
1.46503e-05
1.46503e-05
1.46503e-05
1.46503e-05
1.46503e-05
1.46503e-05
1.46502e-05
1.46502e-05
1.46501e-05
1.46501e-05
1.46501e-05
1.46498e-05
5.74231e-06
5.74252e-06
5.74255e-06
5.74244e-06
5.74226e-06
5.74206e-06
5.74186e-06
5.74167e-06
5.74152e-06
5.74139e-06
5.74127e-06
5.74116e-06
5.74107e-06
5.741e-06
5.74094e-06
5.7409e-06
5.74087e-06
5.74084e-06
5.74082e-06
5.74081e-06
5.74082e-06
5.74083e-06
5.74084e-06
5.74086e-06
5.74089e-06
5.74091e-06
5.74093e-06
5.74095e-06
5.74097e-06
5.74099e-06
5.74101e-06
5.74103e-06
5.74105e-06
5.74107e-06
5.74109e-06
5.74111e-06
5.74114e-06
5.74116e-06
5.74119e-06
5.74122e-06
5.74125e-06
5.74128e-06
5.7413e-06
5.74133e-06
5.74136e-06
5.74139e-06
5.74142e-06
5.74145e-06
5.74147e-06
5.74147e-06
5.74148e-06
5.74151e-06
5.74153e-06
5.74155e-06
5.74158e-06
5.7416e-06
5.74162e-06
5.74163e-06
5.74165e-06
5.74167e-06
5.74169e-06
5.7417e-06
5.74172e-06
5.74174e-06
5.74175e-06
5.74177e-06
5.74179e-06
5.7418e-06
5.74182e-06
5.74183e-06
5.74185e-06
5.74186e-06
5.74188e-06
5.74189e-06
5.7419e-06
5.74192e-06
5.74193e-06
5.74195e-06
5.74196e-06
5.74197e-06
5.74199e-06
5.74201e-06
5.74202e-06
5.74204e-06
5.74205e-06
5.74206e-06
5.74207e-06
5.74205e-06
5.74205e-06
5.74205e-06
5.74206e-06
5.74208e-06
5.74209e-06
5.7421e-06
5.74211e-06
5.74212e-06
5.74213e-06
5.74214e-06
5.74214e-06
5.74215e-06
5.74216e-06
5.74217e-06
5.74217e-06
5.74218e-06
5.74219e-06
5.74219e-06
5.74219e-06
5.7422e-06
5.7422e-06
5.7422e-06
5.7422e-06
5.7422e-06
5.74219e-06
5.74218e-06
5.74217e-06
5.74216e-06
5.74214e-06
5.74212e-06
5.74211e-06
5.742e-06
1.5538e-06
1.55386e-06
1.55387e-06
1.55384e-06
1.55379e-06
1.55374e-06
1.55368e-06
1.55363e-06
1.55359e-06
1.55355e-06
1.55352e-06
1.55349e-06
1.55346e-06
1.55344e-06
1.55343e-06
1.55342e-06
1.55341e-06
1.5534e-06
1.5534e-06
1.55339e-06
1.5534e-06
1.5534e-06
1.5534e-06
1.55341e-06
1.55341e-06
1.55342e-06
1.55342e-06
1.55343e-06
1.55343e-06
1.55344e-06
1.55345e-06
1.55345e-06
1.55346e-06
1.55346e-06
1.55347e-06
1.55347e-06
1.55348e-06
1.55349e-06
1.5535e-06
1.5535e-06
1.55351e-06
1.55352e-06
1.55353e-06
1.55353e-06
1.55354e-06
1.55355e-06
1.55356e-06
1.55357e-06
1.55357e-06
1.55357e-06
1.55358e-06
1.55358e-06
1.55359e-06
1.55359e-06
1.5536e-06
1.55361e-06
1.55361e-06
1.55362e-06
1.55362e-06
1.55363e-06
1.55363e-06
1.55364e-06
1.55364e-06
1.55364e-06
1.55365e-06
1.55365e-06
1.55366e-06
1.55366e-06
1.55367e-06
1.55367e-06
1.55368e-06
1.55368e-06
1.55368e-06
1.55369e-06
1.55369e-06
1.55369e-06
1.5537e-06
1.5537e-06
1.55371e-06
1.55371e-06
1.55371e-06
1.55372e-06
1.55372e-06
1.55373e-06
1.55373e-06
1.55373e-06
1.55374e-06
1.55373e-06
1.55373e-06
1.55373e-06
1.55373e-06
1.55374e-06
1.55374e-06
1.55374e-06
1.55375e-06
1.55375e-06
1.55375e-06
1.55375e-06
1.55376e-06
1.55376e-06
1.55376e-06
1.55376e-06
1.55376e-06
1.55377e-06
1.55377e-06
1.55377e-06
1.55377e-06
1.55377e-06
1.55377e-06
1.55377e-06
1.55377e-06
1.55377e-06
1.55377e-06
1.55377e-06
1.55376e-06
1.55376e-06
1.55376e-06
1.55375e-06
1.55375e-06
1.55372e-06
2.14088e-07
2.14095e-07
2.14097e-07
2.14093e-07
2.14086e-07
2.14079e-07
2.14072e-07
2.14064e-07
2.14058e-07
2.14054e-07
2.14049e-07
2.14045e-07
2.14042e-07
2.14039e-07
2.14037e-07
2.14035e-07
2.14034e-07
2.14033e-07
2.14032e-07
2.14032e-07
2.14032e-07
2.14032e-07
2.14033e-07
2.14034e-07
2.14034e-07
2.14035e-07
2.14036e-07
2.14037e-07
2.14037e-07
2.14038e-07
2.14039e-07
2.1404e-07
2.14041e-07
2.14041e-07
2.14042e-07
2.14043e-07
2.14044e-07
2.14045e-07
2.14046e-07
2.14047e-07
2.14048e-07
2.14049e-07
2.1405e-07
2.14051e-07
2.14052e-07
2.14053e-07
2.14055e-07
2.14056e-07
2.14056e-07
2.14056e-07
2.14057e-07
2.14058e-07
2.14059e-07
2.1406e-07
2.1406e-07
2.14061e-07
2.14062e-07
2.14063e-07
2.14063e-07
2.14064e-07
2.14065e-07
2.14065e-07
2.14066e-07
2.14066e-07
2.14067e-07
2.14068e-07
2.14068e-07
2.14069e-07
2.1407e-07
2.1407e-07
2.14071e-07
2.14071e-07
2.14072e-07
2.14072e-07
2.14073e-07
2.14073e-07
2.14074e-07
2.14074e-07
2.14075e-07
2.14076e-07
2.14076e-07
2.14077e-07
2.14077e-07
2.14078e-07
2.14078e-07
2.14079e-07
2.14079e-07
2.14078e-07
2.14078e-07
2.14078e-07
2.14079e-07
2.14079e-07
2.1408e-07
2.1408e-07
2.1408e-07
2.14081e-07
2.14081e-07
2.14081e-07
2.14082e-07
2.14082e-07
2.14082e-07
2.14083e-07
2.14083e-07
2.14083e-07
2.14083e-07
2.14084e-07
2.14084e-07
2.14084e-07
2.14084e-07
2.14084e-07
2.14084e-07
2.14084e-07
2.14084e-07
2.14083e-07
2.14083e-07
2.14082e-07
2.14082e-07
2.14081e-07
2.14081e-07
2.14076e-07
7.10426e-09
7.10452e-09
7.10457e-09
7.10444e-09
7.10422e-09
7.10398e-09
7.10373e-09
7.10349e-09
7.1033e-09
7.10313e-09
7.10299e-09
7.10285e-09
7.10274e-09
7.10264e-09
7.10257e-09
7.10252e-09
7.10248e-09
7.10244e-09
7.10242e-09
7.10241e-09
7.10242e-09
7.10243e-09
7.10244e-09
7.10247e-09
7.1025e-09
7.10252e-09
7.10255e-09
7.10258e-09
7.1026e-09
7.10262e-09
7.10265e-09
7.10267e-09
7.1027e-09
7.10273e-09
7.10275e-09
7.10278e-09
7.10281e-09
7.10284e-09
7.10288e-09
7.10291e-09
7.10295e-09
7.10298e-09
7.10302e-09
7.10306e-09
7.10309e-09
7.10313e-09
7.10316e-09
7.1032e-09
7.10322e-09
7.10322e-09
7.10324e-09
7.10327e-09
7.1033e-09
7.10333e-09
7.10336e-09
7.10339e-09
7.10341e-09
7.10343e-09
7.10345e-09
7.10348e-09
7.1035e-09
7.10352e-09
7.10354e-09
7.10356e-09
7.10358e-09
7.1036e-09
7.10363e-09
7.10365e-09
7.10366e-09
7.10368e-09
7.1037e-09
7.10372e-09
7.10374e-09
7.10375e-09
7.10377e-09
7.10379e-09
7.10381e-09
7.10383e-09
7.10384e-09
7.10386e-09
7.10388e-09
7.1039e-09
7.10392e-09
7.10394e-09
7.10395e-09
7.10396e-09
7.10398e-09
7.10395e-09
7.10395e-09
7.10395e-09
7.10397e-09
7.10398e-09
7.10399e-09
7.10401e-09
7.10402e-09
7.10403e-09
7.10405e-09
7.10406e-09
7.10407e-09
7.10408e-09
7.10409e-09
7.1041e-09
7.1041e-09
7.10412e-09
7.10412e-09
7.10413e-09
7.10413e-09
7.10413e-09
7.10414e-09
7.10414e-09
7.10414e-09
7.10413e-09
7.10413e-09
7.10412e-09
7.10411e-09
7.10409e-09
7.10407e-09
7.10404e-09
7.10403e-09
7.10389e-09
)
;

boundaryField
{
    bottomWall
    {
        type            kqRWallFunction;
        value           nonuniform 0();
    }
    topWall
    {
        type            kqRWallFunction;
        value           nonuniform List<scalar> 
120
(
7.10426e-09
7.10452e-09
7.10457e-09
7.10444e-09
7.10422e-09
7.10398e-09
7.10373e-09
7.10349e-09
7.1033e-09
7.10313e-09
7.10299e-09
7.10285e-09
7.10274e-09
7.10264e-09
7.10257e-09
7.10252e-09
7.10248e-09
7.10244e-09
7.10242e-09
7.10241e-09
7.10242e-09
7.10243e-09
7.10244e-09
7.10247e-09
7.1025e-09
7.10252e-09
7.10255e-09
7.10258e-09
7.1026e-09
7.10262e-09
7.10265e-09
7.10267e-09
7.1027e-09
7.10273e-09
7.10275e-09
7.10278e-09
7.10281e-09
7.10284e-09
7.10288e-09
7.10291e-09
7.10295e-09
7.10298e-09
7.10302e-09
7.10306e-09
7.10309e-09
7.10313e-09
7.10316e-09
7.1032e-09
7.10322e-09
7.10322e-09
7.10324e-09
7.10327e-09
7.1033e-09
7.10333e-09
7.10336e-09
7.10339e-09
7.10341e-09
7.10343e-09
7.10345e-09
7.10348e-09
7.1035e-09
7.10352e-09
7.10354e-09
7.10356e-09
7.10358e-09
7.1036e-09
7.10363e-09
7.10365e-09
7.10366e-09
7.10368e-09
7.1037e-09
7.10372e-09
7.10374e-09
7.10375e-09
7.10377e-09
7.10379e-09
7.10381e-09
7.10383e-09
7.10384e-09
7.10386e-09
7.10388e-09
7.1039e-09
7.10392e-09
7.10394e-09
7.10395e-09
7.10396e-09
7.10398e-09
7.10395e-09
7.10395e-09
7.10395e-09
7.10397e-09
7.10398e-09
7.10399e-09
7.10401e-09
7.10402e-09
7.10403e-09
7.10405e-09
7.10406e-09
7.10407e-09
7.10408e-09
7.10409e-09
7.1041e-09
7.1041e-09
7.10412e-09
7.10412e-09
7.10413e-09
7.10413e-09
7.10413e-09
7.10414e-09
7.10414e-09
7.10414e-09
7.10413e-09
7.10413e-09
7.10412e-09
7.10411e-09
7.10409e-09
7.10407e-09
7.10404e-09
7.10403e-09
7.10389e-09
)
;
    }
    sides1_half0
    {
        type            cyclic;
    }
    sides1_half1
    {
        type            cyclic;
    }
    sides2_half0
    {
        type            cyclic;
    }
    sides2_half1
    {
        type            cyclic;
    }
    inout1_half0
    {
        type            cyclic;
    }
    inout1_half1
    {
        type            cyclic;
    }
    inout2_half0
    {
        type            cyclic;
    }
    inout2_half1
    {
        type            cyclic;
    }
    procBoundary0to1
    {
        type            processor;
        value           nonuniform List<scalar> 
122
(
0.000166111
0.000166111
0.000166111
0.000166111
0.000166111
0.000166111
0.000166111
0.000166111
0.000166111
0.000166111
0.000166112
0.000166112
0.000166112
0.000166112
0.000166113
0.000166113
0.000166113
0.000166114
0.000166114
0.000166114
0.000166115
0.000166115
0.000166115
0.000166116
0.000166116
0.000166117
0.000166117
0.000166118
0.000166118
0.000166119
0.000166119
0.00016612
0.00016612
0.000166121
0.000166121
0.000166122
0.000166122
0.000166123
0.000166123
0.000166124
0.000166124
0.000166125
0.000166125
0.000166126
0.000166126
0.000166127
0.000166127
0.000166128
0.000166128
0.000166128
0.000166129
0.000166129
0.00016613
0.00016613
0.00016613
0.000166131
0.000166131
0.000166131
0.000166131
0.000166132
0.000166132
0.000166132
0.000166132
0.000166133
0.000166133
0.000166133
0.000166133
0.000166133
0.000166133
0.000166134
0.000166134
0.000166134
0.000166134
0.000166134
0.000166134
0.000166134
0.000166134
0.000166717
0.000166716
0.000166715
0.000166714
0.000166712
0.000166711
0.00016671
0.000166709
0.000166709
0.000166708
0.000166707
0.000166706
0.000166706
0.000166705
0.000166705
0.000166704
0.000166704
0.000166704
0.000166703
0.000166703
0.000166703
0.000166703
0.000166703
0.000166703
0.000166703
0.000166726
0.000166726
0.000166726
0.000166726
0.000166725
0.000166725
0.000166725
0.000166724
0.000166724
0.000166724
0.000166723
0.000166723
0.000166722
0.000166722
0.000166721
0.000166721
0.00016672
0.000166719
0.000166719
0.000166718
)
;
    }
}


// ************************************************************************* //
