/*--------------------------------*- C++ -*----------------------------------*\
  =========                 |
  \\      /  F ield         | OpenFOAM: The Open Source CFD Toolbox
   \\    /   O peration     | Website:  https://openfoam.org
    \\  /    A nd           | Version:  7
     \\/     M anipulation  |
\*---------------------------------------------------------------------------*/
FoamFile
{
    version     2.0;
    format      ascii;
    class       vectorField;
    location    "constant/polyMesh";
    object      points;
}
// * * * * * * * * * * * * * * * * * * * * * * * * * * * * * * * * * * * * * //


2404
(
(0 0 -0.1)
(0.1 0 -0.1)
(0 0.0001543590404 -0.1)
(0.1 0.0001543590404 -0.1)
(0 0.0003111139071 -0.1)
(0.1 0.0003111139071 -0.1)
(0 0.0004703017862 -0.1)
(0.1 0.0004703017862 -0.1)
(0 0.0006319604406 -0.1)
(0.1 0.0006319604406 -0.1)
(0 0.0007961282196 -0.1)
(0.1 0.0007961282196 -0.1)
(0 0.0009628440677 -0.1)
(0.1 0.0009628440677 -0.1)
(0 0.001132147534 -0.1)
(0.1 0.001132147534 -0.1)
(0 0.001304078781 -0.1)
(0.1 0.001304078781 -0.1)
(0 0.001478678594 -0.1)
(0.1 0.001478678594 -0.1)
(0 0.001655988394 -0.1)
(0.1 0.001655988394 -0.1)
(0 0.001836050241 -0.1)
(0.1 0.001836050241 -0.1)
(0 0.002018906852 -0.1)
(0.1 0.002018906852 -0.1)
(0 0.002204601603 -0.1)
(0.1 0.002204601603 -0.1)
(0 0.002393178546 -0.1)
(0.1 0.002393178546 -0.1)
(0 0.002584682416 -0.1)
(0.1 0.002584682416 -0.1)
(0 0.002779158642 -0.1)
(0.1 0.002779158642 -0.1)
(0 0.002976653359 -0.1)
(0.1 0.002976653359 -0.1)
(0 0.003177213416 -0.1)
(0.1 0.003177213416 -0.1)
(0 0.003380886391 -0.1)
(0.1 0.003380886391 -0.1)
(0 0.003587720601 -0.1)
(0.1 0.003587720601 -0.1)
(0 0.003797765111 -0.1)
(0.1 0.003797765111 -0.1)
(0 0.004011069748 -0.1)
(0.1 0.004011069748 -0.1)
(0 0.004227685114 -0.1)
(0.1 0.004227685114 -0.1)
(0 0.004447662595 -0.1)
(0.1 0.004447662595 -0.1)
(0 0.004671054374 -0.1)
(0.1 0.004671054374 -0.1)
(0 0.004897913445 -0.1)
(0.1 0.004897913445 -0.1)
(0 0.005128293625 -0.1)
(0.1 0.005128293625 -0.1)
(0 0.005362249566 -0.1)
(0.1 0.005362249566 -0.1)
(0 0.005599836766 -0.1)
(0.1 0.005599836766 -0.1)
(0 0.005841111587 -0.1)
(0.1 0.005841111587 -0.1)
(0 0.006086131266 -0.1)
(0.1 0.006086131266 -0.1)
(0 0.006334953927 -0.1)
(0.1 0.006334953927 -0.1)
(0 0.006587638596 -0.1)
(0.1 0.006587638596 -0.1)
(0 0.006844245216 -0.1)
(0.1 0.006844245216 -0.1)
(0 0.00710483466 -0.1)
(0.1 0.00710483466 -0.1)
(0 0.007369468745 -0.1)
(0.1 0.007369468745 -0.1)
(0 0.007638210251 -0.1)
(0.1 0.007638210251 -0.1)
(0 0.007911122927 -0.1)
(0.1 0.007911122927 -0.1)
(0 0.008188271517 -0.1)
(0.1 0.008188271517 -0.1)
(0 0.008469721764 -0.1)
(0.1 0.008469721764 -0.1)
(0 0.008755540437 -0.1)
(0.1 0.008755540437 -0.1)
(0 0.009045795338 -0.1)
(0.1 0.009045795338 -0.1)
(0 0.009340555323 -0.1)
(0.1 0.009340555323 -0.1)
(0 0.009639890314 -0.1)
(0.1 0.009639890314 -0.1)
(0 0.009943871323 -0.1)
(0.1 0.009943871323 -0.1)
(0 0.01025257046 -0.1)
(0.1 0.01025257046 -0.1)
(0 0.01056606095 -0.1)
(0.1 0.01056606095 -0.1)
(0 0.01088441718 -0.1)
(0.1 0.01088441718 -0.1)
(0 0.01120771464 -0.1)
(0.1 0.01120771464 -0.1)
(0 0.01153603005 -0.1)
(0.1 0.01153603005 -0.1)
(0 0.01186944129 -0.1)
(0.1 0.01186944129 -0.1)
(0 0.01220802744 -0.1)
(0.1 0.01220802744 -0.1)
(0 0.01255186883 -0.1)
(0.1 0.01255186883 -0.1)
(0 0.01290104703 -0.1)
(0.1 0.01290104703 -0.1)
(0 0.01325564487 -0.1)
(0.1 0.01325564487 -0.1)
(0 0.01361574647 -0.1)
(0.1 0.01361574647 -0.1)
(0 0.01398143725 -0.1)
(0.1 0.01398143725 -0.1)
(0 0.01435280396 -0.1)
(0.1 0.01435280396 -0.1)
(0 0.0147299347 -0.1)
(0.1 0.0147299347 -0.1)
(0 0.01511291894 -0.1)
(0.1 0.01511291894 -0.1)
(0 0.01550184752 -0.1)
(0.1 0.01550184752 -0.1)
(0 0.01589681272 -0.1)
(0.1 0.01589681272 -0.1)
(0 0.01629790822 -0.1)
(0.1 0.01629790822 -0.1)
(0 0.01670522917 -0.1)
(0.1 0.01670522917 -0.1)
(0 0.01711887221 -0.1)
(0.1 0.01711887221 -0.1)
(0 0.01753893545 -0.1)
(0.1 0.01753893545 -0.1)
(0 0.01796551854 -0.1)
(0.1 0.01796551854 -0.1)
(0 0.01839872269 -0.1)
(0.1 0.01839872269 -0.1)
(0 0.01883865065 -0.1)
(0.1 0.01883865065 -0.1)
(0 0.01928540679 -0.1)
(0.1 0.01928540679 -0.1)
(0 0.01973909709 -0.1)
(0.1 0.01973909709 -0.1)
(0 0.02019982918 -0.1)
(0.1 0.02019982918 -0.1)
(0 0.02066771235 -0.1)
(0.1 0.02066771235 -0.1)
(0 0.02114285759 -0.1)
(0.1 0.02114285759 -0.1)
(0 0.02162537762 -0.1)
(0.1 0.02162537762 -0.1)
(0 0.02211538691 -0.1)
(0.1 0.02211538691 -0.1)
(0 0.02261300169 -0.1)
(0.1 0.02261300169 -0.1)
(0 0.02311834002 -0.1)
(0.1 0.02311834002 -0.1)
(0 0.02363152176 -0.1)
(0.1 0.02363152176 -0.1)
(0 0.02415266867 -0.1)
(0.1 0.02415266867 -0.1)
(0 0.02468190436 -0.1)
(0.1 0.02468190436 -0.1)
(0 0.02521935439 -0.1)
(0.1 0.02521935439 -0.1)
(0 0.02576514625 -0.1)
(0.1 0.02576514625 -0.1)
(0 0.02631940941 -0.1)
(0.1 0.02631940941 -0.1)
(0 0.02688227537 -0.1)
(0.1 0.02688227537 -0.1)
(0 0.02745387763 -0.1)
(0.1 0.02745387763 -0.1)
(0 0.02803435181 -0.1)
(0.1 0.02803435181 -0.1)
(0 0.02862383561 -0.1)
(0.1 0.02862383561 -0.1)
(0 0.02922246885 -0.1)
(0.1 0.02922246885 -0.1)
(0 0.02983039356 -0.1)
(0.1 0.02983039356 -0.1)
(0 0.03044775395 -0.1)
(0.1 0.03044775395 -0.1)
(0 0.03107469646 -0.1)
(0.1 0.03107469646 -0.1)
(0 0.03171136983 -0.1)
(0.1 0.03171136983 -0.1)
(0 0.03235792509 -0.1)
(0.1 0.03235792509 -0.1)
(0 0.03301451562 -0.1)
(0.1 0.03301451562 -0.1)
(0 0.03368129717 -0.1)
(0.1 0.03368129717 -0.1)
(0 0.03435842792 -0.1)
(0.1 0.03435842792 -0.1)
(0 0.03504606851 -0.1)
(0.1 0.03504606851 -0.1)
(0 0.03574438205 -0.1)
(0.1 0.03574438205 -0.1)
(0 0.03645353421 -0.1)
(0.1 0.03645353421 -0.1)
(0 0.0371736932 -0.1)
(0.1 0.0371736932 -0.1)
(0 0.03790502988 -0.1)
(0.1 0.03790502988 -0.1)
(0 0.03864771773 -0.1)
(0.1 0.03864771773 -0.1)
(0 0.03940193293 -0.1)
(0.1 0.03940193293 -0.1)
(0 0.0401678544 -0.1)
(0.1 0.0401678544 -0.1)
(0 0.04094566384 -0.1)
(0.1 0.04094566384 -0.1)
(0 0.04173554575 -0.1)
(0.1 0.04173554575 -0.1)
(0 0.04253768752 -0.1)
(0.1 0.04253768752 -0.1)
(0 0.04335227944 -0.1)
(0.1 0.04335227944 -0.1)
(0 0.04417951474 -0.1)
(0.1 0.04417951474 -0.1)
(0 0.04501958967 -0.1)
(0.1 0.04501958967 -0.1)
(0 0.04587270351 -0.1)
(0.1 0.04587270351 -0.1)
(0 0.04673905864 -0.1)
(0.1 0.04673905864 -0.1)
(0 0.04761886057 -0.1)
(0.1 0.04761886057 -0.1)
(0 0.04851231802 -0.1)
(0.1 0.04851231802 -0.1)
(0 0.04941964294 -0.1)
(0.1 0.04941964294 -0.1)
(0 0.05034105057 -0.1)
(0.1 0.05034105057 -0.1)
(0 0.05127675948 -0.1)
(0.1 0.05127675948 -0.1)
(0 0.05222699165 -0.1)
(0.1 0.05222699165 -0.1)
(0 0.05319197249 -0.1)
(0.1 0.05319197249 -0.1)
(0 0.05417193093 -0.1)
(0.1 0.05417193093 -0.1)
(0 0.05516709942 -0.1)
(0.1 0.05516709942 -0.1)
(0 0.05617771405 -0.1)
(0.1 0.05617771405 -0.1)
(0 0.05720401457 -0.1)
(0.1 0.05720401457 -0.1)
(0 0.05824624442 -0.1)
(0.1 0.05824624442 -0.1)
(0 0.05930465085 -0.1)
(0.1 0.05930465085 -0.1)
(0 0.06037948495 -0.1)
(0.1 0.06037948495 -0.1)
(0 0.06147100168 -0.1)
(0.1 0.06147100168 -0.1)
(0 0.06257945998 -0.1)
(0.1 0.06257945998 -0.1)
(0 0.06370512281 -0.1)
(0.1 0.06370512281 -0.1)
(0 0.06484825719 -0.1)
(0.1 0.06484825719 -0.1)
(0 0.06600913431 -0.1)
(0.1 0.06600913431 -0.1)
(0 0.06718802955 -0.1)
(0.1 0.06718802955 -0.1)
(0 0.06838522257 -0.1)
(0.1 0.06838522257 -0.1)
(0 0.06960099738 -0.1)
(0.1 0.06960099738 -0.1)
(0 0.07083564238 -0.1)
(0.1 0.07083564238 -0.1)
(0 0.07208945047 -0.1)
(0.1 0.07208945047 -0.1)
(0 0.07336271907 -0.1)
(0.1 0.07336271907 -0.1)
(0 0.07465575024 -0.1)
(0.1 0.07465575024 -0.1)
(0 0.07596885071 -0.1)
(0.1 0.07596885071 -0.1)
(0 0.07730233197 -0.1)
(0.1 0.07730233197 -0.1)
(0 0.07865651038 -0.1)
(0.1 0.07865651038 -0.1)
(0 0.08003170715 -0.1)
(0.1 0.08003170715 -0.1)
(0 0.08142824854 -0.1)
(0.1 0.08142824854 -0.1)
(0 0.08284646581 -0.1)
(0.1 0.08284646581 -0.1)
(0 0.08428669542 -0.1)
(0.1 0.08428669542 -0.1)
(0 0.08574927902 -0.1)
(0.1 0.08574927902 -0.1)
(0 0.08723456357 -0.1)
(0.1 0.08723456357 -0.1)
(0 0.0887429014 -0.1)
(0.1 0.0887429014 -0.1)
(0 0.09027465034 -0.1)
(0.1 0.09027465034 -0.1)
(0 0.09183017375 -0.1)
(0.1 0.09183017375 -0.1)
(0 0.09340984064 -0.1)
(0.1 0.09340984064 -0.1)
(0 0.09501402574 -0.1)
(0.1 0.09501402574 -0.1)
(0 0.0966431096 -0.1)
(0.1 0.0966431096 -0.1)
(0 0.09829747868 -0.1)
(0.1 0.09829747868 -0.1)
(0 0.09997752543 -0.1)
(0.1 0.09997752543 -0.1)
(0 0.1016836484 -0.1)
(0.1 0.1016836484 -0.1)
(0 0.1034162523 -0.1)
(0.1 0.1034162523 -0.1)
(0 0.1051757482 -0.1)
(0.1 0.1051757482 -0.1)
(0 0.1069625535 -0.1)
(0.1 0.1069625535 -0.1)
(0 0.108777092 -0.1)
(0.1 0.108777092 -0.1)
(0 0.1106197941 -0.1)
(0.1 0.1106197941 -0.1)
(0 0.1124910971 -0.1)
(0.1 0.1124910971 -0.1)
(0 0.1143914448 -0.1)
(0.1 0.1143914448 -0.1)
(0 0.1163212881 -0.1)
(0.1 0.1163212881 -0.1)
(0 0.1182810847 -0.1)
(0.1 0.1182810847 -0.1)
(0 0.1202712995 -0.1)
(0.1 0.1202712995 -0.1)
(0 0.1222924048 -0.1)
(0.1 0.1222924048 -0.1)
(0 0.1243448798 -0.1)
(0.1 0.1243448798 -0.1)
(0 0.1264292116 -0.1)
(0.1 0.1264292116 -0.1)
(0 0.1285458946 -0.1)
(0.1 0.1285458946 -0.1)
(0 0.1306954309 -0.1)
(0.1 0.1306954309 -0.1)
(0 0.1328783304 -0.1)
(0.1 0.1328783304 -0.1)
(0 0.1350951109 -0.1)
(0.1 0.1350951109 -0.1)
(0 0.1373462984 -0.1)
(0.1 0.1373462984 -0.1)
(0 0.1396324269 -0.1)
(0.1 0.1396324269 -0.1)
(0 0.1419540387 -0.1)
(0.1 0.1419540387 -0.1)
(0 0.1443116845 -0.1)
(0.1 0.1443116845 -0.1)
(0 0.1467059236 -0.1)
(0.1 0.1467059236 -0.1)
(0 0.149137324 -0.1)
(0.1 0.149137324 -0.1)
(0 0.1516064625 -0.1)
(0.1 0.1516064625 -0.1)
(0 0.1541139248 -0.1)
(0.1 0.1541139248 -0.1)
(0 0.1566603057 -0.1)
(0.1 0.1566603057 -0.1)
(0 0.1592462093 -0.1)
(0.1 0.1592462093 -0.1)
(0 0.1618722491 -0.1)
(0.1 0.1618722491 -0.1)
(0 0.164539048 -0.1)
(0.1 0.164539048 -0.1)
(0 0.1672472386 -0.1)
(0.1 0.1672472386 -0.1)
(0 0.1699974634 -0.1)
(0.1 0.1699974634 -0.1)
(0 0.1727903747 -0.1)
(0.1 0.1727903747 -0.1)
(0 0.1756266352 -0.1)
(0.1 0.1756266352 -0.1)
(0 0.1785069177 -0.1)
(0.1 0.1785069177 -0.1)
(0 0.1814319054 -0.1)
(0.1 0.1814319054 -0.1)
(0 0.1844022922 -0.1)
(0.1 0.1844022922 -0.1)
(0 0.1874187828 -0.1)
(0.1 0.1874187828 -0.1)
(0 0.1904820926 -0.1)
(0.1 0.1904820926 -0.1)
(0 0.1935929486 -0.1)
(0.1 0.1935929486 -0.1)
(0 0.1967520885 -0.1)
(0.1 0.1967520885 -0.1)
(0 0.1999602618 -0.1)
(0.1 0.1999602618 -0.1)
(0 0.2032182296 -0.1)
(0.1 0.2032182296 -0.1)
(0 0.2065267647 -0.1)
(0.1 0.2065267647 -0.1)
(0 0.209886652 -0.1)
(0.1 0.209886652 -0.1)
(0 0.2132986886 -0.1)
(0.1 0.2132986886 -0.1)
(0 0.2167636838 -0.1)
(0.1 0.2167636838 -0.1)
(0 0.2202824596 -0.1)
(0.1 0.2202824596 -0.1)
(0 0.2238558508 -0.1)
(0.1 0.2238558508 -0.1)
(0 0.2274847051 -0.1)
(0.1 0.2274847051 -0.1)
(0 0.2311698833 -0.1)
(0.1 0.2311698833 -0.1)
(0 0.2349122596 -0.1)
(0.1 0.2349122596 -0.1)
(0 0.2387127218 -0.1)
(0.1 0.2387127218 -0.1)
(0 0.2425721714 -0.1)
(0.1 0.2425721714 -0.1)
(0 0.2464915241 -0.1)
(0.1 0.2464915241 -0.1)
(0 0.2504717096 -0.1)
(0.1 0.2504717096 -0.1)
(0 0.254513672 -0.1)
(0.1 0.254513672 -0.1)
(0 0.2586183702 -0.1)
(0.1 0.2586183702 -0.1)
(0 0.262786778 -0.1)
(0.1 0.262786778 -0.1)
(0 0.2670198841 -0.1)
(0.1 0.2670198841 -0.1)
(0 0.2713186929 -0.1)
(0.1 0.2713186929 -0.1)
(0 0.275684224 -0.1)
(0.1 0.275684224 -0.1)
(0 0.2801175131 -0.1)
(0.1 0.2801175131 -0.1)
(0 0.2846196118 -0.1)
(0.1 0.2846196118 -0.1)
(0 0.2891915881 -0.1)
(0.1 0.2891915881 -0.1)
(0 0.2938345267 -0.1)
(0.1 0.2938345267 -0.1)
(0 0.298549529 -0.1)
(0.1 0.298549529 -0.1)
(0 0.3033377133 -0.1)
(0.1 0.3033377133 -0.1)
(0 0.3082002157 -0.1)
(0.1 0.3082002157 -0.1)
(0 0.3131381897 -0.1)
(0.1 0.3131381897 -0.1)
(0 0.3181528065 -0.1)
(0.1 0.3181528065 -0.1)
(0 0.3232452559 -0.1)
(0.1 0.3232452559 -0.1)
(0 0.3284167458 -0.1)
(0.1 0.3284167458 -0.1)
(0 0.3336685031 -0.1)
(0.1 0.3336685031 -0.1)
(0 0.3390017735 -0.1)
(0.1 0.3390017735 -0.1)
(0 0.3444178224 -0.1)
(0.1 0.3444178224 -0.1)
(0 0.3499179344 -0.1)
(0.1 0.3499179344 -0.1)
(0 0.3555034143 -0.1)
(0.1 0.3555034143 -0.1)
(0 0.3611755873 -0.1)
(0.1 0.3611755873 -0.1)
(0 0.3669357987 -0.1)
(0.1 0.3669357987 -0.1)
(0 0.3727854151 -0.1)
(0.1 0.3727854151 -0.1)
(0 0.3787258241 -0.1)
(0.1 0.3787258241 -0.1)
(0 0.384758435 -0.1)
(0.1 0.384758435 -0.1)
(0 0.3908846789 -0.1)
(0.1 0.3908846789 -0.1)
(0 0.3971060089 -0.1)
(0.1 0.3971060089 -0.1)
(0 0.403423901 -0.1)
(0.1 0.403423901 -0.1)
(0 0.4098398539 -0.1)
(0.1 0.4098398539 -0.1)
(0 0.4163553896 -0.1)
(0.1 0.4163553896 -0.1)
(0 0.4229720538 -0.1)
(0.1 0.4229720538 -0.1)
(0 0.4296914161 -0.1)
(0.1 0.4296914161 -0.1)
(0 0.4365150704 -0.1)
(0.1 0.4365150704 -0.1)
(0 0.4434446356 -0.1)
(0.1 0.4434446356 -0.1)
(0 0.4504817554 -0.1)
(0.1 0.4504817554 -0.1)
(0 0.4576280993 -0.1)
(0.1 0.4576280993 -0.1)
(0 0.4648853624 -0.1)
(0.1 0.4648853624 -0.1)
(0 0.4722552665 -0.1)
(0.1 0.4722552665 -0.1)
(0 0.4797395598 -0.1)
(0.1 0.4797395598 -0.1)
(0 0.4873400178 -0.1)
(0.1 0.4873400178 -0.1)
(0 0.4950584435 -0.1)
(0.1 0.4950584435 -0.1)
(0 0.5028966678 -0.1)
(0.1 0.5028966678 -0.1)
(0 0.5108565502 -0.1)
(0.1 0.5108565502 -0.1)
(0 0.518939979 -0.1)
(0.1 0.518939979 -0.1)
(0 0.5271488717 -0.1)
(0.1 0.5271488717 -0.1)
(0 0.5354851756 -0.1)
(0.1 0.5354851756 -0.1)
(0 0.5439508684 -0.1)
(0.1 0.5439508684 -0.1)
(0 0.5525479583 -0.1)
(0.1 0.5525479583 -0.1)
(0 0.5612784847 -0.1)
(0.1 0.5612784847 -0.1)
(0 0.5701445188 -0.1)
(0.1 0.5701445188 -0.1)
(0 0.5791481637 -0.1)
(0.1 0.5791481637 -0.1)
(0 0.5882915553 -0.1)
(0.1 0.5882915553 -0.1)
(0 0.5975768626 -0.1)
(0.1 0.5975768626 -0.1)
(0 0.6070062884 -0.1)
(0.1 0.6070062884 -0.1)
(0 0.6165820695 -0.1)
(0.1 0.6165820695 -0.1)
(0 0.6263064776 -0.1)
(0.1 0.6263064776 -0.1)
(0 0.6361818194 -0.1)
(0.1 0.6361818194 -0.1)
(0 0.6462104376 -0.1)
(0.1 0.6462104376 -0.1)
(0 0.6563947114 -0.1)
(0.1 0.6563947114 -0.1)
(0 0.6667370565 -0.1)
(0.1 0.6667370565 -0.1)
(0 0.6772399265 -0.1)
(0.1 0.6772399265 -0.1)
(0 0.6879058129 -0.1)
(0.1 0.6879058129 -0.1)
(0 0.6987372458 -0.1)
(0.1 0.6987372458 -0.1)
(0 0.7097367949 -0.1)
(0.1 0.7097367949 -0.1)
(0 0.7209070693 -0.1)
(0.1 0.7209070693 -0.1)
(0 0.732250719 -0.1)
(0.1 0.732250719 -0.1)
(0 0.7437704349 -0.1)
(0.1 0.7437704349 -0.1)
(0 0.7554689498 -0.1)
(0.1 0.7554689498 -0.1)
(0 0.7673490388 -0.1)
(0.1 0.7673490388 -0.1)
(0 0.7794135202 -0.1)
(0.1 0.7794135202 -0.1)
(0 0.791665256 -0.1)
(0.1 0.791665256 -0.1)
(0 0.8041071525 -0.1)
(0.1 0.8041071525 -0.1)
(0 0.8167421613 -0.1)
(0.1 0.8167421613 -0.1)
(0 0.8295732796 -0.1)
(0.1 0.8295732796 -0.1)
(0 0.8426035514 -0.1)
(0.1 0.8426035514 -0.1)
(0 0.8558360677 -0.1)
(0.1 0.8558360677 -0.1)
(0 0.8692739676 -0.1)
(0.1 0.8692739676 -0.1)
(0 0.8829204389 -0.1)
(0.1 0.8829204389 -0.1)
(0 0.8967787187 -0.1)
(0.1 0.8967787187 -0.1)
(0 0.9108520947 -0.1)
(0.1 0.9108520947 -0.1)
(0 0.9251439054 -0.1)
(0.1 0.9251439054 -0.1)
(0 0.9396575411 -0.1)
(0.1 0.9396575411 -0.1)
(0 0.9543964447 -0.1)
(0.1 0.9543964447 -0.1)
(0 0.9693641128 -0.1)
(0.1 0.9693641128 -0.1)
(0 0.984564096 -0.1)
(0.1 0.984564096 -0.1)
(0 1 -0.1)
(0.1 1 -0.1)
(0 0 0.1)
(0.1 0 0.1)
(0 0.0001543590404 0.1)
(0.1 0.0001543590404 0.1)
(0 0.0003111139071 0.1)
(0.1 0.0003111139071 0.1)
(0 0.0004703017862 0.1)
(0.1 0.0004703017862 0.1)
(0 0.0006319604406 0.1)
(0.1 0.0006319604406 0.1)
(0 0.0007961282196 0.1)
(0.1 0.0007961282196 0.1)
(0 0.0009628440677 0.1)
(0.1 0.0009628440677 0.1)
(0 0.001132147534 0.1)
(0.1 0.001132147534 0.1)
(0 0.001304078781 0.1)
(0.1 0.001304078781 0.1)
(0 0.001478678594 0.1)
(0.1 0.001478678594 0.1)
(0 0.001655988394 0.1)
(0.1 0.001655988394 0.1)
(0 0.001836050241 0.1)
(0.1 0.001836050241 0.1)
(0 0.002018906852 0.1)
(0.1 0.002018906852 0.1)
(0 0.002204601603 0.1)
(0.1 0.002204601603 0.1)
(0 0.002393178546 0.1)
(0.1 0.002393178546 0.1)
(0 0.002584682416 0.1)
(0.1 0.002584682416 0.1)
(0 0.002779158642 0.1)
(0.1 0.002779158642 0.1)
(0 0.002976653359 0.1)
(0.1 0.002976653359 0.1)
(0 0.003177213416 0.1)
(0.1 0.003177213416 0.1)
(0 0.003380886391 0.1)
(0.1 0.003380886391 0.1)
(0 0.003587720601 0.1)
(0.1 0.003587720601 0.1)
(0 0.003797765111 0.1)
(0.1 0.003797765111 0.1)
(0 0.004011069748 0.1)
(0.1 0.004011069748 0.1)
(0 0.004227685114 0.1)
(0.1 0.004227685114 0.1)
(0 0.004447662595 0.1)
(0.1 0.004447662595 0.1)
(0 0.004671054374 0.1)
(0.1 0.004671054374 0.1)
(0 0.004897913445 0.1)
(0.1 0.004897913445 0.1)
(0 0.005128293625 0.1)
(0.1 0.005128293625 0.1)
(0 0.005362249566 0.1)
(0.1 0.005362249566 0.1)
(0 0.005599836766 0.1)
(0.1 0.005599836766 0.1)
(0 0.005841111587 0.1)
(0.1 0.005841111587 0.1)
(0 0.006086131266 0.1)
(0.1 0.006086131266 0.1)
(0 0.006334953927 0.1)
(0.1 0.006334953927 0.1)
(0 0.006587638596 0.1)
(0.1 0.006587638596 0.1)
(0 0.006844245216 0.1)
(0.1 0.006844245216 0.1)
(0 0.00710483466 0.1)
(0.1 0.00710483466 0.1)
(0 0.007369468745 0.1)
(0.1 0.007369468745 0.1)
(0 0.007638210251 0.1)
(0.1 0.007638210251 0.1)
(0 0.007911122927 0.1)
(0.1 0.007911122927 0.1)
(0 0.008188271517 0.1)
(0.1 0.008188271517 0.1)
(0 0.008469721764 0.1)
(0.1 0.008469721764 0.1)
(0 0.008755540437 0.1)
(0.1 0.008755540437 0.1)
(0 0.009045795338 0.1)
(0.1 0.009045795338 0.1)
(0 0.009340555323 0.1)
(0.1 0.009340555323 0.1)
(0 0.009639890314 0.1)
(0.1 0.009639890314 0.1)
(0 0.009943871323 0.1)
(0.1 0.009943871323 0.1)
(0 0.01025257046 0.1)
(0.1 0.01025257046 0.1)
(0 0.01056606095 0.1)
(0.1 0.01056606095 0.1)
(0 0.01088441718 0.1)
(0.1 0.01088441718 0.1)
(0 0.01120771464 0.1)
(0.1 0.01120771464 0.1)
(0 0.01153603005 0.1)
(0.1 0.01153603005 0.1)
(0 0.01186944129 0.1)
(0.1 0.01186944129 0.1)
(0 0.01220802744 0.1)
(0.1 0.01220802744 0.1)
(0 0.01255186883 0.1)
(0.1 0.01255186883 0.1)
(0 0.01290104703 0.1)
(0.1 0.01290104703 0.1)
(0 0.01325564487 0.1)
(0.1 0.01325564487 0.1)
(0 0.01361574647 0.1)
(0.1 0.01361574647 0.1)
(0 0.01398143725 0.1)
(0.1 0.01398143725 0.1)
(0 0.01435280396 0.1)
(0.1 0.01435280396 0.1)
(0 0.0147299347 0.1)
(0.1 0.0147299347 0.1)
(0 0.01511291894 0.1)
(0.1 0.01511291894 0.1)
(0 0.01550184752 0.1)
(0.1 0.01550184752 0.1)
(0 0.01589681272 0.1)
(0.1 0.01589681272 0.1)
(0 0.01629790822 0.1)
(0.1 0.01629790822 0.1)
(0 0.01670522917 0.1)
(0.1 0.01670522917 0.1)
(0 0.01711887221 0.1)
(0.1 0.01711887221 0.1)
(0 0.01753893545 0.1)
(0.1 0.01753893545 0.1)
(0 0.01796551854 0.1)
(0.1 0.01796551854 0.1)
(0 0.01839872269 0.1)
(0.1 0.01839872269 0.1)
(0 0.01883865065 0.1)
(0.1 0.01883865065 0.1)
(0 0.01928540679 0.1)
(0.1 0.01928540679 0.1)
(0 0.01973909709 0.1)
(0.1 0.01973909709 0.1)
(0 0.02019982918 0.1)
(0.1 0.02019982918 0.1)
(0 0.02066771235 0.1)
(0.1 0.02066771235 0.1)
(0 0.02114285759 0.1)
(0.1 0.02114285759 0.1)
(0 0.02162537762 0.1)
(0.1 0.02162537762 0.1)
(0 0.02211538691 0.1)
(0.1 0.02211538691 0.1)
(0 0.02261300169 0.1)
(0.1 0.02261300169 0.1)
(0 0.02311834002 0.1)
(0.1 0.02311834002 0.1)
(0 0.02363152176 0.1)
(0.1 0.02363152176 0.1)
(0 0.02415266867 0.1)
(0.1 0.02415266867 0.1)
(0 0.02468190436 0.1)
(0.1 0.02468190436 0.1)
(0 0.02521935439 0.1)
(0.1 0.02521935439 0.1)
(0 0.02576514625 0.1)
(0.1 0.02576514625 0.1)
(0 0.02631940941 0.1)
(0.1 0.02631940941 0.1)
(0 0.02688227537 0.1)
(0.1 0.02688227537 0.1)
(0 0.02745387763 0.1)
(0.1 0.02745387763 0.1)
(0 0.02803435181 0.1)
(0.1 0.02803435181 0.1)
(0 0.02862383561 0.1)
(0.1 0.02862383561 0.1)
(0 0.02922246885 0.1)
(0.1 0.02922246885 0.1)
(0 0.02983039356 0.1)
(0.1 0.02983039356 0.1)
(0 0.03044775395 0.1)
(0.1 0.03044775395 0.1)
(0 0.03107469646 0.1)
(0.1 0.03107469646 0.1)
(0 0.03171136983 0.1)
(0.1 0.03171136983 0.1)
(0 0.03235792509 0.1)
(0.1 0.03235792509 0.1)
(0 0.03301451562 0.1)
(0.1 0.03301451562 0.1)
(0 0.03368129717 0.1)
(0.1 0.03368129717 0.1)
(0 0.03435842792 0.1)
(0.1 0.03435842792 0.1)
(0 0.03504606851 0.1)
(0.1 0.03504606851 0.1)
(0 0.03574438205 0.1)
(0.1 0.03574438205 0.1)
(0 0.03645353421 0.1)
(0.1 0.03645353421 0.1)
(0 0.0371736932 0.1)
(0.1 0.0371736932 0.1)
(0 0.03790502988 0.1)
(0.1 0.03790502988 0.1)
(0 0.03864771773 0.1)
(0.1 0.03864771773 0.1)
(0 0.03940193293 0.1)
(0.1 0.03940193293 0.1)
(0 0.0401678544 0.1)
(0.1 0.0401678544 0.1)
(0 0.04094566384 0.1)
(0.1 0.04094566384 0.1)
(0 0.04173554575 0.1)
(0.1 0.04173554575 0.1)
(0 0.04253768752 0.1)
(0.1 0.04253768752 0.1)
(0 0.04335227944 0.1)
(0.1 0.04335227944 0.1)
(0 0.04417951474 0.1)
(0.1 0.04417951474 0.1)
(0 0.04501958967 0.1)
(0.1 0.04501958967 0.1)
(0 0.04587270351 0.1)
(0.1 0.04587270351 0.1)
(0 0.04673905864 0.1)
(0.1 0.04673905864 0.1)
(0 0.04761886057 0.1)
(0.1 0.04761886057 0.1)
(0 0.04851231802 0.1)
(0.1 0.04851231802 0.1)
(0 0.04941964294 0.1)
(0.1 0.04941964294 0.1)
(0 0.05034105057 0.1)
(0.1 0.05034105057 0.1)
(0 0.05127675948 0.1)
(0.1 0.05127675948 0.1)
(0 0.05222699165 0.1)
(0.1 0.05222699165 0.1)
(0 0.05319197249 0.1)
(0.1 0.05319197249 0.1)
(0 0.05417193093 0.1)
(0.1 0.05417193093 0.1)
(0 0.05516709942 0.1)
(0.1 0.05516709942 0.1)
(0 0.05617771405 0.1)
(0.1 0.05617771405 0.1)
(0 0.05720401457 0.1)
(0.1 0.05720401457 0.1)
(0 0.05824624442 0.1)
(0.1 0.05824624442 0.1)
(0 0.05930465085 0.1)
(0.1 0.05930465085 0.1)
(0 0.06037948495 0.1)
(0.1 0.06037948495 0.1)
(0 0.06147100168 0.1)
(0.1 0.06147100168 0.1)
(0 0.06257945998 0.1)
(0.1 0.06257945998 0.1)
(0 0.06370512281 0.1)
(0.1 0.06370512281 0.1)
(0 0.06484825719 0.1)
(0.1 0.06484825719 0.1)
(0 0.06600913431 0.1)
(0.1 0.06600913431 0.1)
(0 0.06718802955 0.1)
(0.1 0.06718802955 0.1)
(0 0.06838522257 0.1)
(0.1 0.06838522257 0.1)
(0 0.06960099738 0.1)
(0.1 0.06960099738 0.1)
(0 0.07083564238 0.1)
(0.1 0.07083564238 0.1)
(0 0.07208945047 0.1)
(0.1 0.07208945047 0.1)
(0 0.07336271907 0.1)
(0.1 0.07336271907 0.1)
(0 0.07465575024 0.1)
(0.1 0.07465575024 0.1)
(0 0.07596885071 0.1)
(0.1 0.07596885071 0.1)
(0 0.07730233197 0.1)
(0.1 0.07730233197 0.1)
(0 0.07865651038 0.1)
(0.1 0.07865651038 0.1)
(0 0.08003170715 0.1)
(0.1 0.08003170715 0.1)
(0 0.08142824854 0.1)
(0.1 0.08142824854 0.1)
(0 0.08284646581 0.1)
(0.1 0.08284646581 0.1)
(0 0.08428669542 0.1)
(0.1 0.08428669542 0.1)
(0 0.08574927902 0.1)
(0.1 0.08574927902 0.1)
(0 0.08723456357 0.1)
(0.1 0.08723456357 0.1)
(0 0.0887429014 0.1)
(0.1 0.0887429014 0.1)
(0 0.09027465034 0.1)
(0.1 0.09027465034 0.1)
(0 0.09183017375 0.1)
(0.1 0.09183017375 0.1)
(0 0.09340984064 0.1)
(0.1 0.09340984064 0.1)
(0 0.09501402574 0.1)
(0.1 0.09501402574 0.1)
(0 0.0966431096 0.1)
(0.1 0.0966431096 0.1)
(0 0.09829747868 0.1)
(0.1 0.09829747868 0.1)
(0 0.09997752543 0.1)
(0.1 0.09997752543 0.1)
(0 0.1016836484 0.1)
(0.1 0.1016836484 0.1)
(0 0.1034162523 0.1)
(0.1 0.1034162523 0.1)
(0 0.1051757482 0.1)
(0.1 0.1051757482 0.1)
(0 0.1069625535 0.1)
(0.1 0.1069625535 0.1)
(0 0.108777092 0.1)
(0.1 0.108777092 0.1)
(0 0.1106197941 0.1)
(0.1 0.1106197941 0.1)
(0 0.1124910971 0.1)
(0.1 0.1124910971 0.1)
(0 0.1143914448 0.1)
(0.1 0.1143914448 0.1)
(0 0.1163212881 0.1)
(0.1 0.1163212881 0.1)
(0 0.1182810847 0.1)
(0.1 0.1182810847 0.1)
(0 0.1202712995 0.1)
(0.1 0.1202712995 0.1)
(0 0.1222924048 0.1)
(0.1 0.1222924048 0.1)
(0 0.1243448798 0.1)
(0.1 0.1243448798 0.1)
(0 0.1264292116 0.1)
(0.1 0.1264292116 0.1)
(0 0.1285458946 0.1)
(0.1 0.1285458946 0.1)
(0 0.1306954309 0.1)
(0.1 0.1306954309 0.1)
(0 0.1328783304 0.1)
(0.1 0.1328783304 0.1)
(0 0.1350951109 0.1)
(0.1 0.1350951109 0.1)
(0 0.1373462984 0.1)
(0.1 0.1373462984 0.1)
(0 0.1396324269 0.1)
(0.1 0.1396324269 0.1)
(0 0.1419540387 0.1)
(0.1 0.1419540387 0.1)
(0 0.1443116845 0.1)
(0.1 0.1443116845 0.1)
(0 0.1467059236 0.1)
(0.1 0.1467059236 0.1)
(0 0.149137324 0.1)
(0.1 0.149137324 0.1)
(0 0.1516064625 0.1)
(0.1 0.1516064625 0.1)
(0 0.1541139248 0.1)
(0.1 0.1541139248 0.1)
(0 0.1566603057 0.1)
(0.1 0.1566603057 0.1)
(0 0.1592462093 0.1)
(0.1 0.1592462093 0.1)
(0 0.1618722491 0.1)
(0.1 0.1618722491 0.1)
(0 0.164539048 0.1)
(0.1 0.164539048 0.1)
(0 0.1672472386 0.1)
(0.1 0.1672472386 0.1)
(0 0.1699974634 0.1)
(0.1 0.1699974634 0.1)
(0 0.1727903747 0.1)
(0.1 0.1727903747 0.1)
(0 0.1756266352 0.1)
(0.1 0.1756266352 0.1)
(0 0.1785069177 0.1)
(0.1 0.1785069177 0.1)
(0 0.1814319054 0.1)
(0.1 0.1814319054 0.1)
(0 0.1844022922 0.1)
(0.1 0.1844022922 0.1)
(0 0.1874187828 0.1)
(0.1 0.1874187828 0.1)
(0 0.1904820926 0.1)
(0.1 0.1904820926 0.1)
(0 0.1935929486 0.1)
(0.1 0.1935929486 0.1)
(0 0.1967520885 0.1)
(0.1 0.1967520885 0.1)
(0 0.1999602618 0.1)
(0.1 0.1999602618 0.1)
(0 0.2032182296 0.1)
(0.1 0.2032182296 0.1)
(0 0.2065267647 0.1)
(0.1 0.2065267647 0.1)
(0 0.209886652 0.1)
(0.1 0.209886652 0.1)
(0 0.2132986886 0.1)
(0.1 0.2132986886 0.1)
(0 0.2167636838 0.1)
(0.1 0.2167636838 0.1)
(0 0.2202824596 0.1)
(0.1 0.2202824596 0.1)
(0 0.2238558508 0.1)
(0.1 0.2238558508 0.1)
(0 0.2274847051 0.1)
(0.1 0.2274847051 0.1)
(0 0.2311698833 0.1)
(0.1 0.2311698833 0.1)
(0 0.2349122596 0.1)
(0.1 0.2349122596 0.1)
(0 0.2387127218 0.1)
(0.1 0.2387127218 0.1)
(0 0.2425721714 0.1)
(0.1 0.2425721714 0.1)
(0 0.2464915241 0.1)
(0.1 0.2464915241 0.1)
(0 0.2504717096 0.1)
(0.1 0.2504717096 0.1)
(0 0.254513672 0.1)
(0.1 0.254513672 0.1)
(0 0.2586183702 0.1)
(0.1 0.2586183702 0.1)
(0 0.262786778 0.1)
(0.1 0.262786778 0.1)
(0 0.2670198841 0.1)
(0.1 0.2670198841 0.1)
(0 0.2713186929 0.1)
(0.1 0.2713186929 0.1)
(0 0.275684224 0.1)
(0.1 0.275684224 0.1)
(0 0.2801175131 0.1)
(0.1 0.2801175131 0.1)
(0 0.2846196118 0.1)
(0.1 0.2846196118 0.1)
(0 0.2891915881 0.1)
(0.1 0.2891915881 0.1)
(0 0.2938345267 0.1)
(0.1 0.2938345267 0.1)
(0 0.298549529 0.1)
(0.1 0.298549529 0.1)
(0 0.3033377133 0.1)
(0.1 0.3033377133 0.1)
(0 0.3082002157 0.1)
(0.1 0.3082002157 0.1)
(0 0.3131381897 0.1)
(0.1 0.3131381897 0.1)
(0 0.3181528065 0.1)
(0.1 0.3181528065 0.1)
(0 0.3232452559 0.1)
(0.1 0.3232452559 0.1)
(0 0.3284167458 0.1)
(0.1 0.3284167458 0.1)
(0 0.3336685031 0.1)
(0.1 0.3336685031 0.1)
(0 0.3390017735 0.1)
(0.1 0.3390017735 0.1)
(0 0.3444178224 0.1)
(0.1 0.3444178224 0.1)
(0 0.3499179344 0.1)
(0.1 0.3499179344 0.1)
(0 0.3555034143 0.1)
(0.1 0.3555034143 0.1)
(0 0.3611755873 0.1)
(0.1 0.3611755873 0.1)
(0 0.3669357987 0.1)
(0.1 0.3669357987 0.1)
(0 0.3727854151 0.1)
(0.1 0.3727854151 0.1)
(0 0.3787258241 0.1)
(0.1 0.3787258241 0.1)
(0 0.384758435 0.1)
(0.1 0.384758435 0.1)
(0 0.3908846789 0.1)
(0.1 0.3908846789 0.1)
(0 0.3971060089 0.1)
(0.1 0.3971060089 0.1)
(0 0.403423901 0.1)
(0.1 0.403423901 0.1)
(0 0.4098398539 0.1)
(0.1 0.4098398539 0.1)
(0 0.4163553896 0.1)
(0.1 0.4163553896 0.1)
(0 0.4229720538 0.1)
(0.1 0.4229720538 0.1)
(0 0.4296914161 0.1)
(0.1 0.4296914161 0.1)
(0 0.4365150704 0.1)
(0.1 0.4365150704 0.1)
(0 0.4434446356 0.1)
(0.1 0.4434446356 0.1)
(0 0.4504817554 0.1)
(0.1 0.4504817554 0.1)
(0 0.4576280993 0.1)
(0.1 0.4576280993 0.1)
(0 0.4648853624 0.1)
(0.1 0.4648853624 0.1)
(0 0.4722552665 0.1)
(0.1 0.4722552665 0.1)
(0 0.4797395598 0.1)
(0.1 0.4797395598 0.1)
(0 0.4873400178 0.1)
(0.1 0.4873400178 0.1)
(0 0.4950584435 0.1)
(0.1 0.4950584435 0.1)
(0 0.5028966678 0.1)
(0.1 0.5028966678 0.1)
(0 0.5108565502 0.1)
(0.1 0.5108565502 0.1)
(0 0.518939979 0.1)
(0.1 0.518939979 0.1)
(0 0.5271488717 0.1)
(0.1 0.5271488717 0.1)
(0 0.5354851756 0.1)
(0.1 0.5354851756 0.1)
(0 0.5439508684 0.1)
(0.1 0.5439508684 0.1)
(0 0.5525479583 0.1)
(0.1 0.5525479583 0.1)
(0 0.5612784847 0.1)
(0.1 0.5612784847 0.1)
(0 0.5701445188 0.1)
(0.1 0.5701445188 0.1)
(0 0.5791481637 0.1)
(0.1 0.5791481637 0.1)
(0 0.5882915553 0.1)
(0.1 0.5882915553 0.1)
(0 0.5975768626 0.1)
(0.1 0.5975768626 0.1)
(0 0.6070062884 0.1)
(0.1 0.6070062884 0.1)
(0 0.6165820695 0.1)
(0.1 0.6165820695 0.1)
(0 0.6263064776 0.1)
(0.1 0.6263064776 0.1)
(0 0.6361818194 0.1)
(0.1 0.6361818194 0.1)
(0 0.6462104376 0.1)
(0.1 0.6462104376 0.1)
(0 0.6563947114 0.1)
(0.1 0.6563947114 0.1)
(0 0.6667370565 0.1)
(0.1 0.6667370565 0.1)
(0 0.6772399265 0.1)
(0.1 0.6772399265 0.1)
(0 0.6879058129 0.1)
(0.1 0.6879058129 0.1)
(0 0.6987372458 0.1)
(0.1 0.6987372458 0.1)
(0 0.7097367949 0.1)
(0.1 0.7097367949 0.1)
(0 0.7209070693 0.1)
(0.1 0.7209070693 0.1)
(0 0.732250719 0.1)
(0.1 0.732250719 0.1)
(0 0.7437704349 0.1)
(0.1 0.7437704349 0.1)
(0 0.7554689498 0.1)
(0.1 0.7554689498 0.1)
(0 0.7673490388 0.1)
(0.1 0.7673490388 0.1)
(0 0.7794135202 0.1)
(0.1 0.7794135202 0.1)
(0 0.791665256 0.1)
(0.1 0.791665256 0.1)
(0 0.8041071525 0.1)
(0.1 0.8041071525 0.1)
(0 0.8167421613 0.1)
(0.1 0.8167421613 0.1)
(0 0.8295732796 0.1)
(0.1 0.8295732796 0.1)
(0 0.8426035514 0.1)
(0.1 0.8426035514 0.1)
(0 0.8558360677 0.1)
(0.1 0.8558360677 0.1)
(0 0.8692739676 0.1)
(0.1 0.8692739676 0.1)
(0 0.8829204389 0.1)
(0.1 0.8829204389 0.1)
(0 0.8967787187 0.1)
(0.1 0.8967787187 0.1)
(0 0.9108520947 0.1)
(0.1 0.9108520947 0.1)
(0 0.9251439054 0.1)
(0.1 0.9251439054 0.1)
(0 0.9396575411 0.1)
(0.1 0.9396575411 0.1)
(0 0.9543964447 0.1)
(0.1 0.9543964447 0.1)
(0 0.9693641128 0.1)
(0.1 0.9693641128 0.1)
(0 0.984564096 0.1)
(0.1 0.984564096 0.1)
(0 1 0.1)
(0.1 1 0.1)
(0 1.015435904 -0.1)
(0.1 1.015435904 -0.1)
(0 1.030635887 -0.1)
(0.1 1.030635887 -0.1)
(0 1.045603555 -0.1)
(0.1 1.045603555 -0.1)
(0 1.060342459 -0.1)
(0.1 1.060342459 -0.1)
(0 1.074856095 -0.1)
(0.1 1.074856095 -0.1)
(0 1.089147905 -0.1)
(0.1 1.089147905 -0.1)
(0 1.103221281 -0.1)
(0.1 1.103221281 -0.1)
(0 1.117079561 -0.1)
(0.1 1.117079561 -0.1)
(0 1.130726032 -0.1)
(0.1 1.130726032 -0.1)
(0 1.144163932 -0.1)
(0.1 1.144163932 -0.1)
(0 1.157396449 -0.1)
(0.1 1.157396449 -0.1)
(0 1.17042672 -0.1)
(0.1 1.17042672 -0.1)
(0 1.183257839 -0.1)
(0.1 1.183257839 -0.1)
(0 1.195892848 -0.1)
(0.1 1.195892848 -0.1)
(0 1.208334744 -0.1)
(0.1 1.208334744 -0.1)
(0 1.22058648 -0.1)
(0.1 1.22058648 -0.1)
(0 1.232650961 -0.1)
(0.1 1.232650961 -0.1)
(0 1.24453105 -0.1)
(0.1 1.24453105 -0.1)
(0 1.256229565 -0.1)
(0.1 1.256229565 -0.1)
(0 1.267749281 -0.1)
(0.1 1.267749281 -0.1)
(0 1.279092931 -0.1)
(0.1 1.279092931 -0.1)
(0 1.290263205 -0.1)
(0.1 1.290263205 -0.1)
(0 1.301262754 -0.1)
(0.1 1.301262754 -0.1)
(0 1.312094187 -0.1)
(0.1 1.312094187 -0.1)
(0 1.322760074 -0.1)
(0.1 1.322760074 -0.1)
(0 1.333262943 -0.1)
(0.1 1.333262943 -0.1)
(0 1.343605289 -0.1)
(0.1 1.343605289 -0.1)
(0 1.353789562 -0.1)
(0.1 1.353789562 -0.1)
(0 1.363818181 -0.1)
(0.1 1.363818181 -0.1)
(0 1.373693522 -0.1)
(0.1 1.373693522 -0.1)
(0 1.38341793 -0.1)
(0.1 1.38341793 -0.1)
(0 1.392993712 -0.1)
(0.1 1.392993712 -0.1)
(0 1.402423137 -0.1)
(0.1 1.402423137 -0.1)
(0 1.411708445 -0.1)
(0.1 1.411708445 -0.1)
(0 1.420851836 -0.1)
(0.1 1.420851836 -0.1)
(0 1.429855481 -0.1)
(0.1 1.429855481 -0.1)
(0 1.438721515 -0.1)
(0.1 1.438721515 -0.1)
(0 1.447452042 -0.1)
(0.1 1.447452042 -0.1)
(0 1.456049132 -0.1)
(0.1 1.456049132 -0.1)
(0 1.464514824 -0.1)
(0.1 1.464514824 -0.1)
(0 1.472851128 -0.1)
(0.1 1.472851128 -0.1)
(0 1.481060021 -0.1)
(0.1 1.481060021 -0.1)
(0 1.48914345 -0.1)
(0.1 1.48914345 -0.1)
(0 1.497103332 -0.1)
(0.1 1.497103332 -0.1)
(0 1.504941557 -0.1)
(0.1 1.504941557 -0.1)
(0 1.512659982 -0.1)
(0.1 1.512659982 -0.1)
(0 1.52026044 -0.1)
(0.1 1.52026044 -0.1)
(0 1.527744733 -0.1)
(0.1 1.527744733 -0.1)
(0 1.535114638 -0.1)
(0.1 1.535114638 -0.1)
(0 1.542371901 -0.1)
(0.1 1.542371901 -0.1)
(0 1.549518245 -0.1)
(0.1 1.549518245 -0.1)
(0 1.556555364 -0.1)
(0.1 1.556555364 -0.1)
(0 1.56348493 -0.1)
(0.1 1.56348493 -0.1)
(0 1.570308584 -0.1)
(0.1 1.570308584 -0.1)
(0 1.577027946 -0.1)
(0.1 1.577027946 -0.1)
(0 1.58364461 -0.1)
(0.1 1.58364461 -0.1)
(0 1.590160146 -0.1)
(0.1 1.590160146 -0.1)
(0 1.596576099 -0.1)
(0.1 1.596576099 -0.1)
(0 1.602893991 -0.1)
(0.1 1.602893991 -0.1)
(0 1.609115321 -0.1)
(0.1 1.609115321 -0.1)
(0 1.615241565 -0.1)
(0.1 1.615241565 -0.1)
(0 1.621274176 -0.1)
(0.1 1.621274176 -0.1)
(0 1.627214585 -0.1)
(0.1 1.627214585 -0.1)
(0 1.633064201 -0.1)
(0.1 1.633064201 -0.1)
(0 1.638824413 -0.1)
(0.1 1.638824413 -0.1)
(0 1.644496586 -0.1)
(0.1 1.644496586 -0.1)
(0 1.650082066 -0.1)
(0.1 1.650082066 -0.1)
(0 1.655582178 -0.1)
(0.1 1.655582178 -0.1)
(0 1.660998226 -0.1)
(0.1 1.660998226 -0.1)
(0 1.666331497 -0.1)
(0.1 1.666331497 -0.1)
(0 1.671583254 -0.1)
(0.1 1.671583254 -0.1)
(0 1.676754744 -0.1)
(0.1 1.676754744 -0.1)
(0 1.681847193 -0.1)
(0.1 1.681847193 -0.1)
(0 1.68686181 -0.1)
(0.1 1.68686181 -0.1)
(0 1.691799784 -0.1)
(0.1 1.691799784 -0.1)
(0 1.696662287 -0.1)
(0.1 1.696662287 -0.1)
(0 1.701450471 -0.1)
(0.1 1.701450471 -0.1)
(0 1.706165473 -0.1)
(0.1 1.706165473 -0.1)
(0 1.710808412 -0.1)
(0.1 1.710808412 -0.1)
(0 1.715380388 -0.1)
(0.1 1.715380388 -0.1)
(0 1.719882487 -0.1)
(0.1 1.719882487 -0.1)
(0 1.724315776 -0.1)
(0.1 1.724315776 -0.1)
(0 1.728681307 -0.1)
(0.1 1.728681307 -0.1)
(0 1.732980116 -0.1)
(0.1 1.732980116 -0.1)
(0 1.737213222 -0.1)
(0.1 1.737213222 -0.1)
(0 1.74138163 -0.1)
(0.1 1.74138163 -0.1)
(0 1.745486328 -0.1)
(0.1 1.745486328 -0.1)
(0 1.74952829 -0.1)
(0.1 1.74952829 -0.1)
(0 1.753508476 -0.1)
(0.1 1.753508476 -0.1)
(0 1.757427829 -0.1)
(0.1 1.757427829 -0.1)
(0 1.761287278 -0.1)
(0.1 1.761287278 -0.1)
(0 1.76508774 -0.1)
(0.1 1.76508774 -0.1)
(0 1.768830117 -0.1)
(0.1 1.768830117 -0.1)
(0 1.772515295 -0.1)
(0.1 1.772515295 -0.1)
(0 1.776144149 -0.1)
(0.1 1.776144149 -0.1)
(0 1.77971754 -0.1)
(0.1 1.77971754 -0.1)
(0 1.783236316 -0.1)
(0.1 1.783236316 -0.1)
(0 1.786701311 -0.1)
(0.1 1.786701311 -0.1)
(0 1.790113348 -0.1)
(0.1 1.790113348 -0.1)
(0 1.793473235 -0.1)
(0.1 1.793473235 -0.1)
(0 1.79678177 -0.1)
(0.1 1.79678177 -0.1)
(0 1.800039738 -0.1)
(0.1 1.800039738 -0.1)
(0 1.803247912 -0.1)
(0.1 1.803247912 -0.1)
(0 1.806407051 -0.1)
(0.1 1.806407051 -0.1)
(0 1.809517907 -0.1)
(0.1 1.809517907 -0.1)
(0 1.812581217 -0.1)
(0.1 1.812581217 -0.1)
(0 1.815597708 -0.1)
(0.1 1.815597708 -0.1)
(0 1.818568095 -0.1)
(0.1 1.818568095 -0.1)
(0 1.821493082 -0.1)
(0.1 1.821493082 -0.1)
(0 1.824373365 -0.1)
(0.1 1.824373365 -0.1)
(0 1.827209625 -0.1)
(0.1 1.827209625 -0.1)
(0 1.830002537 -0.1)
(0.1 1.830002537 -0.1)
(0 1.832752761 -0.1)
(0.1 1.832752761 -0.1)
(0 1.835460952 -0.1)
(0.1 1.835460952 -0.1)
(0 1.838127751 -0.1)
(0.1 1.838127751 -0.1)
(0 1.840753791 -0.1)
(0.1 1.840753791 -0.1)
(0 1.843339694 -0.1)
(0.1 1.843339694 -0.1)
(0 1.845886075 -0.1)
(0.1 1.845886075 -0.1)
(0 1.848393538 -0.1)
(0.1 1.848393538 -0.1)
(0 1.850862676 -0.1)
(0.1 1.850862676 -0.1)
(0 1.853294076 -0.1)
(0.1 1.853294076 -0.1)
(0 1.855688316 -0.1)
(0.1 1.855688316 -0.1)
(0 1.858045961 -0.1)
(0.1 1.858045961 -0.1)
(0 1.860367573 -0.1)
(0.1 1.860367573 -0.1)
(0 1.862653702 -0.1)
(0.1 1.862653702 -0.1)
(0 1.864904889 -0.1)
(0.1 1.864904889 -0.1)
(0 1.86712167 -0.1)
(0.1 1.86712167 -0.1)
(0 1.869304569 -0.1)
(0.1 1.869304569 -0.1)
(0 1.871454105 -0.1)
(0.1 1.871454105 -0.1)
(0 1.873570788 -0.1)
(0.1 1.873570788 -0.1)
(0 1.87565512 -0.1)
(0.1 1.87565512 -0.1)
(0 1.877707595 -0.1)
(0.1 1.877707595 -0.1)
(0 1.8797287 -0.1)
(0.1 1.8797287 -0.1)
(0 1.881718915 -0.1)
(0.1 1.881718915 -0.1)
(0 1.883678712 -0.1)
(0.1 1.883678712 -0.1)
(0 1.885608555 -0.1)
(0.1 1.885608555 -0.1)
(0 1.887508903 -0.1)
(0.1 1.887508903 -0.1)
(0 1.889380206 -0.1)
(0.1 1.889380206 -0.1)
(0 1.891222908 -0.1)
(0.1 1.891222908 -0.1)
(0 1.893037447 -0.1)
(0.1 1.893037447 -0.1)
(0 1.894824252 -0.1)
(0.1 1.894824252 -0.1)
(0 1.896583748 -0.1)
(0.1 1.896583748 -0.1)
(0 1.898316352 -0.1)
(0.1 1.898316352 -0.1)
(0 1.900022475 -0.1)
(0.1 1.900022475 -0.1)
(0 1.901702521 -0.1)
(0.1 1.901702521 -0.1)
(0 1.90335689 -0.1)
(0.1 1.90335689 -0.1)
(0 1.904985974 -0.1)
(0.1 1.904985974 -0.1)
(0 1.906590159 -0.1)
(0.1 1.906590159 -0.1)
(0 1.908169826 -0.1)
(0.1 1.908169826 -0.1)
(0 1.90972535 -0.1)
(0.1 1.90972535 -0.1)
(0 1.911257099 -0.1)
(0.1 1.911257099 -0.1)
(0 1.912765436 -0.1)
(0.1 1.912765436 -0.1)
(0 1.914250721 -0.1)
(0.1 1.914250721 -0.1)
(0 1.915713305 -0.1)
(0.1 1.915713305 -0.1)
(0 1.917153534 -0.1)
(0.1 1.917153534 -0.1)
(0 1.918571751 -0.1)
(0.1 1.918571751 -0.1)
(0 1.919968293 -0.1)
(0.1 1.919968293 -0.1)
(0 1.92134349 -0.1)
(0.1 1.92134349 -0.1)
(0 1.922697668 -0.1)
(0.1 1.922697668 -0.1)
(0 1.924031149 -0.1)
(0.1 1.924031149 -0.1)
(0 1.92534425 -0.1)
(0.1 1.92534425 -0.1)
(0 1.926637281 -0.1)
(0.1 1.926637281 -0.1)
(0 1.92791055 -0.1)
(0.1 1.92791055 -0.1)
(0 1.929164358 -0.1)
(0.1 1.929164358 -0.1)
(0 1.930399003 -0.1)
(0.1 1.930399003 -0.1)
(0 1.931614777 -0.1)
(0.1 1.931614777 -0.1)
(0 1.93281197 -0.1)
(0.1 1.93281197 -0.1)
(0 1.933990866 -0.1)
(0.1 1.933990866 -0.1)
(0 1.935151743 -0.1)
(0.1 1.935151743 -0.1)
(0 1.936294877 -0.1)
(0.1 1.936294877 -0.1)
(0 1.93742054 -0.1)
(0.1 1.93742054 -0.1)
(0 1.938528998 -0.1)
(0.1 1.938528998 -0.1)
(0 1.939620515 -0.1)
(0.1 1.939620515 -0.1)
(0 1.940695349 -0.1)
(0.1 1.940695349 -0.1)
(0 1.941753756 -0.1)
(0.1 1.941753756 -0.1)
(0 1.942795985 -0.1)
(0.1 1.942795985 -0.1)
(0 1.943822286 -0.1)
(0.1 1.943822286 -0.1)
(0 1.944832901 -0.1)
(0.1 1.944832901 -0.1)
(0 1.945828069 -0.1)
(0.1 1.945828069 -0.1)
(0 1.946808028 -0.1)
(0.1 1.946808028 -0.1)
(0 1.947773008 -0.1)
(0.1 1.947773008 -0.1)
(0 1.948723241 -0.1)
(0.1 1.948723241 -0.1)
(0 1.949658949 -0.1)
(0.1 1.949658949 -0.1)
(0 1.950580357 -0.1)
(0.1 1.950580357 -0.1)
(0 1.951487682 -0.1)
(0.1 1.951487682 -0.1)
(0 1.952381139 -0.1)
(0.1 1.952381139 -0.1)
(0 1.953260941 -0.1)
(0.1 1.953260941 -0.1)
(0 1.954127296 -0.1)
(0.1 1.954127296 -0.1)
(0 1.95498041 -0.1)
(0.1 1.95498041 -0.1)
(0 1.955820485 -0.1)
(0.1 1.955820485 -0.1)
(0 1.956647721 -0.1)
(0.1 1.956647721 -0.1)
(0 1.957462312 -0.1)
(0.1 1.957462312 -0.1)
(0 1.958264454 -0.1)
(0.1 1.958264454 -0.1)
(0 1.959054336 -0.1)
(0.1 1.959054336 -0.1)
(0 1.959832146 -0.1)
(0.1 1.959832146 -0.1)
(0 1.960598067 -0.1)
(0.1 1.960598067 -0.1)
(0 1.961352282 -0.1)
(0.1 1.961352282 -0.1)
(0 1.96209497 -0.1)
(0.1 1.96209497 -0.1)
(0 1.962826307 -0.1)
(0.1 1.962826307 -0.1)
(0 1.963546466 -0.1)
(0.1 1.963546466 -0.1)
(0 1.964255618 -0.1)
(0.1 1.964255618 -0.1)
(0 1.964953931 -0.1)
(0.1 1.964953931 -0.1)
(0 1.965641572 -0.1)
(0.1 1.965641572 -0.1)
(0 1.966318703 -0.1)
(0.1 1.966318703 -0.1)
(0 1.966985484 -0.1)
(0.1 1.966985484 -0.1)
(0 1.967642075 -0.1)
(0.1 1.967642075 -0.1)
(0 1.96828863 -0.1)
(0.1 1.96828863 -0.1)
(0 1.968925304 -0.1)
(0.1 1.968925304 -0.1)
(0 1.969552246 -0.1)
(0.1 1.969552246 -0.1)
(0 1.970169606 -0.1)
(0.1 1.970169606 -0.1)
(0 1.970777531 -0.1)
(0.1 1.970777531 -0.1)
(0 1.971376164 -0.1)
(0.1 1.971376164 -0.1)
(0 1.971965648 -0.1)
(0.1 1.971965648 -0.1)
(0 1.972546122 -0.1)
(0.1 1.972546122 -0.1)
(0 1.973117725 -0.1)
(0.1 1.973117725 -0.1)
(0 1.973680591 -0.1)
(0.1 1.973680591 -0.1)
(0 1.974234854 -0.1)
(0.1 1.974234854 -0.1)
(0 1.974780646 -0.1)
(0.1 1.974780646 -0.1)
(0 1.975318096 -0.1)
(0.1 1.975318096 -0.1)
(0 1.975847331 -0.1)
(0.1 1.975847331 -0.1)
(0 1.976368478 -0.1)
(0.1 1.976368478 -0.1)
(0 1.97688166 -0.1)
(0.1 1.97688166 -0.1)
(0 1.977386998 -0.1)
(0.1 1.977386998 -0.1)
(0 1.977884613 -0.1)
(0.1 1.977884613 -0.1)
(0 1.978374622 -0.1)
(0.1 1.978374622 -0.1)
(0 1.978857142 -0.1)
(0.1 1.978857142 -0.1)
(0 1.979332288 -0.1)
(0.1 1.979332288 -0.1)
(0 1.979800171 -0.1)
(0.1 1.979800171 -0.1)
(0 1.980260903 -0.1)
(0.1 1.980260903 -0.1)
(0 1.980714593 -0.1)
(0.1 1.980714593 -0.1)
(0 1.981161349 -0.1)
(0.1 1.981161349 -0.1)
(0 1.981601277 -0.1)
(0.1 1.981601277 -0.1)
(0 1.982034481 -0.1)
(0.1 1.982034481 -0.1)
(0 1.982461065 -0.1)
(0.1 1.982461065 -0.1)
(0 1.982881128 -0.1)
(0.1 1.982881128 -0.1)
(0 1.983294771 -0.1)
(0.1 1.983294771 -0.1)
(0 1.983702092 -0.1)
(0.1 1.983702092 -0.1)
(0 1.984103187 -0.1)
(0.1 1.984103187 -0.1)
(0 1.984498152 -0.1)
(0.1 1.984498152 -0.1)
(0 1.984887081 -0.1)
(0.1 1.984887081 -0.1)
(0 1.985270065 -0.1)
(0.1 1.985270065 -0.1)
(0 1.985647196 -0.1)
(0.1 1.985647196 -0.1)
(0 1.986018563 -0.1)
(0.1 1.986018563 -0.1)
(0 1.986384254 -0.1)
(0.1 1.986384254 -0.1)
(0 1.986744355 -0.1)
(0.1 1.986744355 -0.1)
(0 1.987098953 -0.1)
(0.1 1.987098953 -0.1)
(0 1.987448131 -0.1)
(0.1 1.987448131 -0.1)
(0 1.987791973 -0.1)
(0.1 1.987791973 -0.1)
(0 1.988130559 -0.1)
(0.1 1.988130559 -0.1)
(0 1.98846397 -0.1)
(0.1 1.98846397 -0.1)
(0 1.988792285 -0.1)
(0.1 1.988792285 -0.1)
(0 1.989115583 -0.1)
(0.1 1.989115583 -0.1)
(0 1.989433939 -0.1)
(0.1 1.989433939 -0.1)
(0 1.98974743 -0.1)
(0.1 1.98974743 -0.1)
(0 1.990056129 -0.1)
(0.1 1.990056129 -0.1)
(0 1.99036011 -0.1)
(0.1 1.99036011 -0.1)
(0 1.990659445 -0.1)
(0.1 1.990659445 -0.1)
(0 1.990954205 -0.1)
(0.1 1.990954205 -0.1)
(0 1.99124446 -0.1)
(0.1 1.99124446 -0.1)
(0 1.991530278 -0.1)
(0.1 1.991530278 -0.1)
(0 1.991811728 -0.1)
(0.1 1.991811728 -0.1)
(0 1.992088877 -0.1)
(0.1 1.992088877 -0.1)
(0 1.99236179 -0.1)
(0.1 1.99236179 -0.1)
(0 1.992630531 -0.1)
(0.1 1.992630531 -0.1)
(0 1.992895165 -0.1)
(0.1 1.992895165 -0.1)
(0 1.993155755 -0.1)
(0.1 1.993155755 -0.1)
(0 1.993412361 -0.1)
(0.1 1.993412361 -0.1)
(0 1.993665046 -0.1)
(0.1 1.993665046 -0.1)
(0 1.993913869 -0.1)
(0.1 1.993913869 -0.1)
(0 1.994158888 -0.1)
(0.1 1.994158888 -0.1)
(0 1.994400163 -0.1)
(0.1 1.994400163 -0.1)
(0 1.99463775 -0.1)
(0.1 1.99463775 -0.1)
(0 1.994871706 -0.1)
(0.1 1.994871706 -0.1)
(0 1.995102087 -0.1)
(0.1 1.995102087 -0.1)
(0 1.995328946 -0.1)
(0.1 1.995328946 -0.1)
(0 1.995552337 -0.1)
(0.1 1.995552337 -0.1)
(0 1.995772315 -0.1)
(0.1 1.995772315 -0.1)
(0 1.99598893 -0.1)
(0.1 1.99598893 -0.1)
(0 1.996202235 -0.1)
(0.1 1.996202235 -0.1)
(0 1.996412279 -0.1)
(0.1 1.996412279 -0.1)
(0 1.996619114 -0.1)
(0.1 1.996619114 -0.1)
(0 1.996822787 -0.1)
(0.1 1.996822787 -0.1)
(0 1.997023347 -0.1)
(0.1 1.997023347 -0.1)
(0 1.997220841 -0.1)
(0.1 1.997220841 -0.1)
(0 1.997415318 -0.1)
(0.1 1.997415318 -0.1)
(0 1.997606821 -0.1)
(0.1 1.997606821 -0.1)
(0 1.997795398 -0.1)
(0.1 1.997795398 -0.1)
(0 1.997981093 -0.1)
(0.1 1.997981093 -0.1)
(0 1.99816395 -0.1)
(0.1 1.99816395 -0.1)
(0 1.998344012 -0.1)
(0.1 1.998344012 -0.1)
(0 1.998521321 -0.1)
(0.1 1.998521321 -0.1)
(0 1.998695921 -0.1)
(0.1 1.998695921 -0.1)
(0 1.998867852 -0.1)
(0.1 1.998867852 -0.1)
(0 1.999037156 -0.1)
(0.1 1.999037156 -0.1)
(0 1.999203872 -0.1)
(0.1 1.999203872 -0.1)
(0 1.99936804 -0.1)
(0.1 1.99936804 -0.1)
(0 1.999529698 -0.1)
(0.1 1.999529698 -0.1)
(0 1.999688886 -0.1)
(0.1 1.999688886 -0.1)
(0 1.999845641 -0.1)
(0.1 1.999845641 -0.1)
(0 2 -0.1)
(0.1 2 -0.1)
(0 1.015435904 0.1)
(0.1 1.015435904 0.1)
(0 1.030635887 0.1)
(0.1 1.030635887 0.1)
(0 1.045603555 0.1)
(0.1 1.045603555 0.1)
(0 1.060342459 0.1)
(0.1 1.060342459 0.1)
(0 1.074856095 0.1)
(0.1 1.074856095 0.1)
(0 1.089147905 0.1)
(0.1 1.089147905 0.1)
(0 1.103221281 0.1)
(0.1 1.103221281 0.1)
(0 1.117079561 0.1)
(0.1 1.117079561 0.1)
(0 1.130726032 0.1)
(0.1 1.130726032 0.1)
(0 1.144163932 0.1)
(0.1 1.144163932 0.1)
(0 1.157396449 0.1)
(0.1 1.157396449 0.1)
(0 1.17042672 0.1)
(0.1 1.17042672 0.1)
(0 1.183257839 0.1)
(0.1 1.183257839 0.1)
(0 1.195892848 0.1)
(0.1 1.195892848 0.1)
(0 1.208334744 0.1)
(0.1 1.208334744 0.1)
(0 1.22058648 0.1)
(0.1 1.22058648 0.1)
(0 1.232650961 0.1)
(0.1 1.232650961 0.1)
(0 1.24453105 0.1)
(0.1 1.24453105 0.1)
(0 1.256229565 0.1)
(0.1 1.256229565 0.1)
(0 1.267749281 0.1)
(0.1 1.267749281 0.1)
(0 1.279092931 0.1)
(0.1 1.279092931 0.1)
(0 1.290263205 0.1)
(0.1 1.290263205 0.1)
(0 1.301262754 0.1)
(0.1 1.301262754 0.1)
(0 1.312094187 0.1)
(0.1 1.312094187 0.1)
(0 1.322760074 0.1)
(0.1 1.322760074 0.1)
(0 1.333262943 0.1)
(0.1 1.333262943 0.1)
(0 1.343605289 0.1)
(0.1 1.343605289 0.1)
(0 1.353789562 0.1)
(0.1 1.353789562 0.1)
(0 1.363818181 0.1)
(0.1 1.363818181 0.1)
(0 1.373693522 0.1)
(0.1 1.373693522 0.1)
(0 1.38341793 0.1)
(0.1 1.38341793 0.1)
(0 1.392993712 0.1)
(0.1 1.392993712 0.1)
(0 1.402423137 0.1)
(0.1 1.402423137 0.1)
(0 1.411708445 0.1)
(0.1 1.411708445 0.1)
(0 1.420851836 0.1)
(0.1 1.420851836 0.1)
(0 1.429855481 0.1)
(0.1 1.429855481 0.1)
(0 1.438721515 0.1)
(0.1 1.438721515 0.1)
(0 1.447452042 0.1)
(0.1 1.447452042 0.1)
(0 1.456049132 0.1)
(0.1 1.456049132 0.1)
(0 1.464514824 0.1)
(0.1 1.464514824 0.1)
(0 1.472851128 0.1)
(0.1 1.472851128 0.1)
(0 1.481060021 0.1)
(0.1 1.481060021 0.1)
(0 1.48914345 0.1)
(0.1 1.48914345 0.1)
(0 1.497103332 0.1)
(0.1 1.497103332 0.1)
(0 1.504941557 0.1)
(0.1 1.504941557 0.1)
(0 1.512659982 0.1)
(0.1 1.512659982 0.1)
(0 1.52026044 0.1)
(0.1 1.52026044 0.1)
(0 1.527744733 0.1)
(0.1 1.527744733 0.1)
(0 1.535114638 0.1)
(0.1 1.535114638 0.1)
(0 1.542371901 0.1)
(0.1 1.542371901 0.1)
(0 1.549518245 0.1)
(0.1 1.549518245 0.1)
(0 1.556555364 0.1)
(0.1 1.556555364 0.1)
(0 1.56348493 0.1)
(0.1 1.56348493 0.1)
(0 1.570308584 0.1)
(0.1 1.570308584 0.1)
(0 1.577027946 0.1)
(0.1 1.577027946 0.1)
(0 1.58364461 0.1)
(0.1 1.58364461 0.1)
(0 1.590160146 0.1)
(0.1 1.590160146 0.1)
(0 1.596576099 0.1)
(0.1 1.596576099 0.1)
(0 1.602893991 0.1)
(0.1 1.602893991 0.1)
(0 1.609115321 0.1)
(0.1 1.609115321 0.1)
(0 1.615241565 0.1)
(0.1 1.615241565 0.1)
(0 1.621274176 0.1)
(0.1 1.621274176 0.1)
(0 1.627214585 0.1)
(0.1 1.627214585 0.1)
(0 1.633064201 0.1)
(0.1 1.633064201 0.1)
(0 1.638824413 0.1)
(0.1 1.638824413 0.1)
(0 1.644496586 0.1)
(0.1 1.644496586 0.1)
(0 1.650082066 0.1)
(0.1 1.650082066 0.1)
(0 1.655582178 0.1)
(0.1 1.655582178 0.1)
(0 1.660998226 0.1)
(0.1 1.660998226 0.1)
(0 1.666331497 0.1)
(0.1 1.666331497 0.1)
(0 1.671583254 0.1)
(0.1 1.671583254 0.1)
(0 1.676754744 0.1)
(0.1 1.676754744 0.1)
(0 1.681847193 0.1)
(0.1 1.681847193 0.1)
(0 1.68686181 0.1)
(0.1 1.68686181 0.1)
(0 1.691799784 0.1)
(0.1 1.691799784 0.1)
(0 1.696662287 0.1)
(0.1 1.696662287 0.1)
(0 1.701450471 0.1)
(0.1 1.701450471 0.1)
(0 1.706165473 0.1)
(0.1 1.706165473 0.1)
(0 1.710808412 0.1)
(0.1 1.710808412 0.1)
(0 1.715380388 0.1)
(0.1 1.715380388 0.1)
(0 1.719882487 0.1)
(0.1 1.719882487 0.1)
(0 1.724315776 0.1)
(0.1 1.724315776 0.1)
(0 1.728681307 0.1)
(0.1 1.728681307 0.1)
(0 1.732980116 0.1)
(0.1 1.732980116 0.1)
(0 1.737213222 0.1)
(0.1 1.737213222 0.1)
(0 1.74138163 0.1)
(0.1 1.74138163 0.1)
(0 1.745486328 0.1)
(0.1 1.745486328 0.1)
(0 1.74952829 0.1)
(0.1 1.74952829 0.1)
(0 1.753508476 0.1)
(0.1 1.753508476 0.1)
(0 1.757427829 0.1)
(0.1 1.757427829 0.1)
(0 1.761287278 0.1)
(0.1 1.761287278 0.1)
(0 1.76508774 0.1)
(0.1 1.76508774 0.1)
(0 1.768830117 0.1)
(0.1 1.768830117 0.1)
(0 1.772515295 0.1)
(0.1 1.772515295 0.1)
(0 1.776144149 0.1)
(0.1 1.776144149 0.1)
(0 1.77971754 0.1)
(0.1 1.77971754 0.1)
(0 1.783236316 0.1)
(0.1 1.783236316 0.1)
(0 1.786701311 0.1)
(0.1 1.786701311 0.1)
(0 1.790113348 0.1)
(0.1 1.790113348 0.1)
(0 1.793473235 0.1)
(0.1 1.793473235 0.1)
(0 1.79678177 0.1)
(0.1 1.79678177 0.1)
(0 1.800039738 0.1)
(0.1 1.800039738 0.1)
(0 1.803247912 0.1)
(0.1 1.803247912 0.1)
(0 1.806407051 0.1)
(0.1 1.806407051 0.1)
(0 1.809517907 0.1)
(0.1 1.809517907 0.1)
(0 1.812581217 0.1)
(0.1 1.812581217 0.1)
(0 1.815597708 0.1)
(0.1 1.815597708 0.1)
(0 1.818568095 0.1)
(0.1 1.818568095 0.1)
(0 1.821493082 0.1)
(0.1 1.821493082 0.1)
(0 1.824373365 0.1)
(0.1 1.824373365 0.1)
(0 1.827209625 0.1)
(0.1 1.827209625 0.1)
(0 1.830002537 0.1)
(0.1 1.830002537 0.1)
(0 1.832752761 0.1)
(0.1 1.832752761 0.1)
(0 1.835460952 0.1)
(0.1 1.835460952 0.1)
(0 1.838127751 0.1)
(0.1 1.838127751 0.1)
(0 1.840753791 0.1)
(0.1 1.840753791 0.1)
(0 1.843339694 0.1)
(0.1 1.843339694 0.1)
(0 1.845886075 0.1)
(0.1 1.845886075 0.1)
(0 1.848393538 0.1)
(0.1 1.848393538 0.1)
(0 1.850862676 0.1)
(0.1 1.850862676 0.1)
(0 1.853294076 0.1)
(0.1 1.853294076 0.1)
(0 1.855688316 0.1)
(0.1 1.855688316 0.1)
(0 1.858045961 0.1)
(0.1 1.858045961 0.1)
(0 1.860367573 0.1)
(0.1 1.860367573 0.1)
(0 1.862653702 0.1)
(0.1 1.862653702 0.1)
(0 1.864904889 0.1)
(0.1 1.864904889 0.1)
(0 1.86712167 0.1)
(0.1 1.86712167 0.1)
(0 1.869304569 0.1)
(0.1 1.869304569 0.1)
(0 1.871454105 0.1)
(0.1 1.871454105 0.1)
(0 1.873570788 0.1)
(0.1 1.873570788 0.1)
(0 1.87565512 0.1)
(0.1 1.87565512 0.1)
(0 1.877707595 0.1)
(0.1 1.877707595 0.1)
(0 1.8797287 0.1)
(0.1 1.8797287 0.1)
(0 1.881718915 0.1)
(0.1 1.881718915 0.1)
(0 1.883678712 0.1)
(0.1 1.883678712 0.1)
(0 1.885608555 0.1)
(0.1 1.885608555 0.1)
(0 1.887508903 0.1)
(0.1 1.887508903 0.1)
(0 1.889380206 0.1)
(0.1 1.889380206 0.1)
(0 1.891222908 0.1)
(0.1 1.891222908 0.1)
(0 1.893037447 0.1)
(0.1 1.893037447 0.1)
(0 1.894824252 0.1)
(0.1 1.894824252 0.1)
(0 1.896583748 0.1)
(0.1 1.896583748 0.1)
(0 1.898316352 0.1)
(0.1 1.898316352 0.1)
(0 1.900022475 0.1)
(0.1 1.900022475 0.1)
(0 1.901702521 0.1)
(0.1 1.901702521 0.1)
(0 1.90335689 0.1)
(0.1 1.90335689 0.1)
(0 1.904985974 0.1)
(0.1 1.904985974 0.1)
(0 1.906590159 0.1)
(0.1 1.906590159 0.1)
(0 1.908169826 0.1)
(0.1 1.908169826 0.1)
(0 1.90972535 0.1)
(0.1 1.90972535 0.1)
(0 1.911257099 0.1)
(0.1 1.911257099 0.1)
(0 1.912765436 0.1)
(0.1 1.912765436 0.1)
(0 1.914250721 0.1)
(0.1 1.914250721 0.1)
(0 1.915713305 0.1)
(0.1 1.915713305 0.1)
(0 1.917153534 0.1)
(0.1 1.917153534 0.1)
(0 1.918571751 0.1)
(0.1 1.918571751 0.1)
(0 1.919968293 0.1)
(0.1 1.919968293 0.1)
(0 1.92134349 0.1)
(0.1 1.92134349 0.1)
(0 1.922697668 0.1)
(0.1 1.922697668 0.1)
(0 1.924031149 0.1)
(0.1 1.924031149 0.1)
(0 1.92534425 0.1)
(0.1 1.92534425 0.1)
(0 1.926637281 0.1)
(0.1 1.926637281 0.1)
(0 1.92791055 0.1)
(0.1 1.92791055 0.1)
(0 1.929164358 0.1)
(0.1 1.929164358 0.1)
(0 1.930399003 0.1)
(0.1 1.930399003 0.1)
(0 1.931614777 0.1)
(0.1 1.931614777 0.1)
(0 1.93281197 0.1)
(0.1 1.93281197 0.1)
(0 1.933990866 0.1)
(0.1 1.933990866 0.1)
(0 1.935151743 0.1)
(0.1 1.935151743 0.1)
(0 1.936294877 0.1)
(0.1 1.936294877 0.1)
(0 1.93742054 0.1)
(0.1 1.93742054 0.1)
(0 1.938528998 0.1)
(0.1 1.938528998 0.1)
(0 1.939620515 0.1)
(0.1 1.939620515 0.1)
(0 1.940695349 0.1)
(0.1 1.940695349 0.1)
(0 1.941753756 0.1)
(0.1 1.941753756 0.1)
(0 1.942795985 0.1)
(0.1 1.942795985 0.1)
(0 1.943822286 0.1)
(0.1 1.943822286 0.1)
(0 1.944832901 0.1)
(0.1 1.944832901 0.1)
(0 1.945828069 0.1)
(0.1 1.945828069 0.1)
(0 1.946808028 0.1)
(0.1 1.946808028 0.1)
(0 1.947773008 0.1)
(0.1 1.947773008 0.1)
(0 1.948723241 0.1)
(0.1 1.948723241 0.1)
(0 1.949658949 0.1)
(0.1 1.949658949 0.1)
(0 1.950580357 0.1)
(0.1 1.950580357 0.1)
(0 1.951487682 0.1)
(0.1 1.951487682 0.1)
(0 1.952381139 0.1)
(0.1 1.952381139 0.1)
(0 1.953260941 0.1)
(0.1 1.953260941 0.1)
(0 1.954127296 0.1)
(0.1 1.954127296 0.1)
(0 1.95498041 0.1)
(0.1 1.95498041 0.1)
(0 1.955820485 0.1)
(0.1 1.955820485 0.1)
(0 1.956647721 0.1)
(0.1 1.956647721 0.1)
(0 1.957462312 0.1)
(0.1 1.957462312 0.1)
(0 1.958264454 0.1)
(0.1 1.958264454 0.1)
(0 1.959054336 0.1)
(0.1 1.959054336 0.1)
(0 1.959832146 0.1)
(0.1 1.959832146 0.1)
(0 1.960598067 0.1)
(0.1 1.960598067 0.1)
(0 1.961352282 0.1)
(0.1 1.961352282 0.1)
(0 1.96209497 0.1)
(0.1 1.96209497 0.1)
(0 1.962826307 0.1)
(0.1 1.962826307 0.1)
(0 1.963546466 0.1)
(0.1 1.963546466 0.1)
(0 1.964255618 0.1)
(0.1 1.964255618 0.1)
(0 1.964953931 0.1)
(0.1 1.964953931 0.1)
(0 1.965641572 0.1)
(0.1 1.965641572 0.1)
(0 1.966318703 0.1)
(0.1 1.966318703 0.1)
(0 1.966985484 0.1)
(0.1 1.966985484 0.1)
(0 1.967642075 0.1)
(0.1 1.967642075 0.1)
(0 1.96828863 0.1)
(0.1 1.96828863 0.1)
(0 1.968925304 0.1)
(0.1 1.968925304 0.1)
(0 1.969552246 0.1)
(0.1 1.969552246 0.1)
(0 1.970169606 0.1)
(0.1 1.970169606 0.1)
(0 1.970777531 0.1)
(0.1 1.970777531 0.1)
(0 1.971376164 0.1)
(0.1 1.971376164 0.1)
(0 1.971965648 0.1)
(0.1 1.971965648 0.1)
(0 1.972546122 0.1)
(0.1 1.972546122 0.1)
(0 1.973117725 0.1)
(0.1 1.973117725 0.1)
(0 1.973680591 0.1)
(0.1 1.973680591 0.1)
(0 1.974234854 0.1)
(0.1 1.974234854 0.1)
(0 1.974780646 0.1)
(0.1 1.974780646 0.1)
(0 1.975318096 0.1)
(0.1 1.975318096 0.1)
(0 1.975847331 0.1)
(0.1 1.975847331 0.1)
(0 1.976368478 0.1)
(0.1 1.976368478 0.1)
(0 1.97688166 0.1)
(0.1 1.97688166 0.1)
(0 1.977386998 0.1)
(0.1 1.977386998 0.1)
(0 1.977884613 0.1)
(0.1 1.977884613 0.1)
(0 1.978374622 0.1)
(0.1 1.978374622 0.1)
(0 1.978857142 0.1)
(0.1 1.978857142 0.1)
(0 1.979332288 0.1)
(0.1 1.979332288 0.1)
(0 1.979800171 0.1)
(0.1 1.979800171 0.1)
(0 1.980260903 0.1)
(0.1 1.980260903 0.1)
(0 1.980714593 0.1)
(0.1 1.980714593 0.1)
(0 1.981161349 0.1)
(0.1 1.981161349 0.1)
(0 1.981601277 0.1)
(0.1 1.981601277 0.1)
(0 1.982034481 0.1)
(0.1 1.982034481 0.1)
(0 1.982461065 0.1)
(0.1 1.982461065 0.1)
(0 1.982881128 0.1)
(0.1 1.982881128 0.1)
(0 1.983294771 0.1)
(0.1 1.983294771 0.1)
(0 1.983702092 0.1)
(0.1 1.983702092 0.1)
(0 1.984103187 0.1)
(0.1 1.984103187 0.1)
(0 1.984498152 0.1)
(0.1 1.984498152 0.1)
(0 1.984887081 0.1)
(0.1 1.984887081 0.1)
(0 1.985270065 0.1)
(0.1 1.985270065 0.1)
(0 1.985647196 0.1)
(0.1 1.985647196 0.1)
(0 1.986018563 0.1)
(0.1 1.986018563 0.1)
(0 1.986384254 0.1)
(0.1 1.986384254 0.1)
(0 1.986744355 0.1)
(0.1 1.986744355 0.1)
(0 1.987098953 0.1)
(0.1 1.987098953 0.1)
(0 1.987448131 0.1)
(0.1 1.987448131 0.1)
(0 1.987791973 0.1)
(0.1 1.987791973 0.1)
(0 1.988130559 0.1)
(0.1 1.988130559 0.1)
(0 1.98846397 0.1)
(0.1 1.98846397 0.1)
(0 1.988792285 0.1)
(0.1 1.988792285 0.1)
(0 1.989115583 0.1)
(0.1 1.989115583 0.1)
(0 1.989433939 0.1)
(0.1 1.989433939 0.1)
(0 1.98974743 0.1)
(0.1 1.98974743 0.1)
(0 1.990056129 0.1)
(0.1 1.990056129 0.1)
(0 1.99036011 0.1)
(0.1 1.99036011 0.1)
(0 1.990659445 0.1)
(0.1 1.990659445 0.1)
(0 1.990954205 0.1)
(0.1 1.990954205 0.1)
(0 1.99124446 0.1)
(0.1 1.99124446 0.1)
(0 1.991530278 0.1)
(0.1 1.991530278 0.1)
(0 1.991811728 0.1)
(0.1 1.991811728 0.1)
(0 1.992088877 0.1)
(0.1 1.992088877 0.1)
(0 1.99236179 0.1)
(0.1 1.99236179 0.1)
(0 1.992630531 0.1)
(0.1 1.992630531 0.1)
(0 1.992895165 0.1)
(0.1 1.992895165 0.1)
(0 1.993155755 0.1)
(0.1 1.993155755 0.1)
(0 1.993412361 0.1)
(0.1 1.993412361 0.1)
(0 1.993665046 0.1)
(0.1 1.993665046 0.1)
(0 1.993913869 0.1)
(0.1 1.993913869 0.1)
(0 1.994158888 0.1)
(0.1 1.994158888 0.1)
(0 1.994400163 0.1)
(0.1 1.994400163 0.1)
(0 1.99463775 0.1)
(0.1 1.99463775 0.1)
(0 1.994871706 0.1)
(0.1 1.994871706 0.1)
(0 1.995102087 0.1)
(0.1 1.995102087 0.1)
(0 1.995328946 0.1)
(0.1 1.995328946 0.1)
(0 1.995552337 0.1)
(0.1 1.995552337 0.1)
(0 1.995772315 0.1)
(0.1 1.995772315 0.1)
(0 1.99598893 0.1)
(0.1 1.99598893 0.1)
(0 1.996202235 0.1)
(0.1 1.996202235 0.1)
(0 1.996412279 0.1)
(0.1 1.996412279 0.1)
(0 1.996619114 0.1)
(0.1 1.996619114 0.1)
(0 1.996822787 0.1)
(0.1 1.996822787 0.1)
(0 1.997023347 0.1)
(0.1 1.997023347 0.1)
(0 1.997220841 0.1)
(0.1 1.997220841 0.1)
(0 1.997415318 0.1)
(0.1 1.997415318 0.1)
(0 1.997606821 0.1)
(0.1 1.997606821 0.1)
(0 1.997795398 0.1)
(0.1 1.997795398 0.1)
(0 1.997981093 0.1)
(0.1 1.997981093 0.1)
(0 1.99816395 0.1)
(0.1 1.99816395 0.1)
(0 1.998344012 0.1)
(0.1 1.998344012 0.1)
(0 1.998521321 0.1)
(0.1 1.998521321 0.1)
(0 1.998695921 0.1)
(0.1 1.998695921 0.1)
(0 1.998867852 0.1)
(0.1 1.998867852 0.1)
(0 1.999037156 0.1)
(0.1 1.999037156 0.1)
(0 1.999203872 0.1)
(0.1 1.999203872 0.1)
(0 1.99936804 0.1)
(0.1 1.99936804 0.1)
(0 1.999529698 0.1)
(0.1 1.999529698 0.1)
(0 1.999688886 0.1)
(0.1 1.999688886 0.1)
(0 1.999845641 0.1)
(0.1 1.999845641 0.1)
(0 2 0.1)
(0.1 2 0.1)
)


// ************************************************************************* //
