/*--------------------------------*- C++ -*----------------------------------*\
  =========                 |
  \\      /  F ield         | OpenFOAM: The Open Source CFD Toolbox
   \\    /   O peration     | Website:  https://openfoam.org
    \\  /    A nd           | Version:  7
     \\/     M anipulation  |
\*---------------------------------------------------------------------------*/
FoamFile
{
    version     2.0;
    format      ascii;
    class       volScalarField;
    location    "3500";
    object      k;
}
// * * * * * * * * * * * * * * * * * * * * * * * * * * * * * * * * * * * * * //

dimensions      [0 2 -2 0 0 0 0];

internalField   nonuniform List<scalar> 
3963
(
0.000118314
0.000118312
0.000118312
0.000118312
0.000118312
0.000118313
0.000118313
0.000118313
0.000118313
0.000118313
0.000118314
0.000118314
0.000118314
0.000118314
0.000118314
0.000118314
0.000118314
0.000118314
0.000118315
0.000118315
0.000118314
0.000118332
0.000118332
0.000118331
0.000118331
0.00011833
0.000118329
0.000118328
0.000118328
0.000118327
0.000118326
0.000118326
0.000118325
0.000118325
0.000118324
0.000118323
0.000118323
0.00012019
0.000120188
0.000120188
0.000120188
0.000120188
0.000120189
0.000120189
0.000120189
0.000120189
0.00012019
0.00012019
0.00012019
0.00012019
0.00012019
0.00012019
0.000120191
0.000120191
0.000120191
0.000120191
0.000120191
0.000120191
0.000120185
0.000120183
0.000120201
0.000120201
0.000120201
0.000120201
0.000120203
0.000120204
0.000120204
0.000120204
0.000120204
0.000120203
0.000120203
0.000120202
0.000120202
0.000120201
0.000120201
0.0001202
0.0001202
0.000120199
0.000120198
0.000120198
0.000122079
0.000122077
0.000122077
0.000122077
0.000122077
0.000122078
0.000122078
0.000122078
0.000122078
0.000122079
0.000122079
0.000122079
0.000122079
0.00012208
0.00012208
0.00012208
0.00012208
0.00012208
0.00012208
0.000122081
0.000122081
0.000122078
0.000122076
0.000122069
0.000122067
0.000122067
0.000122068
0.000122069
0.000122069
0.00012207
0.000122071
0.000122071
0.000122072
0.000122072
0.000122073
0.000122073
0.000122074
0.000122074
0.000122075
0.000122075
0.000122076
0.000122076
0.000122076
0.000122077
0.000122077
0.000122077
0.000122078
0.000122078
0.000122078
0.000122079
0.000122079
0.000122079
0.000122079
0.000122079
0.00012208
0.00012208
0.00012208
0.00012208
0.00012208
0.000122081
0.000122081
0.000122081
0.000122081
0.000122081
0.000122081
0.000122081
0.000122082
0.000122082
0.000122082
0.000122082
0.000122082
0.000122082
0.000122082
0.000122082
0.000122082
0.000122082
0.000122082
0.000122082
0.000122082
0.000122082
0.000122082
0.000122082
0.000122083
0.000122083
0.000122083
0.000122083
0.000122083
0.000122083
0.000122083
0.000122083
0.000122083
0.000122083
0.000122083
0.000122083
0.000122083
0.000122083
0.000122083
0.000122083
0.000122083
0.000122083
0.000122085
0.000122086
0.000122087
0.000122087
0.000122088
0.000122089
0.00012209
0.00012209
0.00012209
0.00012209
0.00012209
0.000122089
0.000122089
0.000122089
0.000122088
0.000122088
0.000122087
0.000122087
0.000122087
0.000122086
0.000123977
0.000123975
0.000123975
0.000123975
0.000123976
0.000123976
0.000123976
0.000123977
0.000123977
0.000123977
0.000123978
0.000123978
0.000123978
0.000123979
0.000123979
0.000123979
0.000123979
0.000123979
0.000123979
0.00012398
0.00012398
0.000123979
0.000123977
0.000123973
0.00012397
0.000123969
0.000123968
0.000123969
0.000123969
0.000123969
0.000123969
0.00012397
0.00012397
0.000123971
0.000123971
0.000123971
0.000123972
0.000123972
0.000123973
0.000123973
0.000123973
0.000123974
0.000123974
0.000123974
0.000123974
0.000123975
0.000123975
0.000123975
0.000123975
0.000123976
0.000123976
0.000123976
0.000123976
0.000123976
0.000123976
0.000123977
0.000123977
0.000123977
0.000123977
0.000123977
0.000123977
0.000123977
0.000123978
0.000123978
0.000123978
0.000123978
0.000123978
0.000123978
0.000123978
0.000123978
0.000123978
0.000123978
0.000123978
0.000123978
0.000123979
0.000123979
0.000123979
0.000123979
0.000123979
0.000123979
0.000123979
0.000123979
0.000123979
0.000123979
0.000123979
0.000123979
0.000123979
0.000123979
0.000123979
0.000123979
0.000123979
0.000123979
0.000123979
0.000123979
0.000123979
0.000123979
0.000123979
0.000123979
0.000123979
0.000123979
0.00012398
0.000123981
0.000123982
0.000123982
0.000123983
0.000123984
0.000123985
0.000123986
0.000123986
0.000123986
0.000123986
0.000123986
0.000123986
0.000123986
0.000123985
0.000123985
0.000123985
0.000123984
0.000123984
0.000123984
0.00012588
0.000125879
0.000125879
0.000125879
0.00012588
0.00012588
0.00012588
0.000125881
0.000125881
0.000125882
0.000125882
0.000125882
0.000125883
0.000125883
0.000125883
0.000125884
0.000125884
0.000125884
0.000125884
0.000125884
0.000125885
0.000125884
0.000125883
0.000125881
0.000125878
0.000125876
0.000125876
0.000125875
0.000125875
0.000125875
0.000125875
0.000125875
0.000125875
0.000125875
0.000125876
0.000125876
0.000125876
0.000125877
0.000125877
0.000125877
0.000125877
0.000125878
0.000125878
0.000125878
0.000125878
0.000125878
0.000125879
0.000125879
0.000125879
0.000125879
0.000125879
0.000125879
0.000125879
0.00012588
0.00012588
0.00012588
0.00012588
0.00012588
0.00012588
0.00012588
0.00012588
0.000125881
0.000125881
0.000125881
0.000125881
0.000125881
0.000125881
0.000125881
0.000125881
0.000125881
0.000125881
0.000125881
0.000125881
0.000125881
0.000125881
0.000125881
0.000125881
0.000125881
0.000125881
0.000125881
0.000125881
0.000125881
0.000125881
0.000125882
0.000125882
0.000125882
0.000125882
0.000125882
0.000125882
0.000125882
0.000125882
0.000125882
0.000125882
0.000125882
0.000125882
0.000125882
0.000125882
0.000125881
0.000125881
0.000125881
0.000125882
0.000125883
0.000125884
0.000125884
0.000125885
0.000125886
0.000125886
0.000125887
0.000125888
0.000125888
0.000125888
0.000125888
0.000125888
0.000125888
0.000125888
0.000125888
0.000125888
0.000125887
0.000125887
0.000125887
0.000127785
0.000127784
0.000127784
0.000127785
0.000127785
0.000127786
0.000127786
0.000127787
0.000127787
0.000127788
0.000127788
0.000127789
0.000127789
0.000127789
0.00012779
0.00012779
0.00012779
0.00012779
0.000127791
0.000127791
0.000127791
0.000127791
0.000127791
0.000127789
0.000127787
0.000127786
0.000127785
0.000127784
0.000127783
0.000127783
0.000127783
0.000127783
0.000127783
0.000127783
0.000127783
0.000127783
0.000127783
0.000127783
0.000127783
0.000127784
0.000127784
0.000127784
0.000127784
0.000127784
0.000127784
0.000127785
0.000127785
0.000127785
0.000127785
0.000127785
0.000127785
0.000127785
0.000127785
0.000127785
0.000127786
0.000127786
0.000127786
0.000127786
0.000127786
0.000127786
0.000127786
0.000127786
0.000127786
0.000127786
0.000127786
0.000127786
0.000127786
0.000127786
0.000127787
0.000127787
0.000127787
0.000127787
0.000127787
0.000127787
0.000127787
0.000127787
0.000127787
0.000127787
0.000127787
0.000127787
0.000127787
0.000127787
0.000127787
0.000127787
0.000127787
0.000127787
0.000127787
0.000127787
0.000127787
0.000127787
0.000127787
0.000127787
0.000127787
0.000127787
0.000127787
0.000127787
0.000127787
0.000127787
0.000127786
0.000127786
0.000127787
0.000127787
0.000127788
0.000127788
0.000127789
0.00012779
0.00012779
0.000127791
0.000127791
0.000127792
0.000127792
0.000127792
0.000127793
0.000127793
0.000127793
0.000127792
0.000127792
0.000127792
0.000127792
0.000127792
0.000129689
0.000129688
0.000129688
0.000129688
0.000129689
0.00012969
0.00012969
0.000129691
0.000129691
0.000129692
0.000129692
0.000129693
0.000129693
0.000129693
0.000129694
0.000129694
0.000129694
0.000129695
0.000129695
0.000129695
0.000129695
0.000129695
0.000129695
0.000129695
0.000129694
0.000129692
0.000129691
0.00012969
0.00012969
0.000129689
0.000129689
0.000129689
0.000129688
0.000129688
0.000129688
0.000129688
0.000129688
0.000129688
0.000129689
0.000129689
0.000129689
0.000129689
0.000129689
0.000129689
0.000129689
0.000129689
0.000129689
0.000129689
0.000129689
0.000129689
0.000129689
0.000129689
0.00012969
0.00012969
0.00012969
0.00012969
0.00012969
0.00012969
0.00012969
0.00012969
0.00012969
0.00012969
0.00012969
0.00012969
0.00012969
0.00012969
0.00012969
0.00012969
0.00012969
0.00012969
0.00012969
0.00012969
0.00012969
0.00012969
0.00012969
0.00012969
0.00012969
0.00012969
0.00012969
0.00012969
0.00012969
0.00012969
0.00012969
0.00012969
0.00012969
0.00012969
0.00012969
0.00012969
0.00012969
0.00012969
0.00012969
0.00012969
0.00012969
0.00012969
0.00012969
0.00012969
0.00012969
0.00012969
0.00012969
0.00012969
0.00012969
0.00012969
0.000129691
0.000129691
0.000129692
0.000129692
0.000129693
0.000129693
0.000129694
0.000129694
0.000129694
0.000129695
0.000129695
0.000129695
0.000129695
0.000129695
0.000129695
0.000129695
0.000129695
0.000129695
0.000131586
0.000131585
0.000131585
0.000131586
0.000131587
0.000131587
0.000131588
0.000131588
0.000131589
0.000131589
0.00013159
0.00013159
0.000131591
0.000131591
0.000131592
0.000131592
0.000131592
0.000131593
0.000131593
0.000131593
0.000131593
0.000131594
0.000131594
0.000131593
0.000131593
0.000131592
0.000131591
0.00013159
0.00013159
0.000131589
0.000131589
0.000131588
0.000131588
0.000131588
0.000131588
0.000131588
0.000131588
0.000131588
0.000131588
0.000131588
0.000131588
0.000131588
0.000131588
0.000131588
0.000131588
0.000131588
0.000131588
0.000131588
0.000131588
0.000131588
0.000131588
0.000131588
0.000131588
0.000131588
0.000131588
0.000131588
0.000131588
0.000131588
0.000131588
0.000131588
0.000131588
0.000131588
0.000131588
0.000131588
0.000131588
0.000131588
0.000131588
0.000131588
0.000131588
0.000131588
0.000131588
0.000131588
0.000131588
0.000131588
0.000131588
0.000131588
0.000131588
0.000131588
0.000131588
0.000131588
0.000131588
0.000131588
0.000131588
0.000131588
0.000131588
0.000131588
0.000131588
0.000131588
0.000131588
0.000131588
0.000131588
0.000131588
0.000131588
0.000131588
0.000131588
0.000131588
0.000131588
0.000131588
0.000131588
0.000131588
0.000131588
0.000131588
0.000131588
0.000131588
0.000131589
0.000131589
0.000131589
0.00013159
0.00013159
0.000131591
0.000131591
0.000131591
0.000131591
0.000131592
0.000131592
0.000131592
0.000131592
0.000131592
0.000131592
0.000131592
0.000133473
0.000133472
0.000133473
0.000133473
0.000133474
0.000133475
0.000133475
0.000133476
0.000133476
0.000133477
0.000133477
0.000133478
0.000133478
0.000133479
0.000133479
0.00013348
0.00013348
0.00013348
0.000133481
0.000133481
0.000133481
0.000133481
0.000133482
0.000133482
0.000133481
0.000133481
0.00013348
0.00013348
0.000133479
0.000133479
0.000133478
0.000133478
0.000133478
0.000133477
0.000133477
0.000133477
0.000133477
0.000133477
0.000133477
0.000133477
0.000133477
0.000133477
0.000133477
0.000133477
0.000133477
0.000133477
0.000133477
0.000133477
0.000133477
0.000133477
0.000133477
0.000133477
0.000133477
0.000133477
0.000133477
0.000133477
0.000133477
0.000133477
0.000133477
0.000133477
0.000133477
0.000133477
0.000133477
0.000133477
0.000133477
0.000133477
0.000133477
0.000133477
0.000133477
0.000133477
0.000133477
0.000133477
0.000133477
0.000133477
0.000133476
0.000133476
0.000133476
0.000133476
0.000133476
0.000133476
0.000133476
0.000133476
0.000133476
0.000133476
0.000133476
0.000133476
0.000133476
0.000133476
0.000133476
0.000133476
0.000133476
0.000133476
0.000133476
0.000133476
0.000133476
0.000133476
0.000133476
0.000133476
0.000133476
0.000133476
0.000133476
0.000133476
0.000133476
0.000133476
0.000133476
0.000133476
0.000133477
0.000133477
0.000133477
0.000133478
0.000133478
0.000133478
0.000133478
0.000133478
0.000133479
0.000133479
0.000133479
0.000133479
0.000133478
0.000133479
0.000135346
0.000135345
0.000135346
0.000135347
0.000135347
0.000135348
0.000135349
0.000135349
0.00013535
0.00013535
0.000135351
0.000135351
0.000135352
0.000135352
0.000135353
0.000135353
0.000135354
0.000135354
0.000135354
0.000135354
0.000135355
0.000135355
0.000135355
0.000135355
0.000135355
0.000135355
0.000135355
0.000135354
0.000135354
0.000135353
0.000135353
0.000135353
0.000135353
0.000135352
0.000135352
0.000135352
0.000135352
0.000135352
0.000135352
0.000135352
0.000135352
0.000135352
0.000135351
0.000135351
0.000135351
0.000135351
0.000135351
0.000135351
0.000135351
0.000135351
0.000135351
0.000135351
0.000135351
0.000135351
0.000135351
0.000135351
0.000135351
0.000135351
0.000135351
0.000135351
0.000135351
0.000135351
0.000135351
0.000135351
0.000135351
0.000135351
0.000135351
0.000135351
0.000135351
0.000135351
0.000135351
0.000135351
0.000135351
0.000135351
0.000135351
0.000135351
0.000135351
0.000135351
0.000135351
0.000135351
0.000135351
0.00013535
0.00013535
0.00013535
0.00013535
0.00013535
0.00013535
0.00013535
0.00013535
0.00013535
0.00013535
0.00013535
0.00013535
0.00013535
0.00013535
0.00013535
0.00013535
0.00013535
0.00013535
0.00013535
0.00013535
0.00013535
0.00013535
0.00013535
0.00013535
0.00013535
0.00013535
0.00013535
0.000135351
0.000135351
0.000135351
0.000135351
0.000135351
0.000135351
0.000135351
0.000135352
0.000135352
0.000135352
0.000135351
0.000135352
0.000137201
0.000137201
0.000137201
0.000137202
0.000137203
0.000137203
0.000137204
0.000137205
0.000137205
0.000137206
0.000137206
0.000137207
0.000137207
0.000137208
0.000137208
0.000137209
0.000137209
0.000137209
0.00013721
0.00013721
0.00013721
0.00013721
0.000137211
0.000137211
0.000137211
0.000137211
0.000137211
0.00013721
0.00013721
0.00013721
0.00013721
0.000137209
0.000137209
0.000137209
0.000137209
0.000137209
0.000137209
0.000137208
0.000137208
0.000137208
0.000137208
0.000137208
0.000137208
0.000137208
0.000137208
0.000137208
0.000137208
0.000137208
0.000137208
0.000137208
0.000137208
0.000137208
0.000137208
0.000137207
0.000137207
0.000137207
0.000137207
0.000137207
0.000137207
0.000137207
0.000137207
0.000137207
0.000137207
0.000137207
0.000137207
0.000137207
0.000137207
0.000137207
0.000137207
0.000137207
0.000137207
0.000137207
0.000137207
0.000137207
0.000137207
0.000137207
0.000137207
0.000137207
0.000137207
0.000137207
0.000137207
0.000137207
0.000137207
0.000137207
0.000137207
0.000137207
0.000137207
0.000137207
0.000137206
0.000137206
0.000137206
0.000137206
0.000137206
0.000137206
0.000137206
0.000137206
0.000137206
0.000137206
0.000137206
0.000137206
0.000137206
0.000137206
0.000137206
0.000137206
0.000137206
0.000137206
0.000137206
0.000137206
0.000137206
0.000137206
0.000137206
0.000137206
0.000137207
0.000137207
0.000137207
0.000137207
0.000137207
0.000137207
0.000137206
0.000137207
0.000139035
0.000139034
0.000139034
0.000139035
0.000139036
0.000139037
0.000139037
0.000139038
0.000139038
0.000139039
0.00013904
0.00013904
0.000139041
0.000139041
0.000139041
0.000139042
0.000139042
0.000139043
0.000139043
0.000139043
0.000139043
0.000139044
0.000139044
0.000139044
0.000139044
0.000139044
0.000139044
0.000139044
0.000139044
0.000139044
0.000139044
0.000139043
0.000139043
0.000139043
0.000139043
0.000139043
0.000139043
0.000139043
0.000139043
0.000139043
0.000139042
0.000139042
0.000139042
0.000139042
0.000139042
0.000139042
0.000139042
0.000139042
0.000139042
0.000139042
0.000139042
0.000139042
0.000139042
0.000139042
0.000139042
0.000139042
0.000139042
0.000139042
0.000139042
0.000139042
0.000139042
0.000139042
0.000139042
0.000139042
0.000139042
0.000139042
0.000139042
0.000139042
0.000139042
0.000139042
0.000139042
0.000139042
0.000139041
0.000139041
0.000139041
0.000139041
0.000139041
0.000139041
0.000139041
0.000139041
0.000139041
0.000139041
0.000139041
0.000139041
0.000139041
0.000139041
0.000139041
0.000139041
0.000139041
0.000139041
0.000139041
0.000139041
0.000139041
0.00013904
0.00013904
0.00013904
0.00013904
0.00013904
0.00013904
0.00013904
0.00013904
0.00013904
0.00013904
0.00013904
0.00013904
0.00013904
0.00013904
0.00013904
0.00013904
0.00013904
0.00013904
0.00013904
0.00013904
0.00013904
0.00013904
0.00013904
0.00013904
0.00013904
0.00013904
0.00013904
0.000140842
0.000140842
0.000140842
0.000140843
0.000140843
0.000140844
0.000140845
0.000140845
0.000140846
0.000140846
0.000140847
0.000140848
0.000140848
0.000140848
0.000140849
0.000140849
0.00014085
0.00014085
0.00014085
0.00014085
0.000140851
0.000140851
0.000140851
0.000140851
0.000140851
0.000140851
0.000140851
0.000140851
0.000140851
0.000140851
0.000140851
0.000140851
0.000140851
0.000140851
0.000140851
0.000140851
0.000140851
0.000140851
0.000140851
0.000140851
0.000140851
0.000140851
0.000140851
0.000140851
0.000140851
0.00014085
0.00014085
0.00014085
0.00014085
0.00014085
0.00014085
0.00014085
0.00014085
0.00014085
0.00014085
0.00014085
0.00014085
0.00014085
0.00014085
0.00014085
0.00014085
0.00014085
0.00014085
0.00014085
0.00014085
0.00014085
0.00014085
0.00014085
0.00014085
0.00014085
0.00014085
0.00014085
0.00014085
0.00014085
0.00014085
0.00014085
0.00014085
0.00014085
0.00014085
0.00014085
0.00014085
0.00014085
0.000140849
0.000140849
0.000140849
0.000140849
0.000140849
0.000140849
0.000140849
0.000140849
0.000140849
0.000140849
0.000140849
0.000140849
0.000140849
0.000140849
0.000140849
0.000140849
0.000140849
0.000140848
0.000140848
0.000140848
0.000140848
0.000140848
0.000140848
0.000140848
0.000140848
0.000140848
0.000140848
0.000140848
0.000140848
0.000140848
0.000140848
0.000140848
0.000140848
0.000140848
0.000140847
0.000140847
0.000140847
0.000140847
0.00014262
0.00014262
0.00014262
0.000142621
0.000142621
0.000142622
0.000142623
0.000142623
0.000142624
0.000142624
0.000142625
0.000142625
0.000142626
0.000142626
0.000142627
0.000142627
0.000142627
0.000142628
0.000142628
0.000142628
0.000142628
0.000142628
0.000142629
0.000142629
0.000142629
0.000142629
0.000142629
0.000142629
0.000142629
0.000142629
0.000142629
0.000142629
0.000142629
0.000142629
0.000142629
0.000142629
0.000142629
0.000142629
0.000142629
0.000142629
0.000142629
0.000142629
0.000142629
0.000142629
0.000142629
0.000142629
0.000142629
0.000142629
0.000142629
0.000142629
0.000142629
0.000142629
0.000142629
0.000142629
0.000142629
0.000142629
0.000142629
0.000142629
0.000142629
0.000142629
0.000142629
0.000142629
0.000142629
0.000142629
0.000142629
0.000142629
0.000142629
0.000142629
0.000142629
0.000142629
0.000142629
0.000142629
0.000142629
0.000142629
0.000142629
0.000142629
0.000142629
0.000142629
0.000142628
0.000142628
0.000142628
0.000142628
0.000142628
0.000142628
0.000142628
0.000142628
0.000142628
0.000142628
0.000142628
0.000142628
0.000142628
0.000142628
0.000142628
0.000142628
0.000142628
0.000142628
0.000142628
0.000142627
0.000142627
0.000142627
0.000142627
0.000142627
0.000142627
0.000142627
0.000142627
0.000142627
0.000142627
0.000142627
0.000142627
0.000142626
0.000142626
0.000142626
0.000142626
0.000142626
0.000142626
0.000142626
0.000142626
0.000142625
0.000142625
0.000142625
0.000144365
0.000144365
0.000144365
0.000144366
0.000144366
0.000144367
0.000144367
0.000144368
0.000144368
0.000144369
0.000144369
0.00014437
0.00014437
0.000144371
0.000144371
0.000144371
0.000144372
0.000144372
0.000144372
0.000144372
0.000144373
0.000144373
0.000144373
0.000144373
0.000144373
0.000144373
0.000144373
0.000144373
0.000144373
0.000144373
0.000144373
0.000144374
0.000144374
0.000144374
0.000144374
0.000144374
0.000144374
0.000144374
0.000144374
0.000144374
0.000144374
0.000144374
0.000144374
0.000144374
0.000144374
0.000144374
0.000144374
0.000144374
0.000144374
0.000144374
0.000144374
0.000144374
0.000144374
0.000144374
0.000144374
0.000144374
0.000144374
0.000144374
0.000144374
0.000144374
0.000144374
0.000144374
0.000144374
0.000144374
0.000144374
0.000144374
0.000144374
0.000144374
0.000144374
0.000144374
0.000144374
0.000144374
0.000144374
0.000144374
0.000144374
0.000144374
0.000144374
0.000144374
0.000144374
0.000144374
0.000144374
0.000144374
0.000144374
0.000144374
0.000144374
0.000144374
0.000144374
0.000144374
0.000144374
0.000144374
0.000144374
0.000144374
0.000144374
0.000144373
0.000144373
0.000144373
0.000144373
0.000144373
0.000144373
0.000144373
0.000144373
0.000144373
0.000144373
0.000144373
0.000144372
0.000144372
0.000144372
0.000144372
0.000144372
0.000144372
0.000144372
0.000144372
0.000144371
0.000144371
0.000144371
0.000144371
0.000144371
0.00014437
0.00014437
0.00014437
0.000146074
0.000146073
0.000146073
0.000146074
0.000146075
0.000146075
0.000146076
0.000146076
0.000146077
0.000146077
0.000146077
0.000146078
0.000146078
0.000146078
0.000146079
0.000146079
0.000146079
0.00014608
0.00014608
0.00014608
0.00014608
0.00014608
0.00014608
0.000146081
0.000146081
0.000146081
0.000146081
0.000146081
0.000146081
0.000146081
0.000146081
0.000146081
0.000146081
0.000146081
0.000146081
0.000146081
0.000146081
0.000146081
0.000146081
0.000146081
0.000146082
0.000146082
0.000146082
0.000146082
0.000146082
0.000146082
0.000146082
0.000146082
0.000146082
0.000146082
0.000146082
0.000146082
0.000146082
0.000146082
0.000146082
0.000146082
0.000146082
0.000146082
0.000146082
0.000146082
0.000146083
0.000146083
0.000146083
0.000146083
0.000146083
0.000146083
0.000146083
0.000146083
0.000146083
0.000146083
0.000146083
0.000146083
0.000146083
0.000146083
0.000146083
0.000146083
0.000146083
0.000146083
0.000146083
0.000146083
0.000146083
0.000146083
0.000146083
0.000146083
0.000146083
0.000146083
0.000146083
0.000146083
0.000146083
0.000146083
0.000146082
0.000146082
0.000146082
0.000146082
0.000146082
0.000146082
0.000146082
0.000146082
0.000146082
0.000146082
0.000146082
0.000146082
0.000146082
0.000146081
0.000146081
0.000146081
0.000146081
0.000146081
0.000146081
0.000146081
0.00014608
0.00014608
0.00014608
0.00014608
0.00014608
0.000146079
0.000146079
0.000146079
0.000146078
0.000146078
0.000147742
0.000147742
0.000147742
0.000147742
0.000147743
0.000147743
0.000147744
0.000147744
0.000147744
0.000147745
0.000147745
0.000147746
0.000147746
0.000147746
0.000147746
0.000147747
0.000147747
0.000147747
0.000147747
0.000147747
0.000147748
0.000147748
0.000147748
0.000147748
0.000147748
0.000147748
0.000147748
0.000147748
0.000147748
0.000147748
0.000147748
0.000147748
0.000147748
0.000147748
0.000147749
0.000147749
0.000147749
0.000147749
0.000147749
0.000147749
0.000147749
0.000147749
0.000147749
0.000147749
0.000147749
0.00014775
0.00014775
0.00014775
0.00014775
0.00014775
0.00014775
0.00014775
0.00014775
0.00014775
0.00014775
0.00014775
0.00014775
0.000147751
0.000147751
0.000147751
0.000147751
0.000147751
0.000147751
0.000147751
0.000147751
0.000147751
0.000147751
0.000147751
0.000147751
0.000147751
0.000147751
0.000147751
0.000147751
0.000147751
0.000147751
0.000147751
0.000147751
0.000147751
0.000147751
0.000147751
0.000147751
0.000147751
0.000147751
0.000147751
0.000147751
0.000147751
0.000147751
0.000147751
0.000147751
0.000147751
0.000147751
0.000147751
0.000147751
0.000147751
0.000147751
0.000147751
0.000147751
0.000147751
0.000147751
0.000147751
0.00014775
0.00014775
0.00014775
0.00014775
0.00014775
0.00014775
0.00014775
0.00014775
0.000147749
0.000147749
0.000147749
0.000147749
0.000147749
0.000147748
0.000147748
0.000147748
0.000147747
0.000147747
0.000147747
0.000147747
0.000149368
0.000149367
0.000149367
0.000149367
0.000149368
0.000149368
0.000149369
0.000149369
0.000149369
0.00014937
0.00014937
0.00014937
0.00014937
0.000149371
0.000149371
0.000149371
0.000149371
0.000149371
0.000149372
0.000149372
0.000149372
0.000149372
0.000149372
0.000149372
0.000149372
0.000149372
0.000149372
0.000149372
0.000149372
0.000149372
0.000149372
0.000149372
0.000149372
0.000149372
0.000149372
0.000149373
0.000149373
0.000149373
0.000149373
0.000149373
0.000149373
0.000149373
0.000149373
0.000149374
0.000149374
0.000149374
0.000149374
0.000149374
0.000149374
0.000149374
0.000149375
0.000149375
0.000149375
0.000149375
0.000149375
0.000149375
0.000149375
0.000149375
0.000149375
0.000149376
0.000149376
0.000149376
0.000149376
0.000149376
0.000149376
0.000149376
0.000149376
0.000149376
0.000149376
0.000149377
0.000149377
0.000149377
0.000149377
0.000149377
0.000149377
0.000149377
0.000149377
0.000149377
0.000149377
0.000149377
0.000149377
0.000149377
0.000149377
0.000149377
0.000149377
0.000149377
0.000149377
0.000149377
0.000149377
0.000149377
0.000149377
0.000149377
0.000149377
0.000149377
0.000149376
0.000149376
0.000149376
0.000149376
0.000149376
0.000149376
0.000149376
0.000149376
0.000149376
0.000149376
0.000149376
0.000149375
0.000149375
0.000149375
0.000149375
0.000149375
0.000149374
0.000149374
0.000149374
0.000149374
0.000149373
0.000149373
0.000149373
0.000149372
0.000149372
0.000149372
0.000150947
0.000150946
0.000150946
0.000150946
0.000150947
0.000150947
0.000150947
0.000150948
0.000150948
0.000150948
0.000150948
0.000150949
0.000150949
0.000150949
0.000150949
0.000150949
0.000150949
0.00015095
0.00015095
0.00015095
0.00015095
0.00015095
0.00015095
0.00015095
0.00015095
0.00015095
0.00015095
0.00015095
0.00015095
0.00015095
0.00015095
0.00015095
0.00015095
0.00015095
0.00015095
0.00015095
0.00015095
0.00015095
0.000150951
0.000150951
0.000150951
0.000150951
0.000150951
0.000150951
0.000150952
0.000150952
0.000150952
0.000150952
0.000150952
0.000150952
0.000150953
0.000150953
0.000150953
0.000150953
0.000150953
0.000150953
0.000150954
0.000150954
0.000150954
0.000150954
0.000150954
0.000150954
0.000150954
0.000150955
0.000150955
0.000150955
0.000150955
0.000150955
0.000150955
0.000150955
0.000150955
0.000150955
0.000150956
0.000150956
0.000150956
0.000150956
0.000150956
0.000150956
0.000150956
0.000150956
0.000150956
0.000150956
0.000150956
0.000150956
0.000150956
0.000150956
0.000150956
0.000150956
0.000150956
0.000150956
0.000150956
0.000150956
0.000150956
0.000150956
0.000150956
0.000150956
0.000150955
0.000150955
0.000150955
0.000150955
0.000150955
0.000150955
0.000150955
0.000150955
0.000150955
0.000150955
0.000150954
0.000150954
0.000150954
0.000150954
0.000150954
0.000150953
0.000150953
0.000150953
0.000150952
0.000150952
0.000150952
0.000150951
0.000150951
0.000150951
0.000152476
0.000152476
0.000152476
0.000152476
0.000152476
0.000152477
0.000152477
0.000152477
0.000152477
0.000152477
0.000152478
0.000152478
0.000152478
0.000152478
0.000152478
0.000152478
0.000152478
0.000152478
0.000152478
0.000152479
0.000152479
0.000152479
0.000152479
0.000152479
0.000152479
0.000152479
0.000152478
0.000152478
0.000152478
0.000152478
0.000152478
0.000152478
0.000152478
0.000152478
0.000152479
0.000152479
0.000152479
0.000152479
0.000152479
0.000152479
0.000152479
0.00015248
0.00015248
0.00015248
0.00015248
0.000152481
0.000152481
0.000152481
0.000152481
0.000152481
0.000152482
0.000152482
0.000152482
0.000152482
0.000152482
0.000152483
0.000152483
0.000152483
0.000152483
0.000152483
0.000152483
0.000152484
0.000152484
0.000152484
0.000152484
0.000152484
0.000152485
0.000152485
0.000152485
0.000152485
0.000152485
0.000152485
0.000152485
0.000152485
0.000152485
0.000152485
0.000152485
0.000152486
0.000152486
0.000152486
0.000152486
0.000152486
0.000152486
0.000152486
0.000152486
0.000152486
0.000152486
0.000152486
0.000152486
0.000152486
0.000152486
0.000152486
0.000152486
0.000152486
0.000152486
0.000152486
0.000152485
0.000152485
0.000152485
0.000152485
0.000152485
0.000152485
0.000152485
0.000152485
0.000152485
0.000152485
0.000152484
0.000152484
0.000152484
0.000152484
0.000152484
0.000152483
0.000152483
0.000152483
0.000152482
0.000152482
0.000152481
0.000152481
0.000152481
0.000152481
0.000153955
0.000153954
0.000153954
0.000153954
0.000153954
0.000153954
0.000153954
0.000153955
0.000153955
0.000153955
0.000153955
0.000153955
0.000153955
0.000153955
0.000153955
0.000153955
0.000153955
0.000153956
0.000153956
0.000153956
0.000153956
0.000153956
0.000153956
0.000153956
0.000153955
0.000153955
0.000153955
0.000153955
0.000153955
0.000153955
0.000153955
0.000153955
0.000153955
0.000153955
0.000153955
0.000153955
0.000153955
0.000153956
0.000153956
0.000153956
0.000153956
0.000153956
0.000153957
0.000153957
0.000153957
0.000153957
0.000153958
0.000153958
0.000153958
0.000153958
0.000153959
0.000153959
0.000153959
0.000153959
0.00015396
0.00015396
0.00015396
0.00015396
0.00015396
0.000153961
0.000153961
0.000153961
0.000153961
0.000153962
0.000153962
0.000153962
0.000153962
0.000153962
0.000153962
0.000153963
0.000153963
0.000153963
0.000153963
0.000153963
0.000153963
0.000153963
0.000153963
0.000153963
0.000153963
0.000153964
0.000153964
0.000153964
0.000153964
0.000153964
0.000153964
0.000153964
0.000153964
0.000153964
0.000153964
0.000153964
0.000153964
0.000153964
0.000153964
0.000153964
0.000153964
0.000153964
0.000153964
0.000153964
0.000153963
0.000153963
0.000153963
0.000153963
0.000153963
0.000153963
0.000153963
0.000153963
0.000153962
0.000153962
0.000153962
0.000153962
0.000153962
0.000153961
0.000153961
0.000153961
0.00015396
0.00015396
0.00015396
0.000153959
0.000153959
0.000153958
0.000155378
0.000155377
0.000155377
0.000155377
0.000155378
0.000155378
0.000155378
0.000155378
0.000155378
0.000155378
0.000155378
0.000155378
0.000155378
0.000155378
0.000155378
0.000155378
0.000155378
0.000155378
0.000155378
0.000155378
0.000155378
0.000155378
0.000155378
0.000155378
0.000155378
0.000155378
0.000155378
0.000155378
0.000155378
0.000155378
0.000155377
0.000155377
0.000155377
0.000155377
0.000155378
0.000155378
0.000155378
0.000155378
0.000155378
0.000155378
0.000155378
0.000155379
0.000155379
0.000155379
0.00015538
0.00015538
0.00015538
0.00015538
0.000155381
0.000155381
0.000155381
0.000155381
0.000155382
0.000155382
0.000155382
0.000155383
0.000155383
0.000155383
0.000155383
0.000155384
0.000155384
0.000155384
0.000155384
0.000155385
0.000155385
0.000155385
0.000155385
0.000155386
0.000155386
0.000155386
0.000155386
0.000155386
0.000155386
0.000155386
0.000155387
0.000155387
0.000155387
0.000155387
0.000155387
0.000155387
0.000155387
0.000155387
0.000155387
0.000155387
0.000155387
0.000155387
0.000155388
0.000155388
0.000155388
0.000155388
0.000155388
0.000155388
0.000155388
0.000155387
0.000155387
0.000155387
0.000155387
0.000155387
0.000155387
0.000155387
0.000155387
0.000155387
0.000155387
0.000155387
0.000155386
0.000155386
0.000155386
0.000155386
0.000155386
0.000155386
0.000155385
0.000155385
0.000155385
0.000155384
0.000155384
0.000155384
0.000155383
0.000155383
0.000155382
0.000155382
0.000156745
0.000156744
0.000156744
0.000156744
0.000156744
0.000156744
0.000156744
0.000156744
0.000156744
0.000156744
0.000156744
0.000156744
0.000156744
0.000156744
0.000156744
0.000156744
0.000156744
0.000156744
0.000156744
0.000156744
0.000156744
0.000156744
0.000156744
0.000156744
0.000156744
0.000156744
0.000156743
0.000156743
0.000156743
0.000156743
0.000156743
0.000156743
0.000156743
0.000156743
0.000156743
0.000156743
0.000156743
0.000156743
0.000156744
0.000156744
0.000156744
0.000156744
0.000156745
0.000156745
0.000156745
0.000156745
0.000156746
0.000156746
0.000156746
0.000156747
0.000156747
0.000156747
0.000156748
0.000156748
0.000156748
0.000156749
0.000156749
0.000156749
0.000156749
0.00015675
0.00015675
0.00015675
0.000156751
0.000156751
0.000156751
0.000156751
0.000156752
0.000156752
0.000156752
0.000156752
0.000156752
0.000156753
0.000156753
0.000156753
0.000156753
0.000156753
0.000156753
0.000156754
0.000156754
0.000156754
0.000156754
0.000156754
0.000156754
0.000156754
0.000156754
0.000156754
0.000156754
0.000156754
0.000156754
0.000156754
0.000156754
0.000156754
0.000156754
0.000156754
0.000156754
0.000156754
0.000156754
0.000156754
0.000156754
0.000156754
0.000156754
0.000156754
0.000156754
0.000156753
0.000156753
0.000156753
0.000156753
0.000156753
0.000156753
0.000156752
0.000156752
0.000156752
0.000156752
0.000156751
0.000156751
0.00015675
0.00015675
0.000156749
0.000156749
0.000156749
0.000158053
0.000158052
0.000158052
0.000158052
0.000158052
0.000158052
0.000158052
0.000158052
0.000158052
0.000158051
0.000158051
0.000158051
0.000158051
0.000158051
0.000158051
0.000158051
0.000158051
0.000158051
0.000158051
0.000158051
0.000158051
0.000158051
0.000158051
0.00015805
0.00015805
0.00015805
0.00015805
0.00015805
0.00015805
0.00015805
0.00015805
0.000158049
0.000158049
0.000158049
0.000158049
0.00015805
0.00015805
0.00015805
0.00015805
0.00015805
0.00015805
0.000158051
0.000158051
0.000158051
0.000158052
0.000158052
0.000158052
0.000158053
0.000158053
0.000158053
0.000158054
0.000158054
0.000158054
0.000158055
0.000158055
0.000158055
0.000158056
0.000158056
0.000158056
0.000158057
0.000158057
0.000158057
0.000158058
0.000158058
0.000158058
0.000158059
0.000158059
0.000158059
0.000158059
0.00015806
0.00015806
0.00015806
0.00015806
0.00015806
0.000158061
0.000158061
0.000158061
0.000158061
0.000158061
0.000158061
0.000158061
0.000158062
0.000158062
0.000158062
0.000158062
0.000158062
0.000158062
0.000158062
0.000158062
0.000158062
0.000158062
0.000158062
0.000158062
0.000158062
0.000158062
0.000158062
0.000158062
0.000158062
0.000158062
0.000158062
0.000158062
0.000158061
0.000158061
0.000158061
0.000158061
0.000158061
0.000158061
0.000158061
0.00015806
0.00015806
0.00015806
0.00015806
0.000158059
0.000158059
0.000158058
0.000158058
0.000158058
0.000158057
0.000158056
0.000158056
0.000159299
0.000159298
0.000159298
0.000159298
0.000159298
0.000159298
0.000159298
0.000159297
0.000159297
0.000159297
0.000159297
0.000159297
0.000159297
0.000159297
0.000159297
0.000159296
0.000159296
0.000159296
0.000159296
0.000159296
0.000159296
0.000159296
0.000159296
0.000159296
0.000159296
0.000159295
0.000159295
0.000159295
0.000159295
0.000159295
0.000159295
0.000159295
0.000159295
0.000159295
0.000159295
0.000159295
0.000159295
0.000159295
0.000159295
0.000159295
0.000159296
0.000159296
0.000159296
0.000159297
0.000159297
0.000159297
0.000159298
0.000159298
0.000159298
0.000159299
0.000159299
0.000159299
0.0001593
0.0001593
0.000159301
0.000159301
0.000159301
0.000159302
0.000159302
0.000159302
0.000159303
0.000159303
0.000159303
0.000159304
0.000159304
0.000159304
0.000159305
0.000159305
0.000159305
0.000159306
0.000159306
0.000159306
0.000159306
0.000159306
0.000159307
0.000159307
0.000159307
0.000159307
0.000159307
0.000159307
0.000159308
0.000159308
0.000159308
0.000159308
0.000159308
0.000159308
0.000159308
0.000159308
0.000159308
0.000159308
0.000159308
0.000159308
0.000159308
0.000159308
0.000159308
0.000159308
0.000159308
0.000159308
0.000159308
0.000159308
0.000159308
0.000159308
0.000159308
0.000159307
0.000159307
0.000159307
0.000159307
0.000159307
0.000159307
0.000159306
0.000159306
0.000159306
0.000159305
0.000159305
0.000159305
0.000159304
0.000159304
0.000159303
0.000159303
0.000159303
0.000160482
0.000160481
0.000160481
0.000160481
0.00016048
0.00016048
0.00016048
0.00016048
0.00016048
0.000160479
0.000160479
0.000160479
0.000160479
0.000160479
0.000160479
0.000160478
0.000160478
0.000160478
0.000160478
0.000160478
0.000160478
0.000160478
0.000160478
0.000160478
0.000160477
0.000160477
0.000160477
0.000160477
0.000160477
0.000160477
0.000160477
0.000160476
0.000160476
0.000160476
0.000160476
0.000160476
0.000160477
0.000160477
0.000160477
0.000160477
0.000160477
0.000160478
0.000160478
0.000160478
0.000160479
0.000160479
0.00016048
0.00016048
0.00016048
0.000160481
0.000160481
0.000160481
0.000160482
0.000160482
0.000160483
0.000160483
0.000160483
0.000160484
0.000160484
0.000160485
0.000160485
0.000160485
0.000160486
0.000160486
0.000160486
0.000160487
0.000160487
0.000160487
0.000160488
0.000160488
0.000160488
0.000160488
0.000160489
0.000160489
0.000160489
0.000160489
0.00016049
0.00016049
0.00016049
0.00016049
0.00016049
0.00016049
0.00016049
0.000160491
0.000160491
0.000160491
0.000160491
0.000160491
0.000160491
0.000160491
0.000160491
0.000160491
0.000160491
0.000160491
0.000160491
0.000160491
0.000160491
0.000160491
0.000160491
0.000160491
0.000160491
0.000160491
0.00016049
0.00016049
0.00016049
0.00016049
0.00016049
0.00016049
0.000160489
0.000160489
0.000160489
0.000160489
0.000160488
0.000160488
0.000160487
0.000160487
0.000160487
0.000160486
0.000160485
0.000160485
0.000161599
0.000161598
0.000161598
0.000161598
0.000161597
0.000161597
0.000161597
0.000161596
0.000161596
0.000161596
0.000161596
0.000161596
0.000161595
0.000161595
0.000161595
0.000161595
0.000161595
0.000161594
0.000161594
0.000161594
0.000161594
0.000161594
0.000161594
0.000161594
0.000161594
0.000161593
0.000161593
0.000161593
0.000161593
0.000161593
0.000161593
0.000161593
0.000161593
0.000161593
0.000161593
0.000161593
0.000161593
0.000161593
0.000161593
0.000161593
0.000161594
0.000161594
0.000161594
0.000161595
0.000161595
0.000161595
0.000161596
0.000161596
0.000161597
0.000161597
0.000161597
0.000161598
0.000161598
0.000161599
0.000161599
0.000161599
0.0001616
0.0001616
0.000161601
0.000161601
0.000161602
0.000161602
0.000161602
0.000161603
0.000161603
0.000161603
0.000161604
0.000161604
0.000161604
0.000161605
0.000161605
0.000161605
0.000161606
0.000161606
0.000161606
0.000161606
0.000161606
0.000161607
0.000161607
0.000161607
0.000161607
0.000161607
0.000161607
0.000161608
0.000161608
0.000161608
0.000161608
0.000161608
0.000161608
0.000161608
0.000161608
0.000161608
0.000161608
0.000161608
0.000161608
0.000161608
0.000161608
0.000161608
0.000161608
0.000161608
0.000161608
0.000161608
0.000161608
0.000161607
0.000161607
0.000161607
0.000161607
0.000161607
0.000161607
0.000161606
0.000161606
0.000161606
0.000161605
0.000161605
0.000161605
0.000161604
0.000161604
0.000161603
0.000161602
0.000161602
0.000162649
0.000162648
0.000162647
0.000162647
0.000162646
0.000162646
0.000162646
0.000162645
0.000162645
0.000162645
0.000162644
0.000162644
0.000162644
0.000162644
0.000162643
0.000162643
0.000162643
0.000162643
0.000162643
0.000162643
0.000162642
0.000162642
0.000162642
0.000162642
0.000162642
0.000162642
0.000162642
0.000162641
0.000162641
0.000162641
0.000162641
0.000162641
0.000162641
0.000162641
0.000162641
0.000162641
0.000162641
0.000162641
0.000162642
0.000162642
0.000162642
0.000162643
0.000162643
0.000162643
0.000162644
0.000162644
0.000162644
0.000162645
0.000162645
0.000162646
0.000162646
0.000162647
0.000162647
0.000162647
0.000162648
0.000162648
0.000162649
0.000162649
0.00016265
0.00016265
0.00016265
0.000162651
0.000162651
0.000162652
0.000162652
0.000162652
0.000162653
0.000162653
0.000162653
0.000162654
0.000162654
0.000162654
0.000162655
0.000162655
0.000162655
0.000162655
0.000162656
0.000162656
0.000162656
0.000162656
0.000162656
0.000162657
0.000162657
0.000162657
0.000162657
0.000162657
0.000162657
0.000162657
0.000162657
0.000162657
0.000162657
0.000162657
0.000162657
0.000162657
0.000162657
0.000162657
0.000162657
0.000162657
0.000162657
0.000162657
0.000162657
0.000162657
0.000162657
0.000162657
0.000162657
0.000162656
0.000162656
0.000162656
0.000162656
0.000162656
0.000162655
0.000162655
0.000162655
0.000162654
0.000162654
0.000162653
0.000162653
0.000162652
0.000162652
0.000162652
0.000163628
0.000163627
0.000163626
0.000163626
0.000163625
0.000163625
0.000163625
0.000163624
0.000163624
0.000163623
0.000163623
0.000163623
0.000163622
0.000163622
0.000163622
0.000163622
0.000163621
0.000163621
0.000163621
0.000163621
0.000163621
0.000163621
0.000163621
0.000163621
0.000163621
0.00016362
0.00016362
0.00016362
0.00016362
0.00016362
0.000163619
0.000163619
0.000163619
0.000163619
0.00016362
0.00016362
0.00016362
0.00016362
0.00016362
0.000163621
0.000163621
0.000163621
0.000163622
0.000163622
0.000163622
0.000163623
0.000163623
0.000163624
0.000163624
0.000163624
0.000163625
0.000163625
0.000163626
0.000163626
0.000163627
0.000163627
0.000163628
0.000163628
0.000163628
0.000163629
0.000163629
0.00016363
0.00016363
0.000163631
0.000163631
0.000163631
0.000163632
0.000163632
0.000163632
0.000163633
0.000163633
0.000163633
0.000163634
0.000163634
0.000163634
0.000163634
0.000163635
0.000163635
0.000163635
0.000163635
0.000163636
0.000163636
0.000163636
0.000163636
0.000163636
0.000163636
0.000163636
0.000163636
0.000163637
0.000163637
0.000163637
0.000163637
0.000163637
0.000163637
0.000163637
0.000163637
0.000163637
0.000163637
0.000163636
0.000163636
0.000163636
0.000163636
0.000163636
0.000163636
0.000163636
0.000163636
0.000163636
0.000163635
0.000163635
0.000163635
0.000163635
0.000163634
0.000163634
0.000163634
0.000163633
0.000163633
0.000163632
0.000163632
0.000163631
0.000163631
0.000164535
0.000164534
0.000164533
0.000164533
0.000164532
0.000164532
0.000164531
0.000164531
0.00016453
0.00016453
0.000164529
0.000164529
0.000164529
0.000164528
0.000164528
0.000164528
0.000164528
0.000164527
0.000164527
0.000164527
0.000164527
0.000164527
0.000164527
0.000164527
0.000164527
0.000164527
0.000164526
0.000164526
0.000164526
0.000164526
0.000164526
0.000164526
0.000164526
0.000164526
0.000164526
0.000164526
0.000164526
0.000164526
0.000164527
0.000164527
0.000164527
0.000164528
0.000164528
0.000164528
0.000164529
0.000164529
0.00016453
0.00016453
0.000164531
0.000164531
0.000164531
0.000164532
0.000164532
0.000164533
0.000164533
0.000164534
0.000164534
0.000164535
0.000164535
0.000164536
0.000164536
0.000164536
0.000164537
0.000164537
0.000164538
0.000164538
0.000164539
0.000164539
0.000164539
0.00016454
0.00016454
0.00016454
0.00016454
0.000164541
0.000164541
0.000164541
0.000164542
0.000164542
0.000164542
0.000164542
0.000164542
0.000164543
0.000164543
0.000164543
0.000164543
0.000164543
0.000164543
0.000164543
0.000164543
0.000164543
0.000164544
0.000164544
0.000164544
0.000164544
0.000164544
0.000164544
0.000164543
0.000164543
0.000164543
0.000164543
0.000164543
0.000164543
0.000164543
0.000164543
0.000164543
0.000164543
0.000164543
0.000164543
0.000164542
0.000164542
0.000164542
0.000164541
0.000164541
0.000164541
0.00016454
0.00016454
0.000164539
0.000164539
0.000164538
0.000164538
0.000165367
0.000165366
0.000165365
0.000165365
0.000165364
0.000165363
0.000165363
0.000165362
0.000165362
0.000165361
0.000165361
0.000165361
0.00016536
0.00016536
0.00016536
0.000165359
0.000165359
0.000165359
0.000165359
0.000165359
0.000165359
0.000165358
0.000165358
0.000165358
0.000165358
0.000165358
0.000165358
0.000165357
0.000165357
0.000165357
0.000165357
0.000165357
0.000165357
0.000165357
0.000165357
0.000165358
0.000165358
0.000165358
0.000165358
0.000165359
0.000165359
0.000165359
0.00016536
0.00016536
0.000165361
0.000165361
0.000165361
0.000165362
0.000165362
0.000165363
0.000165363
0.000165364
0.000165364
0.000165365
0.000165365
0.000165366
0.000165366
0.000165367
0.000165367
0.000165367
0.000165368
0.000165368
0.000165369
0.000165369
0.00016537
0.00016537
0.00016537
0.000165371
0.000165371
0.000165372
0.000165372
0.000165372
0.000165372
0.000165373
0.000165373
0.000165373
0.000165374
0.000165374
0.000165374
0.000165374
0.000165374
0.000165375
0.000165375
0.000165375
0.000165375
0.000165375
0.000165375
0.000165375
0.000165376
0.000165376
0.000165376
0.000165376
0.000165376
0.000165376
0.000165376
0.000165376
0.000165376
0.000165376
0.000165376
0.000165375
0.000165375
0.000165375
0.000165375
0.000165375
0.000165375
0.000165375
0.000165375
0.000165375
0.000165375
0.000165374
0.000165374
0.000165374
0.000165373
0.000165373
0.000165372
0.000165372
0.000165371
0.000165371
0.00016537
0.00016537
0.000166122
0.000166121
0.00016612
0.000166119
0.000166119
0.000166118
0.000166117
0.000166117
0.000166116
0.000166116
0.000166115
0.000166115
0.000166114
0.000166114
0.000166114
0.000166113
0.000166113
0.000166113
0.000166113
0.000166113
0.000166113
0.000166113
0.000166113
0.000166113
0.000166112
0.000166112
0.000166111
0.000166111
0.000166111
0.000166111
0.000166111
0.000166111
0.000166111
0.000166111
0.000166112
0.000166112
0.000166112
0.000166112
0.000166113
0.000166113
0.000166113
0.000166114
0.000166114
0.000166115
0.000166115
0.000166115
0.000166116
0.000166116
0.000166117
0.000166117
0.000166118
0.000166118
0.000166119
0.000166119
0.00016612
0.00016612
0.000166121
0.000166121
0.000166122
0.000166122
0.000166122
0.000166123
0.000166123
0.000166124
0.000166124
0.000166125
0.000166125
0.000166125
0.000166126
0.000166126
0.000166126
0.000166127
0.000166127
0.000166127
0.000166128
0.000166128
0.000166128
0.000166128
0.000166129
0.000166129
0.000166129
0.000166129
0.000166129
0.00016613
0.00016613
0.00016613
0.00016613
0.00016613
0.00016613
0.00016613
0.00016613
0.00016613
0.00016613
0.00016613
0.00016613
0.00016613
0.00016613
0.00016613
0.00016613
0.00016613
0.00016613
0.00016613
0.00016613
0.00016613
0.00016613
0.00016613
0.00016613
0.00016613
0.00016613
0.000166129
0.000166129
0.000166129
0.000166128
0.000166128
0.000166127
0.000166127
0.000166126
0.000166126
0.000166125
0.000166125
0.000166797
0.000166795
0.000166794
0.000166794
0.000166793
0.000166792
0.000166791
0.000166791
0.00016679
0.000166789
0.000166789
0.000166788
0.000166788
0.000166788
0.000166787
0.000166787
0.000166787
0.000166787
0.000166786
0.000166786
0.000166786
0.000166786
0.000166786
0.000166786
0.000166786
0.000166785
0.000166784
0.000166784
0.000166784
0.000166784
0.000166784
0.000166785
0.000166785
0.000166785
0.000166785
0.000166786
0.000166786
0.000166786
0.000166787
0.000166787
0.000166787
0.000166788
0.000166788
0.000166789
0.000166789
0.00016679
0.00016679
0.00016679
0.000166791
0.000166791
0.000166792
0.000166792
0.000166793
0.000166793
0.000166794
0.000166794
0.000166795
0.000166795
0.000166796
0.000166796
0.000166797
0.000166797
0.000166797
0.000166798
0.000166798
0.000166799
0.000166799
0.0001668
0.0001668
0.0001668
0.000166801
0.000166801
0.000166801
0.000166801
0.000166802
0.000166802
0.000166802
0.000166803
0.000166803
0.000166803
0.000166803
0.000166803
0.000166804
0.000166804
0.000166804
0.000166804
0.000166804
0.000166804
0.000166804
0.000166804
0.000166804
0.000166804
0.000166804
0.000166804
0.000166804
0.000166804
0.000166804
0.000166804
0.000166804
0.000166804
0.000166804
0.000166804
0.000166805
0.000166805
0.000166805
0.000166805
0.000166805
0.000166804
0.000166804
0.000166804
0.000166803
0.000166803
0.000166803
0.000166802
0.000166802
0.000166801
0.000166801
0.0001668
0.0001668
0.000166799
0.000167387
0.000167386
0.000167385
0.000167384
0.000167383
0.000167382
0.000167381
0.000167381
0.00016738
0.000167379
0.000167379
0.000167378
0.000167378
0.000167377
0.000167377
0.000167377
0.000167377
0.000167376
0.000167376
0.000167376
0.000167376
0.000167376
0.000167376
0.000167377
0.000167375
0.000167374
0.000167374
0.000167374
0.000167374
0.000167374
0.000167374
0.000167374
0.000167375
0.000167375
0.000167375
0.000167376
0.000167376
0.000167376
0.000167377
0.000167377
0.000167378
0.000167378
0.000167378
0.000167379
0.000167379
0.00016738
0.00016738
0.000167381
0.000167381
0.000167382
0.000167382
0.000167383
0.000167383
0.000167384
0.000167384
0.000167384
0.000167385
0.000167385
0.000167386
0.000167386
0.000167387
0.000167387
0.000167388
0.000167388
0.000167389
0.000167389
0.000167389
0.00016739
0.00016739
0.000167391
0.000167391
0.000167391
0.000167391
0.000167392
0.000167392
0.000167392
0.000167393
0.000167393
0.000167393
0.000167393
0.000167394
0.000167394
0.000167394
0.000167394
0.000167394
0.000167394
0.000167394
0.000167395
0.000167395
0.000167395
0.000167395
0.000167395
0.000167395
0.000167395
0.000167395
0.000167395
0.000167395
0.000167395
0.000167395
0.000167395
0.000167394
0.000167395
0.000167396
0.000167396
0.000167396
0.000167396
0.000167396
0.000167395
0.000167395
0.000167395
0.000167394
0.000167394
0.000167393
0.000167393
0.000167392
0.000167392
0.000167391
0.000167391
0.00016739
0.00016739
0.000167891
0.000167889
0.000167888
0.000167887
0.000167886
0.000167885
0.000167884
0.000167883
0.000167882
0.000167882
0.000167881
0.000167881
0.00016788
0.00016788
0.000167879
0.000167879
0.000167879
0.000167879
0.000167879
0.000167879
0.000167879
0.000167879
0.000167879
0.000167879
0.000167899
0.000167899
0.000167899
0.000167899
0.000167899
0.000167899
0.000167899
0.000167898
0.000167898
0.000167897
0.000167897
0.000167897
0.000167896
0.000167896
0.000167895
0.000167895
0.000167894
0.000167893
0.000167893
)
;

boundaryField
{
    bottomWall
    {
        type            kqRWallFunction;
        value           nonuniform 0();
    }
    topWall
    {
        type            kqRWallFunction;
        value           nonuniform 0();
    }
    sides1_half0
    {
        type            cyclic;
    }
    sides1_half1
    {
        type            cyclic;
    }
    sides2_half0
    {
        type            cyclic;
    }
    sides2_half1
    {
        type            cyclic;
    }
    inout1_half0
    {
        type            cyclic;
    }
    inout1_half1
    {
        type            cyclic;
    }
    inout2_half0
    {
        type            cyclic;
    }
    inout2_half1
    {
        type            cyclic;
    }
    procBoundary1to0
    {
        type            processor;
        value           nonuniform List<scalar> 
122
(
0.000167878
0.000167878
0.000167878
0.000167878
0.000167878
0.000167879
0.000167879
0.000167879
0.000167879
0.00016788
0.00016788
0.000167881
0.000167881
0.000167881
0.000167882
0.000167882
0.000167883
0.000167883
0.000167884
0.000167884
0.000167885
0.000167885
0.000167886
0.000167886
0.000167886
0.000167887
0.000167887
0.000167888
0.000167888
0.000167889
0.000167889
0.00016789
0.00016789
0.000167891
0.000167891
0.000167892
0.000167892
0.000167893
0.000167893
0.000167894
0.000167894
0.000167894
0.000167895
0.000167895
0.000167895
0.000167896
0.000167896
0.000167896
0.000167897
0.000167897
0.000167897
0.000167898
0.000167898
0.000167898
0.000167898
0.000167899
0.000167899
0.000167899
0.000167899
0.000167899
0.000167899
0.0001679
0.0001679
0.0001679
0.0001679
0.0001679
0.0001679
0.0001679
0.0001679
0.0001679
0.0001679
0.0001679
0.0001679
0.0001679
0.0001679
0.0001679
0.0001679
0.000168304
0.000168303
0.000168302
0.0001683
0.000168299
0.000168298
0.000168297
0.000168296
0.000168295
0.000168295
0.000168294
0.000168293
0.000168293
0.000168293
0.000168292
0.000168292
0.000168292
0.000168292
0.000168292
0.000168292
0.000168292
0.000168292
0.000168292
0.000167878
0.000168292
0.0001679
0.000168315
0.000168314
0.000168314
0.000168313
0.000168313
0.000168313
0.000168313
0.000168312
0.000168312
0.000168311
0.000168311
0.00016831
0.00016831
0.000168309
0.000168309
0.000168308
0.000168308
0.000168307
0.000168307
)
;
    }
    procBoundary1to2
    {
        type            processor;
        value           nonuniform List<scalar> 
124
(
0.000116464
0.000116463
0.000116463
0.000116463
0.000116463
0.000116463
0.000116464
0.000116464
0.000116464
0.000116464
0.000116464
0.000116464
0.000116464
0.000116464
0.000116465
0.000116465
0.000116465
0.000116465
0.000116465
0.000116465
0.000116465
0.000116489
0.000116486
0.000116484
0.000116483
0.000116482
0.000116481
0.00011648
0.000116479
0.000116479
0.000116478
0.000116477
0.000116477
0.000116476
0.000116475
0.000116474
0.000116474
0.000118312
0.000118312
0.000118315
0.000118342
0.000118339
0.000118339
0.000118338
0.000118338
0.000120181
0.000120181
0.000120184
0.000120186
0.000120188
0.000120189
0.00012019
0.000120191
0.000120192
0.000120193
0.000120193
0.000120194
0.000120195
0.000120195
0.000120196
0.000120197
0.000120197
0.000120198
0.000120198
0.000120199
0.000120199
0.000120199
0.0001202
0.0001202
0.0001202
0.000120201
0.000120201
0.000120201
0.000120202
0.000120202
0.000120202
0.000120202
0.000120203
0.000120203
0.000120203
0.000120203
0.000120203
0.000120204
0.000120204
0.000120204
0.000120204
0.000120204
0.000120204
0.000120205
0.000120205
0.000120205
0.000120205
0.000120205
0.000120205
0.000120205
0.000120205
0.000120205
0.000120205
0.000120206
0.000120206
0.000120206
0.000120206
0.000120206
0.000120206
0.000120206
0.000120206
0.000120206
0.000120206
0.000120206
0.000120206
0.000120206
0.000120206
0.000120206
0.000120206
0.000120206
0.000120206
0.000120206
0.000120206
0.000120206
0.000120206
0.000120206
0.000120206
0.000120206
0.000120206
)
;
    }
}


// ************************************************************************* //
