/*--------------------------------*- C++ -*----------------------------------*\
  =========                 |
  \\      /  F ield         | OpenFOAM: The Open Source CFD Toolbox
   \\    /   O peration     | Website:  https://openfoam.org
    \\  /    A nd           | Version:  7
     \\/     M anipulation  |
\*---------------------------------------------------------------------------*/
FoamFile
{
    version     2.0;
    format      ascii;
    class       volScalarField;
    location    "3500";
    object      k;
}
// * * * * * * * * * * * * * * * * * * * * * * * * * * * * * * * * * * * * * //

dimensions      [0 2 -2 0 0 0 0];

internalField   nonuniform List<scalar> 
4037
(
0.000167878
0.000167878
0.000167878
0.000167878
0.000167878
0.000167879
0.000167879
0.000167879
0.000167879
0.00016788
0.00016788
0.000167881
0.000167881
0.000167881
0.000167882
0.000167882
0.000167883
0.000167883
0.000167884
0.000167884
0.000167885
0.000167885
0.000167886
0.000167886
0.000167886
0.000167887
0.000167887
0.000167888
0.000167888
0.000167889
0.000167889
0.00016789
0.00016789
0.000167891
0.000167891
0.000167892
0.000167892
0.000167893
0.000167893
0.000167894
0.000167894
0.000167894
0.000167895
0.000167895
0.000167895
0.000167896
0.000167896
0.000167896
0.000167897
0.000167897
0.000167897
0.000167898
0.000167898
0.000167898
0.000167898
0.000167899
0.000167899
0.000167899
0.000167899
0.000167899
0.000167899
0.0001679
0.0001679
0.0001679
0.0001679
0.0001679
0.0001679
0.0001679
0.0001679
0.0001679
0.0001679
0.0001679
0.0001679
0.0001679
0.0001679
0.0001679
0.0001679
0.000168304
0.000168303
0.000168302
0.0001683
0.000168299
0.000168298
0.000168297
0.000168296
0.000168295
0.000168295
0.000168294
0.000168293
0.000168293
0.000168293
0.000168292
0.000168292
0.000168292
0.000168292
0.000168292
0.000168292
0.000168292
0.000168292
0.000168292
0.000168292
0.000168293
0.000168293
0.000168294
0.000168294
0.000168294
0.000168295
0.000168295
0.000168295
0.000168296
0.000168296
0.000168296
0.000168297
0.000168297
0.000168298
0.000168298
0.000168299
0.000168299
0.0001683
0.0001683
0.000168301
0.000168301
0.000168302
0.000168302
0.000168303
0.000168303
0.000168304
0.000168304
0.000168305
0.000168305
0.000168306
0.000168306
0.000168307
0.000168307
0.000168307
0.000168308
0.000168308
0.000168309
0.000168309
0.00016831
0.00016831
0.000168311
0.000168311
0.000168311
0.000168312
0.000168312
0.000168312
0.000168313
0.000168313
0.000168313
0.000168314
0.000168314
0.000168314
0.000168314
0.000168315
0.000168315
0.000168315
0.000168315
0.000168316
0.000168316
0.000168316
0.000168316
0.000168316
0.000168316
0.000168316
0.000168316
0.000168316
0.000168317
0.000168317
0.000168317
0.000168317
0.000168317
0.000168317
0.000168317
0.000168316
0.000168316
0.000168316
0.000168316
0.000168315
0.000168314
0.000168314
0.000168313
0.000168313
0.000168313
0.000168313
0.000168312
0.000168312
0.000168311
0.000168311
0.00016831
0.00016831
0.000168309
0.000168309
0.000168308
0.000168308
0.000168307
0.000168307
0.000168624
0.000168623
0.000168621
0.00016862
0.000168619
0.000168618
0.000168616
0.000168615
0.000168615
0.000168614
0.000168613
0.000168613
0.000168612
0.000168612
0.000168611
0.000168611
0.000168611
0.000168611
0.000168611
0.000168611
0.000168611
0.000168611
0.000168611
0.000168611
0.000168612
0.000168613
0.000168613
0.000168613
0.000168614
0.000168614
0.000168615
0.000168615
0.000168616
0.000168616
0.000168617
0.000168617
0.000168618
0.000168618
0.000168619
0.000168619
0.00016862
0.00016862
0.000168621
0.000168621
0.000168622
0.000168622
0.000168623
0.000168623
0.000168624
0.000168624
0.000168625
0.000168625
0.000168626
0.000168626
0.000168627
0.000168627
0.000168627
0.000168628
0.000168628
0.000168629
0.000168629
0.00016863
0.00016863
0.000168631
0.000168631
0.000168631
0.000168632
0.000168632
0.000168633
0.000168633
0.000168633
0.000168633
0.000168634
0.000168634
0.000168634
0.000168635
0.000168635
0.000168635
0.000168635
0.000168636
0.000168636
0.000168636
0.000168636
0.000168636
0.000168636
0.000168636
0.000168637
0.000168637
0.000168637
0.000168637
0.000168637
0.000168637
0.000168637
0.000168637
0.000168637
0.000168637
0.000168637
0.000168637
0.000168637
0.000168637
0.000168637
0.000168636
0.000168635
0.000168634
0.000168634
0.000168633
0.000168633
0.000168633
0.000168632
0.000168632
0.000168631
0.000168631
0.00016863
0.00016863
0.000168629
0.000168629
0.000168628
0.000168628
0.000168627
0.000168627
0.000168842
0.000168841
0.000168839
0.000168837
0.000168836
0.000168835
0.000168834
0.000168833
0.000168832
0.000168831
0.00016883
0.00016883
0.000168829
0.000168829
0.000168829
0.000168828
0.000168828
0.000168828
0.000168828
0.000168828
0.000168828
0.000168828
0.000168829
0.000168829
0.000168829
0.00016883
0.00016883
0.000168831
0.000168831
0.000168832
0.000168833
0.000168833
0.000168834
0.000168834
0.000168835
0.000168835
0.000168836
0.000168836
0.000168837
0.000168837
0.000168838
0.000168839
0.000168839
0.00016884
0.00016884
0.000168841
0.000168841
0.000168842
0.000168842
0.000168843
0.000168843
0.000168844
0.000168844
0.000168845
0.000168845
0.000168846
0.000168846
0.000168846
0.000168847
0.000168847
0.000168848
0.000168848
0.000168849
0.000168849
0.00016885
0.00016885
0.00016885
0.000168851
0.000168851
0.000168851
0.000168852
0.000168852
0.000168852
0.000168852
0.000168853
0.000168853
0.000168853
0.000168853
0.000168854
0.000168854
0.000168854
0.000168854
0.000168854
0.000168855
0.000168855
0.000168855
0.000168855
0.000168855
0.000168855
0.000168855
0.000168855
0.000168855
0.000168855
0.000168855
0.000168855
0.000168855
0.000168855
0.000168855
0.000168855
0.000168855
0.000168855
0.000168854
0.000168853
0.000168853
0.000168852
0.000168852
0.000168851
0.000168851
0.00016885
0.00016885
0.000168849
0.000168849
0.000168848
0.000168848
0.000168847
0.000168847
0.000168846
0.000168846
0.000168845
0.000168845
0.000168951
0.00016895
0.000168948
0.000168946
0.000168945
0.000168943
0.000168942
0.000168941
0.00016894
0.000168939
0.000168938
0.000168938
0.000168937
0.000168937
0.000168937
0.000168937
0.000168936
0.000168936
0.000168936
0.000168936
0.000168937
0.000168937
0.000168937
0.000168937
0.000168938
0.000168938
0.000168939
0.00016894
0.00016894
0.000168941
0.000168941
0.000168942
0.000168943
0.000168943
0.000168944
0.000168944
0.000168945
0.000168946
0.000168946
0.000168947
0.000168947
0.000168948
0.000168949
0.000168949
0.00016895
0.00016895
0.000168951
0.000168951
0.000168952
0.000168952
0.000168953
0.000168953
0.000168954
0.000168954
0.000168955
0.000168955
0.000168956
0.000168956
0.000168956
0.000168957
0.000168957
0.000168958
0.000168958
0.000168959
0.000168959
0.000168959
0.00016896
0.00016896
0.00016896
0.000168961
0.000168961
0.000168961
0.000168961
0.000168962
0.000168962
0.000168962
0.000168962
0.000168963
0.000168963
0.000168963
0.000168963
0.000168964
0.000168964
0.000168964
0.000168964
0.000168964
0.000168964
0.000168964
0.000168964
0.000168964
0.000168964
0.000168964
0.000168964
0.000168964
0.000168964
0.000168964
0.000168964
0.000168964
0.000168964
0.000168964
0.000168964
0.000168964
0.000168963
0.000168962
0.000168962
0.000168961
0.000168961
0.00016896
0.00016896
0.000168959
0.000168959
0.000168958
0.000168957
0.000168957
0.000168956
0.000168956
0.000168955
0.000168955
0.000168954
0.000168954
0.000168943
0.000168941
0.000168939
0.000168938
0.000168936
0.000168935
0.000168933
0.000168932
0.000168931
0.00016893
0.00016893
0.000168929
0.000168928
0.000168928
0.000168928
0.000168928
0.000168928
0.000168928
0.000168928
0.000168928
0.000168928
0.000168928
0.000168929
0.000168929
0.000168929
0.00016893
0.00016893
0.000168931
0.000168932
0.000168933
0.000168933
0.000168934
0.000168935
0.000168935
0.000168936
0.000168937
0.000168937
0.000168938
0.000168938
0.000168939
0.00016894
0.00016894
0.000168941
0.000168942
0.000168942
0.000168943
0.000168943
0.000168944
0.000168944
0.000168945
0.000168945
0.000168946
0.000168946
0.000168947
0.000168947
0.000168948
0.000168948
0.000168948
0.000168949
0.000168949
0.00016895
0.00016895
0.000168951
0.000168951
0.000168951
0.000168952
0.000168952
0.000168952
0.000168953
0.000168953
0.000168953
0.000168953
0.000168954
0.000168954
0.000168954
0.000168954
0.000168955
0.000168955
0.000168955
0.000168955
0.000168956
0.000168956
0.000168956
0.000168956
0.000168956
0.000168956
0.000168956
0.000168956
0.000168956
0.000168956
0.000168956
0.000168956
0.000168956
0.000168956
0.000168956
0.000168956
0.000168956
0.000168956
0.000168956
0.000168956
0.000168956
0.000168956
0.000168955
0.000168955
0.000168954
0.000168953
0.000168953
0.000168952
0.000168952
0.000168951
0.000168951
0.00016895
0.000168949
0.000168949
0.000168948
0.000168948
0.000168947
0.000168947
0.000168946
0.000168946
0.000168808
0.000168806
0.000168804
0.000168802
0.000168801
0.000168799
0.000168798
0.000168797
0.000168795
0.000168795
0.000168794
0.000168793
0.000168793
0.000168792
0.000168792
0.000168792
0.000168792
0.000168792
0.000168792
0.000168792
0.000168793
0.000168793
0.000168793
0.000168794
0.000168794
0.000168795
0.000168795
0.000168796
0.000168797
0.000168797
0.000168798
0.000168799
0.0001688
0.0001688
0.000168801
0.000168802
0.000168802
0.000168803
0.000168804
0.000168804
0.000168805
0.000168806
0.000168806
0.000168807
0.000168808
0.000168808
0.000168809
0.000168809
0.00016881
0.00016881
0.000168811
0.000168811
0.000168812
0.000168812
0.000168813
0.000168813
0.000168813
0.000168814
0.000168814
0.000168815
0.000168815
0.000168816
0.000168816
0.000168816
0.000168817
0.000168817
0.000168817
0.000168818
0.000168818
0.000168818
0.000168819
0.000168819
0.000168819
0.000168819
0.000168819
0.00016882
0.00016882
0.00016882
0.00016882
0.000168821
0.000168821
0.000168821
0.000168821
0.000168821
0.000168821
0.000168821
0.000168821
0.000168822
0.000168822
0.000168822
0.000168822
0.000168822
0.000168822
0.000168822
0.000168822
0.000168822
0.000168822
0.000168822
0.000168821
0.000168821
0.000168821
0.000168821
0.000168821
0.00016882
0.000168819
0.000168819
0.000168818
0.000168818
0.000168817
0.000168816
0.000168816
0.000168815
0.000168815
0.000168814
0.000168813
0.000168813
0.000168812
0.000168812
0.000168811
0.000168811
0.000168535
0.000168533
0.000168531
0.000168529
0.000168527
0.000168525
0.000168524
0.000168522
0.000168521
0.00016852
0.00016852
0.000168519
0.000168519
0.000168518
0.000168518
0.000168518
0.000168518
0.000168518
0.000168518
0.000168518
0.000168519
0.000168519
0.000168519
0.00016852
0.00016852
0.000168521
0.000168521
0.000168522
0.000168523
0.000168524
0.000168524
0.000168525
0.000168526
0.000168527
0.000168528
0.000168528
0.000168529
0.00016853
0.00016853
0.000168531
0.000168532
0.000168533
0.000168533
0.000168534
0.000168535
0.000168535
0.000168536
0.000168536
0.000168537
0.000168537
0.000168538
0.000168538
0.000168539
0.000168539
0.00016854
0.00016854
0.00016854
0.000168541
0.000168541
0.000168542
0.000168542
0.000168542
0.000168543
0.000168543
0.000168544
0.000168544
0.000168544
0.000168544
0.000168545
0.000168545
0.000168545
0.000168545
0.000168546
0.000168546
0.000168546
0.000168546
0.000168547
0.000168547
0.000168547
0.000168547
0.000168547
0.000168547
0.000168548
0.000168548
0.000168548
0.000168548
0.000168548
0.000168548
0.000168548
0.000168548
0.000168548
0.000168548
0.000168548
0.000168548
0.000168548
0.000168548
0.000168548
0.000168548
0.000168548
0.000168548
0.000168548
0.000168548
0.000168547
0.000168547
0.000168546
0.000168546
0.000168545
0.000168544
0.000168544
0.000168543
0.000168543
0.000168542
0.000168541
0.000168541
0.00016854
0.000168539
0.000168539
0.000168538
0.000168538
0.000168538
0.000168109
0.000168107
0.000168104
0.000168102
0.0001681
0.000168099
0.000168097
0.000168096
0.000168095
0.000168094
0.000168093
0.000168092
0.000168092
0.000168092
0.000168091
0.000168091
0.000168091
0.000168091
0.000168092
0.000168092
0.000168092
0.000168093
0.000168093
0.000168094
0.000168094
0.000168095
0.000168095
0.000168096
0.000168097
0.000168097
0.000168098
0.000168099
0.0001681
0.000168101
0.000168102
0.000168102
0.000168103
0.000168104
0.000168105
0.000168105
0.000168106
0.000168107
0.000168107
0.000168108
0.000168109
0.000168109
0.00016811
0.000168111
0.000168111
0.000168112
0.000168112
0.000168112
0.000168113
0.000168113
0.000168114
0.000168114
0.000168115
0.000168115
0.000168115
0.000168116
0.000168116
0.000168117
0.000168117
0.000168117
0.000168118
0.000168118
0.000168118
0.000168119
0.000168119
0.000168119
0.000168119
0.000168119
0.00016812
0.00016812
0.00016812
0.00016812
0.00016812
0.000168121
0.000168121
0.000168121
0.000168121
0.000168121
0.000168122
0.000168122
0.000168122
0.000168122
0.000168122
0.000168122
0.000168122
0.000168122
0.000168122
0.000168122
0.000168122
0.000168122
0.000168122
0.000168122
0.000168122
0.000168122
0.000168122
0.000168122
0.000168122
0.000168122
0.000168121
0.000168121
0.00016812
0.00016812
0.000168119
0.000168118
0.000168118
0.000168117
0.000168117
0.000168116
0.000168115
0.000168115
0.000168114
0.000168113
0.000168113
0.000168112
0.000168111
0.000168112
0.000167513
0.000167511
0.000167509
0.000167506
0.000167504
0.000167502
0.000167501
0.000167499
0.000167498
0.000167497
0.000167497
0.000167496
0.000167496
0.000167495
0.000167495
0.000167495
0.000167495
0.000167495
0.000167496
0.000167496
0.000167496
0.000167497
0.000167497
0.000167498
0.000167498
0.000167499
0.0001675
0.0001675
0.000167501
0.000167502
0.000167503
0.000167503
0.000167504
0.000167505
0.000167506
0.000167507
0.000167508
0.000167508
0.000167509
0.00016751
0.000167511
0.000167511
0.000167512
0.000167513
0.000167513
0.000167514
0.000167515
0.000167515
0.000167516
0.000167516
0.000167517
0.000167517
0.000167518
0.000167518
0.000167518
0.000167519
0.000167519
0.00016752
0.00016752
0.00016752
0.000167521
0.000167521
0.000167521
0.000167522
0.000167522
0.000167522
0.000167523
0.000167523
0.000167523
0.000167523
0.000167524
0.000167524
0.000167524
0.000167524
0.000167524
0.000167525
0.000167525
0.000167525
0.000167525
0.000167525
0.000167526
0.000167526
0.000167526
0.000167526
0.000167526
0.000167526
0.000167526
0.000167526
0.000167526
0.000167526
0.000167526
0.000167526
0.000167526
0.000167526
0.000167526
0.000167526
0.000167526
0.000167526
0.000167526
0.000167526
0.000167526
0.000167526
0.000167526
0.000167525
0.000167525
0.000167524
0.000167524
0.000167523
0.000167522
0.000167522
0.000167521
0.00016752
0.00016752
0.000167519
0.000167519
0.000167518
0.000167517
0.000167517
0.000167516
0.000167516
0.000166728
0.000166725
0.000166723
0.00016672
0.000166718
0.000166716
0.000166715
0.000166713
0.000166712
0.000166711
0.00016671
0.00016671
0.00016671
0.000166709
0.000166709
0.000166709
0.000166709
0.000166709
0.00016671
0.00016671
0.00016671
0.000166711
0.000166711
0.000166712
0.000166713
0.000166713
0.000166714
0.000166714
0.000166715
0.000166716
0.000166717
0.000166718
0.000166719
0.000166719
0.00016672
0.000166721
0.000166722
0.000166723
0.000166723
0.000166724
0.000166725
0.000166726
0.000166727
0.000166727
0.000166728
0.000166729
0.000166729
0.00016673
0.00016673
0.000166731
0.000166731
0.000166732
0.000166732
0.000166732
0.000166733
0.000166733
0.000166734
0.000166734
0.000166734
0.000166735
0.000166735
0.000166735
0.000166736
0.000166736
0.000166736
0.000166737
0.000166737
0.000166737
0.000166737
0.000166738
0.000166738
0.000166738
0.000166738
0.000166738
0.000166739
0.000166739
0.000166739
0.000166739
0.000166739
0.00016674
0.00016674
0.00016674
0.00016674
0.00016674
0.00016674
0.00016674
0.00016674
0.00016674
0.00016674
0.00016674
0.00016674
0.00016674
0.00016674
0.00016674
0.00016674
0.00016674
0.00016674
0.00016674
0.00016674
0.00016674
0.00016674
0.00016674
0.00016674
0.00016674
0.000166739
0.000166739
0.000166738
0.000166737
0.000166737
0.000166736
0.000166736
0.000166735
0.000166734
0.000166734
0.000166733
0.000166732
0.000166732
0.000166731
0.00016673
0.00016673
0.000165727
0.000165724
0.000165722
0.000165719
0.000165717
0.000165715
0.000165713
0.000165712
0.000165711
0.00016571
0.000165709
0.000165709
0.000165708
0.000165708
0.000165708
0.000165708
0.000165708
0.000165708
0.000165709
0.000165709
0.000165709
0.00016571
0.000165711
0.000165711
0.000165712
0.000165712
0.000165713
0.000165714
0.000165714
0.000165715
0.000165716
0.000165717
0.000165718
0.000165719
0.00016572
0.00016572
0.000165721
0.000165722
0.000165723
0.000165724
0.000165724
0.000165725
0.000165726
0.000165727
0.000165727
0.000165728
0.000165728
0.000165729
0.00016573
0.00016573
0.00016573
0.000165731
0.000165731
0.000165732
0.000165732
0.000165733
0.000165733
0.000165733
0.000165734
0.000165734
0.000165734
0.000165735
0.000165735
0.000165735
0.000165736
0.000165736
0.000165736
0.000165736
0.000165737
0.000165737
0.000165737
0.000165737
0.000165737
0.000165737
0.000165738
0.000165738
0.000165738
0.000165738
0.000165738
0.000165738
0.000165739
0.000165739
0.000165739
0.000165739
0.000165739
0.000165739
0.000165739
0.000165739
0.000165739
0.000165739
0.000165739
0.000165739
0.000165739
0.000165739
0.000165739
0.000165739
0.000165739
0.000165739
0.000165739
0.000165739
0.000165739
0.000165739
0.000165739
0.000165739
0.000165738
0.000165738
0.000165737
0.000165737
0.000165736
0.000165735
0.000165735
0.000165734
0.000165734
0.000165733
0.000165732
0.000165732
0.000165731
0.00016573
0.00016573
0.00016573
0.00016448
0.000164478
0.000164475
0.000164472
0.00016447
0.000164468
0.000164466
0.000164465
0.000164464
0.000164463
0.000164462
0.000164462
0.000164461
0.000164461
0.000164461
0.000164461
0.000164461
0.000164462
0.000164462
0.000164462
0.000164463
0.000164463
0.000164464
0.000164465
0.000164465
0.000164466
0.000164467
0.000164467
0.000164468
0.000164469
0.00016447
0.00016447
0.000164471
0.000164472
0.000164473
0.000164474
0.000164475
0.000164475
0.000164476
0.000164477
0.000164478
0.000164478
0.000164479
0.00016448
0.000164481
0.000164481
0.000164482
0.000164482
0.000164483
0.000164483
0.000164484
0.000164484
0.000164485
0.000164485
0.000164486
0.000164486
0.000164486
0.000164487
0.000164487
0.000164487
0.000164488
0.000164488
0.000164488
0.000164489
0.000164489
0.000164489
0.000164489
0.000164489
0.00016449
0.00016449
0.00016449
0.00016449
0.00016449
0.000164491
0.000164491
0.000164491
0.000164491
0.000164491
0.000164491
0.000164492
0.000164492
0.000164492
0.000164492
0.000164492
0.000164492
0.000164492
0.000164492
0.000164492
0.000164492
0.000164492
0.000164492
0.000164492
0.000164492
0.000164492
0.000164492
0.000164492
0.000164492
0.000164492
0.000164492
0.000164492
0.000164492
0.000164492
0.000164492
0.000164492
0.000164491
0.000164491
0.000164491
0.00016449
0.00016449
0.000164489
0.000164488
0.000164488
0.000164487
0.000164486
0.000164486
0.000164485
0.000164484
0.000164484
0.000164483
0.000164483
0.00016295
0.000162947
0.000162944
0.000162942
0.00016294
0.000162938
0.000162936
0.000162935
0.000162933
0.000162932
0.000162932
0.000162931
0.000162931
0.000162931
0.000162931
0.000162931
0.000162931
0.000162931
0.000162932
0.000162932
0.000162933
0.000162933
0.000162934
0.000162935
0.000162935
0.000162936
0.000162936
0.000162937
0.000162938
0.000162939
0.000162939
0.00016294
0.000162941
0.000162942
0.000162943
0.000162943
0.000162944
0.000162945
0.000162946
0.000162947
0.000162947
0.000162948
0.000162949
0.00016295
0.00016295
0.000162951
0.000162952
0.000162952
0.000162953
0.000162953
0.000162954
0.000162954
0.000162954
0.000162955
0.000162955
0.000162955
0.000162956
0.000162956
0.000162956
0.000162957
0.000162957
0.000162957
0.000162958
0.000162958
0.000162958
0.000162958
0.000162959
0.000162959
0.000162959
0.000162959
0.000162959
0.00016296
0.00016296
0.00016296
0.00016296
0.00016296
0.00016296
0.000162961
0.000162961
0.000162961
0.000162961
0.000162961
0.000162961
0.000162961
0.000162961
0.000162962
0.000162962
0.000162962
0.000162962
0.000162962
0.000162962
0.000162962
0.000162962
0.000162962
0.000162962
0.000162962
0.000162962
0.000162962
0.000162962
0.000162962
0.000162961
0.000162961
0.000162961
0.000162961
0.000162961
0.000162961
0.00016296
0.00016296
0.000162959
0.000162959
0.000162958
0.000162957
0.000162957
0.000162956
0.000162956
0.000162955
0.000162954
0.000162954
0.000162953
0.000162953
0.000161089
0.000161086
0.000161083
0.000161081
0.000161078
0.000161076
0.000161075
0.000161073
0.000161072
0.000161071
0.000161071
0.00016107
0.00016107
0.00016107
0.00016107
0.00016107
0.00016107
0.00016107
0.000161071
0.000161071
0.000161072
0.000161072
0.000161073
0.000161074
0.000161074
0.000161075
0.000161076
0.000161076
0.000161077
0.000161078
0.000161078
0.000161079
0.00016108
0.000161081
0.000161082
0.000161082
0.000161083
0.000161084
0.000161085
0.000161086
0.000161086
0.000161087
0.000161088
0.000161089
0.000161089
0.00016109
0.00016109
0.000161091
0.000161091
0.000161092
0.000161092
0.000161093
0.000161093
0.000161094
0.000161094
0.000161094
0.000161095
0.000161095
0.000161095
0.000161096
0.000161096
0.000161096
0.000161096
0.000161097
0.000161097
0.000161097
0.000161097
0.000161098
0.000161098
0.000161098
0.000161098
0.000161098
0.000161098
0.000161099
0.000161099
0.000161099
0.000161099
0.000161099
0.000161099
0.000161099
0.0001611
0.0001611
0.0001611
0.0001611
0.0001611
0.0001611
0.0001611
0.0001611
0.0001611
0.0001611
0.0001611
0.0001611
0.0001611
0.0001611
0.0001611
0.0001611
0.0001611
0.0001611
0.0001611
0.0001611
0.0001611
0.0001611
0.0001611
0.0001611
0.0001611
0.000161099
0.000161099
0.000161099
0.000161098
0.000161098
0.000161097
0.000161096
0.000161096
0.000161095
0.000161095
0.000161094
0.000161093
0.000161093
0.000161092
0.000161092
0.000158839
0.000158836
0.000158833
0.00015883
0.000158828
0.000158826
0.000158824
0.000158823
0.000158822
0.000158821
0.00015882
0.00015882
0.000158819
0.000158819
0.000158819
0.000158819
0.00015882
0.00015882
0.00015882
0.000158821
0.000158821
0.000158822
0.000158823
0.000158824
0.000158824
0.000158825
0.000158826
0.000158826
0.000158827
0.000158827
0.000158828
0.000158829
0.00015883
0.00015883
0.000158831
0.000158832
0.000158833
0.000158833
0.000158834
0.000158835
0.000158836
0.000158836
0.000158837
0.000158838
0.000158839
0.000158839
0.00015884
0.00015884
0.000158841
0.000158841
0.000158842
0.000158842
0.000158843
0.000158843
0.000158843
0.000158844
0.000158844
0.000158844
0.000158844
0.000158845
0.000158845
0.000158845
0.000158846
0.000158846
0.000158846
0.000158846
0.000158847
0.000158847
0.000158847
0.000158847
0.000158847
0.000158847
0.000158847
0.000158848
0.000158848
0.000158848
0.000158848
0.000158848
0.000158848
0.000158848
0.000158849
0.000158849
0.000158849
0.000158849
0.000158849
0.000158849
0.000158849
0.000158849
0.000158849
0.000158849
0.000158849
0.000158849
0.000158849
0.000158849
0.000158849
0.000158849
0.000158849
0.000158849
0.000158849
0.000158849
0.000158849
0.000158849
0.000158849
0.000158849
0.000158849
0.000158849
0.000158848
0.000158848
0.000158847
0.000158847
0.000158846
0.000158846
0.000158845
0.000158845
0.000158844
0.000158844
0.000158843
0.000158842
0.000158841
0.000158842
0.000156125
0.000156122
0.000156119
0.000156116
0.000156114
0.000156112
0.00015611
0.000156109
0.000156108
0.000156107
0.000156106
0.000156106
0.000156106
0.000156106
0.000156106
0.000156106
0.000156106
0.000156106
0.000156107
0.000156107
0.000156108
0.000156109
0.000156109
0.00015611
0.000156111
0.000156111
0.000156112
0.000156113
0.000156113
0.000156114
0.000156114
0.000156115
0.000156116
0.000156117
0.000156117
0.000156118
0.000156119
0.00015612
0.00015612
0.000156121
0.000156122
0.000156122
0.000156123
0.000156124
0.000156125
0.000156125
0.000156126
0.000156126
0.000156127
0.000156127
0.000156128
0.000156128
0.000156128
0.000156129
0.000156129
0.000156129
0.00015613
0.00015613
0.00015613
0.00015613
0.000156131
0.000156131
0.000156131
0.000156132
0.000156132
0.000156132
0.000156132
0.000156132
0.000156133
0.000156133
0.000156133
0.000156133
0.000156133
0.000156133
0.000156133
0.000156133
0.000156134
0.000156134
0.000156134
0.000156134
0.000156134
0.000156134
0.000156134
0.000156135
0.000156135
0.000156135
0.000156135
0.000156135
0.000156135
0.000156135
0.000156135
0.000156135
0.000156135
0.000156135
0.000156135
0.000156135
0.000156135
0.000156135
0.000156135
0.000156135
0.000156135
0.000156135
0.000156135
0.000156135
0.000156135
0.000156134
0.000156134
0.000156134
0.000156133
0.000156133
0.000156132
0.000156132
0.000156131
0.000156131
0.00015613
0.00015613
0.000156129
0.000156129
0.000156128
0.000156128
0.000152854
0.000152851
0.000152848
0.000152846
0.000152843
0.000152841
0.00015284
0.000152838
0.000152837
0.000152836
0.000152835
0.000152835
0.000152835
0.000152835
0.000152835
0.000152835
0.000152835
0.000152836
0.000152836
0.000152837
0.000152837
0.000152838
0.000152839
0.000152839
0.00015284
0.000152841
0.000152841
0.000152842
0.000152842
0.000152843
0.000152844
0.000152844
0.000152845
0.000152846
0.000152846
0.000152847
0.000152848
0.000152848
0.000152849
0.00015285
0.000152851
0.000152851
0.000152852
0.000152853
0.000152853
0.000152854
0.000152854
0.000152855
0.000152855
0.000152856
0.000152856
0.000152857
0.000152857
0.000152857
0.000152858
0.000152858
0.000152858
0.000152858
0.000152859
0.000152859
0.000152859
0.00015286
0.00015286
0.00015286
0.00015286
0.00015286
0.000152861
0.000152861
0.000152861
0.000152861
0.000152861
0.000152861
0.000152862
0.000152862
0.000152862
0.000152862
0.000152862
0.000152862
0.000152862
0.000152862
0.000152863
0.000152863
0.000152863
0.000152863
0.000152863
0.000152863
0.000152863
0.000152863
0.000152863
0.000152863
0.000152863
0.000152863
0.000152863
0.000152863
0.000152863
0.000152863
0.000152863
0.000152863
0.000152863
0.000152863
0.000152863
0.000152863
0.000152863
0.000152863
0.000152863
0.000152863
0.000152863
0.000152862
0.000152862
0.000152862
0.000152861
0.000152861
0.00015286
0.00015286
0.000152859
0.000152859
0.000152858
0.000152858
0.000152857
0.000152857
0.000148907
0.000148904
0.000148901
0.000148898
0.000148896
0.000148894
0.000148892
0.000148891
0.00014889
0.000148889
0.000148888
0.000148888
0.000148888
0.000148888
0.000148888
0.000148888
0.000148888
0.000148889
0.000148889
0.00014889
0.00014889
0.000148891
0.000148892
0.000148892
0.000148893
0.000148894
0.000148894
0.000148895
0.000148895
0.000148896
0.000148896
0.000148897
0.000148898
0.000148898
0.000148899
0.0001489
0.0001489
0.000148901
0.000148901
0.000148902
0.000148903
0.000148903
0.000148904
0.000148905
0.000148905
0.000148906
0.000148907
0.000148907
0.000148908
0.000148908
0.000148908
0.000148909
0.000148909
0.000148909
0.00014891
0.00014891
0.00014891
0.000148911
0.000148911
0.000148911
0.000148911
0.000148912
0.000148912
0.000148912
0.000148912
0.000148912
0.000148913
0.000148913
0.000148913
0.000148913
0.000148913
0.000148913
0.000148913
0.000148914
0.000148914
0.000148914
0.000148914
0.000148914
0.000148914
0.000148914
0.000148915
0.000148915
0.000148915
0.000148915
0.000148915
0.000148915
0.000148915
0.000148915
0.000148915
0.000148915
0.000148915
0.000148915
0.000148915
0.000148915
0.000148915
0.000148915
0.000148915
0.000148915
0.000148915
0.000148915
0.000148915
0.000148915
0.000148915
0.000148915
0.000148915
0.000148915
0.000148915
0.000148915
0.000148914
0.000148914
0.000148914
0.000148913
0.000148913
0.000148912
0.000148912
0.000148911
0.000148911
0.00014891
0.000148909
0.000148909
0.00014413
0.000144127
0.000144125
0.000144122
0.00014412
0.000144118
0.000144116
0.000144115
0.000144114
0.000144113
0.000144112
0.000144112
0.000144112
0.000144111
0.000144112
0.000144112
0.000144112
0.000144112
0.000144113
0.000144113
0.000144114
0.000144115
0.000144115
0.000144116
0.000144117
0.000144117
0.000144118
0.000144118
0.000144119
0.000144119
0.00014412
0.00014412
0.000144121
0.000144122
0.000144122
0.000144123
0.000144123
0.000144124
0.000144125
0.000144125
0.000144126
0.000144127
0.000144127
0.000144128
0.000144128
0.000144129
0.00014413
0.00014413
0.00014413
0.000144131
0.000144131
0.000144132
0.000144132
0.000144132
0.000144133
0.000144133
0.000144133
0.000144133
0.000144134
0.000144134
0.000144134
0.000144134
0.000144135
0.000144135
0.000144135
0.000144135
0.000144135
0.000144136
0.000144136
0.000144136
0.000144136
0.000144136
0.000144136
0.000144136
0.000144136
0.000144137
0.000144137
0.000144137
0.000144137
0.000144137
0.000144137
0.000144137
0.000144137
0.000144138
0.000144138
0.000144138
0.000144138
0.000144138
0.000144138
0.000144138
0.000144138
0.000144138
0.000144138
0.000144138
0.000144138
0.000144138
0.000144138
0.000144138
0.000144138
0.000144138
0.000144138
0.000144138
0.000144138
0.000144138
0.000144138
0.000144138
0.000144138
0.000144138
0.000144137
0.000144137
0.000144137
0.000144136
0.000144136
0.000144135
0.000144135
0.000144134
0.000144134
0.000144133
0.000144133
0.000144133
0.000138329
0.000138327
0.000138324
0.000138322
0.000138319
0.000138317
0.000138316
0.000138314
0.000138313
0.000138312
0.000138312
0.000138311
0.000138311
0.000138311
0.000138311
0.000138311
0.000138312
0.000138312
0.000138313
0.000138313
0.000138314
0.000138314
0.000138315
0.000138316
0.000138316
0.000138317
0.000138317
0.000138318
0.000138318
0.000138319
0.000138319
0.00013832
0.00013832
0.000138321
0.000138321
0.000138322
0.000138322
0.000138323
0.000138324
0.000138324
0.000138325
0.000138325
0.000138326
0.000138327
0.000138327
0.000138328
0.000138328
0.000138329
0.000138329
0.000138329
0.00013833
0.00013833
0.000138331
0.000138331
0.000138331
0.000138331
0.000138332
0.000138332
0.000138332
0.000138332
0.000138333
0.000138333
0.000138333
0.000138333
0.000138334
0.000138334
0.000138334
0.000138334
0.000138334
0.000138334
0.000138334
0.000138335
0.000138335
0.000138335
0.000138335
0.000138335
0.000138335
0.000138335
0.000138335
0.000138336
0.000138336
0.000138336
0.000138336
0.000138336
0.000138336
0.000138336
0.000138336
0.000138336
0.000138336
0.000138337
0.000138337
0.000138337
0.000138337
0.000138337
0.000138337
0.000138337
0.000138337
0.000138337
0.000138337
0.000138337
0.000138337
0.000138337
0.000138337
0.000138337
0.000138337
0.000138337
0.000138336
0.000138336
0.000138336
0.000138336
0.000138336
0.000138335
0.000138335
0.000138334
0.000138334
0.000138333
0.000138333
0.000138332
0.000138332
0.000138332
0.000131257
0.000131255
0.000131252
0.00013125
0.000131247
0.000131245
0.000131244
0.000131242
0.000131241
0.00013124
0.00013124
0.000131239
0.000131239
0.000131239
0.000131239
0.000131239
0.00013124
0.00013124
0.00013124
0.000131241
0.000131241
0.000131242
0.000131243
0.000131243
0.000131244
0.000131244
0.000131245
0.000131245
0.000131246
0.000131246
0.000131247
0.000131247
0.000131248
0.000131248
0.000131249
0.000131249
0.00013125
0.00013125
0.000131251
0.000131251
0.000131252
0.000131252
0.000131253
0.000131253
0.000131254
0.000131255
0.000131255
0.000131255
0.000131256
0.000131256
0.000131257
0.000131257
0.000131257
0.000131258
0.000131258
0.000131258
0.000131258
0.000131259
0.000131259
0.000131259
0.000131259
0.000131259
0.00013126
0.00013126
0.00013126
0.00013126
0.00013126
0.000131261
0.000131261
0.000131261
0.000131261
0.000131261
0.000131261
0.000131261
0.000131262
0.000131262
0.000131262
0.000131262
0.000131262
0.000131262
0.000131262
0.000131262
0.000131263
0.000131263
0.000131263
0.000131263
0.000131263
0.000131263
0.000131263
0.000131263
0.000131263
0.000131263
0.000131263
0.000131263
0.000131263
0.000131263
0.000131263
0.000131263
0.000131263
0.000131264
0.000131263
0.000131263
0.000131263
0.000131263
0.000131263
0.000131263
0.000131263
0.000131263
0.000131263
0.000131263
0.000131262
0.000131262
0.000131262
0.000131261
0.000131261
0.000131261
0.00013126
0.00013126
0.000131259
0.000131259
0.000122605
0.000122603
0.000122601
0.000122599
0.000122596
0.000122594
0.000122593
0.000122591
0.00012259
0.000122589
0.000122589
0.000122588
0.000122588
0.000122588
0.000122588
0.000122588
0.000122589
0.000122589
0.000122589
0.00012259
0.00012259
0.000122591
0.000122591
0.000122592
0.000122592
0.000122593
0.000122593
0.000122594
0.000122594
0.000122595
0.000122595
0.000122595
0.000122596
0.000122596
0.000122597
0.000122597
0.000122598
0.000122598
0.000122599
0.000122599
0.0001226
0.0001226
0.000122601
0.000122601
0.000122602
0.000122602
0.000122603
0.000122603
0.000122604
0.000122604
0.000122604
0.000122605
0.000122605
0.000122605
0.000122605
0.000122606
0.000122606
0.000122606
0.000122606
0.000122607
0.000122607
0.000122607
0.000122607
0.000122608
0.000122608
0.000122608
0.000122608
0.000122608
0.000122608
0.000122608
0.000122609
0.000122609
0.000122609
0.000122609
0.000122609
0.000122609
0.000122609
0.000122609
0.00012261
0.00012261
0.00012261
0.00012261
0.00012261
0.00012261
0.00012261
0.00012261
0.000122611
0.000122611
0.000122611
0.000122611
0.000122611
0.000122611
0.000122611
0.000122611
0.000122611
0.000122611
0.000122611
0.000122611
0.000122611
0.000122611
0.000122611
0.000122611
0.000122611
0.000122611
0.000122611
0.000122611
0.000122611
0.000122611
0.000122611
0.000122611
0.00012261
0.00012261
0.00012261
0.000122609
0.000122609
0.000122609
0.000122608
0.000122608
0.000122607
0.000122607
0.000112013
0.000112012
0.00011201
0.000112007
0.000112005
0.000112003
0.000112001
0.000112
0.000111999
0.000111998
0.000111998
0.000111997
0.000111997
0.000111997
0.000111997
0.000111997
0.000111997
0.000111998
0.000111998
0.000111998
0.000111999
0.000111999
0.000112
0.000112
0.000112001
0.000112001
0.000112002
0.000112002
0.000112002
0.000112003
0.000112003
0.000112004
0.000112004
0.000112004
0.000112005
0.000112005
0.000112005
0.000112006
0.000112006
0.000112007
0.000112007
0.000112008
0.000112008
0.000112009
0.000112009
0.00011201
0.00011201
0.000112011
0.000112011
0.000112011
0.000112012
0.000112012
0.000112012
0.000112013
0.000112013
0.000112013
0.000112013
0.000112013
0.000112014
0.000112014
0.000112014
0.000112014
0.000112015
0.000112015
0.000112015
0.000112015
0.000112015
0.000112015
0.000112016
0.000112016
0.000112016
0.000112016
0.000112016
0.000112016
0.000112016
0.000112016
0.000112017
0.000112017
0.000112017
0.000112017
0.000112017
0.000112017
0.000112017
0.000112017
0.000112018
0.000112018
0.000112018
0.000112018
0.000112018
0.000112018
0.000112018
0.000112018
0.000112018
0.000112018
0.000112018
0.000112018
0.000112018
0.000112018
0.000112018
0.000112018
0.000112018
0.000112018
0.000112018
0.000112018
0.000112018
0.000112018
0.000112018
0.000112018
0.000112018
0.000112018
0.000112018
0.000112017
0.000112017
0.000112017
0.000112017
0.000112016
0.000112016
0.000112015
0.000112015
0.000112015
9.91081e-05
9.91069e-05
9.9105e-05
9.91027e-05
9.91006e-05
9.90986e-05
9.9097e-05
9.90956e-05
9.90946e-05
9.90938e-05
9.90932e-05
9.90928e-05
9.90926e-05
9.90925e-05
9.90925e-05
9.90926e-05
9.90928e-05
9.9093e-05
9.90933e-05
9.90937e-05
9.90941e-05
9.90946e-05
9.9095e-05
9.90954e-05
9.90959e-05
9.90963e-05
9.90966e-05
9.9097e-05
9.90973e-05
9.90976e-05
9.90979e-05
9.90983e-05
9.90986e-05
9.90989e-05
9.90993e-05
9.90996e-05
9.91e-05
9.91004e-05
9.91008e-05
9.91012e-05
9.91016e-05
9.91021e-05
9.91026e-05
9.9103e-05
9.91034e-05
9.91039e-05
9.91043e-05
9.91046e-05
9.9105e-05
9.91053e-05
9.91056e-05
9.91059e-05
9.91062e-05
9.91065e-05
9.91067e-05
9.91069e-05
9.91071e-05
9.91073e-05
9.91076e-05
9.91078e-05
9.9108e-05
9.91082e-05
9.91084e-05
9.91086e-05
9.91087e-05
9.91089e-05
9.91091e-05
9.91092e-05
9.91093e-05
9.91095e-05
9.91096e-05
9.91097e-05
9.91098e-05
9.91099e-05
9.911e-05
9.91102e-05
9.91103e-05
9.91104e-05
9.91105e-05
9.91107e-05
9.91108e-05
9.91109e-05
9.9111e-05
9.91111e-05
9.91112e-05
9.91113e-05
9.91114e-05
9.91115e-05
9.91116e-05
9.91116e-05
9.91117e-05
9.91118e-05
9.91118e-05
9.91119e-05
9.91119e-05
9.9112e-05
9.9112e-05
9.91121e-05
9.91121e-05
9.91121e-05
9.91121e-05
9.91121e-05
9.91121e-05
9.91121e-05
9.91121e-05
9.91121e-05
9.9112e-05
9.9112e-05
9.91119e-05
9.91118e-05
9.91116e-05
9.91115e-05
9.91113e-05
9.9111e-05
9.91107e-05
9.91104e-05
9.911e-05
9.91097e-05
9.91091e-05
9.9109e-05
8.36365e-05
8.36355e-05
8.36338e-05
8.36317e-05
8.36297e-05
8.36279e-05
8.36263e-05
8.36251e-05
8.36241e-05
8.36233e-05
8.36227e-05
8.36223e-05
8.36221e-05
8.3622e-05
8.3622e-05
8.36221e-05
8.36222e-05
8.36224e-05
8.36226e-05
8.3623e-05
8.36233e-05
8.36237e-05
8.36241e-05
8.36244e-05
8.36248e-05
8.36251e-05
8.36254e-05
8.36257e-05
8.3626e-05
8.36263e-05
8.36266e-05
8.36269e-05
8.36271e-05
8.36274e-05
8.36277e-05
8.3628e-05
8.36283e-05
8.36287e-05
8.3629e-05
8.36294e-05
8.36298e-05
8.36302e-05
8.36306e-05
8.3631e-05
8.36314e-05
8.36318e-05
8.36321e-05
8.36325e-05
8.36328e-05
8.36331e-05
8.36334e-05
8.36336e-05
8.36339e-05
8.36341e-05
8.36343e-05
8.36345e-05
8.36347e-05
8.36349e-05
8.36351e-05
8.36353e-05
8.36355e-05
8.36357e-05
8.36359e-05
8.36361e-05
8.36362e-05
8.36364e-05
8.36365e-05
8.36367e-05
8.36368e-05
8.36369e-05
8.3637e-05
8.36371e-05
8.36372e-05
8.36373e-05
8.36375e-05
8.36376e-05
8.36377e-05
8.36378e-05
8.36379e-05
8.3638e-05
8.36382e-05
8.36383e-05
8.36384e-05
8.36385e-05
8.36386e-05
8.36387e-05
8.36387e-05
8.36388e-05
8.36389e-05
8.3639e-05
8.3639e-05
8.36391e-05
8.36391e-05
8.36392e-05
8.36392e-05
8.36393e-05
8.36393e-05
8.36394e-05
8.36394e-05
8.36394e-05
8.36395e-05
8.36395e-05
8.36395e-05
8.36395e-05
8.36395e-05
8.36394e-05
8.36394e-05
8.36394e-05
8.36393e-05
8.36392e-05
8.36391e-05
8.3639e-05
8.36388e-05
8.36386e-05
8.36383e-05
8.36381e-05
8.36377e-05
8.36374e-05
8.3637e-05
8.36367e-05
6.57703e-05
6.57696e-05
6.57682e-05
6.57663e-05
6.57646e-05
6.5763e-05
6.57616e-05
6.57605e-05
6.57596e-05
6.57589e-05
6.57584e-05
6.5758e-05
6.57578e-05
6.57576e-05
6.57576e-05
6.57576e-05
6.57577e-05
6.57579e-05
6.57581e-05
6.57583e-05
6.57586e-05
6.57589e-05
6.57592e-05
6.57595e-05
6.57598e-05
6.57601e-05
6.57603e-05
6.57606e-05
6.57608e-05
6.57611e-05
6.57613e-05
6.57615e-05
6.57617e-05
6.5762e-05
6.57622e-05
6.57625e-05
6.57627e-05
6.5763e-05
6.57633e-05
6.57636e-05
6.57639e-05
6.57643e-05
6.57646e-05
6.57649e-05
6.57653e-05
6.57656e-05
6.57659e-05
6.57662e-05
6.57665e-05
6.57667e-05
6.5767e-05
6.57672e-05
6.57674e-05
6.57676e-05
6.57678e-05
6.5768e-05
6.57682e-05
6.57683e-05
6.57685e-05
6.57687e-05
6.57689e-05
6.5769e-05
6.57692e-05
6.57693e-05
6.57695e-05
6.57696e-05
6.57697e-05
6.57698e-05
6.577e-05
6.57701e-05
6.57702e-05
6.57703e-05
6.57704e-05
6.57705e-05
6.57706e-05
6.57707e-05
6.57708e-05
6.57709e-05
6.5771e-05
6.57711e-05
6.57712e-05
6.57713e-05
6.57714e-05
6.57715e-05
6.57715e-05
6.57716e-05
6.57717e-05
6.57718e-05
6.57718e-05
6.57719e-05
6.57719e-05
6.5772e-05
6.5772e-05
6.57721e-05
6.57721e-05
6.57722e-05
6.57722e-05
6.57723e-05
6.57723e-05
6.57723e-05
6.57723e-05
6.57724e-05
6.57724e-05
6.57724e-05
6.57724e-05
6.57723e-05
6.57723e-05
6.57723e-05
6.57723e-05
6.57722e-05
6.57721e-05
6.5772e-05
6.57719e-05
6.57717e-05
6.57715e-05
6.57713e-05
6.5771e-05
6.57708e-05
6.57704e-05
6.57701e-05
4.66113e-05
4.66108e-05
4.66097e-05
4.66083e-05
4.66068e-05
4.66056e-05
4.66045e-05
4.66036e-05
4.66029e-05
4.66023e-05
4.66019e-05
4.66016e-05
4.66014e-05
4.66012e-05
4.66012e-05
4.66012e-05
4.66013e-05
4.66014e-05
4.66015e-05
4.66017e-05
4.66019e-05
4.66021e-05
4.66023e-05
4.66026e-05
4.66028e-05
4.6603e-05
4.66032e-05
4.66033e-05
4.66035e-05
4.66037e-05
4.66039e-05
4.6604e-05
4.66042e-05
4.66044e-05
4.66046e-05
4.66048e-05
4.6605e-05
4.66052e-05
4.66054e-05
4.66056e-05
4.66059e-05
4.66061e-05
4.66064e-05
4.66066e-05
4.66069e-05
4.66071e-05
4.66074e-05
4.66076e-05
4.66078e-05
4.6608e-05
4.66082e-05
4.66084e-05
4.66086e-05
4.66087e-05
4.66089e-05
4.6609e-05
4.66092e-05
4.66093e-05
4.66094e-05
4.66096e-05
4.66097e-05
4.66098e-05
4.661e-05
4.66101e-05
4.66102e-05
4.66103e-05
4.66104e-05
4.66105e-05
4.66106e-05
4.66107e-05
4.66107e-05
4.66108e-05
4.66109e-05
4.6611e-05
4.66111e-05
4.66111e-05
4.66112e-05
4.66113e-05
4.66114e-05
4.66115e-05
4.66116e-05
4.66116e-05
4.66117e-05
4.66118e-05
4.66118e-05
4.66119e-05
4.6612e-05
4.6612e-05
4.66121e-05
4.66121e-05
4.66122e-05
4.66122e-05
4.66123e-05
4.66123e-05
4.66123e-05
4.66124e-05
4.66124e-05
4.66124e-05
4.66125e-05
4.66125e-05
4.66125e-05
4.66125e-05
4.66125e-05
4.66125e-05
4.66125e-05
4.66125e-05
4.66125e-05
4.66125e-05
4.66125e-05
4.66124e-05
4.66124e-05
4.66123e-05
4.66122e-05
4.66121e-05
4.6612e-05
4.66118e-05
4.66116e-05
4.66114e-05
4.66111e-05
4.66109e-05
2.85293e-05
2.85291e-05
2.85283e-05
2.85274e-05
2.85265e-05
2.85256e-05
2.85249e-05
2.85243e-05
2.85238e-05
2.85234e-05
2.85231e-05
2.85229e-05
2.85227e-05
2.85226e-05
2.85226e-05
2.85226e-05
2.85226e-05
2.85227e-05
2.85228e-05
2.85229e-05
2.8523e-05
2.85231e-05
2.85233e-05
2.85234e-05
2.85236e-05
2.85237e-05
2.85238e-05
2.85239e-05
2.8524e-05
2.85242e-05
2.85243e-05
2.85244e-05
2.85245e-05
2.85246e-05
2.85247e-05
2.85248e-05
2.8525e-05
2.85251e-05
2.85253e-05
2.85254e-05
2.85256e-05
2.85257e-05
2.85259e-05
2.85261e-05
2.85263e-05
2.85264e-05
2.85266e-05
2.85267e-05
2.85269e-05
2.8527e-05
2.85271e-05
2.85272e-05
2.85274e-05
2.85275e-05
2.85276e-05
2.85277e-05
2.85278e-05
2.85279e-05
2.8528e-05
2.8528e-05
2.85281e-05
2.85282e-05
2.85283e-05
2.85284e-05
2.85285e-05
2.85285e-05
2.85286e-05
2.85287e-05
2.85287e-05
2.85288e-05
2.85288e-05
2.85289e-05
2.8529e-05
2.8529e-05
2.85291e-05
2.85291e-05
2.85292e-05
2.85292e-05
2.85293e-05
2.85293e-05
2.85294e-05
2.85294e-05
2.85295e-05
2.85295e-05
2.85296e-05
2.85296e-05
2.85297e-05
2.85297e-05
2.85297e-05
2.85298e-05
2.85298e-05
2.85298e-05
2.85299e-05
2.85299e-05
2.85299e-05
2.853e-05
2.853e-05
2.853e-05
2.853e-05
2.853e-05
2.853e-05
2.85301e-05
2.85301e-05
2.85301e-05
2.85301e-05
2.85301e-05
2.85301e-05
2.85301e-05
2.853e-05
2.853e-05
2.853e-05
2.85299e-05
2.85299e-05
2.85298e-05
2.85297e-05
2.85296e-05
2.85295e-05
2.85294e-05
2.85292e-05
2.8529e-05
1.43861e-05
1.43859e-05
1.43856e-05
1.43851e-05
1.43846e-05
1.43841e-05
1.43837e-05
1.43834e-05
1.43831e-05
1.43829e-05
1.43827e-05
1.43826e-05
1.43825e-05
1.43825e-05
1.43824e-05
1.43824e-05
1.43825e-05
1.43825e-05
1.43825e-05
1.43826e-05
1.43826e-05
1.43827e-05
1.43828e-05
1.43829e-05
1.43829e-05
1.4383e-05
1.43831e-05
1.43831e-05
1.43832e-05
1.43832e-05
1.43833e-05
1.43834e-05
1.43834e-05
1.43835e-05
1.43835e-05
1.43836e-05
1.43837e-05
1.43838e-05
1.43838e-05
1.43839e-05
1.4384e-05
1.43841e-05
1.43842e-05
1.43843e-05
1.43844e-05
1.43844e-05
1.43845e-05
1.43846e-05
1.43847e-05
1.43848e-05
1.43848e-05
1.43849e-05
1.43849e-05
1.4385e-05
1.43851e-05
1.43851e-05
1.43852e-05
1.43852e-05
1.43853e-05
1.43853e-05
1.43854e-05
1.43854e-05
1.43855e-05
1.43855e-05
1.43855e-05
1.43856e-05
1.43856e-05
1.43857e-05
1.43857e-05
1.43857e-05
1.43857e-05
1.43858e-05
1.43858e-05
1.43858e-05
1.43859e-05
1.43859e-05
1.43859e-05
1.4386e-05
1.4386e-05
1.4386e-05
1.4386e-05
1.43861e-05
1.43861e-05
1.43861e-05
1.43862e-05
1.43862e-05
1.43862e-05
1.43862e-05
1.43862e-05
1.43863e-05
1.43863e-05
1.43863e-05
1.43863e-05
1.43863e-05
1.43863e-05
1.43864e-05
1.43864e-05
1.43864e-05
1.43864e-05
1.43864e-05
1.43864e-05
1.43864e-05
1.43864e-05
1.43864e-05
1.43864e-05
1.43864e-05
1.43864e-05
1.43864e-05
1.43864e-05
1.43864e-05
1.43864e-05
1.43864e-05
1.43863e-05
1.43863e-05
1.43862e-05
1.43862e-05
1.43861e-05
1.43861e-05
1.43859e-05
1.43859e-05
5.6351e-06
5.63505e-06
5.63492e-06
5.63473e-06
5.63453e-06
5.63434e-06
5.63418e-06
5.63404e-06
5.63393e-06
5.63384e-06
5.63378e-06
5.63373e-06
5.63369e-06
5.63367e-06
5.63366e-06
5.63365e-06
5.63366e-06
5.63367e-06
5.63368e-06
5.63371e-06
5.63373e-06
5.63376e-06
5.63379e-06
5.63382e-06
5.63385e-06
5.63387e-06
5.6339e-06
5.63392e-06
5.63395e-06
5.63397e-06
5.634e-06
5.63402e-06
5.63404e-06
5.63407e-06
5.63409e-06
5.63412e-06
5.63414e-06
5.63417e-06
5.6342e-06
5.63424e-06
5.63427e-06
5.63431e-06
5.63434e-06
5.63438e-06
5.63442e-06
5.63445e-06
5.63448e-06
5.63452e-06
5.63455e-06
5.63458e-06
5.6346e-06
5.63463e-06
5.63466e-06
5.63468e-06
5.6347e-06
5.63472e-06
5.63475e-06
5.63477e-06
5.63479e-06
5.63481e-06
5.63483e-06
5.63485e-06
5.63486e-06
5.63488e-06
5.6349e-06
5.63491e-06
5.63493e-06
5.63494e-06
5.63495e-06
5.63497e-06
5.63498e-06
5.63499e-06
5.635e-06
5.63502e-06
5.63503e-06
5.63504e-06
5.63505e-06
5.63506e-06
5.63508e-06
5.63509e-06
5.6351e-06
5.63511e-06
5.63512e-06
5.63513e-06
5.63514e-06
5.63515e-06
5.63516e-06
5.63517e-06
5.63518e-06
5.63518e-06
5.63519e-06
5.6352e-06
5.63521e-06
5.63521e-06
5.63522e-06
5.63523e-06
5.63523e-06
5.63524e-06
5.63524e-06
5.63524e-06
5.63525e-06
5.63525e-06
5.63525e-06
5.63525e-06
5.63525e-06
5.63525e-06
5.63525e-06
5.63525e-06
5.63525e-06
5.63524e-06
5.63524e-06
5.63523e-06
5.63522e-06
5.6352e-06
5.63518e-06
5.63516e-06
5.63513e-06
5.63511e-06
5.63506e-06
5.63504e-06
1.52448e-06
1.52447e-06
1.52444e-06
1.52438e-06
1.52433e-06
1.52428e-06
1.52423e-06
1.5242e-06
1.52417e-06
1.52414e-06
1.52412e-06
1.52411e-06
1.5241e-06
1.52409e-06
1.52409e-06
1.52409e-06
1.52409e-06
1.52409e-06
1.5241e-06
1.5241e-06
1.52411e-06
1.52412e-06
1.52413e-06
1.52414e-06
1.52414e-06
1.52415e-06
1.52416e-06
1.52416e-06
1.52417e-06
1.52418e-06
1.52418e-06
1.52419e-06
1.5242e-06
1.5242e-06
1.52421e-06
1.52422e-06
1.52422e-06
1.52423e-06
1.52424e-06
1.52425e-06
1.52426e-06
1.52427e-06
1.52428e-06
1.52429e-06
1.5243e-06
1.52431e-06
1.52432e-06
1.52432e-06
1.52433e-06
1.52434e-06
1.52435e-06
1.52436e-06
1.52436e-06
1.52437e-06
1.52438e-06
1.52438e-06
1.52439e-06
1.52439e-06
1.5244e-06
1.5244e-06
1.52441e-06
1.52442e-06
1.52442e-06
1.52442e-06
1.52443e-06
1.52443e-06
1.52444e-06
1.52444e-06
1.52444e-06
1.52445e-06
1.52445e-06
1.52445e-06
1.52446e-06
1.52446e-06
1.52446e-06
1.52447e-06
1.52447e-06
1.52447e-06
1.52448e-06
1.52448e-06
1.52448e-06
1.52449e-06
1.52449e-06
1.52449e-06
1.5245e-06
1.5245e-06
1.5245e-06
1.5245e-06
1.52451e-06
1.52451e-06
1.52451e-06
1.52451e-06
1.52451e-06
1.52452e-06
1.52452e-06
1.52452e-06
1.52452e-06
1.52452e-06
1.52452e-06
1.52452e-06
1.52452e-06
1.52453e-06
1.52453e-06
1.52453e-06
1.52453e-06
1.52453e-06
1.52453e-06
1.52453e-06
1.52453e-06
1.52452e-06
1.52452e-06
1.52452e-06
1.52452e-06
1.52451e-06
1.52451e-06
1.5245e-06
1.52449e-06
1.52449e-06
1.52448e-06
1.52447e-06
2.10041e-07
2.1004e-07
2.10035e-07
2.10028e-07
2.1002e-07
2.10013e-07
2.10007e-07
2.10002e-07
2.09998e-07
2.09994e-07
2.09992e-07
2.0999e-07
2.09988e-07
2.09987e-07
2.09987e-07
2.09987e-07
2.09987e-07
2.09987e-07
2.09988e-07
2.09989e-07
2.0999e-07
2.09991e-07
2.09992e-07
2.09993e-07
2.09994e-07
2.09995e-07
2.09996e-07
2.09997e-07
2.09998e-07
2.09999e-07
2.1e-07
2.10001e-07
2.10001e-07
2.10002e-07
2.10003e-07
2.10004e-07
2.10005e-07
2.10006e-07
2.10007e-07
2.10009e-07
2.1001e-07
2.10011e-07
2.10013e-07
2.10014e-07
2.10015e-07
2.10017e-07
2.10018e-07
2.10019e-07
2.1002e-07
2.10021e-07
2.10023e-07
2.10024e-07
2.10024e-07
2.10025e-07
2.10026e-07
2.10027e-07
2.10028e-07
2.10029e-07
2.10029e-07
2.1003e-07
2.10031e-07
2.10032e-07
2.10032e-07
2.10033e-07
2.10034e-07
2.10034e-07
2.10035e-07
2.10035e-07
2.10036e-07
2.10036e-07
2.10037e-07
2.10037e-07
2.10038e-07
2.10038e-07
2.10039e-07
2.10039e-07
2.10039e-07
2.1004e-07
2.1004e-07
2.10041e-07
2.10041e-07
2.10042e-07
2.10042e-07
2.10043e-07
2.10043e-07
2.10043e-07
2.10044e-07
2.10044e-07
2.10044e-07
2.10044e-07
2.10045e-07
2.10045e-07
2.10045e-07
2.10046e-07
2.10046e-07
2.10046e-07
2.10046e-07
2.10046e-07
2.10047e-07
2.10047e-07
2.10047e-07
2.10047e-07
2.10047e-07
2.10047e-07
2.10047e-07
2.10047e-07
2.10047e-07
2.10047e-07
2.10047e-07
2.10047e-07
2.10047e-07
2.10046e-07
2.10046e-07
2.10045e-07
2.10045e-07
2.10044e-07
2.10043e-07
2.10042e-07
2.1004e-07
2.10039e-07
6.96991e-09
6.96988e-09
6.96971e-09
6.96948e-09
6.96923e-09
6.969e-09
6.96879e-09
6.96862e-09
6.96848e-09
6.96837e-09
6.96829e-09
6.96822e-09
6.96818e-09
6.96815e-09
6.96813e-09
6.96813e-09
6.96814e-09
6.96815e-09
6.96817e-09
6.9682e-09
6.96823e-09
6.96827e-09
6.9683e-09
6.96834e-09
6.96837e-09
6.9684e-09
6.96844e-09
6.96847e-09
6.9685e-09
6.96853e-09
6.96856e-09
6.96859e-09
6.96862e-09
6.96865e-09
6.96868e-09
6.96871e-09
6.96874e-09
6.96878e-09
6.96882e-09
6.96886e-09
6.9689e-09
6.96895e-09
6.96899e-09
6.96904e-09
6.96908e-09
6.96912e-09
6.96916e-09
6.9692e-09
6.96924e-09
6.96928e-09
6.96931e-09
6.96935e-09
6.96938e-09
6.96941e-09
6.96944e-09
6.96947e-09
6.96949e-09
6.96952e-09
6.96954e-09
6.96957e-09
6.96959e-09
6.96962e-09
6.96964e-09
6.96966e-09
6.96968e-09
6.9697e-09
6.96972e-09
6.96974e-09
6.96975e-09
6.96977e-09
6.96979e-09
6.9698e-09
6.96982e-09
6.96983e-09
6.96985e-09
6.96986e-09
6.96988e-09
6.96989e-09
6.96991e-09
6.96992e-09
6.96994e-09
6.96995e-09
6.96997e-09
6.96998e-09
6.96999e-09
6.97e-09
6.97001e-09
6.97002e-09
6.97003e-09
6.97004e-09
6.97005e-09
6.97006e-09
6.97007e-09
6.97008e-09
6.97009e-09
6.97009e-09
6.9701e-09
6.97011e-09
6.97011e-09
6.97012e-09
6.97012e-09
6.97012e-09
6.97013e-09
6.97013e-09
6.97013e-09
6.97013e-09
6.97013e-09
6.97013e-09
6.97012e-09
6.97012e-09
6.97011e-09
6.9701e-09
6.97009e-09
6.97007e-09
6.97005e-09
6.97002e-09
6.96998e-09
6.96995e-09
6.96989e-09
6.96986e-09
)
;

boundaryField
{
    bottomWall
    {
        type            kqRWallFunction;
        value           nonuniform 0();
    }
    topWall
    {
        type            kqRWallFunction;
        value           nonuniform List<scalar> 
120
(
6.96991e-09
6.96988e-09
6.96971e-09
6.96948e-09
6.96923e-09
6.969e-09
6.96879e-09
6.96862e-09
6.96848e-09
6.96837e-09
6.96829e-09
6.96822e-09
6.96818e-09
6.96815e-09
6.96813e-09
6.96813e-09
6.96814e-09
6.96815e-09
6.96817e-09
6.9682e-09
6.96823e-09
6.96827e-09
6.9683e-09
6.96834e-09
6.96837e-09
6.9684e-09
6.96844e-09
6.96847e-09
6.9685e-09
6.96853e-09
6.96856e-09
6.96859e-09
6.96862e-09
6.96865e-09
6.96868e-09
6.96871e-09
6.96874e-09
6.96878e-09
6.96882e-09
6.96886e-09
6.9689e-09
6.96895e-09
6.96899e-09
6.96904e-09
6.96908e-09
6.96912e-09
6.96916e-09
6.9692e-09
6.96924e-09
6.96928e-09
6.96931e-09
6.96935e-09
6.96938e-09
6.96941e-09
6.96944e-09
6.96947e-09
6.96949e-09
6.96952e-09
6.96954e-09
6.96957e-09
6.96959e-09
6.96962e-09
6.96964e-09
6.96966e-09
6.96968e-09
6.9697e-09
6.96972e-09
6.96974e-09
6.96975e-09
6.96977e-09
6.96979e-09
6.9698e-09
6.96982e-09
6.96983e-09
6.96985e-09
6.96986e-09
6.96988e-09
6.96989e-09
6.96991e-09
6.96992e-09
6.96994e-09
6.96995e-09
6.96997e-09
6.96998e-09
6.96999e-09
6.97e-09
6.97001e-09
6.97002e-09
6.97003e-09
6.97004e-09
6.97005e-09
6.97006e-09
6.97007e-09
6.97008e-09
6.97009e-09
6.97009e-09
6.9701e-09
6.97011e-09
6.97011e-09
6.97012e-09
6.97012e-09
6.97012e-09
6.97013e-09
6.97013e-09
6.97013e-09
6.97013e-09
6.97013e-09
6.97013e-09
6.97012e-09
6.97012e-09
6.97011e-09
6.9701e-09
6.97009e-09
6.97007e-09
6.97005e-09
6.97002e-09
6.96998e-09
6.96995e-09
6.96989e-09
6.96986e-09
)
;
    }
    sides1_half0
    {
        type            cyclic;
    }
    sides1_half1
    {
        type            cyclic;
    }
    sides2_half0
    {
        type            cyclic;
    }
    sides2_half1
    {
        type            cyclic;
    }
    inout1_half0
    {
        type            cyclic;
    }
    inout1_half1
    {
        type            cyclic;
    }
    inout2_half0
    {
        type            cyclic;
    }
    inout2_half1
    {
        type            cyclic;
    }
    procBoundary0to1
    {
        type            processor;
        value           nonuniform List<scalar> 
122
(
0.000167375
0.000167374
0.000167374
0.000167374
0.000167374
0.000167374
0.000167374
0.000167374
0.000167375
0.000167375
0.000167375
0.000167376
0.000167376
0.000167376
0.000167377
0.000167377
0.000167378
0.000167378
0.000167378
0.000167379
0.000167379
0.00016738
0.00016738
0.000167381
0.000167381
0.000167382
0.000167382
0.000167383
0.000167383
0.000167384
0.000167384
0.000167384
0.000167385
0.000167385
0.000167386
0.000167386
0.000167387
0.000167387
0.000167388
0.000167388
0.000167389
0.000167389
0.000167389
0.00016739
0.00016739
0.000167391
0.000167391
0.000167391
0.000167391
0.000167392
0.000167392
0.000167392
0.000167393
0.000167393
0.000167393
0.000167393
0.000167394
0.000167394
0.000167394
0.000167394
0.000167394
0.000167394
0.000167394
0.000167395
0.000167395
0.000167395
0.000167395
0.000167395
0.000167395
0.000167395
0.000167395
0.000167395
0.000167395
0.000167395
0.000167395
0.000167395
0.000167394
0.000167891
0.000167889
0.000167888
0.000167887
0.000167886
0.000167885
0.000167884
0.000167883
0.000167882
0.000167882
0.000167881
0.000167881
0.00016788
0.00016788
0.000167879
0.000167879
0.000167879
0.000167879
0.000167879
0.000167879
0.000167879
0.000167879
0.000167879
0.000167879
0.000167879
0.000167899
0.000167899
0.000167899
0.000167899
0.000167899
0.000167899
0.000167899
0.000167899
0.000167898
0.000167898
0.000167897
0.000167897
0.000167897
0.000167896
0.000167896
0.000167895
0.000167895
0.000167894
0.000167893
0.000167893
)
;
    }
}


// ************************************************************************* //
