/*--------------------------------*- C++ -*----------------------------------*\
  =========                 |
  \\      /  F ield         | OpenFOAM: The Open Source CFD Toolbox
   \\    /   O peration     | Website:  https://openfoam.org
    \\  /    A nd           | Version:  7
     \\/     M anipulation  |
\*---------------------------------------------------------------------------*/
FoamFile
{
    version     2.0;
    format      ascii;
    class       volScalarField;
    location    "1000";
    object      k;
}
// * * * * * * * * * * * * * * * * * * * * * * * * * * * * * * * * * * * * * //

dimensions      [0 2 -2 0 0 0 0];

internalField   nonuniform List<scalar> 
3974
(
0.000126643
0.000126643
0.000126642
0.00012664
0.000126638
0.000126636
0.000126634
0.000126632
0.00012663
0.000126628
0.000126626
0.000126625
0.000126623
0.000126621
0.000126619
0.000126617
0.000126616
0.000126614
0.000126612
0.00012661
0.000126608
0.000126606
0.000126604
0.000126602
0.0001266
0.000126598
0.000126596
0.000126594
0.000126592
0.00012659
0.000126588
0.000126586
0.000126584
0.000126582
0.00012658
0.000126578
0.000126576
0.000126575
0.000122584
0.000122586
0.000122604
0.000122612
0.000122615
0.000122616
0.000122616
0.000122615
0.000122614
0.000122613
0.000122612
0.000122611
0.00012261
0.000122609
0.000122607
0.000122606
0.000122604
0.000122603
0.000122601
0.0001226
0.000122598
0.000122596
0.000122595
0.000122593
0.000122591
0.000122589
0.000122588
0.000122586
0.000122584
0.000122582
0.00012258
0.000122578
0.000122576
0.000122574
0.000122572
0.00012257
0.000122568
0.000122566
0.000122564
0.000122566
0.000122531
0.00012252
0.000118505
0.000118505
0.000118525
0.000118534
0.000118546
0.000118556
0.000118562
0.000118566
0.000118568
0.000118569
0.00011857
0.00011857
0.00011857
0.00011857
0.000118569
0.000118568
0.000118568
0.000118567
0.000118566
0.000118565
0.000118563
0.000118562
0.000118561
0.000118559
0.000118558
0.000118557
0.000118555
0.000118554
0.000118552
0.00011855
0.000118549
0.000118547
0.000118545
0.000118543
0.000118542
0.00011854
0.000118538
0.000118536
0.000118534
0.000118532
0.00011853
0.000118531
0.000118515
0.000118505
0.000118465
0.00011845
0.000118448
0.000118449
0.00011845
0.000118452
0.000118453
0.000118454
0.000118456
0.000118457
0.000118458
0.00011846
0.000118461
0.000118462
0.000118468
0.000114462
0.00011446
0.00011447
0.000114481
0.000114491
0.000114501
0.00011451
0.000114515
0.00011452
0.000114523
0.000114525
0.000114526
0.000114527
0.000114528
0.000114528
0.000114528
0.000114528
0.000114528
0.000114527
0.000114527
0.000114526
0.000114525
0.000114524
0.000114523
0.000114522
0.000114521
0.00011452
0.000114518
0.000114517
0.000114516
0.000114514
0.000114513
0.000114511
0.00011451
0.000114508
0.000114506
0.000114505
0.000114503
0.000114501
0.0001145
0.000114498
0.000114498
0.00011449
0.000114482
0.00011446
0.000114443
0.000114434
0.00011443
0.000114428
0.000114428
0.000114427
0.000114427
0.000114428
0.000114428
0.000114429
0.00011443
0.000114431
0.000114431
0.000114438
0.00011044
0.000110436
0.000110442
0.000110451
0.000110461
0.00011047
0.000110479
0.000110486
0.000110492
0.000110496
0.000110499
0.000110502
0.000110504
0.000110506
0.000110507
0.000110508
0.000110508
0.000110508
0.000110508
0.000110508
0.000110508
0.000110508
0.000110507
0.000110507
0.000110506
0.000110505
0.000110504
0.000110503
0.000110502
0.000110501
0.0001105
0.000110499
0.000110497
0.000110496
0.000110495
0.000110493
0.000110492
0.00011049
0.000110489
0.000110487
0.000110486
0.000110485
0.000110481
0.000110476
0.000110463
0.000110449
0.000110438
0.000110431
0.000110426
0.000110424
0.000110422
0.000110421
0.00011042
0.00011042
0.00011042
0.00011042
0.00011042
0.000110419
0.000110428
0.000106462
0.000106455
0.000106459
0.000106466
0.000106474
0.000106483
0.000106491
0.000106498
0.000106504
0.000106509
0.000106514
0.000106517
0.00010652
0.000106523
0.000106525
0.000106526
0.000106527
0.000106528
0.000106529
0.00010653
0.00010653
0.00010653
0.00010653
0.00010653
0.000106529
0.000106529
0.000106528
0.000106528
0.000106527
0.000106526
0.000106525
0.000106524
0.000106523
0.000106522
0.000106521
0.00010652
0.000106519
0.000106518
0.000106516
0.000106515
0.000106513
0.000106512
0.00010651
0.000106507
0.000106499
0.000106489
0.000106479
0.000106471
0.000106466
0.000106461
0.000106458
0.000106456
0.000106454
0.000106453
0.000106452
0.000106452
0.000106452
0.00010645
0.000106458
0.000102544
0.000102536
0.000102538
0.000102543
0.00010255
0.000102557
0.000102564
0.000102571
0.000102577
0.000102583
0.000102588
0.000102592
0.000102596
0.000102599
0.000102601
0.000102603
0.000102605
0.000102607
0.000102608
0.000102609
0.00010261
0.00010261
0.000102611
0.000102611
0.000102611
0.000102611
0.000102611
0.000102611
0.00010261
0.00010261
0.000102609
0.000102608
0.000102608
0.000102607
0.000102606
0.000102605
0.000102604
0.000102603
0.000102602
0.000102601
0.0001026
0.000102599
0.000102597
0.000102595
0.000102591
0.000102584
0.000102576
0.000102569
0.000102563
0.000102558
0.000102554
0.000102551
0.000102549
0.000102547
0.000102545
0.000102544
0.000102544
0.000102541
0.000102549
9.87039e-05
9.86957e-05
9.86967e-05
9.87005e-05
9.87056e-05
9.87114e-05
9.87176e-05
9.87238e-05
9.87298e-05
9.87354e-05
9.87404e-05
9.87449e-05
9.87489e-05
9.87525e-05
9.87556e-05
9.87582e-05
9.87606e-05
9.87626e-05
9.87643e-05
9.87658e-05
9.8767e-05
9.8768e-05
9.87688e-05
9.87695e-05
9.87699e-05
9.87702e-05
9.87704e-05
9.87705e-05
9.87704e-05
9.87702e-05
9.877e-05
9.87696e-05
9.87692e-05
9.87686e-05
9.87681e-05
9.87674e-05
9.87667e-05
9.87659e-05
9.8765e-05
9.87642e-05
9.87632e-05
9.87623e-05
9.87612e-05
9.87597e-05
9.87572e-05
9.8753e-05
9.87475e-05
9.87416e-05
9.87361e-05
9.87311e-05
9.8727e-05
9.87235e-05
9.87206e-05
9.87181e-05
9.87162e-05
9.87145e-05
9.87136e-05
9.87109e-05
9.87187e-05
9.49606e-05
9.49522e-05
9.49525e-05
9.49555e-05
9.49595e-05
9.49641e-05
9.49693e-05
9.49746e-05
9.498e-05
9.49852e-05
9.49901e-05
9.49946e-05
9.49987e-05
9.50025e-05
9.50059e-05
9.50089e-05
9.50116e-05
9.5014e-05
9.50161e-05
9.50179e-05
9.50195e-05
9.50209e-05
9.50221e-05
9.50231e-05
9.50239e-05
9.50245e-05
9.5025e-05
9.50254e-05
9.50257e-05
9.50258e-05
9.50258e-05
9.50258e-05
9.50256e-05
9.50254e-05
9.5025e-05
9.50246e-05
9.50242e-05
9.50236e-05
9.5023e-05
9.50224e-05
9.50216e-05
9.50209e-05
9.50201e-05
9.50191e-05
9.50175e-05
9.50149e-05
9.50113e-05
9.5007e-05
9.50024e-05
9.49981e-05
9.49941e-05
9.49906e-05
9.49875e-05
9.49848e-05
9.49826e-05
9.49806e-05
9.49794e-05
9.49763e-05
9.49837e-05
9.13308e-05
9.13223e-05
9.13223e-05
9.13247e-05
9.13279e-05
9.13316e-05
9.13358e-05
9.13403e-05
9.1345e-05
9.13496e-05
9.13541e-05
9.13585e-05
9.13625e-05
9.13663e-05
9.13698e-05
9.1373e-05
9.13759e-05
9.13785e-05
9.13809e-05
9.1383e-05
9.13849e-05
9.13866e-05
9.1388e-05
9.13893e-05
9.13904e-05
9.13914e-05
9.13922e-05
9.13928e-05
9.13934e-05
9.13938e-05
9.13941e-05
9.13943e-05
9.13944e-05
9.13944e-05
9.13943e-05
9.13942e-05
9.1394e-05
9.13937e-05
9.13933e-05
9.13929e-05
9.13924e-05
9.13919e-05
9.13913e-05
9.13906e-05
9.13896e-05
9.1388e-05
9.13857e-05
9.13827e-05
9.13793e-05
9.13758e-05
9.13723e-05
9.13691e-05
9.13662e-05
9.13635e-05
9.13612e-05
9.13591e-05
9.13577e-05
9.13544e-05
9.13615e-05
8.78307e-05
8.78222e-05
8.78221e-05
8.78241e-05
8.78267e-05
8.78298e-05
8.78333e-05
8.7837e-05
8.78409e-05
8.7845e-05
8.7849e-05
8.7853e-05
8.78568e-05
8.78604e-05
8.78638e-05
8.7867e-05
8.787e-05
8.78727e-05
8.78752e-05
8.78775e-05
8.78796e-05
8.78815e-05
8.78832e-05
8.78847e-05
8.78861e-05
8.78872e-05
8.78883e-05
8.78892e-05
8.789e-05
8.78906e-05
8.78912e-05
8.78916e-05
8.7892e-05
8.78922e-05
8.78924e-05
8.78925e-05
8.78925e-05
8.78924e-05
8.78923e-05
8.78921e-05
8.78918e-05
8.78915e-05
8.78911e-05
8.78907e-05
8.78901e-05
8.78892e-05
8.78878e-05
8.78858e-05
8.78834e-05
8.78808e-05
8.7878e-05
8.78753e-05
8.78727e-05
8.78702e-05
8.7868e-05
8.78659e-05
8.78645e-05
8.78611e-05
8.7868e-05
8.44755e-05
8.44671e-05
8.4467e-05
8.44687e-05
8.4471e-05
8.44736e-05
8.44765e-05
8.44796e-05
8.44829e-05
8.44863e-05
8.44898e-05
8.44934e-05
8.44968e-05
8.45002e-05
8.45034e-05
8.45065e-05
8.45094e-05
8.45121e-05
8.45146e-05
8.4517e-05
8.45192e-05
8.45212e-05
8.4523e-05
8.45247e-05
8.45262e-05
8.45276e-05
8.45288e-05
8.45299e-05
8.45309e-05
8.45317e-05
8.45325e-05
8.45331e-05
8.45336e-05
8.45341e-05
8.45345e-05
8.45348e-05
8.4535e-05
8.45351e-05
8.45352e-05
8.45352e-05
8.45351e-05
8.4535e-05
8.45349e-05
8.45346e-05
8.45343e-05
8.45338e-05
8.4533e-05
8.45319e-05
8.45303e-05
8.45284e-05
8.45264e-05
8.45242e-05
8.45221e-05
8.452e-05
8.4518e-05
8.45161e-05
8.45147e-05
8.45115e-05
8.45181e-05
8.1279e-05
8.12709e-05
8.12707e-05
8.12723e-05
8.12743e-05
8.12766e-05
8.1279e-05
8.12816e-05
8.12844e-05
8.12873e-05
8.12903e-05
8.12934e-05
8.12964e-05
8.12995e-05
8.13024e-05
8.13053e-05
8.1308e-05
8.13106e-05
8.13131e-05
8.13154e-05
8.13176e-05
8.13196e-05
8.13215e-05
8.13233e-05
8.13249e-05
8.13264e-05
8.13277e-05
8.13289e-05
8.133e-05
8.13311e-05
8.1332e-05
8.13328e-05
8.13335e-05
8.13341e-05
8.13346e-05
8.13351e-05
8.13355e-05
8.13358e-05
8.13361e-05
8.13363e-05
8.13364e-05
8.13365e-05
8.13365e-05
8.13364e-05
8.13363e-05
8.13362e-05
8.13358e-05
8.13351e-05
8.13342e-05
8.1333e-05
8.13316e-05
8.133e-05
8.13284e-05
8.13267e-05
8.13251e-05
8.13234e-05
8.13223e-05
8.13192e-05
8.13256e-05
7.82536e-05
7.82457e-05
7.82454e-05
7.82469e-05
7.82488e-05
7.82508e-05
7.8253e-05
7.82552e-05
7.82575e-05
7.826e-05
7.82625e-05
7.82651e-05
7.82678e-05
7.82705e-05
7.82731e-05
7.82757e-05
7.82782e-05
7.82806e-05
7.82829e-05
7.82852e-05
7.82873e-05
7.82893e-05
7.82911e-05
7.82929e-05
7.82945e-05
7.82961e-05
7.82975e-05
7.82988e-05
7.83e-05
7.83011e-05
7.83021e-05
7.8303e-05
7.83038e-05
7.83046e-05
7.83053e-05
7.83059e-05
7.83064e-05
7.83069e-05
7.83073e-05
7.83076e-05
7.83079e-05
7.83082e-05
7.83083e-05
7.83085e-05
7.83085e-05
7.83086e-05
7.83085e-05
7.83082e-05
7.83078e-05
7.83071e-05
7.83062e-05
7.83052e-05
7.8304e-05
7.83028e-05
7.83015e-05
7.83002e-05
7.82992e-05
7.82965e-05
7.83027e-05
7.54095e-05
7.5402e-05
7.54017e-05
7.54031e-05
7.54048e-05
7.54067e-05
7.54085e-05
7.54105e-05
7.54125e-05
7.54146e-05
7.54167e-05
7.54189e-05
7.54212e-05
7.54235e-05
7.54258e-05
7.54281e-05
7.54303e-05
7.54325e-05
7.54347e-05
7.54367e-05
7.54387e-05
7.54406e-05
7.54424e-05
7.54441e-05
7.54457e-05
7.54472e-05
7.54486e-05
7.54499e-05
7.54512e-05
7.54523e-05
7.54534e-05
7.54544e-05
7.54553e-05
7.54561e-05
7.54569e-05
7.54576e-05
7.54583e-05
7.54589e-05
7.54594e-05
7.54599e-05
7.54603e-05
7.54606e-05
7.5461e-05
7.54612e-05
7.54615e-05
7.54617e-05
7.54618e-05
7.54618e-05
7.54617e-05
7.54614e-05
7.54609e-05
7.54603e-05
7.54596e-05
7.54588e-05
7.54579e-05
7.54569e-05
7.54562e-05
7.54537e-05
7.54598e-05
7.27553e-05
7.27481e-05
7.27478e-05
7.27491e-05
7.27507e-05
7.27524e-05
7.27541e-05
7.27557e-05
7.27575e-05
7.27593e-05
7.27611e-05
7.2763e-05
7.27649e-05
7.27669e-05
7.27688e-05
7.27708e-05
7.27728e-05
7.27747e-05
7.27766e-05
7.27785e-05
7.27803e-05
7.2782e-05
7.27837e-05
7.27853e-05
7.27868e-05
7.27882e-05
7.27896e-05
7.27909e-05
7.27921e-05
7.27933e-05
7.27944e-05
7.27954e-05
7.27963e-05
7.27972e-05
7.27981e-05
7.27989e-05
7.27996e-05
7.28002e-05
7.28009e-05
7.28014e-05
7.28019e-05
7.28024e-05
7.28028e-05
7.28032e-05
7.28036e-05
7.28039e-05
7.28042e-05
7.28044e-05
7.28045e-05
7.28045e-05
7.28043e-05
7.28041e-05
7.28037e-05
7.28032e-05
7.28027e-05
7.2802e-05
7.28016e-05
7.27995e-05
7.28053e-05
7.02969e-05
7.02901e-05
7.02898e-05
7.0291e-05
7.02925e-05
7.0294e-05
7.02955e-05
7.0297e-05
7.02985e-05
7.03e-05
7.03016e-05
7.03032e-05
7.03048e-05
7.03065e-05
7.03081e-05
7.03098e-05
7.03115e-05
7.03132e-05
7.03148e-05
7.03165e-05
7.03181e-05
7.03196e-05
7.03211e-05
7.03226e-05
7.0324e-05
7.03253e-05
7.03266e-05
7.03279e-05
7.0329e-05
7.03301e-05
7.03312e-05
7.03322e-05
7.03332e-05
7.03341e-05
7.03349e-05
7.03357e-05
7.03365e-05
7.03372e-05
7.03379e-05
7.03385e-05
7.03391e-05
7.03396e-05
7.03402e-05
7.03406e-05
7.03411e-05
7.03415e-05
7.03419e-05
7.03422e-05
7.03425e-05
7.03427e-05
7.03428e-05
7.03428e-05
7.03427e-05
7.03425e-05
7.03422e-05
7.03418e-05
7.03417e-05
7.03399e-05
7.03455e-05
6.8038e-05
6.80317e-05
6.80314e-05
6.80325e-05
6.80338e-05
6.80352e-05
6.80365e-05
6.80379e-05
6.80392e-05
6.80405e-05
6.80418e-05
6.80432e-05
6.80445e-05
6.80459e-05
6.80473e-05
6.80487e-05
6.80501e-05
6.80516e-05
6.8053e-05
6.80544e-05
6.80558e-05
6.80571e-05
6.80585e-05
6.80597e-05
6.8061e-05
6.80622e-05
6.80634e-05
6.80645e-05
6.80656e-05
6.80666e-05
6.80676e-05
6.80686e-05
6.80695e-05
6.80704e-05
6.80713e-05
6.80721e-05
6.80728e-05
6.80736e-05
6.80743e-05
6.80749e-05
6.80756e-05
6.80762e-05
6.80767e-05
6.80773e-05
6.80778e-05
6.80783e-05
6.80787e-05
6.80792e-05
6.80796e-05
6.80799e-05
6.80802e-05
6.80804e-05
6.80805e-05
6.80805e-05
6.80805e-05
6.80803e-05
6.80803e-05
6.80789e-05
6.80842e-05
6.59798e-05
6.5974e-05
6.59737e-05
6.59747e-05
6.59759e-05
6.59771e-05
6.59783e-05
6.59795e-05
6.59806e-05
6.59818e-05
6.59829e-05
6.5984e-05
6.59852e-05
6.59863e-05
6.59875e-05
6.59886e-05
6.59898e-05
6.5991e-05
6.59922e-05
6.59933e-05
6.59945e-05
6.59957e-05
6.59968e-05
6.59979e-05
6.5999e-05
6.60001e-05
6.60011e-05
6.60021e-05
6.60031e-05
6.60041e-05
6.6005e-05
6.60059e-05
6.60067e-05
6.60076e-05
6.60084e-05
6.60092e-05
6.60099e-05
6.60106e-05
6.60113e-05
6.6012e-05
6.60127e-05
6.60133e-05
6.60139e-05
6.60145e-05
6.6015e-05
6.60155e-05
6.60161e-05
6.60166e-05
6.6017e-05
6.60175e-05
6.60179e-05
6.60182e-05
6.60185e-05
6.60187e-05
6.60188e-05
6.60188e-05
6.6019e-05
6.60179e-05
6.60228e-05
6.41211e-05
6.41158e-05
6.41155e-05
6.41164e-05
6.41175e-05
6.41185e-05
6.41196e-05
6.41206e-05
6.41216e-05
6.41225e-05
6.41235e-05
6.41244e-05
6.41254e-05
6.41263e-05
6.41273e-05
6.41282e-05
6.41292e-05
6.41301e-05
6.41311e-05
6.41321e-05
6.4133e-05
6.4134e-05
6.41349e-05
6.41359e-05
6.41368e-05
6.41377e-05
6.41386e-05
6.41395e-05
6.41403e-05
6.41411e-05
6.4142e-05
6.41428e-05
6.41436e-05
6.41443e-05
6.41451e-05
6.41458e-05
6.41465e-05
6.41472e-05
6.41479e-05
6.41486e-05
6.41492e-05
6.41498e-05
6.41504e-05
6.4151e-05
6.41516e-05
6.41522e-05
6.41527e-05
6.41533e-05
6.41538e-05
6.41543e-05
6.41547e-05
6.41552e-05
6.41555e-05
6.41558e-05
6.41561e-05
6.41563e-05
6.41566e-05
6.41557e-05
6.41603e-05
6.24583e-05
6.24535e-05
6.24532e-05
6.24539e-05
6.24549e-05
6.24558e-05
6.24567e-05
6.24576e-05
6.24584e-05
6.24592e-05
6.246e-05
6.24607e-05
6.24615e-05
6.24623e-05
6.2463e-05
6.24638e-05
6.24645e-05
6.24653e-05
6.24661e-05
6.24668e-05
6.24676e-05
6.24684e-05
6.24691e-05
6.24699e-05
6.24706e-05
6.24714e-05
6.24721e-05
6.24729e-05
6.24736e-05
6.24743e-05
6.2475e-05
6.24757e-05
6.24764e-05
6.24771e-05
6.24778e-05
6.24785e-05
6.24791e-05
6.24798e-05
6.24804e-05
6.2481e-05
6.24817e-05
6.24823e-05
6.24829e-05
6.24834e-05
6.2484e-05
6.24846e-05
6.24852e-05
6.24857e-05
6.24863e-05
6.24868e-05
6.24873e-05
6.24878e-05
6.24882e-05
6.24886e-05
6.2489e-05
6.24892e-05
6.24896e-05
6.2489e-05
6.24931e-05
6.09854e-05
6.09811e-05
6.09808e-05
6.09815e-05
6.09822e-05
6.0983e-05
6.09838e-05
6.09845e-05
6.09852e-05
6.09858e-05
6.09865e-05
6.09871e-05
6.09877e-05
6.09883e-05
6.09889e-05
6.09895e-05
6.099e-05
6.09906e-05
6.09912e-05
6.09918e-05
6.09924e-05
6.0993e-05
6.09936e-05
6.09942e-05
6.09948e-05
6.09954e-05
6.09959e-05
6.09965e-05
6.09971e-05
6.09977e-05
6.09983e-05
6.09989e-05
6.09995e-05
6.10001e-05
6.10007e-05
6.10013e-05
6.10019e-05
6.10025e-05
6.10031e-05
6.10037e-05
6.10043e-05
6.10048e-05
6.10054e-05
6.1006e-05
6.10065e-05
6.10071e-05
6.10077e-05
6.10082e-05
6.10088e-05
6.10093e-05
6.10098e-05
6.10103e-05
6.10108e-05
6.10113e-05
6.10117e-05
6.1012e-05
6.10125e-05
6.1012e-05
6.10157e-05
5.96947e-05
5.9691e-05
5.96907e-05
5.96912e-05
5.96919e-05
5.96925e-05
5.96931e-05
5.96937e-05
5.96942e-05
5.96947e-05
5.96952e-05
5.96957e-05
5.96962e-05
5.96966e-05
5.9697e-05
5.96975e-05
5.96979e-05
5.96983e-05
5.96987e-05
5.96992e-05
5.96996e-05
5.97e-05
5.97005e-05
5.97009e-05
5.97013e-05
5.97018e-05
5.97022e-05
5.97027e-05
5.97032e-05
5.97036e-05
5.97041e-05
5.97046e-05
5.97051e-05
5.97056e-05
5.97061e-05
5.97066e-05
5.97072e-05
5.97077e-05
5.97082e-05
5.97087e-05
5.97093e-05
5.97098e-05
5.97104e-05
5.97109e-05
5.97114e-05
5.9712e-05
5.97125e-05
5.97131e-05
5.97136e-05
5.97141e-05
5.97147e-05
5.97152e-05
5.97157e-05
5.97161e-05
5.97166e-05
5.9717e-05
5.97174e-05
5.97171e-05
5.97204e-05
5.85768e-05
5.85737e-05
5.85734e-05
5.85738e-05
5.85743e-05
5.85748e-05
5.85753e-05
5.85757e-05
5.85761e-05
5.85765e-05
5.85769e-05
5.85772e-05
5.85775e-05
5.85778e-05
5.85781e-05
5.85784e-05
5.85787e-05
5.8579e-05
5.85792e-05
5.85795e-05
5.85798e-05
5.85801e-05
5.85804e-05
5.85807e-05
5.8581e-05
5.85813e-05
5.85816e-05
5.8582e-05
5.85823e-05
5.85827e-05
5.8583e-05
5.85834e-05
5.85838e-05
5.85842e-05
5.85846e-05
5.85851e-05
5.85855e-05
5.8586e-05
5.85865e-05
5.85869e-05
5.85874e-05
5.85879e-05
5.85884e-05
5.85889e-05
5.85894e-05
5.85899e-05
5.85904e-05
5.8591e-05
5.85915e-05
5.8592e-05
5.85925e-05
5.8593e-05
5.85935e-05
5.8594e-05
5.85944e-05
5.85948e-05
5.85953e-05
5.85952e-05
5.85979e-05
5.76212e-05
5.76185e-05
5.76183e-05
5.76186e-05
5.7619e-05
5.76193e-05
5.76196e-05
5.76199e-05
5.76202e-05
5.76205e-05
5.76207e-05
5.76209e-05
5.76211e-05
5.76213e-05
5.76215e-05
5.76216e-05
5.76218e-05
5.76219e-05
5.76221e-05
5.76222e-05
5.76224e-05
5.76225e-05
5.76227e-05
5.76229e-05
5.76231e-05
5.76232e-05
5.76235e-05
5.76237e-05
5.76239e-05
5.76242e-05
5.76244e-05
5.76247e-05
5.7625e-05
5.76253e-05
5.76257e-05
5.7626e-05
5.76264e-05
5.76268e-05
5.76272e-05
5.76276e-05
5.7628e-05
5.76285e-05
5.76289e-05
5.76294e-05
5.76298e-05
5.76303e-05
5.76308e-05
5.76313e-05
5.76318e-05
5.76323e-05
5.76328e-05
5.76333e-05
5.76338e-05
5.76342e-05
5.76347e-05
5.76351e-05
5.76355e-05
5.76355e-05
5.76378e-05
5.68162e-05
5.68141e-05
5.68138e-05
5.6814e-05
5.68143e-05
5.68145e-05
5.68147e-05
5.68149e-05
5.6815e-05
5.68151e-05
5.68152e-05
5.68153e-05
5.68154e-05
5.68155e-05
5.68155e-05
5.68156e-05
5.68156e-05
5.68156e-05
5.68157e-05
5.68157e-05
5.68157e-05
5.68158e-05
5.68158e-05
5.68159e-05
5.6816e-05
5.68161e-05
5.68162e-05
5.68163e-05
5.68164e-05
5.68166e-05
5.68167e-05
5.68169e-05
5.68171e-05
5.68174e-05
5.68176e-05
5.68179e-05
5.68182e-05
5.68185e-05
5.68189e-05
5.68192e-05
5.68196e-05
5.682e-05
5.68204e-05
5.68208e-05
5.68212e-05
5.68217e-05
5.68221e-05
5.68226e-05
5.68231e-05
5.68235e-05
5.6824e-05
5.68244e-05
5.68249e-05
5.68253e-05
5.68258e-05
5.68262e-05
5.68266e-05
5.68267e-05
5.68285e-05
5.61498e-05
5.61481e-05
5.61479e-05
5.6148e-05
5.61481e-05
5.61482e-05
5.61483e-05
5.61484e-05
5.61484e-05
5.61484e-05
5.61484e-05
5.61484e-05
5.61483e-05
5.61483e-05
5.61482e-05
5.61482e-05
5.61481e-05
5.6148e-05
5.6148e-05
5.61479e-05
5.61478e-05
5.61478e-05
5.61477e-05
5.61477e-05
5.61477e-05
5.61477e-05
5.61477e-05
5.61477e-05
5.61477e-05
5.61478e-05
5.61479e-05
5.6148e-05
5.61481e-05
5.61483e-05
5.61485e-05
5.61487e-05
5.61489e-05
5.61492e-05
5.61495e-05
5.61498e-05
5.61501e-05
5.61504e-05
5.61508e-05
5.61511e-05
5.61515e-05
5.61519e-05
5.61523e-05
5.61528e-05
5.61532e-05
5.61536e-05
5.61541e-05
5.61545e-05
5.61549e-05
5.61553e-05
5.61557e-05
5.61561e-05
5.61565e-05
5.61566e-05
5.6158e-05
5.56097e-05
5.56085e-05
5.56083e-05
5.56083e-05
5.56083e-05
5.56083e-05
5.56082e-05
5.56082e-05
5.56081e-05
5.5608e-05
5.56079e-05
5.56078e-05
5.56076e-05
5.56075e-05
5.56073e-05
5.56072e-05
5.5607e-05
5.56068e-05
5.56067e-05
5.56065e-05
5.56064e-05
5.56062e-05
5.56061e-05
5.56059e-05
5.56058e-05
5.56057e-05
5.56057e-05
5.56056e-05
5.56056e-05
5.56056e-05
5.56056e-05
5.56056e-05
5.56057e-05
5.56058e-05
5.56059e-05
5.56061e-05
5.56062e-05
5.56064e-05
5.56066e-05
5.56069e-05
5.56072e-05
5.56074e-05
5.56077e-05
5.56081e-05
5.56084e-05
5.56088e-05
5.56091e-05
5.56095e-05
5.56099e-05
5.56103e-05
5.56107e-05
5.56111e-05
5.56115e-05
5.56119e-05
5.56123e-05
5.56126e-05
5.5613e-05
5.56132e-05
5.56142e-05
5.51837e-05
5.51829e-05
5.51827e-05
5.51826e-05
5.51825e-05
5.51824e-05
5.51823e-05
5.51821e-05
5.51819e-05
5.51817e-05
5.51815e-05
5.51813e-05
5.51811e-05
5.51808e-05
5.51806e-05
5.51803e-05
5.51801e-05
5.51798e-05
5.51796e-05
5.51793e-05
5.51791e-05
5.51789e-05
5.51787e-05
5.51785e-05
5.51783e-05
5.51781e-05
5.5178e-05
5.51778e-05
5.51777e-05
5.51777e-05
5.51776e-05
5.51776e-05
5.51776e-05
5.51776e-05
5.51777e-05
5.51778e-05
5.51779e-05
5.5178e-05
5.51782e-05
5.51784e-05
5.51786e-05
5.51789e-05
5.51791e-05
5.51794e-05
5.51797e-05
5.518e-05
5.51804e-05
5.51807e-05
5.51811e-05
5.51814e-05
5.51818e-05
5.51821e-05
5.51825e-05
5.51829e-05
5.51832e-05
5.51835e-05
5.51839e-05
5.51841e-05
5.51847e-05
5.48599e-05
5.48596e-05
5.48594e-05
5.48592e-05
5.4859e-05
5.48588e-05
5.48585e-05
5.48583e-05
5.4858e-05
5.48577e-05
5.48574e-05
5.48571e-05
5.48568e-05
5.48564e-05
5.48561e-05
5.48558e-05
5.48554e-05
5.48551e-05
5.48548e-05
5.48545e-05
5.48542e-05
5.48539e-05
5.48536e-05
5.48533e-05
5.48531e-05
5.48528e-05
5.48526e-05
5.48524e-05
5.48523e-05
5.48522e-05
5.4852e-05
5.4852e-05
5.48519e-05
5.48519e-05
5.48519e-05
5.4852e-05
5.4852e-05
5.48521e-05
5.48522e-05
5.48524e-05
5.48526e-05
5.48528e-05
5.4853e-05
5.48532e-05
5.48535e-05
5.48538e-05
5.48541e-05
5.48544e-05
5.48547e-05
5.4855e-05
5.48553e-05
5.48557e-05
5.4856e-05
5.48563e-05
5.48566e-05
5.48569e-05
5.48572e-05
5.48575e-05
5.48577e-05
5.46269e-05
5.4627e-05
5.46268e-05
5.46266e-05
5.46263e-05
5.46259e-05
5.46256e-05
5.46253e-05
5.46249e-05
5.46245e-05
5.46241e-05
5.46237e-05
5.46233e-05
5.46229e-05
5.46225e-05
5.46221e-05
5.46217e-05
5.46213e-05
5.46209e-05
5.46206e-05
5.46202e-05
5.46198e-05
5.46195e-05
5.46192e-05
5.46189e-05
5.46186e-05
5.46183e-05
5.46181e-05
5.46179e-05
5.46177e-05
5.46175e-05
5.46174e-05
5.46173e-05
5.46172e-05
5.46172e-05
5.46172e-05
5.46172e-05
5.46173e-05
5.46174e-05
5.46175e-05
5.46176e-05
5.46178e-05
5.46179e-05
5.46182e-05
5.46184e-05
5.46186e-05
5.46189e-05
5.46192e-05
5.46194e-05
5.46197e-05
5.462e-05
5.46203e-05
5.46206e-05
5.46209e-05
5.46212e-05
5.46214e-05
5.46217e-05
5.46219e-05
5.46219e-05
5.4474e-05
5.44745e-05
5.44743e-05
5.4474e-05
5.44736e-05
5.44732e-05
5.44728e-05
5.44724e-05
5.44719e-05
5.44715e-05
5.4471e-05
5.44705e-05
5.44701e-05
5.44696e-05
5.44691e-05
5.44686e-05
5.44682e-05
5.44677e-05
5.44673e-05
5.44668e-05
5.44664e-05
5.4466e-05
5.44656e-05
5.44652e-05
5.44649e-05
5.44645e-05
5.44642e-05
5.44639e-05
5.44637e-05
5.44634e-05
5.44632e-05
5.44631e-05
5.44629e-05
5.44628e-05
5.44628e-05
5.44627e-05
5.44627e-05
5.44627e-05
5.44628e-05
5.44629e-05
5.4463e-05
5.44631e-05
5.44632e-05
5.44634e-05
5.44636e-05
5.44638e-05
5.4464e-05
5.44643e-05
5.44645e-05
5.44648e-05
5.4465e-05
5.44653e-05
5.44655e-05
5.44658e-05
5.4466e-05
5.44663e-05
5.44665e-05
5.44667e-05
5.44665e-05
5.43912e-05
5.4392e-05
5.43918e-05
5.43915e-05
5.4391e-05
5.43905e-05
5.439e-05
5.43895e-05
5.4389e-05
5.43885e-05
5.4388e-05
5.43874e-05
5.43869e-05
5.43864e-05
5.43858e-05
5.43853e-05
5.43848e-05
5.43843e-05
5.43837e-05
5.43833e-05
5.43828e-05
5.43823e-05
5.43819e-05
5.43815e-05
5.43811e-05
5.43807e-05
5.43803e-05
5.438e-05
5.43797e-05
5.43794e-05
5.43792e-05
5.4379e-05
5.43788e-05
5.43787e-05
5.43786e-05
5.43785e-05
5.43785e-05
5.43785e-05
5.43785e-05
5.43785e-05
5.43786e-05
5.43787e-05
5.43788e-05
5.43789e-05
5.43791e-05
5.43793e-05
5.43795e-05
5.43797e-05
5.43799e-05
5.43801e-05
5.43803e-05
5.43805e-05
5.43808e-05
5.4381e-05
5.43812e-05
5.43814e-05
5.43816e-05
5.43818e-05
5.43813e-05
5.43692e-05
5.43703e-05
5.43702e-05
5.43697e-05
5.43692e-05
5.43687e-05
5.43681e-05
5.43675e-05
5.4367e-05
5.43664e-05
5.43658e-05
5.43652e-05
5.43646e-05
5.4364e-05
5.43634e-05
5.43628e-05
5.43622e-05
5.43617e-05
5.43611e-05
5.43606e-05
5.43601e-05
5.43596e-05
5.43591e-05
5.43586e-05
5.43582e-05
5.43578e-05
5.43574e-05
5.4357e-05
5.43567e-05
5.43564e-05
5.43561e-05
5.43559e-05
5.43557e-05
5.43555e-05
5.43554e-05
5.43553e-05
5.43552e-05
5.43552e-05
5.43551e-05
5.43552e-05
5.43552e-05
5.43553e-05
5.43554e-05
5.43555e-05
5.43556e-05
5.43557e-05
5.43559e-05
5.43561e-05
5.43563e-05
5.43564e-05
5.43566e-05
5.43568e-05
5.4357e-05
5.43572e-05
5.43574e-05
5.43575e-05
5.43577e-05
5.43579e-05
5.43572e-05
5.43996e-05
5.4401e-05
5.44008e-05
5.44003e-05
5.43998e-05
5.43992e-05
5.43985e-05
5.43979e-05
5.43973e-05
5.43966e-05
5.4396e-05
5.43953e-05
5.43947e-05
5.4394e-05
5.43934e-05
5.43928e-05
5.43921e-05
5.43915e-05
5.43909e-05
5.43903e-05
5.43898e-05
5.43892e-05
5.43887e-05
5.43882e-05
5.43877e-05
5.43873e-05
5.43869e-05
5.43865e-05
5.43861e-05
5.43858e-05
5.43855e-05
5.43853e-05
5.4385e-05
5.43848e-05
5.43847e-05
5.43845e-05
5.43844e-05
5.43844e-05
5.43843e-05
5.43843e-05
5.43843e-05
5.43844e-05
5.43844e-05
5.43845e-05
5.43846e-05
5.43847e-05
5.43849e-05
5.4385e-05
5.43852e-05
5.43853e-05
5.43855e-05
5.43856e-05
5.43858e-05
5.43859e-05
5.43861e-05
5.43862e-05
5.43863e-05
5.43865e-05
5.43857e-05
5.44746e-05
5.44762e-05
5.44761e-05
5.44756e-05
5.4475e-05
5.44743e-05
5.44736e-05
5.44729e-05
5.44722e-05
5.44715e-05
5.44708e-05
5.44701e-05
5.44694e-05
5.44688e-05
5.44681e-05
5.44674e-05
5.44667e-05
5.44661e-05
5.44654e-05
5.44648e-05
5.44642e-05
5.44637e-05
5.44631e-05
5.44626e-05
5.44621e-05
5.44616e-05
5.44611e-05
5.44607e-05
5.44603e-05
5.446e-05
5.44597e-05
5.44594e-05
5.44591e-05
5.44589e-05
5.44587e-05
5.44586e-05
5.44585e-05
5.44584e-05
5.44583e-05
5.44583e-05
5.44582e-05
5.44583e-05
5.44583e-05
5.44584e-05
5.44584e-05
5.44585e-05
5.44586e-05
5.44587e-05
5.44589e-05
5.4459e-05
5.44591e-05
5.44593e-05
5.44594e-05
5.44595e-05
5.44596e-05
5.44597e-05
5.44598e-05
5.446e-05
5.44591e-05
5.45873e-05
5.45892e-05
5.45891e-05
5.45885e-05
5.45878e-05
5.45871e-05
5.45864e-05
5.45857e-05
5.45849e-05
5.45842e-05
5.45834e-05
5.45827e-05
5.4582e-05
5.45812e-05
5.45805e-05
5.45798e-05
5.45791e-05
5.45784e-05
5.45777e-05
5.45771e-05
5.45765e-05
5.45759e-05
5.45753e-05
5.45747e-05
5.45742e-05
5.45737e-05
5.45732e-05
5.45728e-05
5.45724e-05
5.4572e-05
5.45716e-05
5.45713e-05
5.45711e-05
5.45708e-05
5.45706e-05
5.45704e-05
5.45703e-05
5.45702e-05
5.45701e-05
5.457e-05
5.457e-05
5.457e-05
5.457e-05
5.457e-05
5.45701e-05
5.45701e-05
5.45702e-05
5.45703e-05
5.45704e-05
5.45705e-05
5.45706e-05
5.45707e-05
5.45708e-05
5.45709e-05
5.4571e-05
5.4571e-05
5.45711e-05
5.45712e-05
5.45702e-05
5.47315e-05
5.47336e-05
5.47335e-05
5.47329e-05
5.47322e-05
5.47314e-05
5.47307e-05
5.47299e-05
5.47291e-05
5.47283e-05
5.47275e-05
5.47268e-05
5.4726e-05
5.47252e-05
5.47244e-05
5.47237e-05
5.4723e-05
5.47223e-05
5.47216e-05
5.47209e-05
5.47202e-05
5.47196e-05
5.4719e-05
5.47184e-05
5.47178e-05
5.47173e-05
5.47168e-05
5.47163e-05
5.47159e-05
5.47155e-05
5.47151e-05
5.47148e-05
5.47145e-05
5.47143e-05
5.4714e-05
5.47138e-05
5.47137e-05
5.47135e-05
5.47134e-05
5.47133e-05
5.47133e-05
5.47133e-05
5.47133e-05
5.47133e-05
5.47133e-05
5.47133e-05
5.47134e-05
5.47134e-05
5.47135e-05
5.47136e-05
5.47137e-05
5.47137e-05
5.47138e-05
5.47139e-05
5.47139e-05
5.47139e-05
5.47139e-05
5.47141e-05
5.4713e-05
5.49016e-05
5.49039e-05
5.49038e-05
5.49032e-05
5.49024e-05
5.49016e-05
5.49008e-05
5.49e-05
5.48992e-05
5.48983e-05
5.48975e-05
5.48967e-05
5.48959e-05
5.48951e-05
5.48943e-05
5.48935e-05
5.48928e-05
5.4892e-05
5.48913e-05
5.48906e-05
5.48899e-05
5.48892e-05
5.48886e-05
5.4888e-05
5.48874e-05
5.48869e-05
5.48863e-05
5.48859e-05
5.48854e-05
5.4885e-05
5.48846e-05
5.48843e-05
5.48839e-05
5.48837e-05
5.48834e-05
5.48832e-05
5.4883e-05
5.48829e-05
5.48827e-05
5.48826e-05
5.48826e-05
5.48825e-05
5.48825e-05
5.48825e-05
5.48825e-05
5.48825e-05
5.48825e-05
5.48825e-05
5.48826e-05
5.48826e-05
5.48827e-05
5.48827e-05
5.48828e-05
5.48828e-05
5.48828e-05
5.48828e-05
5.48828e-05
5.48829e-05
5.48818e-05
5.50926e-05
5.50951e-05
5.5095e-05
5.50943e-05
5.50935e-05
5.50927e-05
5.50918e-05
5.5091e-05
5.50901e-05
5.50893e-05
5.50884e-05
5.50876e-05
5.50867e-05
5.50859e-05
5.50851e-05
5.50843e-05
5.50835e-05
5.50827e-05
5.5082e-05
5.50812e-05
5.50805e-05
5.50798e-05
5.50792e-05
5.50785e-05
5.50779e-05
5.50774e-05
5.50768e-05
5.50763e-05
5.50759e-05
5.50754e-05
5.5075e-05
5.50747e-05
5.50743e-05
5.5074e-05
5.50737e-05
5.50735e-05
5.50733e-05
5.50731e-05
5.5073e-05
5.50729e-05
5.50728e-05
5.50727e-05
5.50726e-05
5.50726e-05
5.50726e-05
5.50726e-05
5.50726e-05
5.50726e-05
5.50726e-05
5.50726e-05
5.50727e-05
5.50727e-05
5.50727e-05
5.50727e-05
5.50727e-05
5.50726e-05
5.50726e-05
5.50727e-05
5.50716e-05
5.53001e-05
5.53027e-05
5.53026e-05
5.53019e-05
5.53011e-05
5.53002e-05
5.52993e-05
5.52984e-05
5.52976e-05
5.52967e-05
5.52958e-05
5.52949e-05
5.52941e-05
5.52932e-05
5.52924e-05
5.52915e-05
5.52907e-05
5.52899e-05
5.52891e-05
5.52884e-05
5.52876e-05
5.52869e-05
5.52863e-05
5.52856e-05
5.5285e-05
5.52844e-05
5.52838e-05
5.52833e-05
5.52828e-05
5.52824e-05
5.52819e-05
5.52816e-05
5.52812e-05
5.52809e-05
5.52806e-05
5.52803e-05
5.52801e-05
5.52799e-05
5.52798e-05
5.52796e-05
5.52795e-05
5.52794e-05
5.52793e-05
5.52793e-05
5.52792e-05
5.52792e-05
5.52792e-05
5.52792e-05
5.52792e-05
5.52792e-05
5.52791e-05
5.52791e-05
5.52791e-05
5.52791e-05
5.52791e-05
5.5279e-05
5.52789e-05
5.5279e-05
5.52779e-05
5.55201e-05
5.55228e-05
5.55227e-05
5.5522e-05
5.55212e-05
5.55203e-05
5.55194e-05
5.55185e-05
5.55175e-05
5.55166e-05
5.55157e-05
5.55148e-05
5.55139e-05
5.55131e-05
5.55122e-05
5.55113e-05
5.55105e-05
5.55097e-05
5.55089e-05
5.55081e-05
5.55073e-05
5.55066e-05
5.55059e-05
5.55052e-05
5.55046e-05
5.5504e-05
5.55034e-05
5.55029e-05
5.55024e-05
5.55019e-05
5.55015e-05
5.5501e-05
5.55007e-05
5.55003e-05
5.55e-05
5.54998e-05
5.54995e-05
5.54993e-05
5.54991e-05
5.54989e-05
5.54988e-05
5.54987e-05
5.54986e-05
5.54985e-05
5.54984e-05
5.54984e-05
5.54983e-05
5.54983e-05
5.54983e-05
5.54982e-05
5.54982e-05
5.54982e-05
5.54981e-05
5.54981e-05
5.5498e-05
5.54979e-05
5.54978e-05
5.54978e-05
5.54968e-05
5.57491e-05
5.5752e-05
5.57519e-05
5.57512e-05
5.57503e-05
5.57494e-05
5.57485e-05
5.57475e-05
5.57466e-05
5.57457e-05
5.57447e-05
5.57438e-05
5.57429e-05
5.5742e-05
5.57411e-05
5.57402e-05
5.57394e-05
5.57385e-05
5.57377e-05
5.57369e-05
5.57361e-05
5.57354e-05
5.57347e-05
5.5734e-05
5.57333e-05
5.57327e-05
5.57321e-05
5.57315e-05
5.5731e-05
5.57305e-05
5.57301e-05
5.57296e-05
5.57292e-05
5.57289e-05
5.57286e-05
5.57283e-05
5.5728e-05
5.57278e-05
5.57275e-05
5.57274e-05
5.57272e-05
5.57271e-05
5.57269e-05
5.57268e-05
5.57267e-05
5.57267e-05
5.57266e-05
5.57265e-05
5.57265e-05
5.57264e-05
5.57264e-05
5.57263e-05
5.57262e-05
5.57262e-05
5.57261e-05
5.5726e-05
5.57258e-05
5.57258e-05
5.57249e-05
5.59842e-05
5.59872e-05
5.59871e-05
5.59864e-05
5.59855e-05
5.59845e-05
5.59836e-05
5.59826e-05
5.59816e-05
5.59807e-05
5.59797e-05
5.59788e-05
5.59779e-05
5.59769e-05
5.5976e-05
5.59751e-05
5.59743e-05
5.59734e-05
5.59726e-05
5.59717e-05
5.59709e-05
5.59702e-05
5.59694e-05
5.59687e-05
5.59681e-05
5.59674e-05
5.59668e-05
5.59662e-05
5.59657e-05
5.59652e-05
5.59647e-05
5.59642e-05
5.59638e-05
5.59634e-05
5.59631e-05
5.59628e-05
5.59625e-05
5.59622e-05
5.5962e-05
5.59618e-05
5.59616e-05
5.59614e-05
5.59613e-05
5.59612e-05
5.5961e-05
5.59609e-05
5.59609e-05
5.59608e-05
5.59607e-05
5.59606e-05
5.59605e-05
5.59604e-05
5.59604e-05
5.59603e-05
5.59601e-05
5.596e-05
5.59599e-05
5.59598e-05
5.59589e-05
5.62225e-05
5.62256e-05
5.62256e-05
5.62248e-05
5.62239e-05
5.62229e-05
5.62219e-05
5.6221e-05
5.622e-05
5.6219e-05
5.6218e-05
5.62171e-05
5.62161e-05
5.62152e-05
5.62143e-05
5.62133e-05
5.62125e-05
5.62116e-05
5.62107e-05
5.62099e-05
5.62091e-05
5.62083e-05
5.62075e-05
5.62068e-05
5.62061e-05
5.62055e-05
5.62048e-05
5.62042e-05
5.62037e-05
5.62031e-05
5.62026e-05
5.62022e-05
5.62017e-05
5.62013e-05
5.62009e-05
5.62006e-05
5.62003e-05
5.62e-05
5.61998e-05
5.61995e-05
5.61993e-05
5.61991e-05
5.6199e-05
5.61988e-05
5.61987e-05
5.61985e-05
5.61984e-05
5.61983e-05
5.61982e-05
5.61981e-05
5.6198e-05
5.61979e-05
5.61978e-05
5.61976e-05
5.61975e-05
5.61974e-05
5.61972e-05
5.61971e-05
5.61963e-05
5.64618e-05
5.6465e-05
5.64649e-05
5.64642e-05
5.64632e-05
5.64622e-05
5.64613e-05
5.64603e-05
5.64593e-05
5.64583e-05
5.64573e-05
5.64563e-05
5.64553e-05
5.64544e-05
5.64534e-05
5.64525e-05
5.64516e-05
5.64507e-05
5.64498e-05
5.6449e-05
5.64482e-05
5.64474e-05
5.64466e-05
5.64458e-05
5.64451e-05
5.64444e-05
5.64438e-05
5.64432e-05
5.64426e-05
5.6442e-05
5.64415e-05
5.6441e-05
5.64406e-05
5.64401e-05
5.64397e-05
5.64394e-05
5.6439e-05
5.64387e-05
5.64384e-05
5.64382e-05
5.6438e-05
5.64377e-05
5.64375e-05
5.64374e-05
5.64372e-05
5.64371e-05
5.64369e-05
5.64368e-05
5.64366e-05
5.64365e-05
5.64364e-05
5.64363e-05
5.64361e-05
5.6436e-05
5.64358e-05
5.64356e-05
5.64354e-05
5.64353e-05
5.64347e-05
5.66999e-05
5.67032e-05
5.67032e-05
5.67024e-05
5.67014e-05
5.67004e-05
5.66994e-05
5.66984e-05
5.66974e-05
5.66964e-05
5.66954e-05
5.66944e-05
5.66934e-05
5.66924e-05
5.66915e-05
5.66905e-05
5.66896e-05
5.66887e-05
5.66878e-05
5.66869e-05
5.66861e-05
5.66853e-05
5.66845e-05
5.66837e-05
5.6683e-05
5.66823e-05
5.66816e-05
5.6681e-05
5.66804e-05
5.66798e-05
5.66792e-05
5.66787e-05
5.66782e-05
5.66778e-05
5.66774e-05
5.6677e-05
5.66766e-05
5.66763e-05
5.6676e-05
5.66757e-05
5.66754e-05
5.66752e-05
5.6675e-05
5.66748e-05
5.66746e-05
5.66744e-05
5.66743e-05
5.66741e-05
5.66739e-05
5.66738e-05
5.66736e-05
5.66735e-05
5.66733e-05
5.66731e-05
5.6673e-05
5.66728e-05
5.66726e-05
5.66724e-05
5.66718e-05
5.69351e-05
5.69385e-05
5.69384e-05
5.69376e-05
5.69366e-05
5.69356e-05
5.69346e-05
5.69336e-05
5.69326e-05
5.69315e-05
5.69305e-05
5.69295e-05
5.69285e-05
5.69275e-05
5.69266e-05
5.69256e-05
5.69247e-05
5.69237e-05
5.69228e-05
5.6922e-05
5.69211e-05
5.69203e-05
5.69195e-05
5.69187e-05
5.69179e-05
5.69172e-05
5.69165e-05
5.69158e-05
5.69152e-05
5.69146e-05
5.6914e-05
5.69135e-05
5.6913e-05
5.69125e-05
5.69121e-05
5.69117e-05
5.69113e-05
5.69109e-05
5.69106e-05
5.69103e-05
5.691e-05
5.69097e-05
5.69095e-05
5.69092e-05
5.6909e-05
5.69088e-05
5.69086e-05
5.69084e-05
5.69083e-05
5.69081e-05
5.69079e-05
5.69077e-05
5.69075e-05
5.69073e-05
5.69071e-05
5.69069e-05
5.69067e-05
5.69065e-05
5.69061e-05
5.71657e-05
5.71692e-05
5.71691e-05
5.71683e-05
5.71673e-05
5.71663e-05
5.71653e-05
5.71642e-05
5.71632e-05
5.71622e-05
5.71612e-05
5.71601e-05
5.71591e-05
5.71581e-05
5.71572e-05
5.71562e-05
5.71552e-05
5.71543e-05
5.71534e-05
5.71525e-05
5.71516e-05
5.71507e-05
5.71499e-05
5.71491e-05
5.71483e-05
5.71476e-05
5.71469e-05
5.71462e-05
5.71455e-05
5.71449e-05
5.71443e-05
5.71437e-05
5.71432e-05
5.71427e-05
5.71422e-05
5.71418e-05
5.71414e-05
5.7141e-05
5.71406e-05
5.71403e-05
5.714e-05
5.71397e-05
5.71394e-05
5.71392e-05
5.71389e-05
5.71387e-05
5.71385e-05
5.71382e-05
5.7138e-05
5.71378e-05
5.71376e-05
5.71374e-05
5.71372e-05
5.7137e-05
5.71368e-05
5.71366e-05
5.71363e-05
5.7136e-05
5.71358e-05
5.73905e-05
5.7394e-05
5.7394e-05
5.73931e-05
5.73922e-05
5.73911e-05
5.73901e-05
5.7389e-05
5.7388e-05
5.7387e-05
5.73859e-05
5.73849e-05
5.73839e-05
5.73829e-05
5.73819e-05
5.73809e-05
5.73799e-05
5.7379e-05
5.7378e-05
5.73771e-05
5.73762e-05
5.73753e-05
5.73745e-05
5.73737e-05
5.73729e-05
5.73721e-05
5.73714e-05
5.73707e-05
5.737e-05
5.73693e-05
5.73687e-05
5.73681e-05
5.73676e-05
5.7367e-05
5.73665e-05
5.73661e-05
5.73656e-05
5.73652e-05
5.73648e-05
5.73644e-05
5.73641e-05
5.73638e-05
5.73635e-05
5.73632e-05
5.73629e-05
5.73627e-05
5.73624e-05
5.73622e-05
5.73619e-05
5.73617e-05
5.73615e-05
5.73613e-05
5.7361e-05
5.73608e-05
5.73606e-05
5.73603e-05
5.736e-05
5.73597e-05
5.73596e-05
5.76082e-05
5.76118e-05
5.76118e-05
5.76109e-05
5.76099e-05
5.76089e-05
5.76079e-05
5.76068e-05
5.76058e-05
5.76047e-05
5.76037e-05
5.76026e-05
5.76016e-05
5.76006e-05
5.75996e-05
5.75986e-05
5.75976e-05
5.75966e-05
5.75957e-05
5.75947e-05
5.75938e-05
5.75929e-05
5.75921e-05
5.75912e-05
5.75904e-05
5.75896e-05
5.75889e-05
5.75881e-05
5.75874e-05
5.75867e-05
5.75861e-05
5.75855e-05
5.75849e-05
5.75843e-05
5.75838e-05
5.75833e-05
5.75828e-05
5.75824e-05
5.7582e-05
5.75816e-05
5.75812e-05
5.75808e-05
5.75805e-05
5.75802e-05
5.75799e-05
5.75796e-05
5.75793e-05
5.75791e-05
5.75788e-05
5.75785e-05
5.75783e-05
5.7578e-05
5.75778e-05
5.75775e-05
5.75773e-05
5.7577e-05
5.75767e-05
5.75764e-05
5.75764e-05
5.7818e-05
5.78216e-05
5.78216e-05
5.78207e-05
5.78197e-05
5.78187e-05
5.78176e-05
5.78166e-05
5.78155e-05
5.78145e-05
5.78134e-05
5.78124e-05
5.78113e-05
5.78103e-05
5.78093e-05
5.78083e-05
5.78073e-05
5.78063e-05
5.78053e-05
5.78044e-05
5.78035e-05
5.78026e-05
5.78017e-05
5.78008e-05
5.78e-05
5.77991e-05
5.77984e-05
5.77976e-05
5.77969e-05
5.77962e-05
5.77955e-05
5.77948e-05
5.77942e-05
5.77936e-05
5.77931e-05
5.77925e-05
5.7792e-05
5.77915e-05
5.77911e-05
5.77907e-05
5.77903e-05
5.77899e-05
5.77895e-05
5.77892e-05
5.77888e-05
5.77885e-05
5.77882e-05
5.77879e-05
5.77876e-05
5.77874e-05
5.77871e-05
5.77868e-05
5.77866e-05
5.77863e-05
5.7786e-05
5.77857e-05
5.77854e-05
5.77851e-05
5.77852e-05
5.80189e-05
5.80226e-05
5.80226e-05
5.80217e-05
5.80207e-05
5.80197e-05
5.80186e-05
5.80176e-05
5.80165e-05
5.80155e-05
5.80144e-05
5.80134e-05
5.80123e-05
5.80113e-05
5.80102e-05
5.80092e-05
5.80082e-05
5.80072e-05
5.80062e-05
5.80053e-05
5.80043e-05
5.80034e-05
5.80025e-05
5.80016e-05
5.80007e-05
5.79999e-05
5.79991e-05
5.79983e-05
5.79975e-05
5.79968e-05
5.79961e-05
5.79954e-05
5.79947e-05
5.79941e-05
5.79935e-05
5.7993e-05
5.79924e-05
5.79919e-05
5.79914e-05
5.7991e-05
5.79905e-05
5.79901e-05
5.79897e-05
5.79893e-05
5.7989e-05
5.79886e-05
5.79883e-05
5.7988e-05
5.79877e-05
5.79874e-05
5.79871e-05
5.79868e-05
5.79865e-05
5.79862e-05
5.79859e-05
5.79856e-05
5.79853e-05
5.79849e-05
5.79853e-05
5.82104e-05
5.82142e-05
5.82141e-05
5.82133e-05
5.82123e-05
5.82112e-05
5.82102e-05
5.82091e-05
5.82081e-05
5.8207e-05
5.82059e-05
5.82049e-05
5.82038e-05
5.82028e-05
5.82017e-05
5.82007e-05
5.81997e-05
5.81987e-05
5.81977e-05
5.81967e-05
5.81957e-05
5.81948e-05
5.81938e-05
5.81929e-05
5.8192e-05
5.81912e-05
5.81903e-05
5.81895e-05
5.81887e-05
5.81879e-05
5.81872e-05
5.81865e-05
5.81858e-05
5.81851e-05
5.81845e-05
5.81839e-05
5.81834e-05
5.81828e-05
5.81823e-05
5.81818e-05
5.81813e-05
5.81809e-05
5.81805e-05
5.81801e-05
5.81797e-05
5.81793e-05
5.81789e-05
5.81786e-05
5.81783e-05
5.81779e-05
5.81776e-05
5.81773e-05
5.8177e-05
5.81767e-05
5.81764e-05
5.81761e-05
5.81758e-05
5.81754e-05
5.81758e-05
5.8392e-05
5.83958e-05
5.83957e-05
5.83949e-05
5.83939e-05
5.83929e-05
5.83918e-05
5.83907e-05
5.83897e-05
5.83886e-05
5.83875e-05
5.83865e-05
5.83854e-05
5.83844e-05
5.83833e-05
5.83823e-05
5.83812e-05
5.83802e-05
5.83792e-05
5.83782e-05
5.83772e-05
5.83762e-05
5.83752e-05
5.83743e-05
5.83734e-05
5.83725e-05
5.83716e-05
5.83708e-05
5.83699e-05
5.83691e-05
5.83684e-05
5.83676e-05
5.83669e-05
5.83662e-05
5.83656e-05
5.83649e-05
5.83643e-05
5.83638e-05
5.83632e-05
5.83627e-05
5.83622e-05
5.83617e-05
5.83612e-05
5.83608e-05
5.83604e-05
5.836e-05
5.83596e-05
5.83593e-05
5.83589e-05
5.83586e-05
5.83582e-05
5.83579e-05
5.83576e-05
5.83572e-05
5.83569e-05
5.83566e-05
5.83562e-05
5.83558e-05
5.83564e-05
5.85632e-05
5.8567e-05
5.8567e-05
5.85662e-05
5.85652e-05
5.85641e-05
5.85631e-05
5.8562e-05
5.8561e-05
5.85599e-05
5.85588e-05
5.85578e-05
5.85567e-05
5.85556e-05
5.85545e-05
5.85535e-05
5.85524e-05
5.85514e-05
5.85503e-05
5.85493e-05
5.85483e-05
5.85473e-05
5.85463e-05
5.85453e-05
5.85444e-05
5.85435e-05
5.85425e-05
5.85417e-05
5.85408e-05
5.854e-05
5.85392e-05
5.85384e-05
5.85377e-05
5.8537e-05
5.85363e-05
5.85356e-05
5.8535e-05
5.85344e-05
5.85338e-05
5.85332e-05
5.85327e-05
5.85322e-05
5.85317e-05
5.85312e-05
5.85308e-05
5.85304e-05
5.853e-05
5.85296e-05
5.85292e-05
5.85288e-05
5.85285e-05
5.85281e-05
5.85278e-05
5.85274e-05
5.85271e-05
5.85268e-05
5.85264e-05
5.8526e-05
5.85267e-05
5.87239e-05
5.87278e-05
5.87278e-05
5.87269e-05
5.87259e-05
5.87249e-05
5.87238e-05
5.87228e-05
5.87217e-05
5.87206e-05
5.87196e-05
5.87185e-05
5.87174e-05
5.87163e-05
5.87152e-05
5.87141e-05
5.8713e-05
5.8712e-05
5.87109e-05
5.87098e-05
5.87088e-05
5.87078e-05
5.87068e-05
5.87058e-05
5.87048e-05
5.87038e-05
5.87029e-05
5.8702e-05
5.87011e-05
5.87003e-05
5.86994e-05
5.86986e-05
5.86978e-05
5.86971e-05
5.86964e-05
5.86957e-05
5.8695e-05
5.86944e-05
5.86938e-05
5.86932e-05
5.86926e-05
5.86921e-05
5.86916e-05
5.86911e-05
5.86906e-05
5.86902e-05
5.86897e-05
5.86893e-05
5.86889e-05
5.86885e-05
5.86882e-05
5.86878e-05
5.86874e-05
5.86871e-05
5.86867e-05
5.86864e-05
5.8686e-05
5.86856e-05
5.86865e-05
5.88739e-05
5.88778e-05
5.88778e-05
5.8877e-05
5.8876e-05
5.8875e-05
5.88739e-05
5.88728e-05
5.88718e-05
5.88707e-05
5.88696e-05
5.88685e-05
5.88674e-05
5.88663e-05
5.88652e-05
5.8864e-05
5.88629e-05
5.88618e-05
5.88607e-05
5.88597e-05
5.88586e-05
5.88575e-05
5.88565e-05
5.88555e-05
5.88545e-05
5.88535e-05
5.88525e-05
5.88516e-05
5.88507e-05
5.88498e-05
5.88489e-05
5.88481e-05
5.88473e-05
5.88465e-05
5.88458e-05
5.88451e-05
5.88444e-05
5.88437e-05
5.88431e-05
5.88425e-05
5.88419e-05
5.88413e-05
5.88408e-05
5.88403e-05
5.88398e-05
5.88393e-05
5.88388e-05
5.88384e-05
5.8838e-05
5.88376e-05
5.88372e-05
5.88368e-05
5.88364e-05
5.88361e-05
5.88357e-05
5.88353e-05
5.8835e-05
5.88345e-05
5.88355e-05
5.90132e-05
5.90171e-05
5.90172e-05
5.90164e-05
5.90154e-05
5.90143e-05
5.90133e-05
5.90122e-05
5.90111e-05
5.901e-05
5.90089e-05
5.90078e-05
5.90066e-05
5.90055e-05
5.90044e-05
5.90032e-05
5.90021e-05
5.9001e-05
5.89998e-05
5.89987e-05
5.89976e-05
5.89965e-05
5.89955e-05
5.89944e-05
5.89934e-05
5.89924e-05
5.89914e-05
5.89905e-05
5.89895e-05
5.89886e-05
5.89877e-05
5.89869e-05
5.8986e-05
5.89852e-05
5.89845e-05
5.89837e-05
5.8983e-05
5.89823e-05
5.89817e-05
5.8981e-05
5.89804e-05
5.89798e-05
5.89793e-05
5.89787e-05
5.89782e-05
5.89777e-05
5.89773e-05
5.89768e-05
5.89764e-05
5.89759e-05
5.89755e-05
5.89751e-05
5.89747e-05
5.89744e-05
5.8974e-05
5.89736e-05
5.89733e-05
5.89728e-05
5.8974e-05
5.9142e-05
5.91459e-05
5.9146e-05
5.91452e-05
5.91442e-05
5.91431e-05
5.9142e-05
5.91409e-05
5.91398e-05
5.91387e-05
5.91375e-05
5.91364e-05
5.91352e-05
5.9134e-05
5.91329e-05
5.91317e-05
5.91305e-05
5.91294e-05
5.91282e-05
5.91271e-05
5.9126e-05
5.91249e-05
5.91238e-05
5.91227e-05
5.91217e-05
5.91206e-05
5.91196e-05
5.91187e-05
5.91177e-05
5.91168e-05
5.91159e-05
5.9115e-05
5.91141e-05
5.91133e-05
5.91125e-05
5.91118e-05
5.9111e-05
5.91103e-05
5.91096e-05
5.9109e-05
5.91083e-05
5.91077e-05
5.91072e-05
5.91066e-05
5.91061e-05
5.91056e-05
5.91051e-05
5.91046e-05
5.91042e-05
5.91037e-05
5.91033e-05
5.91029e-05
5.91025e-05
5.91021e-05
5.91017e-05
5.91014e-05
5.9101e-05
5.91005e-05
5.91018e-05
5.92603e-05
5.92643e-05
5.92644e-05
5.92636e-05
5.92626e-05
5.92615e-05
5.92604e-05
5.92593e-05
5.92581e-05
5.92569e-05
5.92557e-05
5.92545e-05
5.92533e-05
5.92521e-05
5.92509e-05
5.92497e-05
5.92485e-05
5.92473e-05
5.92461e-05
5.9245e-05
5.92438e-05
5.92427e-05
5.92416e-05
5.92405e-05
5.92395e-05
5.92384e-05
5.92374e-05
5.92364e-05
5.92354e-05
5.92345e-05
5.92336e-05
5.92327e-05
5.92318e-05
5.9231e-05
5.92302e-05
5.92294e-05
5.92286e-05
5.92279e-05
5.92272e-05
5.92266e-05
5.92259e-05
5.92253e-05
5.92247e-05
5.92241e-05
5.92236e-05
5.92231e-05
5.92226e-05
5.92221e-05
5.92216e-05
5.92212e-05
5.92207e-05
5.92203e-05
5.92199e-05
5.92195e-05
5.92191e-05
5.92188e-05
5.92184e-05
5.92179e-05
5.92193e-05
5.93687e-05
5.93727e-05
5.93727e-05
5.93719e-05
5.93709e-05
5.93698e-05
5.93686e-05
5.93674e-05
5.93661e-05
5.93649e-05
5.93636e-05
5.93624e-05
5.93611e-05
5.93599e-05
5.93586e-05
5.93574e-05
5.93562e-05
5.9355e-05
5.93538e-05
5.93527e-05
5.93515e-05
5.93504e-05
5.93493e-05
5.93482e-05
5.93471e-05
5.9346e-05
5.9345e-05
5.9344e-05
5.9343e-05
5.93421e-05
5.93412e-05
5.93403e-05
5.93394e-05
5.93386e-05
5.93377e-05
5.93369e-05
5.93362e-05
5.93355e-05
5.93347e-05
5.93341e-05
5.93334e-05
5.93328e-05
5.93322e-05
5.93316e-05
5.93311e-05
5.93305e-05
5.933e-05
5.93295e-05
5.93291e-05
5.93286e-05
5.93282e-05
5.93277e-05
5.93273e-05
5.93269e-05
5.93266e-05
5.93262e-05
5.93258e-05
5.93253e-05
5.93269e-05
5.94674e-05
5.94714e-05
5.94714e-05
5.94706e-05
5.94694e-05
5.94682e-05
5.94669e-05
5.94656e-05
5.94643e-05
5.9463e-05
5.94617e-05
5.94604e-05
5.94591e-05
5.94578e-05
5.94565e-05
5.94553e-05
5.94541e-05
5.94529e-05
5.94517e-05
5.94505e-05
5.94494e-05
5.94482e-05
5.94471e-05
5.9446e-05
5.9445e-05
5.94439e-05
5.94429e-05
5.94419e-05
5.94409e-05
5.944e-05
5.94391e-05
5.94382e-05
5.94373e-05
5.94364e-05
5.94356e-05
5.94348e-05
5.94341e-05
5.94333e-05
5.94326e-05
5.94319e-05
5.94313e-05
5.94307e-05
5.94301e-05
5.94295e-05
5.94289e-05
5.94284e-05
5.94279e-05
5.94274e-05
5.94269e-05
5.94265e-05
5.9426e-05
5.94256e-05
5.94252e-05
5.94248e-05
5.94244e-05
5.9424e-05
5.94237e-05
5.94232e-05
5.94248e-05
5.9557e-05
5.9561e-05
5.95609e-05
5.95599e-05
5.95586e-05
5.95572e-05
5.95558e-05
5.95544e-05
5.95529e-05
5.95516e-05
5.95502e-05
5.95489e-05
5.95476e-05
5.95463e-05
5.9545e-05
5.95438e-05
5.95426e-05
5.95414e-05
5.95402e-05
5.95391e-05
5.95379e-05
5.95368e-05
5.95357e-05
5.95346e-05
5.95336e-05
5.95326e-05
5.95316e-05
5.95306e-05
5.95296e-05
5.95287e-05
5.95278e-05
5.95269e-05
5.9526e-05
5.95252e-05
5.95244e-05
5.95236e-05
5.95229e-05
5.95221e-05
5.95214e-05
5.95207e-05
5.95201e-05
5.95195e-05
5.95189e-05
5.95183e-05
5.95177e-05
5.95172e-05
5.95167e-05
5.95162e-05
5.95157e-05
5.95153e-05
5.95148e-05
5.95144e-05
5.9514e-05
5.95136e-05
5.95132e-05
5.95129e-05
5.95125e-05
5.95121e-05
5.95138e-05
5.96381e-05
5.9642e-05
5.96417e-05
5.96403e-05
5.96388e-05
5.96371e-05
5.96356e-05
5.96341e-05
5.96326e-05
5.96312e-05
5.96298e-05
5.96285e-05
5.96272e-05
5.96259e-05
5.96247e-05
5.96235e-05
5.96223e-05
5.96212e-05
5.962e-05
5.96189e-05
5.96178e-05
5.96167e-05
5.96157e-05
5.96146e-05
5.96136e-05
5.96126e-05
5.96116e-05
5.96107e-05
5.96097e-05
5.96088e-05
5.9608e-05
5.96071e-05
5.96063e-05
5.96054e-05
5.96046e-05
5.96039e-05
5.96031e-05
5.96024e-05
5.96017e-05
5.96011e-05
5.96004e-05
5.95998e-05
5.95992e-05
5.95987e-05
5.95981e-05
5.95976e-05
5.95971e-05
5.95966e-05
5.95961e-05
5.95957e-05
5.95953e-05
5.95949e-05
5.95945e-05
5.95941e-05
5.95937e-05
5.95934e-05
5.9593e-05
5.95925e-05
5.95944e-05
5.97114e-05
5.97148e-05
5.97139e-05
5.97121e-05
5.97102e-05
5.97085e-05
5.97068e-05
5.97053e-05
5.97038e-05
5.97025e-05
5.97012e-05
5.96999e-05
5.96987e-05
5.96975e-05
5.96963e-05
5.96952e-05
5.9694e-05
5.96929e-05
5.96919e-05
5.96908e-05
5.96897e-05
5.96887e-05
5.96877e-05
5.96867e-05
5.96858e-05
5.96848e-05
5.96839e-05
5.9683e-05
5.96821e-05
5.96812e-05
5.96803e-05
5.96795e-05
5.96787e-05
5.96779e-05
5.96772e-05
5.96764e-05
5.96757e-05
5.9675e-05
5.96743e-05
5.96737e-05
5.96731e-05
5.96725e-05
5.96719e-05
5.96713e-05
5.96708e-05
5.96703e-05
5.96698e-05
5.96693e-05
5.96689e-05
5.96685e-05
5.96681e-05
5.96677e-05
5.96673e-05
5.96669e-05
5.96665e-05
5.96662e-05
5.96659e-05
5.96654e-05
5.96673e-05
5.97772e-05
5.97795e-05
5.97777e-05
5.97754e-05
5.97734e-05
5.97717e-05
5.97702e-05
5.97688e-05
5.97675e-05
5.97662e-05
5.97651e-05
5.97639e-05
5.97628e-05
5.97617e-05
5.97606e-05
5.97596e-05
5.97586e-05
5.97576e-05
5.97566e-05
5.97556e-05
5.97546e-05
5.97536e-05
5.97527e-05
5.97518e-05
5.97509e-05
5.975e-05
5.97491e-05
5.97482e-05
5.97474e-05
5.97466e-05
5.97458e-05
5.9745e-05
5.97442e-05
5.97435e-05
5.97427e-05
5.9742e-05
5.97414e-05
5.97407e-05
5.97401e-05
5.97394e-05
5.97388e-05
5.97383e-05
5.97377e-05
5.97372e-05
5.97367e-05
5.97362e-05
5.97357e-05
5.97353e-05
5.97348e-05
5.97344e-05
5.9734e-05
5.97337e-05
5.97333e-05
5.97329e-05
5.97326e-05
5.97323e-05
5.9732e-05
5.97315e-05
5.97334e-05
5.98355e-05
5.9835e-05
5.98325e-05
5.98306e-05
5.98291e-05
5.98278e-05
5.98267e-05
5.98256e-05
5.98245e-05
5.98235e-05
5.98225e-05
5.98216e-05
5.98206e-05
5.98197e-05
5.98187e-05
5.98178e-05
5.98169e-05
5.9816e-05
5.98151e-05
5.98142e-05
5.98133e-05
5.98125e-05
5.98116e-05
5.98108e-05
5.98099e-05
5.98091e-05
5.98083e-05
5.98075e-05
5.98067e-05
5.98059e-05
5.98052e-05
5.98045e-05
5.98037e-05
5.9803e-05
5.98024e-05
5.98017e-05
5.98011e-05
5.98004e-05
5.97998e-05
5.97993e-05
5.97987e-05
5.97982e-05
5.97976e-05
5.97971e-05
5.97967e-05
5.97962e-05
5.97958e-05
5.97953e-05
5.97949e-05
5.97945e-05
5.97942e-05
5.97938e-05
5.97935e-05
5.97931e-05
5.97928e-05
5.97925e-05
5.97922e-05
5.97918e-05
5.97934e-05
)
;

boundaryField
{
    bottomWall
    {
        type            fixedValue;
        value           nonuniform 0();
    }
    topWall
    {
        type            fixedValue;
        value           nonuniform 0();
    }
    sides1_half0
    {
        type            cyclic;
    }
    sides1_half1
    {
        type            cyclic;
    }
    sides2_half0
    {
        type            cyclic;
    }
    sides2_half1
    {
        type            cyclic;
    }
    inout1_half0
    {
        type            cyclic;
    }
    inout1_half1
    {
        type            cyclic;
    }
    inout2_half0
    {
        type            cyclic;
    }
    inout2_half1
    {
        type            cyclic;
    }
    procBoundary4to2
    {
        type            processor;
        value           nonuniform List<scalar> 
59
(
5.98523e-05
5.98561e-05
5.98574e-05
5.98575e-05
5.98571e-05
5.98566e-05
5.98559e-05
5.98552e-05
5.98545e-05
5.98538e-05
5.9853e-05
5.98523e-05
5.98515e-05
5.98507e-05
5.985e-05
5.98492e-05
5.98484e-05
5.98476e-05
5.98468e-05
5.9846e-05
5.98453e-05
5.98445e-05
5.98437e-05
5.98429e-05
5.98422e-05
5.98414e-05
5.98407e-05
5.98399e-05
5.98392e-05
5.98385e-05
5.98378e-05
5.98371e-05
5.98365e-05
5.98358e-05
5.98352e-05
5.98346e-05
5.9834e-05
5.98334e-05
5.98328e-05
5.98323e-05
5.98318e-05
5.98312e-05
5.98308e-05
5.98303e-05
5.98298e-05
5.98294e-05
5.9829e-05
5.98286e-05
5.98282e-05
5.98278e-05
5.98275e-05
5.98271e-05
5.98268e-05
5.98265e-05
5.98262e-05
5.98259e-05
5.98256e-05
5.98253e-05
5.98253e-05
)
;
    }
    procBoundary4to3
    {
        type            processor;
        value           nonuniform List<scalar> 
63
(
0.00013069
0.000130675
0.000130668
0.000130664
0.00013066
0.000130657
0.000130655
0.000130652
0.00013065
0.000130647
0.000130645
0.000130643
0.000130641
0.000130639
0.000130637
0.000130635
0.000130633
0.000130631
0.000130629
0.000130627
0.000130625
0.000130623
0.000130621
0.000130619
0.000130617
0.000130615
0.000130613
0.000130611
0.000130608
0.000130606
0.000130604
0.000130602
0.0001306
0.000130598
0.000130596
0.000130593
0.000130591
0.000130588
0.000126679
0.000126669
0.000126669
0.000126556
0.000126556
0.000126563
0.000122609
0.000122607
0.000122607
0.0001225
0.0001225
0.00012251
0.000122518
0.000122523
0.000122527
0.00012253
0.000122533
0.000122535
0.000122537
0.000122539
0.000122541
0.000122542
0.000122544
0.000122545
0.00012255
)
;
    }
    procBoundary4to5
    {
        type            processor;
        value           nonuniform List<scalar> 
132
(
0.000118533
0.000118441
0.000114498
0.000114403
0.00011048
0.000110387
0.000106504
0.000106415
0.000102587
0.000102505
9.87479e-05
9.8673e-05
9.50048e-05
9.49376e-05
9.13748e-05
9.13153e-05
8.78742e-05
8.78221e-05
8.45183e-05
8.4473e-05
8.13208e-05
8.12817e-05
7.8294e-05
7.82603e-05
7.54483e-05
7.54193e-05
7.27922e-05
7.2767e-05
7.03316e-05
7.03096e-05
6.80704e-05
6.8051e-05
6.60097e-05
6.59924e-05
6.41484e-05
6.41328e-05
6.24827e-05
6.24686e-05
6.1007e-05
6.09942e-05
5.97135e-05
5.97019e-05
5.85928e-05
5.85824e-05
5.76344e-05
5.76252e-05
5.68267e-05
5.68187e-05
5.61577e-05
5.61509e-05
5.56151e-05
5.56096e-05
5.51868e-05
5.51825e-05
5.48608e-05
5.48578e-05
5.46257e-05
5.46241e-05
5.44709e-05
5.44706e-05
5.43863e-05
5.43873e-05
5.43627e-05
5.43649e-05
5.43916e-05
5.43949e-05
5.44652e-05
5.44696e-05
5.45766e-05
5.45821e-05
5.47197e-05
5.47261e-05
5.48887e-05
5.48959e-05
5.50787e-05
5.50867e-05
5.52852e-05
5.52939e-05
5.55044e-05
5.55137e-05
5.57327e-05
5.57424e-05
5.59671e-05
5.59772e-05
5.62048e-05
5.62152e-05
5.64435e-05
5.64541e-05
5.66811e-05
5.66918e-05
5.69158e-05
5.69265e-05
5.7146e-05
5.71567e-05
5.73704e-05
5.73809e-05
5.75877e-05
5.7598e-05
5.77971e-05
5.78072e-05
5.79978e-05
5.80075e-05
5.8189e-05
5.81983e-05
5.83703e-05
5.83792e-05
5.85413e-05
5.85497e-05
5.87017e-05
5.87097e-05
5.88515e-05
5.8859e-05
5.89906e-05
5.89975e-05
5.91191e-05
5.91256e-05
5.92373e-05
5.92433e-05
5.93455e-05
5.9351e-05
5.9444e-05
5.94491e-05
5.95335e-05
5.95382e-05
5.96145e-05
5.96188e-05
5.96877e-05
5.96917e-05
5.97541e-05
5.97573e-05
5.98141e-05
5.98154e-05
)
;
    }
}


// ************************************************************************* //
