/*--------------------------------*- C++ -*----------------------------------*\
  =========                 |
  \\      /  F ield         | OpenFOAM: The Open Source CFD Toolbox
   \\    /   O peration     | Website:  https://openfoam.org
    \\  /    A nd           | Version:  7
     \\/     M anipulation  |
\*---------------------------------------------------------------------------*/
FoamFile
{
    version     2.0;
    format      ascii;
    class       volScalarField;
    location    "17000";
    object      k;
}
// * * * * * * * * * * * * * * * * * * * * * * * * * * * * * * * * * * * * * //

dimensions      [0 2 -2 0 0 0 0];

internalField   nonuniform List<scalar> 
3974
(
0.000166573
0.000166573
0.000166572
0.000166572
0.000166572
0.000166572
0.000166572
0.000166572
0.000166572
0.000166571
0.000166571
0.000166571
0.000166571
0.000166571
0.000166571
0.00016657
0.00016657
0.00016657
0.00016657
0.000166569
0.000166569
0.000166569
0.000166569
0.000166568
0.000166568
0.000166568
0.000166568
0.000166567
0.000166567
0.000166566
0.000166566
0.000166566
0.000166565
0.000166565
0.000166564
0.000166564
0.000166564
0.000166563
0.00016608
0.00016608
0.00016608
0.00016608
0.00016608
0.00016608
0.00016608
0.000166079
0.000166079
0.000166079
0.000166079
0.000166079
0.000166079
0.000166079
0.000166079
0.000166079
0.000166078
0.000166078
0.000166078
0.000166078
0.000166078
0.000166077
0.000166077
0.000166077
0.000166077
0.000166076
0.000166076
0.000166076
0.000166076
0.000166075
0.000166075
0.000166075
0.000166074
0.000166074
0.000166073
0.000166073
0.000166072
0.000166072
0.000166071
0.000166071
0.00016607
0.00016607
0.000165501
0.000165501
0.000165501
0.000165501
0.000165501
0.000165501
0.000165501
0.000165501
0.000165501
0.000165501
0.000165501
0.000165501
0.000165501
0.000165501
0.000165501
0.000165501
0.000165501
0.000165501
0.000165501
0.000165501
0.0001655
0.0001655
0.0001655
0.0001655
0.0001655
0.000165499
0.000165499
0.000165499
0.000165499
0.000165498
0.000165498
0.000165498
0.000165497
0.000165497
0.000165497
0.000165496
0.000165496
0.000165495
0.000165495
0.000165494
0.000165494
0.000165493
0.000165493
0.000165492
0.000165491
0.000165491
0.00016549
0.00016549
0.000165489
0.000165489
0.000165489
0.000165489
0.000165488
0.000165488
0.000165488
0.000165488
0.000165487
0.000165487
0.000165487
0.000164842
0.000164842
0.000164842
0.000164842
0.000164842
0.000164842
0.000164842
0.000164842
0.000164843
0.000164843
0.000164843
0.000164843
0.000164843
0.000164843
0.000164843
0.000164843
0.000164843
0.000164842
0.000164842
0.000164842
0.000164842
0.000164842
0.000164842
0.000164842
0.000164841
0.000164841
0.000164841
0.000164841
0.00016484
0.00016484
0.00016484
0.000164839
0.000164839
0.000164839
0.000164838
0.000164838
0.000164837
0.000164837
0.000164836
0.000164836
0.000164835
0.000164835
0.000164834
0.000164834
0.000164833
0.000164832
0.000164832
0.000164831
0.000164831
0.00016483
0.00016483
0.000164829
0.000164829
0.000164829
0.000164828
0.000164828
0.000164828
0.000164827
0.000164827
0.000164106
0.000164106
0.000164106
0.000164106
0.000164107
0.000164107
0.000164107
0.000164107
0.000164107
0.000164107
0.000164107
0.000164108
0.000164108
0.000164108
0.000164108
0.000164108
0.000164108
0.000164108
0.000164108
0.000164107
0.000164107
0.000164107
0.000164107
0.000164107
0.000164107
0.000164106
0.000164106
0.000164106
0.000164106
0.000164105
0.000164105
0.000164105
0.000164104
0.000164104
0.000164104
0.000164103
0.000164103
0.000164102
0.000164102
0.000164101
0.000164101
0.0001641
0.000164099
0.000164099
0.000164098
0.000164097
0.000164096
0.000164096
0.000164095
0.000164095
0.000164094
0.000164094
0.000164093
0.000164093
0.000164093
0.000164092
0.000164092
0.000164092
0.000164091
0.000163298
0.000163298
0.000163298
0.000163298
0.000163298
0.000163298
0.000163299
0.000163299
0.000163299
0.000163299
0.0001633
0.0001633
0.0001633
0.0001633
0.0001633
0.0001633
0.0001633
0.0001633
0.0001633
0.0001633
0.0001633
0.0001633
0.0001633
0.000163299
0.000163299
0.000163299
0.000163299
0.000163299
0.000163298
0.000163298
0.000163298
0.000163297
0.000163297
0.000163297
0.000163296
0.000163296
0.000163295
0.000163295
0.000163294
0.000163294
0.000163293
0.000163293
0.000163292
0.000163291
0.00016329
0.00016329
0.000163289
0.000163288
0.000163287
0.000163287
0.000163286
0.000163286
0.000163285
0.000163285
0.000163284
0.000163284
0.000163283
0.000163283
0.000163283
0.00016242
0.00016242
0.00016242
0.00016242
0.000162421
0.000162421
0.000162421
0.000162422
0.000162422
0.000162422
0.000162422
0.000162422
0.000162423
0.000162423
0.000162423
0.000162423
0.000162423
0.000162423
0.000162423
0.000162423
0.000162423
0.000162423
0.000162423
0.000162423
0.000162423
0.000162422
0.000162422
0.000162422
0.000162422
0.000162421
0.000162421
0.000162421
0.00016242
0.00016242
0.00016242
0.000162419
0.000162419
0.000162418
0.000162418
0.000162417
0.000162416
0.000162416
0.000162415
0.000162415
0.000162414
0.000162413
0.000162412
0.000162411
0.00016241
0.00016241
0.000162409
0.000162409
0.000162408
0.000162407
0.000162407
0.000162406
0.000162406
0.000162405
0.000162405
0.000161476
0.000161476
0.000161476
0.000161477
0.000161477
0.000161477
0.000161478
0.000161478
0.000161478
0.000161479
0.000161479
0.000161479
0.000161479
0.00016148
0.00016148
0.00016148
0.00016148
0.00016148
0.00016148
0.00016148
0.00016148
0.00016148
0.00016148
0.00016148
0.00016148
0.00016148
0.000161479
0.000161479
0.000161479
0.000161479
0.000161478
0.000161478
0.000161477
0.000161477
0.000161477
0.000161476
0.000161476
0.000161475
0.000161475
0.000161474
0.000161474
0.000161473
0.000161472
0.000161472
0.000161471
0.00016147
0.000161469
0.000161468
0.000161467
0.000161467
0.000161466
0.000161465
0.000161465
0.000161464
0.000161463
0.000161463
0.000161462
0.000161462
0.000161461
0.000160469
0.000160469
0.000160469
0.00016047
0.00016047
0.00016047
0.000160471
0.000160471
0.000160471
0.000160472
0.000160472
0.000160472
0.000160473
0.000160473
0.000160473
0.000160473
0.000160473
0.000160474
0.000160474
0.000160474
0.000160474
0.000160474
0.000160474
0.000160474
0.000160473
0.000160473
0.000160473
0.000160473
0.000160473
0.000160472
0.000160472
0.000160472
0.000160471
0.000160471
0.00016047
0.00016047
0.00016047
0.000160469
0.000160468
0.000160468
0.000160467
0.000160467
0.000160466
0.000160465
0.000160465
0.000160464
0.000160463
0.000160462
0.000160461
0.00016046
0.00016046
0.000160459
0.000160458
0.000160457
0.000160457
0.000160456
0.000160455
0.000160455
0.000160454
0.000159402
0.000159402
0.000159402
0.000159402
0.000159402
0.000159403
0.000159403
0.000159404
0.000159404
0.000159404
0.000159405
0.000159405
0.000159405
0.000159406
0.000159406
0.000159406
0.000159406
0.000159407
0.000159407
0.000159407
0.000159407
0.000159407
0.000159407
0.000159407
0.000159407
0.000159406
0.000159406
0.000159406
0.000159406
0.000159406
0.000159405
0.000159405
0.000159405
0.000159404
0.000159404
0.000159403
0.000159403
0.000159402
0.000159402
0.000159401
0.000159401
0.0001594
0.000159399
0.000159399
0.000159398
0.000159397
0.000159396
0.000159395
0.000159394
0.000159393
0.000159393
0.000159392
0.000159391
0.00015939
0.000159389
0.000159389
0.000159388
0.000159387
0.000159387
0.000158276
0.000158276
0.000158276
0.000158277
0.000158277
0.000158277
0.000158278
0.000158278
0.000158279
0.000158279
0.000158279
0.00015828
0.00015828
0.00015828
0.000158281
0.000158281
0.000158281
0.000158281
0.000158282
0.000158282
0.000158282
0.000158282
0.000158282
0.000158282
0.000158282
0.000158281
0.000158281
0.000158281
0.000158281
0.000158281
0.00015828
0.00015828
0.00015828
0.000158279
0.000158279
0.000158278
0.000158278
0.000158277
0.000158277
0.000158276
0.000158276
0.000158275
0.000158274
0.000158274
0.000158273
0.000158272
0.000158271
0.00015827
0.00015827
0.000158269
0.000158268
0.000158267
0.000158266
0.000158265
0.000158264
0.000158263
0.000158263
0.000158262
0.000158261
0.000157095
0.000157095
0.000157095
0.000157096
0.000157096
0.000157096
0.000157097
0.000157097
0.000157098
0.000157098
0.000157098
0.000157099
0.000157099
0.0001571
0.0001571
0.0001571
0.000157101
0.000157101
0.000157101
0.000157101
0.000157101
0.000157101
0.000157101
0.000157101
0.000157101
0.000157101
0.000157101
0.000157101
0.0001571
0.0001571
0.0001571
0.0001571
0.000157099
0.000157099
0.000157098
0.000157098
0.000157098
0.000157097
0.000157096
0.000157096
0.000157095
0.000157095
0.000157094
0.000157093
0.000157093
0.000157092
0.000157091
0.00015709
0.000157089
0.000157088
0.000157087
0.000157086
0.000157085
0.000157085
0.000157084
0.000157083
0.000157082
0.000157081
0.00015708
0.000155861
0.000155861
0.000155861
0.000155862
0.000155862
0.000155862
0.000155863
0.000155863
0.000155864
0.000155864
0.000155865
0.000155865
0.000155865
0.000155866
0.000155866
0.000155866
0.000155867
0.000155867
0.000155867
0.000155867
0.000155867
0.000155868
0.000155868
0.000155868
0.000155868
0.000155867
0.000155867
0.000155867
0.000155867
0.000155867
0.000155866
0.000155866
0.000155866
0.000155865
0.000155865
0.000155865
0.000155864
0.000155864
0.000155863
0.000155862
0.000155862
0.000155861
0.000155861
0.00015586
0.000155859
0.000155858
0.000155858
0.000155857
0.000155856
0.000155855
0.000155854
0.000155853
0.000155852
0.000155851
0.00015585
0.000155849
0.000155848
0.000155848
0.000155847
0.000154576
0.000154576
0.000154577
0.000154577
0.000154577
0.000154578
0.000154578
0.000154579
0.000154579
0.00015458
0.00015458
0.000154581
0.000154581
0.000154581
0.000154582
0.000154582
0.000154582
0.000154583
0.000154583
0.000154583
0.000154583
0.000154583
0.000154583
0.000154583
0.000154583
0.000154583
0.000154583
0.000154583
0.000154583
0.000154583
0.000154582
0.000154582
0.000154582
0.000154581
0.000154581
0.00015458
0.00015458
0.00015458
0.000154579
0.000154578
0.000154578
0.000154577
0.000154577
0.000154576
0.000154575
0.000154574
0.000154574
0.000154573
0.000154572
0.000154571
0.00015457
0.000154569
0.000154568
0.000154567
0.000154566
0.000154565
0.000154564
0.000154563
0.000154562
0.000153243
0.000153244
0.000153244
0.000153245
0.000153245
0.000153245
0.000153246
0.000153246
0.000153247
0.000153247
0.000153248
0.000153248
0.000153248
0.000153249
0.000153249
0.00015325
0.00015325
0.00015325
0.00015325
0.000153251
0.000153251
0.000153251
0.000153251
0.000153251
0.000153251
0.000153251
0.000153251
0.000153251
0.000153251
0.00015325
0.00015325
0.00015325
0.000153249
0.000153249
0.000153249
0.000153248
0.000153248
0.000153247
0.000153247
0.000153246
0.000153246
0.000153245
0.000153244
0.000153244
0.000153243
0.000153242
0.000153241
0.000153241
0.00015324
0.000153239
0.000153238
0.000153237
0.000153236
0.000153235
0.000153234
0.000153233
0.000153232
0.000153231
0.00015323
0.000151865
0.000151866
0.000151866
0.000151866
0.000151867
0.000151867
0.000151868
0.000151868
0.000151869
0.000151869
0.000151869
0.00015187
0.00015187
0.000151871
0.000151871
0.000151871
0.000151872
0.000151872
0.000151872
0.000151873
0.000151873
0.000151873
0.000151873
0.000151873
0.000151873
0.000151873
0.000151873
0.000151873
0.000151873
0.000151872
0.000151872
0.000151872
0.000151872
0.000151871
0.000151871
0.000151871
0.00015187
0.00015187
0.000151869
0.000151869
0.000151868
0.000151867
0.000151867
0.000151866
0.000151865
0.000151865
0.000151864
0.000151863
0.000151862
0.000151861
0.00015186
0.000151859
0.000151858
0.000151857
0.000151856
0.000151855
0.000151854
0.000151853
0.000151852
0.000150444
0.000150445
0.000150445
0.000150445
0.000150446
0.000150446
0.000150447
0.000150447
0.000150448
0.000150448
0.000150449
0.000150449
0.000150449
0.00015045
0.00015045
0.000150451
0.000150451
0.000150451
0.000150451
0.000150452
0.000150452
0.000150452
0.000150452
0.000150452
0.000150452
0.000150452
0.000150452
0.000150452
0.000150452
0.000150452
0.000150451
0.000150451
0.000150451
0.000150451
0.00015045
0.00015045
0.000150449
0.000150449
0.000150448
0.000150448
0.000150447
0.000150447
0.000150446
0.000150445
0.000150445
0.000150444
0.000150443
0.000150442
0.000150442
0.000150441
0.00015044
0.000150439
0.000150438
0.000150437
0.000150436
0.000150435
0.000150434
0.000150433
0.000150432
0.000148983
0.000148983
0.000148984
0.000148984
0.000148985
0.000148985
0.000148986
0.000148986
0.000148986
0.000148987
0.000148987
0.000148988
0.000148988
0.000148989
0.000148989
0.000148989
0.00014899
0.00014899
0.00014899
0.00014899
0.000148991
0.000148991
0.000148991
0.000148991
0.000148991
0.000148991
0.000148991
0.000148991
0.000148991
0.000148991
0.00014899
0.00014899
0.00014899
0.00014899
0.000148989
0.000148989
0.000148988
0.000148988
0.000148987
0.000148987
0.000148986
0.000148986
0.000148985
0.000148984
0.000148984
0.000148983
0.000148982
0.000148982
0.000148981
0.00014898
0.000148979
0.000148978
0.000148977
0.000148976
0.000148975
0.000148974
0.000148973
0.000148972
0.000148971
0.000147484
0.000147485
0.000147485
0.000147486
0.000147486
0.000147487
0.000147487
0.000147487
0.000147488
0.000147488
0.000147489
0.000147489
0.00014749
0.00014749
0.00014749
0.000147491
0.000147491
0.000147491
0.000147492
0.000147492
0.000147492
0.000147492
0.000147492
0.000147492
0.000147492
0.000147492
0.000147492
0.000147492
0.000147492
0.000147492
0.000147492
0.000147492
0.000147491
0.000147491
0.000147491
0.00014749
0.00014749
0.00014749
0.000147489
0.000147488
0.000147488
0.000147487
0.000147487
0.000147486
0.000147485
0.000147485
0.000147484
0.000147483
0.000147482
0.000147482
0.000147481
0.00014748
0.000147479
0.000147478
0.000147477
0.000147476
0.000147475
0.000147474
0.000147473
0.000145951
0.000145952
0.000145952
0.000145953
0.000145953
0.000145953
0.000145954
0.000145954
0.000145955
0.000145955
0.000145956
0.000145956
0.000145957
0.000145957
0.000145957
0.000145958
0.000145958
0.000145958
0.000145959
0.000145959
0.000145959
0.000145959
0.000145959
0.000145959
0.000145959
0.000145959
0.000145959
0.000145959
0.000145959
0.000145959
0.000145959
0.000145959
0.000145958
0.000145958
0.000145958
0.000145957
0.000145957
0.000145957
0.000145956
0.000145956
0.000145955
0.000145954
0.000145954
0.000145953
0.000145953
0.000145952
0.000145951
0.00014595
0.00014595
0.000145949
0.000145948
0.000145947
0.000145946
0.000145945
0.000145944
0.000145943
0.000145942
0.000145941
0.00014594
0.000144386
0.000144387
0.000144387
0.000144388
0.000144388
0.000144389
0.000144389
0.00014439
0.00014439
0.000144391
0.000144391
0.000144392
0.000144392
0.000144392
0.000144393
0.000144393
0.000144393
0.000144394
0.000144394
0.000144394
0.000144394
0.000144394
0.000144395
0.000144395
0.000144395
0.000144395
0.000144395
0.000144395
0.000144395
0.000144394
0.000144394
0.000144394
0.000144394
0.000144394
0.000144393
0.000144393
0.000144392
0.000144392
0.000144392
0.000144391
0.000144391
0.00014439
0.000144389
0.000144389
0.000144388
0.000144388
0.000144387
0.000144386
0.000144385
0.000144385
0.000144384
0.000144383
0.000144382
0.000144381
0.00014438
0.000144379
0.000144378
0.000144377
0.000144376
0.000142794
0.000142794
0.000142794
0.000142795
0.000142796
0.000142796
0.000142796
0.000142797
0.000142797
0.000142798
0.000142798
0.000142799
0.000142799
0.000142799
0.0001428
0.0001428
0.0001428
0.000142801
0.000142801
0.000142801
0.000142801
0.000142802
0.000142802
0.000142802
0.000142802
0.000142802
0.000142802
0.000142802
0.000142802
0.000142802
0.000142801
0.000142801
0.000142801
0.000142801
0.0001428
0.0001428
0.0001428
0.000142799
0.000142799
0.000142798
0.000142798
0.000142797
0.000142797
0.000142796
0.000142795
0.000142795
0.000142794
0.000142793
0.000142793
0.000142792
0.000142791
0.00014279
0.000142789
0.000142788
0.000142788
0.000142787
0.000142786
0.000142785
0.000142784
0.000141175
0.000141176
0.000141176
0.000141177
0.000141177
0.000141178
0.000141178
0.000141179
0.000141179
0.00014118
0.00014118
0.000141181
0.000141181
0.000141181
0.000141182
0.000141182
0.000141182
0.000141183
0.000141183
0.000141183
0.000141183
0.000141183
0.000141183
0.000141184
0.000141184
0.000141184
0.000141184
0.000141184
0.000141184
0.000141183
0.000141183
0.000141183
0.000141183
0.000141183
0.000141182
0.000141182
0.000141182
0.000141181
0.000141181
0.00014118
0.00014118
0.000141179
0.000141179
0.000141178
0.000141178
0.000141177
0.000141176
0.000141176
0.000141175
0.000141174
0.000141173
0.000141172
0.000141172
0.000141171
0.00014117
0.000141169
0.000141168
0.000141167
0.000141166
0.000139536
0.000139536
0.000139537
0.000139537
0.000139538
0.000139538
0.000139539
0.000139539
0.00013954
0.00013954
0.00013954
0.000139541
0.000139541
0.000139541
0.000139542
0.000139542
0.000139542
0.000139543
0.000139543
0.000139543
0.000139543
0.000139543
0.000139544
0.000139544
0.000139544
0.000139544
0.000139544
0.000139544
0.000139544
0.000139543
0.000139543
0.000139543
0.000139543
0.000139543
0.000139542
0.000139542
0.000139542
0.000139541
0.000139541
0.00013954
0.00013954
0.000139539
0.000139539
0.000139538
0.000139538
0.000139537
0.000139536
0.000139536
0.000139535
0.000139534
0.000139534
0.000139533
0.000139532
0.000139531
0.00013953
0.000139529
0.000139528
0.000139528
0.000139526
0.000137877
0.000137878
0.000137878
0.000137879
0.000137879
0.00013788
0.00013788
0.000137881
0.000137881
0.000137882
0.000137882
0.000137882
0.000137883
0.000137883
0.000137883
0.000137884
0.000137884
0.000137884
0.000137885
0.000137885
0.000137885
0.000137885
0.000137885
0.000137885
0.000137885
0.000137885
0.000137885
0.000137885
0.000137885
0.000137885
0.000137885
0.000137885
0.000137885
0.000137884
0.000137884
0.000137884
0.000137883
0.000137883
0.000137883
0.000137882
0.000137882
0.000137881
0.000137881
0.00013788
0.00013788
0.000137879
0.000137878
0.000137878
0.000137877
0.000137876
0.000137876
0.000137875
0.000137874
0.000137873
0.000137872
0.000137871
0.000137871
0.00013787
0.000137869
0.000136204
0.000136205
0.000136205
0.000136206
0.000136206
0.000136207
0.000136207
0.000136208
0.000136208
0.000136209
0.000136209
0.000136209
0.00013621
0.00013621
0.00013621
0.000136211
0.000136211
0.000136211
0.000136211
0.000136211
0.000136212
0.000136212
0.000136212
0.000136212
0.000136212
0.000136212
0.000136212
0.000136212
0.000136212
0.000136212
0.000136212
0.000136211
0.000136211
0.000136211
0.000136211
0.000136211
0.00013621
0.00013621
0.000136209
0.000136209
0.000136209
0.000136208
0.000136208
0.000136207
0.000136207
0.000136206
0.000136205
0.000136205
0.000136204
0.000136203
0.000136203
0.000136202
0.000136201
0.0001362
0.000136199
0.000136199
0.000136198
0.000136197
0.000136196
0.00013452
0.00013452
0.000134521
0.000134521
0.000134522
0.000134522
0.000134523
0.000134523
0.000134524
0.000134524
0.000134524
0.000134525
0.000134525
0.000134525
0.000134526
0.000134526
0.000134526
0.000134526
0.000134527
0.000134527
0.000134527
0.000134527
0.000134527
0.000134527
0.000134527
0.000134527
0.000134527
0.000134527
0.000134527
0.000134527
0.000134527
0.000134527
0.000134527
0.000134526
0.000134526
0.000134526
0.000134526
0.000134525
0.000134525
0.000134524
0.000134524
0.000134524
0.000134523
0.000134523
0.000134522
0.000134521
0.000134521
0.00013452
0.00013452
0.000134519
0.000134518
0.000134518
0.000134517
0.000134516
0.000134515
0.000134514
0.000134514
0.000134513
0.000134512
0.000132828
0.000132828
0.000132828
0.000132829
0.000132829
0.00013283
0.00013283
0.000132831
0.000132831
0.000132832
0.000132832
0.000132832
0.000132833
0.000132833
0.000132833
0.000132834
0.000132834
0.000132834
0.000132834
0.000132835
0.000132835
0.000132835
0.000132835
0.000132835
0.000132835
0.000132835
0.000132835
0.000132835
0.000132835
0.000132835
0.000132835
0.000132834
0.000132834
0.000132834
0.000132834
0.000132834
0.000132833
0.000132833
0.000132833
0.000132832
0.000132832
0.000132831
0.000132831
0.00013283
0.00013283
0.000132829
0.000132829
0.000132828
0.000132827
0.000132827
0.000132826
0.000132825
0.000132825
0.000132824
0.000132823
0.000132822
0.000132822
0.000132821
0.00013282
0.000131131
0.000131132
0.000131132
0.000131133
0.000131133
0.000131134
0.000131134
0.000131134
0.000131135
0.000131135
0.000131136
0.000131136
0.000131136
0.000131137
0.000131137
0.000131137
0.000131137
0.000131138
0.000131138
0.000131138
0.000131138
0.000131138
0.000131138
0.000131138
0.000131138
0.000131138
0.000131138
0.000131138
0.000131138
0.000131138
0.000131138
0.000131138
0.000131138
0.000131137
0.000131137
0.000131137
0.000131137
0.000131136
0.000131136
0.000131136
0.000131135
0.000131135
0.000131134
0.000131134
0.000131133
0.000131133
0.000131132
0.000131132
0.000131131
0.000131131
0.00013113
0.000131129
0.000131128
0.000131128
0.000131127
0.000131126
0.000131125
0.000131125
0.000131124
0.000129434
0.000129435
0.000129435
0.000129436
0.000129436
0.000129437
0.000129437
0.000129437
0.000129438
0.000129438
0.000129439
0.000129439
0.000129439
0.00012944
0.00012944
0.00012944
0.00012944
0.000129441
0.000129441
0.000129441
0.000129441
0.000129441
0.000129441
0.000129441
0.000129441
0.000129441
0.000129441
0.000129441
0.000129441
0.000129441
0.000129441
0.000129441
0.000129441
0.00012944
0.00012944
0.00012944
0.00012944
0.000129439
0.000129439
0.000129439
0.000129438
0.000129438
0.000129437
0.000129437
0.000129436
0.000129436
0.000129435
0.000129435
0.000129434
0.000129434
0.000129433
0.000129432
0.000129432
0.000129431
0.00012943
0.000129429
0.000129429
0.000129428
0.000129427
0.00012774
0.000127741
0.000127741
0.000127742
0.000127742
0.000127743
0.000127743
0.000127743
0.000127744
0.000127744
0.000127745
0.000127745
0.000127745
0.000127746
0.000127746
0.000127746
0.000127746
0.000127746
0.000127747
0.000127747
0.000127747
0.000127747
0.000127747
0.000127747
0.000127747
0.000127747
0.000127747
0.000127747
0.000127747
0.000127747
0.000127747
0.000127747
0.000127746
0.000127746
0.000127746
0.000127746
0.000127746
0.000127745
0.000127745
0.000127745
0.000127744
0.000127744
0.000127743
0.000127743
0.000127742
0.000127742
0.000127741
0.000127741
0.00012774
0.00012774
0.000127739
0.000127739
0.000127738
0.000127737
0.000127736
0.000127736
0.000127735
0.000127734
0.000127733
0.000126053
0.000126053
0.000126054
0.000126054
0.000126055
0.000126055
0.000126056
0.000126056
0.000126056
0.000126057
0.000126057
0.000126057
0.000126058
0.000126058
0.000126058
0.000126059
0.000126059
0.000126059
0.000126059
0.000126059
0.000126059
0.000126059
0.00012606
0.00012606
0.00012606
0.00012606
0.00012606
0.00012606
0.000126059
0.000126059
0.000126059
0.000126059
0.000126059
0.000126059
0.000126059
0.000126058
0.000126058
0.000126058
0.000126057
0.000126057
0.000126057
0.000126056
0.000126056
0.000126055
0.000126055
0.000126055
0.000126054
0.000126054
0.000126053
0.000126052
0.000126052
0.000126051
0.000126051
0.00012605
0.000126049
0.000126049
0.000126048
0.000126047
0.000126046
0.000124376
0.000124376
0.000124376
0.000124377
0.000124377
0.000124378
0.000124378
0.000124379
0.000124379
0.000124379
0.00012438
0.00012438
0.00012438
0.000124381
0.000124381
0.000124381
0.000124381
0.000124381
0.000124382
0.000124382
0.000124382
0.000124382
0.000124382
0.000124382
0.000124382
0.000124382
0.000124382
0.000124382
0.000124382
0.000124382
0.000124382
0.000124382
0.000124381
0.000124381
0.000124381
0.000124381
0.000124381
0.00012438
0.00012438
0.00012438
0.000124379
0.000124379
0.000124379
0.000124378
0.000124378
0.000124377
0.000124377
0.000124376
0.000124376
0.000124375
0.000124375
0.000124374
0.000124373
0.000124373
0.000124372
0.000124371
0.000124371
0.00012437
0.000124369
0.000122712
0.000122712
0.000122713
0.000122713
0.000122713
0.000122714
0.000122714
0.000122715
0.000122715
0.000122715
0.000122716
0.000122716
0.000122716
0.000122717
0.000122717
0.000122717
0.000122717
0.000122717
0.000122718
0.000122718
0.000122718
0.000122718
0.000122718
0.000122718
0.000122718
0.000122718
0.000122718
0.000122718
0.000122718
0.000122718
0.000122718
0.000122718
0.000122717
0.000122717
0.000122717
0.000122717
0.000122716
0.000122716
0.000122716
0.000122716
0.000122715
0.000122715
0.000122715
0.000122714
0.000122714
0.000122713
0.000122713
0.000122712
0.000122712
0.000122711
0.000122711
0.00012271
0.00012271
0.000122709
0.000122708
0.000122708
0.000122707
0.000122706
0.000122706
0.000121065
0.000121065
0.000121065
0.000121066
0.000121066
0.000121067
0.000121067
0.000121067
0.000121068
0.000121068
0.000121068
0.000121069
0.000121069
0.000121069
0.00012107
0.00012107
0.00012107
0.00012107
0.00012107
0.00012107
0.00012107
0.000121071
0.000121071
0.000121071
0.000121071
0.000121071
0.000121071
0.000121071
0.000121071
0.00012107
0.00012107
0.00012107
0.00012107
0.00012107
0.00012107
0.000121069
0.000121069
0.000121069
0.000121069
0.000121068
0.000121068
0.000121068
0.000121067
0.000121067
0.000121066
0.000121066
0.000121066
0.000121065
0.000121065
0.000121064
0.000121064
0.000121063
0.000121062
0.000121062
0.000121061
0.000121061
0.00012106
0.000121059
0.000121059
0.000119437
0.000119438
0.000119438
0.000119438
0.000119439
0.000119439
0.00011944
0.00011944
0.00011944
0.000119441
0.000119441
0.000119441
0.000119442
0.000119442
0.000119442
0.000119442
0.000119442
0.000119443
0.000119443
0.000119443
0.000119443
0.000119443
0.000119443
0.000119443
0.000119443
0.000119443
0.000119443
0.000119443
0.000119443
0.000119443
0.000119443
0.000119443
0.000119443
0.000119442
0.000119442
0.000119442
0.000119442
0.000119441
0.000119441
0.000119441
0.000119441
0.00011944
0.00011944
0.00011944
0.000119439
0.000119439
0.000119438
0.000119438
0.000119437
0.000119437
0.000119436
0.000119436
0.000119435
0.000119435
0.000119434
0.000119433
0.000119433
0.000119432
0.000119431
0.000117833
0.000117833
0.000117834
0.000117834
0.000117834
0.000117835
0.000117835
0.000117836
0.000117836
0.000117836
0.000117837
0.000117837
0.000117837
0.000117837
0.000117838
0.000117838
0.000117838
0.000117838
0.000117838
0.000117838
0.000117838
0.000117839
0.000117839
0.000117839
0.000117839
0.000117839
0.000117839
0.000117839
0.000117838
0.000117838
0.000117838
0.000117838
0.000117838
0.000117838
0.000117838
0.000117837
0.000117837
0.000117837
0.000117837
0.000117836
0.000117836
0.000117836
0.000117835
0.000117835
0.000117835
0.000117834
0.000117834
0.000117833
0.000117833
0.000117832
0.000117832
0.000117831
0.000117831
0.00011783
0.00011783
0.000117829
0.000117829
0.000117828
0.000117827
0.000116254
0.000116255
0.000116255
0.000116255
0.000116256
0.000116256
0.000116257
0.000116257
0.000116257
0.000116258
0.000116258
0.000116258
0.000116258
0.000116259
0.000116259
0.000116259
0.000116259
0.000116259
0.000116259
0.00011626
0.00011626
0.00011626
0.00011626
0.00011626
0.00011626
0.00011626
0.00011626
0.00011626
0.00011626
0.00011626
0.000116259
0.000116259
0.000116259
0.000116259
0.000116259
0.000116259
0.000116258
0.000116258
0.000116258
0.000116258
0.000116257
0.000116257
0.000116257
0.000116256
0.000116256
0.000116256
0.000116255
0.000116255
0.000116254
0.000116254
0.000116253
0.000116253
0.000116252
0.000116252
0.000116251
0.000116251
0.00011625
0.00011625
0.000116249
0.000114704
0.000114705
0.000114705
0.000114705
0.000114706
0.000114706
0.000114706
0.000114707
0.000114707
0.000114707
0.000114708
0.000114708
0.000114708
0.000114708
0.000114708
0.000114709
0.000114709
0.000114709
0.000114709
0.000114709
0.000114709
0.000114709
0.000114709
0.000114709
0.00011471
0.000114709
0.000114709
0.000114709
0.000114709
0.000114709
0.000114709
0.000114709
0.000114709
0.000114709
0.000114709
0.000114708
0.000114708
0.000114708
0.000114708
0.000114707
0.000114707
0.000114707
0.000114706
0.000114706
0.000114706
0.000114705
0.000114705
0.000114705
0.000114704
0.000114704
0.000114703
0.000114703
0.000114702
0.000114702
0.000114701
0.000114701
0.0001147
0.0001147
0.000114699
0.000113185
0.000113185
0.000113186
0.000113186
0.000113186
0.000113187
0.000113187
0.000113187
0.000113188
0.000113188
0.000113188
0.000113189
0.000113189
0.000113189
0.000113189
0.000113189
0.00011319
0.00011319
0.00011319
0.00011319
0.00011319
0.00011319
0.00011319
0.00011319
0.00011319
0.00011319
0.00011319
0.00011319
0.00011319
0.00011319
0.00011319
0.00011319
0.00011319
0.000113189
0.000113189
0.000113189
0.000113189
0.000113189
0.000113188
0.000113188
0.000113188
0.000113188
0.000113187
0.000113187
0.000113187
0.000113186
0.000113186
0.000113185
0.000113185
0.000113185
0.000113184
0.000113184
0.000113183
0.000113183
0.000113182
0.000113182
0.000113181
0.000113181
0.00011318
0.000111699
0.0001117
0.0001117
0.0001117
0.000111701
0.000111701
0.000111701
0.000111702
0.000111702
0.000111702
0.000111702
0.000111703
0.000111703
0.000111703
0.000111703
0.000111704
0.000111704
0.000111704
0.000111704
0.000111704
0.000111704
0.000111704
0.000111704
0.000111704
0.000111704
0.000111704
0.000111704
0.000111704
0.000111704
0.000111704
0.000111704
0.000111704
0.000111704
0.000111704
0.000111703
0.000111703
0.000111703
0.000111703
0.000111703
0.000111702
0.000111702
0.000111702
0.000111701
0.000111701
0.000111701
0.0001117
0.0001117
0.0001117
0.000111699
0.000111699
0.000111698
0.000111698
0.000111698
0.000111697
0.000111697
0.000111696
0.000111695
0.000111695
0.000111694
0.000110249
0.00011025
0.00011025
0.00011025
0.000110251
0.000110251
0.000110251
0.000110251
0.000110252
0.000110252
0.000110252
0.000110252
0.000110253
0.000110253
0.000110253
0.000110253
0.000110253
0.000110254
0.000110254
0.000110254
0.000110254
0.000110254
0.000110254
0.000110254
0.000110254
0.000110254
0.000110254
0.000110254
0.000110254
0.000110254
0.000110254
0.000110254
0.000110253
0.000110253
0.000110253
0.000110253
0.000110253
0.000110253
0.000110252
0.000110252
0.000110252
0.000110252
0.000110251
0.000110251
0.000110251
0.00011025
0.00011025
0.00011025
0.000110249
0.000110249
0.000110248
0.000110248
0.000110247
0.000110247
0.000110246
0.000110246
0.000110245
0.000110245
0.000110244
0.000108837
0.000108837
0.000108837
0.000108838
0.000108838
0.000108838
0.000108839
0.000108839
0.000108839
0.000108839
0.00010884
0.00010884
0.00010884
0.00010884
0.00010884
0.000108841
0.000108841
0.000108841
0.000108841
0.000108841
0.000108841
0.000108841
0.000108841
0.000108841
0.000108841
0.000108841
0.000108841
0.000108841
0.000108841
0.000108841
0.000108841
0.000108841
0.000108841
0.000108841
0.00010884
0.00010884
0.00010884
0.00010884
0.00010884
0.000108839
0.000108839
0.000108839
0.000108839
0.000108838
0.000108838
0.000108838
0.000108837
0.000108837
0.000108837
0.000108836
0.000108836
0.000108835
0.000108835
0.000108835
0.000108834
0.000108834
0.000108833
0.000108833
0.000108832
0.000107464
0.000107464
0.000107464
0.000107464
0.000107465
0.000107465
0.000107465
0.000107466
0.000107466
0.000107466
0.000107466
0.000107467
0.000107467
0.000107467
0.000107467
0.000107467
0.000107468
0.000107468
0.000107468
0.000107468
0.000107468
0.000107468
0.000107468
0.000107468
0.000107468
0.000107468
0.000107468
0.000107468
0.000107468
0.000107468
0.000107468
0.000107468
0.000107468
0.000107467
0.000107467
0.000107467
0.000107467
0.000107467
0.000107466
0.000107466
0.000107466
0.000107466
0.000107465
0.000107465
0.000107465
0.000107465
0.000107464
0.000107464
0.000107464
0.000107463
0.000107463
0.000107462
0.000107462
0.000107461
0.000107461
0.000107461
0.00010746
0.00010746
0.000107459
0.000106132
0.000106132
0.000106132
0.000106133
0.000106133
0.000106133
0.000106133
0.000106134
0.000106134
0.000106134
0.000106134
0.000106135
0.000106135
0.000106135
0.000106135
0.000106135
0.000106135
0.000106136
0.000106136
0.000106136
0.000106136
0.000106136
0.000106136
0.000106136
0.000106136
0.000106136
0.000106136
0.000106136
0.000106136
0.000106136
0.000106136
0.000106136
0.000106135
0.000106135
0.000106135
0.000106135
0.000106135
0.000106135
0.000106134
0.000106134
0.000106134
0.000106134
0.000106133
0.000106133
0.000106133
0.000106133
0.000106132
0.000106132
0.000106132
0.000106131
0.000106131
0.00010613
0.00010613
0.00010613
0.000106129
0.000106129
0.000106128
0.000106128
0.000106127
0.000104842
0.000104843
0.000104843
0.000104843
0.000104843
0.000104844
0.000104844
0.000104844
0.000104844
0.000104845
0.000104845
0.000104845
0.000104845
0.000104846
0.000104846
0.000104846
0.000104846
0.000104846
0.000104846
0.000104846
0.000104846
0.000104846
0.000104846
0.000104847
0.000104847
0.000104847
0.000104846
0.000104846
0.000104846
0.000104846
0.000104846
0.000104846
0.000104846
0.000104846
0.000104846
0.000104846
0.000104845
0.000104845
0.000104845
0.000104845
0.000104845
0.000104844
0.000104844
0.000104844
0.000104844
0.000104843
0.000104843
0.000104843
0.000104842
0.000104842
0.000104842
0.000104841
0.000104841
0.00010484
0.00010484
0.000104839
0.000104839
0.000104839
0.000104838
0.000103597
0.000103597
0.000103598
0.000103598
0.000103598
0.000103598
0.000103599
0.000103599
0.000103599
0.000103599
0.0001036
0.0001036
0.0001036
0.0001036
0.0001036
0.0001036
0.000103601
0.000103601
0.000103601
0.000103601
0.000103601
0.000103601
0.000103601
0.000103601
0.000103601
0.000103601
0.000103601
0.000103601
0.000103601
0.000103601
0.000103601
0.000103601
0.000103601
0.0001036
0.0001036
0.0001036
0.0001036
0.0001036
0.0001036
0.000103599
0.000103599
0.000103599
0.000103599
0.000103598
0.000103598
0.000103598
0.000103598
0.000103597
0.000103597
0.000103597
0.000103596
0.000103596
0.000103596
0.000103595
0.000103595
0.000103594
0.000103594
0.000103593
0.000103593
0.000102397
0.000102397
0.000102398
0.000102398
0.000102398
0.000102398
0.000102399
0.000102399
0.000102399
0.000102399
0.000102399
0.0001024
0.0001024
0.0001024
0.0001024
0.0001024
0.0001024
0.000102401
0.000102401
0.000102401
0.000102401
0.000102401
0.000102401
0.000102401
0.000102401
0.000102401
0.000102401
0.000102401
0.000102401
0.000102401
0.000102401
0.000102401
0.0001024
0.0001024
0.0001024
0.0001024
0.0001024
0.0001024
0.0001024
0.000102399
0.000102399
0.000102399
0.000102399
0.000102398
0.000102398
0.000102398
0.000102398
0.000102397
0.000102397
0.000102397
0.000102396
0.000102396
0.000102396
0.000102395
0.000102395
0.000102394
0.000102394
0.000102394
0.000102393
0.000101243
0.000101244
0.000101244
0.000101244
0.000101244
0.000101245
0.000101245
0.000101245
0.000101245
0.000101246
0.000101246
0.000101246
0.000101246
0.000101246
0.000101246
0.000101247
0.000101247
0.000101247
0.000101247
0.000101247
0.000101247
0.000101247
0.000101247
0.000101247
0.000101247
0.000101247
0.000101247
0.000101247
0.000101247
0.000101247
0.000101247
0.000101247
0.000101247
0.000101247
0.000101247
0.000101246
0.000101246
0.000101246
0.000101246
0.000101246
0.000101245
0.000101245
0.000101245
0.000101245
0.000101245
0.000101244
0.000101244
0.000101244
0.000101243
0.000101243
0.000101243
0.000101242
0.000101242
0.000101242
0.000101241
0.000101241
0.00010124
0.00010124
0.00010124
0.000100137
0.000100137
0.000100138
0.000100138
0.000100138
0.000100138
0.000100139
0.000100139
0.000100139
0.000100139
0.000100139
0.00010014
0.00010014
0.00010014
0.00010014
0.00010014
0.00010014
0.00010014
0.000100141
0.000100141
0.000100141
0.000100141
0.000100141
0.000100141
0.000100141
0.000100141
0.000100141
0.000100141
0.000100141
0.000100141
0.000100141
0.000100141
0.00010014
0.00010014
0.00010014
0.00010014
0.00010014
0.00010014
0.00010014
0.000100139
0.000100139
0.000100139
0.000100139
0.000100139
0.000100138
0.000100138
0.000100138
0.000100137
0.000100137
0.000100137
0.000100137
0.000100136
0.000100136
0.000100136
0.000100135
0.000100135
0.000100134
0.000100134
0.000100134
9.90793e-05
9.90795e-05
9.90798e-05
9.908e-05
9.90802e-05
9.90805e-05
9.90807e-05
9.90809e-05
9.90811e-05
9.90813e-05
9.90815e-05
9.90817e-05
9.90818e-05
9.9082e-05
9.90821e-05
9.90823e-05
9.90824e-05
9.90825e-05
9.90826e-05
9.90827e-05
9.90827e-05
9.90828e-05
9.90828e-05
9.90828e-05
9.90828e-05
9.90828e-05
9.90828e-05
9.90828e-05
9.90828e-05
9.90827e-05
9.90826e-05
9.90826e-05
9.90825e-05
9.90824e-05
9.90823e-05
9.90821e-05
9.9082e-05
9.90818e-05
9.90817e-05
9.90815e-05
9.90813e-05
9.90811e-05
9.90809e-05
9.90807e-05
9.90804e-05
9.90802e-05
9.90799e-05
9.90796e-05
9.90794e-05
9.90791e-05
9.90788e-05
9.90784e-05
9.90781e-05
9.90778e-05
9.90774e-05
9.9077e-05
9.90767e-05
9.90763e-05
9.90759e-05
9.80707e-05
9.80709e-05
9.80711e-05
9.80713e-05
9.80716e-05
9.80718e-05
9.8072e-05
9.80722e-05
9.80724e-05
9.80726e-05
9.80728e-05
9.80729e-05
9.80731e-05
9.80733e-05
9.80734e-05
9.80735e-05
9.80736e-05
9.80737e-05
9.80738e-05
9.80739e-05
9.8074e-05
9.8074e-05
9.80741e-05
9.80741e-05
9.80741e-05
9.80741e-05
9.80741e-05
9.80741e-05
9.8074e-05
9.8074e-05
9.80739e-05
9.80738e-05
9.80737e-05
9.80736e-05
9.80735e-05
9.80734e-05
9.80733e-05
9.80731e-05
9.8073e-05
9.80728e-05
9.80726e-05
9.80724e-05
9.80722e-05
9.8072e-05
9.80718e-05
9.80715e-05
9.80713e-05
9.8071e-05
9.80708e-05
9.80705e-05
9.80702e-05
9.80699e-05
9.80696e-05
9.80692e-05
9.80689e-05
9.80685e-05
9.80682e-05
9.80678e-05
9.80674e-05
9.71121e-05
9.71123e-05
9.71125e-05
9.71127e-05
9.7113e-05
9.71132e-05
9.71134e-05
9.71136e-05
9.71138e-05
9.71139e-05
9.71141e-05
9.71143e-05
9.71144e-05
9.71146e-05
9.71147e-05
9.71148e-05
9.71149e-05
9.7115e-05
9.71151e-05
9.71152e-05
9.71153e-05
9.71153e-05
9.71154e-05
9.71154e-05
9.71154e-05
9.71154e-05
9.71154e-05
9.71154e-05
9.71153e-05
9.71153e-05
9.71152e-05
9.71152e-05
9.71151e-05
9.7115e-05
9.71149e-05
9.71148e-05
9.71146e-05
9.71145e-05
9.71143e-05
9.71142e-05
9.7114e-05
9.71138e-05
9.71136e-05
9.71134e-05
9.71132e-05
9.7113e-05
9.71127e-05
9.71125e-05
9.71122e-05
9.7112e-05
9.71117e-05
9.71114e-05
9.71111e-05
9.71108e-05
9.71104e-05
9.71101e-05
9.71098e-05
9.71094e-05
9.71091e-05
9.62044e-05
9.62046e-05
9.62048e-05
9.6205e-05
9.62052e-05
9.62054e-05
9.62056e-05
9.62058e-05
9.6206e-05
9.62062e-05
9.62063e-05
9.62065e-05
9.62066e-05
9.62068e-05
9.62069e-05
9.6207e-05
9.62071e-05
9.62072e-05
9.62073e-05
9.62074e-05
9.62074e-05
9.62075e-05
9.62075e-05
9.62076e-05
9.62076e-05
9.62076e-05
9.62076e-05
9.62076e-05
9.62075e-05
9.62075e-05
9.62074e-05
9.62074e-05
9.62073e-05
9.62072e-05
9.62071e-05
9.6207e-05
9.62068e-05
9.62067e-05
9.62066e-05
9.62064e-05
9.62063e-05
9.62061e-05
9.62059e-05
9.62057e-05
9.62055e-05
9.62053e-05
9.6205e-05
9.62048e-05
9.62046e-05
9.62043e-05
9.6204e-05
9.62038e-05
9.62035e-05
9.62032e-05
9.62028e-05
9.62025e-05
9.62022e-05
9.62019e-05
9.62015e-05
9.53483e-05
9.53485e-05
9.53487e-05
9.53489e-05
9.53491e-05
9.53493e-05
9.53495e-05
9.53497e-05
9.53499e-05
9.53501e-05
9.53502e-05
9.53504e-05
9.53505e-05
9.53506e-05
9.53508e-05
9.53509e-05
9.5351e-05
9.53511e-05
9.53512e-05
9.53512e-05
9.53513e-05
9.53513e-05
9.53514e-05
9.53514e-05
9.53514e-05
9.53514e-05
9.53514e-05
9.53514e-05
9.53514e-05
9.53513e-05
9.53513e-05
9.53512e-05
9.53511e-05
9.53511e-05
9.5351e-05
9.53509e-05
9.53507e-05
9.53506e-05
9.53505e-05
9.53503e-05
9.53502e-05
9.535e-05
9.53498e-05
9.53496e-05
9.53494e-05
9.53492e-05
9.5349e-05
9.53488e-05
9.53486e-05
9.53483e-05
9.53481e-05
9.53478e-05
9.53475e-05
9.53472e-05
9.53469e-05
9.53466e-05
9.53463e-05
9.5346e-05
9.53457e-05
9.45448e-05
9.4545e-05
9.45452e-05
9.45454e-05
9.45456e-05
9.45458e-05
9.45459e-05
9.45461e-05
9.45463e-05
9.45465e-05
9.45466e-05
9.45468e-05
9.45469e-05
9.4547e-05
9.45471e-05
9.45473e-05
9.45474e-05
9.45475e-05
9.45475e-05
9.45476e-05
9.45477e-05
9.45477e-05
9.45477e-05
9.45478e-05
9.45478e-05
9.45478e-05
9.45478e-05
9.45478e-05
9.45477e-05
9.45477e-05
9.45477e-05
9.45476e-05
9.45475e-05
9.45474e-05
9.45474e-05
9.45473e-05
9.45471e-05
9.4547e-05
9.45469e-05
9.45468e-05
9.45466e-05
9.45464e-05
9.45463e-05
9.45461e-05
9.45459e-05
9.45457e-05
9.45455e-05
9.45453e-05
9.45451e-05
9.45448e-05
9.45446e-05
9.45443e-05
9.45441e-05
9.45438e-05
9.45435e-05
9.45432e-05
9.45429e-05
9.45426e-05
9.45423e-05
9.37947e-05
9.37948e-05
9.3795e-05
9.37952e-05
9.37954e-05
9.37956e-05
9.37958e-05
9.37959e-05
9.37961e-05
9.37963e-05
9.37964e-05
9.37965e-05
9.37967e-05
9.37968e-05
9.37969e-05
9.3797e-05
9.37971e-05
9.37972e-05
9.37973e-05
9.37974e-05
9.37974e-05
9.37975e-05
9.37975e-05
9.37975e-05
9.37975e-05
9.37975e-05
9.37975e-05
9.37975e-05
9.37975e-05
9.37975e-05
9.37974e-05
9.37974e-05
9.37973e-05
9.37972e-05
9.37971e-05
9.3797e-05
9.37969e-05
9.37968e-05
9.37967e-05
9.37966e-05
9.37964e-05
9.37963e-05
9.37961e-05
9.37959e-05
9.37958e-05
9.37956e-05
9.37954e-05
9.37952e-05
9.3795e-05
9.37947e-05
9.37945e-05
9.37943e-05
9.3794e-05
9.37938e-05
9.37935e-05
9.37932e-05
9.37929e-05
9.37926e-05
9.37924e-05
9.30989e-05
9.30991e-05
9.30992e-05
9.30994e-05
9.30996e-05
9.30998e-05
9.30999e-05
9.31001e-05
9.31003e-05
9.31004e-05
9.31006e-05
9.31007e-05
9.31008e-05
9.3101e-05
9.31011e-05
9.31012e-05
9.31013e-05
9.31013e-05
9.31014e-05
9.31015e-05
9.31015e-05
9.31016e-05
9.31016e-05
9.31016e-05
9.31016e-05
9.31017e-05
9.31016e-05
9.31016e-05
9.31016e-05
9.31016e-05
9.31015e-05
9.31015e-05
9.31014e-05
9.31013e-05
9.31013e-05
9.31012e-05
9.31011e-05
9.3101e-05
9.31009e-05
9.31007e-05
9.31006e-05
9.31005e-05
9.31003e-05
9.31001e-05
9.31e-05
9.30998e-05
9.30996e-05
9.30994e-05
9.30992e-05
9.3099e-05
9.30988e-05
9.30986e-05
9.30983e-05
9.30981e-05
9.30978e-05
9.30976e-05
9.30973e-05
9.3097e-05
9.30968e-05
9.24585e-05
9.24587e-05
9.24589e-05
9.24591e-05
9.24592e-05
9.24594e-05
9.24596e-05
9.24597e-05
9.24599e-05
9.246e-05
9.24602e-05
9.24603e-05
9.24604e-05
9.24605e-05
9.24606e-05
9.24607e-05
9.24608e-05
9.24609e-05
9.2461e-05
9.2461e-05
9.24611e-05
9.24611e-05
9.24612e-05
9.24612e-05
9.24612e-05
9.24612e-05
9.24612e-05
9.24612e-05
9.24612e-05
9.24611e-05
9.24611e-05
9.2461e-05
9.2461e-05
9.24609e-05
9.24608e-05
9.24608e-05
9.24607e-05
9.24606e-05
9.24605e-05
9.24603e-05
9.24602e-05
9.24601e-05
9.24599e-05
9.24598e-05
9.24596e-05
9.24595e-05
9.24593e-05
9.24591e-05
9.24589e-05
9.24587e-05
9.24585e-05
9.24583e-05
9.24581e-05
9.24579e-05
9.24576e-05
9.24574e-05
9.24571e-05
9.24569e-05
9.24566e-05
9.18749e-05
9.1875e-05
9.18752e-05
9.18754e-05
9.18756e-05
9.18757e-05
9.18759e-05
9.1876e-05
9.18762e-05
9.18763e-05
9.18765e-05
9.18766e-05
9.18767e-05
9.18768e-05
9.18769e-05
9.1877e-05
9.18771e-05
9.18771e-05
9.18772e-05
9.18773e-05
9.18773e-05
9.18774e-05
9.18774e-05
9.18774e-05
9.18774e-05
9.18774e-05
9.18774e-05
9.18774e-05
9.18774e-05
9.18773e-05
9.18773e-05
9.18773e-05
9.18772e-05
9.18771e-05
9.18771e-05
9.1877e-05
9.18769e-05
9.18768e-05
9.18767e-05
9.18766e-05
9.18765e-05
9.18764e-05
9.18762e-05
9.18761e-05
9.18759e-05
9.18758e-05
9.18756e-05
9.18755e-05
9.18753e-05
9.18751e-05
9.18749e-05
9.18747e-05
9.18745e-05
9.18743e-05
9.18741e-05
9.18738e-05
9.18736e-05
9.18733e-05
9.18731e-05
9.13493e-05
9.13494e-05
9.13496e-05
9.13498e-05
9.13499e-05
9.13501e-05
9.13503e-05
9.13504e-05
9.13506e-05
9.13507e-05
9.13508e-05
9.13509e-05
9.1351e-05
9.13511e-05
9.13512e-05
9.13513e-05
9.13514e-05
9.13515e-05
9.13515e-05
9.13516e-05
9.13516e-05
9.13516e-05
9.13517e-05
9.13517e-05
9.13517e-05
9.13517e-05
9.13517e-05
9.13517e-05
9.13517e-05
9.13516e-05
9.13516e-05
9.13516e-05
9.13515e-05
9.13514e-05
9.13514e-05
9.13513e-05
9.13512e-05
9.13511e-05
9.1351e-05
9.13509e-05
9.13508e-05
9.13507e-05
9.13506e-05
9.13505e-05
9.13503e-05
9.13502e-05
9.135e-05
9.13499e-05
9.13497e-05
9.13495e-05
9.13494e-05
9.13492e-05
9.1349e-05
9.13488e-05
9.13486e-05
9.13483e-05
9.13481e-05
9.13479e-05
9.13477e-05
9.08834e-05
9.08835e-05
9.08837e-05
9.08839e-05
9.08841e-05
9.08842e-05
9.08844e-05
9.08845e-05
9.08846e-05
9.08848e-05
9.08849e-05
9.0885e-05
9.08851e-05
9.08852e-05
9.08853e-05
9.08853e-05
9.08854e-05
9.08855e-05
9.08855e-05
9.08856e-05
9.08856e-05
9.08856e-05
9.08857e-05
9.08857e-05
9.08857e-05
9.08857e-05
9.08857e-05
9.08857e-05
9.08857e-05
9.08856e-05
9.08856e-05
9.08856e-05
9.08855e-05
9.08855e-05
9.08854e-05
9.08853e-05
9.08852e-05
9.08852e-05
9.08851e-05
9.0885e-05
9.08849e-05
9.08848e-05
9.08847e-05
9.08845e-05
9.08844e-05
9.08843e-05
9.08841e-05
9.0884e-05
9.08838e-05
9.08837e-05
9.08835e-05
9.08833e-05
9.08832e-05
9.0883e-05
9.08828e-05
9.08826e-05
9.08824e-05
9.08821e-05
9.0882e-05
9.04791e-05
9.04793e-05
9.04794e-05
9.04796e-05
9.04798e-05
9.04799e-05
9.04801e-05
9.04802e-05
9.04803e-05
9.04804e-05
9.04805e-05
9.04806e-05
9.04807e-05
9.04808e-05
9.04809e-05
9.0481e-05
9.0481e-05
9.04811e-05
9.04811e-05
9.04812e-05
9.04812e-05
9.04812e-05
9.04813e-05
9.04813e-05
9.04813e-05
9.04813e-05
9.04813e-05
9.04813e-05
9.04812e-05
9.04812e-05
9.04812e-05
9.04812e-05
9.04811e-05
9.04811e-05
9.0481e-05
9.04809e-05
9.04809e-05
9.04808e-05
9.04807e-05
9.04806e-05
9.04805e-05
9.04804e-05
9.04803e-05
9.04802e-05
9.04801e-05
9.048e-05
9.04799e-05
9.04797e-05
9.04796e-05
9.04794e-05
9.04793e-05
9.04791e-05
9.04789e-05
9.04788e-05
9.04786e-05
9.04784e-05
9.04782e-05
9.0478e-05
9.04778e-05
9.01386e-05
9.01388e-05
9.0139e-05
9.01392e-05
9.01393e-05
9.01395e-05
9.01396e-05
9.01397e-05
9.01398e-05
9.01399e-05
9.014e-05
9.01401e-05
9.01402e-05
9.01403e-05
9.01403e-05
9.01404e-05
9.01404e-05
9.01405e-05
9.01405e-05
9.01406e-05
9.01406e-05
9.01406e-05
9.01407e-05
9.01407e-05
9.01407e-05
9.01407e-05
9.01407e-05
9.01407e-05
9.01407e-05
9.01406e-05
9.01406e-05
9.01406e-05
9.01405e-05
9.01405e-05
9.01404e-05
9.01404e-05
9.01403e-05
9.01402e-05
9.01402e-05
9.01401e-05
9.014e-05
9.01399e-05
9.01398e-05
9.01397e-05
9.01396e-05
9.01395e-05
9.01394e-05
9.01393e-05
9.01391e-05
9.0139e-05
9.01388e-05
9.01387e-05
9.01385e-05
9.01384e-05
9.01382e-05
9.0138e-05
9.01378e-05
9.01377e-05
9.01375e-05
8.98646e-05
8.98648e-05
8.9865e-05
8.98651e-05
8.98653e-05
8.98654e-05
8.98655e-05
8.98656e-05
8.98657e-05
8.98658e-05
8.98659e-05
8.9866e-05
8.9866e-05
8.98661e-05
8.98662e-05
8.98662e-05
8.98663e-05
8.98663e-05
8.98664e-05
8.98664e-05
8.98664e-05
8.98664e-05
8.98665e-05
8.98665e-05
8.98665e-05
8.98665e-05
8.98665e-05
8.98665e-05
8.98665e-05
8.98664e-05
8.98664e-05
8.98664e-05
8.98664e-05
8.98663e-05
8.98663e-05
8.98662e-05
8.98662e-05
8.98661e-05
8.9866e-05
8.9866e-05
8.98659e-05
8.98658e-05
8.98657e-05
8.98656e-05
8.98655e-05
8.98654e-05
8.98653e-05
8.98652e-05
8.98651e-05
8.98649e-05
8.98648e-05
8.98647e-05
8.98645e-05
8.98644e-05
8.98642e-05
8.9864e-05
8.98639e-05
8.98637e-05
8.98636e-05
8.966e-05
8.96602e-05
8.96603e-05
8.96605e-05
8.96606e-05
8.96607e-05
8.96608e-05
8.96609e-05
8.9661e-05
8.96611e-05
8.96611e-05
8.96612e-05
8.96613e-05
8.96613e-05
8.96614e-05
8.96615e-05
8.96615e-05
8.96615e-05
8.96616e-05
8.96616e-05
8.96616e-05
8.96617e-05
8.96617e-05
8.96617e-05
8.96617e-05
8.96617e-05
8.96617e-05
8.96617e-05
8.96617e-05
8.96617e-05
8.96617e-05
8.96616e-05
8.96616e-05
8.96616e-05
8.96615e-05
8.96615e-05
8.96614e-05
8.96614e-05
8.96613e-05
8.96613e-05
8.96612e-05
8.96611e-05
8.9661e-05
8.96609e-05
8.96609e-05
8.96608e-05
8.96607e-05
8.96605e-05
8.96604e-05
8.96603e-05
8.96602e-05
8.96601e-05
8.96599e-05
8.96598e-05
8.96596e-05
8.96595e-05
8.96593e-05
8.96592e-05
8.9659e-05
8.95283e-05
8.95285e-05
8.95286e-05
8.95287e-05
8.95288e-05
8.95289e-05
8.9529e-05
8.95291e-05
8.95292e-05
8.95293e-05
8.95293e-05
8.95294e-05
8.95295e-05
8.95295e-05
8.95296e-05
8.95296e-05
8.95297e-05
8.95297e-05
8.95297e-05
8.95298e-05
8.95298e-05
8.95298e-05
8.95298e-05
8.95299e-05
8.95299e-05
8.95299e-05
8.95299e-05
8.95299e-05
8.95299e-05
8.95299e-05
8.95298e-05
8.95298e-05
8.95298e-05
8.95298e-05
8.95297e-05
8.95297e-05
8.95296e-05
8.95296e-05
8.95295e-05
8.95295e-05
8.95294e-05
8.95293e-05
8.95293e-05
8.95292e-05
8.95291e-05
8.9529e-05
8.95289e-05
8.95288e-05
8.95287e-05
8.95286e-05
8.95285e-05
8.95284e-05
8.95282e-05
8.95281e-05
8.9528e-05
8.95278e-05
8.95277e-05
8.95275e-05
8.95274e-05
8.94736e-05
8.94737e-05
8.94738e-05
8.94739e-05
8.9474e-05
8.94741e-05
8.94742e-05
8.94743e-05
8.94744e-05
8.94744e-05
8.94745e-05
8.94746e-05
8.94746e-05
8.94747e-05
8.94747e-05
8.94748e-05
8.94748e-05
8.94749e-05
8.94749e-05
8.94749e-05
8.9475e-05
8.9475e-05
8.9475e-05
8.9475e-05
8.9475e-05
8.94751e-05
8.94751e-05
8.94751e-05
8.94751e-05
8.9475e-05
8.9475e-05
8.9475e-05
8.9475e-05
8.9475e-05
8.94749e-05
8.94749e-05
8.94749e-05
8.94748e-05
8.94748e-05
8.94747e-05
8.94746e-05
8.94746e-05
8.94745e-05
8.94744e-05
8.94744e-05
8.94743e-05
8.94742e-05
8.94741e-05
8.9474e-05
8.94739e-05
8.94738e-05
8.94737e-05
8.94735e-05
8.94734e-05
8.94733e-05
8.94732e-05
8.9473e-05
8.94729e-05
8.94727e-05
)
;

boundaryField
{
    bottomWall
    {
        type            kqRWallFunction;
        value           nonuniform 0();
    }
    topWall
    {
        type            kqRWallFunction;
        value           nonuniform 0();
    }
    sides1_half0
    {
        type            cyclic;
    }
    sides1_half1
    {
        type            cyclic;
    }
    sides2_half0
    {
        type            cyclic;
    }
    sides2_half1
    {
        type            cyclic;
    }
    inout1_half0
    {
        type            cyclic;
    }
    inout1_half1
    {
        type            cyclic;
    }
    inout2_half0
    {
        type            cyclic;
    }
    inout2_half1
    {
        type            cyclic;
    }
    procBoundary4to2
    {
        type            processor;
        value           nonuniform List<scalar> 
59
(
8.95002e-05
8.95003e-05
8.95004e-05
8.95005e-05
8.95006e-05
8.95007e-05
8.95007e-05
8.95008e-05
8.95009e-05
8.9501e-05
8.9501e-05
8.95011e-05
8.95011e-05
8.95012e-05
8.95013e-05
8.95013e-05
8.95014e-05
8.95014e-05
8.95014e-05
8.95015e-05
8.95015e-05
8.95015e-05
8.95015e-05
8.95016e-05
8.95016e-05
8.95016e-05
8.95016e-05
8.95016e-05
8.95016e-05
8.95016e-05
8.95016e-05
8.95016e-05
8.95015e-05
8.95015e-05
8.95015e-05
8.95014e-05
8.95014e-05
8.95014e-05
8.95013e-05
8.95013e-05
8.95012e-05
8.95011e-05
8.95011e-05
8.9501e-05
8.95009e-05
8.95008e-05
8.95008e-05
8.95007e-05
8.95006e-05
8.95005e-05
8.95004e-05
8.95003e-05
8.95001e-05
8.95e-05
8.94999e-05
8.94998e-05
8.94996e-05
8.94995e-05
8.94994e-05
)
;
    }
    procBoundary4to3
    {
        type            processor;
        value           nonuniform List<scalar> 
63
(
0.000166975
0.000166975
0.000166974
0.000166974
0.000166974
0.000166974
0.000166973
0.000166973
0.000166973
0.000166973
0.000166972
0.000166972
0.000166972
0.000166972
0.000166972
0.000166971
0.000166971
0.000166971
0.000166971
0.00016697
0.00016697
0.00016697
0.00016697
0.000166969
0.000166969
0.000166969
0.000166969
0.000166968
0.000166968
0.000166967
0.000166967
0.000166967
0.000166966
0.000166966
0.000166966
0.000166965
0.000166965
0.000166964
0.000166573
0.000166573
0.000166573
0.000166563
0.000166563
0.000166562
0.00016608
0.00016608
0.00016608
0.000166069
0.000166069
0.000166069
0.000166068
0.000166068
0.000166068
0.000166068
0.000166067
0.000166067
0.000166067
0.000166067
0.000166067
0.000166066
0.000166066
0.000166066
0.000166066
)
;
    }
    procBoundary4to5
    {
        type            processor;
        value           nonuniform List<scalar> 
132
(
0.000165501
0.000165486
0.000164842
0.000164827
0.000164106
0.000164091
0.000163297
0.000163282
0.00016242
0.000162404
0.000161476
0.000161461
0.000160469
0.000160454
0.000159401
0.000159386
0.000158276
0.000158261
0.000157095
0.00015708
0.000155861
0.000155846
0.000154576
0.000154562
0.000153243
0.000153229
0.000151865
0.000151852
0.000150444
0.000150431
0.000148983
0.00014897
0.000147484
0.000147472
0.000145951
0.00014594
0.000144386
0.000144375
0.000142793
0.000142783
0.000141175
0.000141165
0.000139535
0.000139526
0.000137877
0.000137868
0.000136204
0.000136195
0.00013452
0.000134511
0.000132827
0.000132819
0.000131131
0.000131123
0.000129434
0.000129427
0.00012774
0.000127733
0.000126053
0.000126046
0.000124375
0.000124369
0.000122712
0.000122705
0.000121064
0.000121058
0.000119437
0.000119431
0.000117833
0.000117827
0.000116254
0.000116249
0.000114704
0.000114699
0.000113185
0.00011318
0.000111699
0.000111694
0.000110249
0.000110244
0.000108837
0.000108832
0.000107463
0.000107459
0.000106131
0.000106127
0.000104842
0.000104838
0.000103597
0.000103593
0.000102397
0.000102393
0.000101243
0.00010124
0.000100137
0.000100133
9.90792e-05
9.90758e-05
9.80705e-05
9.80674e-05
9.7112e-05
9.7109e-05
9.62043e-05
9.62014e-05
9.53482e-05
9.53456e-05
9.45447e-05
9.45423e-05
9.37945e-05
9.37923e-05
9.30988e-05
9.30967e-05
9.24584e-05
9.24566e-05
9.18747e-05
9.18731e-05
9.13491e-05
9.13477e-05
9.08833e-05
9.0882e-05
9.0479e-05
9.04778e-05
9.01385e-05
9.01375e-05
8.98645e-05
8.98636e-05
8.96599e-05
8.96591e-05
8.95282e-05
8.95274e-05
8.94735e-05
8.94727e-05
)
;
    }
}


// ************************************************************************* //
