/*--------------------------------*- C++ -*----------------------------------*\
  =========                 |
  \\      /  F ield         | OpenFOAM: The Open Source CFD Toolbox
   \\    /   O peration     | Website:  https://openfoam.org
    \\  /    A nd           | Version:  7
     \\/     M anipulation  |
\*---------------------------------------------------------------------------*/
FoamFile
{
    version     2.0;
    format      ascii;
    class       volScalarField;
    location    "3500";
    object      k;
}
// * * * * * * * * * * * * * * * * * * * * * * * * * * * * * * * * * * * * * //

dimensions      [0 2 -2 0 0 0 0];

internalField   nonuniform List<scalar> 
4000
(
8.35323e-05
8.35292e-05
8.35291e-05
8.35296e-05
8.35302e-05
8.35308e-05
8.35314e-05
8.35319e-05
8.35324e-05
8.35329e-05
8.35334e-05
8.35339e-05
8.35344e-05
8.35349e-05
8.35354e-05
8.35359e-05
8.35364e-05
8.35369e-05
8.35374e-05
8.35378e-05
8.35383e-05
8.35388e-05
8.35392e-05
8.35397e-05
8.35401e-05
8.35406e-05
8.3541e-05
8.35414e-05
8.35419e-05
8.35423e-05
8.35428e-05
8.35432e-05
8.35436e-05
8.3544e-05
8.35444e-05
8.35448e-05
8.35452e-05
8.35456e-05
8.3546e-05
8.35464e-05
8.35468e-05
8.35472e-05
8.35476e-05
8.3548e-05
8.3548e-05
8.35437e-05
8.3541e-05
8.35401e-05
8.354e-05
8.35403e-05
8.35406e-05
8.3541e-05
8.35413e-05
8.35417e-05
8.35421e-05
8.35425e-05
8.35429e-05
8.35433e-05
8.35437e-05
8.35441e-05
8.35445e-05
8.35449e-05
8.35453e-05
8.35457e-05
8.35461e-05
8.35465e-05
8.35468e-05
8.35472e-05
8.35476e-05
8.35479e-05
8.35483e-05
8.35486e-05
8.3549e-05
8.35493e-05
8.35496e-05
8.355e-05
8.35503e-05
8.35506e-05
8.3551e-05
8.35513e-05
8.35516e-05
8.35519e-05
8.35522e-05
8.35525e-05
8.35528e-05
8.3553e-05
8.35533e-05
8.35536e-05
8.35539e-05
8.35541e-05
8.35544e-05
8.35547e-05
8.35549e-05
8.35552e-05
8.35554e-05
8.35557e-05
8.35559e-05
8.35562e-05
8.35564e-05
8.35566e-05
8.35569e-05
8.35571e-05
8.35574e-05
8.35573e-05
8.35528e-05
8.355e-05
8.35489e-05
8.35487e-05
8.35488e-05
8.35489e-05
8.35492e-05
8.35494e-05
8.35496e-05
8.35499e-05
8.35501e-05
8.35504e-05
8.35507e-05
8.35509e-05
8.35513e-05
8.35494e-05
8.37354e-05
8.37322e-05
8.37318e-05
8.37321e-05
8.37326e-05
8.3733e-05
8.37335e-05
8.3734e-05
8.37344e-05
8.37349e-05
8.37354e-05
8.37358e-05
8.37363e-05
8.37367e-05
8.37372e-05
8.37376e-05
8.37381e-05
8.37385e-05
8.3739e-05
8.37394e-05
8.37399e-05
8.37403e-05
8.37407e-05
8.37412e-05
8.37416e-05
8.3742e-05
8.37424e-05
8.37429e-05
8.37433e-05
8.37437e-05
8.37441e-05
8.37445e-05
8.3745e-05
8.37454e-05
8.37458e-05
8.37462e-05
8.37466e-05
8.3747e-05
8.37473e-05
8.37477e-05
8.37481e-05
8.37485e-05
8.37489e-05
8.37492e-05
8.37495e-05
8.37485e-05
8.37469e-05
8.37458e-05
8.37452e-05
8.37449e-05
8.37448e-05
8.37449e-05
8.3745e-05
8.37452e-05
8.37455e-05
8.37457e-05
8.3746e-05
8.37463e-05
8.37466e-05
8.37469e-05
8.37472e-05
8.37475e-05
8.37479e-05
8.37482e-05
8.37485e-05
8.37488e-05
8.37491e-05
8.37495e-05
8.37498e-05
8.37501e-05
8.37504e-05
8.37507e-05
8.3751e-05
8.37513e-05
8.37516e-05
8.37519e-05
8.37522e-05
8.37525e-05
8.37527e-05
8.3753e-05
8.37533e-05
8.37536e-05
8.37538e-05
8.37541e-05
8.37544e-05
8.37546e-05
8.37549e-05
8.37551e-05
8.37554e-05
8.37556e-05
8.37559e-05
8.37561e-05
8.37563e-05
8.37566e-05
8.37568e-05
8.3757e-05
8.37573e-05
8.37575e-05
8.37577e-05
8.37579e-05
8.37581e-05
8.37583e-05
8.37586e-05
8.37587e-05
8.37575e-05
8.37558e-05
8.37545e-05
8.37537e-05
8.37532e-05
8.3753e-05
8.37529e-05
8.37529e-05
8.3753e-05
8.3753e-05
8.37531e-05
8.37533e-05
8.37534e-05
8.37535e-05
8.37538e-05
8.37521e-05
8.4064e-05
8.40608e-05
8.40604e-05
8.40605e-05
8.40609e-05
8.40612e-05
8.40616e-05
8.4062e-05
8.40624e-05
8.40628e-05
8.40632e-05
8.40636e-05
8.4064e-05
8.40645e-05
8.40649e-05
8.40653e-05
8.40657e-05
8.40661e-05
8.40666e-05
8.4067e-05
8.40674e-05
8.40678e-05
8.40682e-05
8.40686e-05
8.40691e-05
8.40695e-05
8.40699e-05
8.40703e-05
8.40707e-05
8.40711e-05
8.40715e-05
8.40719e-05
8.40723e-05
8.40727e-05
8.40731e-05
8.40735e-05
8.40739e-05
8.40743e-05
8.40746e-05
8.4075e-05
8.40754e-05
8.40758e-05
8.40761e-05
8.40765e-05
8.40769e-05
8.40768e-05
8.40763e-05
8.40756e-05
8.40751e-05
8.40747e-05
8.40745e-05
8.40744e-05
8.40744e-05
8.40745e-05
8.40746e-05
8.40747e-05
8.40749e-05
8.40751e-05
8.40753e-05
8.40756e-05
8.40758e-05
8.40761e-05
8.40763e-05
8.40766e-05
8.40768e-05
8.40771e-05
8.40774e-05
8.40776e-05
8.40779e-05
8.40782e-05
8.40784e-05
8.40787e-05
8.40789e-05
8.40792e-05
8.40795e-05
8.40797e-05
8.408e-05
8.40802e-05
8.40805e-05
8.40807e-05
8.4081e-05
8.40812e-05
8.40815e-05
8.40817e-05
8.40819e-05
8.40822e-05
8.40824e-05
8.40826e-05
8.40828e-05
8.4083e-05
8.40833e-05
8.40835e-05
8.40837e-05
8.40839e-05
8.40841e-05
8.40843e-05
8.40845e-05
8.40847e-05
8.40849e-05
8.40851e-05
8.40853e-05
8.40855e-05
8.40857e-05
8.40859e-05
8.40856e-05
8.40849e-05
8.40841e-05
8.40834e-05
8.40828e-05
8.40825e-05
8.40822e-05
8.4082e-05
8.40819e-05
8.40819e-05
8.40818e-05
8.40819e-05
8.40819e-05
8.40819e-05
8.40821e-05
8.40804e-05
8.45109e-05
8.45078e-05
8.45073e-05
8.45074e-05
8.45077e-05
8.4508e-05
8.45083e-05
8.45087e-05
8.4509e-05
8.45094e-05
8.45097e-05
8.45101e-05
8.45105e-05
8.45108e-05
8.45112e-05
8.45116e-05
8.4512e-05
8.45124e-05
8.45128e-05
8.45132e-05
8.45136e-05
8.4514e-05
8.45144e-05
8.45148e-05
8.45152e-05
8.45156e-05
8.4516e-05
8.45164e-05
8.45168e-05
8.45172e-05
8.45176e-05
8.4518e-05
8.45184e-05
8.45188e-05
8.45191e-05
8.45195e-05
8.45199e-05
8.45203e-05
8.45207e-05
8.4521e-05
8.45214e-05
8.45218e-05
8.45221e-05
8.45225e-05
8.45228e-05
8.45231e-05
8.45231e-05
8.45229e-05
8.45226e-05
8.45224e-05
8.45222e-05
8.45221e-05
8.45221e-05
8.45221e-05
8.45221e-05
8.45222e-05
8.45223e-05
8.45224e-05
8.45226e-05
8.45228e-05
8.45229e-05
8.45231e-05
8.45233e-05
8.45235e-05
8.45238e-05
8.4524e-05
8.45242e-05
8.45244e-05
8.45246e-05
8.45248e-05
8.45251e-05
8.45253e-05
8.45255e-05
8.45257e-05
8.4526e-05
8.45262e-05
8.45264e-05
8.45266e-05
8.45268e-05
8.4527e-05
8.45273e-05
8.45275e-05
8.45277e-05
8.45279e-05
8.45281e-05
8.45283e-05
8.45285e-05
8.45287e-05
8.45289e-05
8.45291e-05
8.45293e-05
8.45294e-05
8.45296e-05
8.45298e-05
8.453e-05
8.45302e-05
8.45304e-05
8.45305e-05
8.45307e-05
8.45309e-05
8.45311e-05
8.45312e-05
8.45314e-05
8.45316e-05
8.45316e-05
8.45314e-05
8.4531e-05
8.45306e-05
8.45302e-05
8.45298e-05
8.45295e-05
8.45293e-05
8.45291e-05
8.4529e-05
8.45289e-05
8.45288e-05
8.45288e-05
8.45288e-05
8.45289e-05
8.45272e-05
8.50695e-05
8.50664e-05
8.5066e-05
8.50661e-05
8.50663e-05
8.50666e-05
8.50669e-05
8.50672e-05
8.50675e-05
8.50678e-05
8.50681e-05
8.50684e-05
8.50688e-05
8.50691e-05
8.50695e-05
8.50699e-05
8.50702e-05
8.50706e-05
8.5071e-05
8.50714e-05
8.50717e-05
8.50721e-05
8.50725e-05
8.50729e-05
8.50733e-05
8.50737e-05
8.5074e-05
8.50744e-05
8.50748e-05
8.50752e-05
8.50756e-05
8.5076e-05
8.50764e-05
8.50768e-05
8.50771e-05
8.50775e-05
8.50779e-05
8.50783e-05
8.50786e-05
8.5079e-05
8.50793e-05
8.50797e-05
8.50801e-05
8.50804e-05
8.50808e-05
8.50811e-05
8.50813e-05
8.50814e-05
8.50814e-05
8.50813e-05
8.50813e-05
8.50812e-05
8.50812e-05
8.50812e-05
8.50812e-05
8.50813e-05
8.50814e-05
8.50815e-05
8.50816e-05
8.50817e-05
8.50819e-05
8.5082e-05
8.50822e-05
8.50823e-05
8.50825e-05
8.50827e-05
8.50828e-05
8.5083e-05
8.50832e-05
8.50834e-05
8.50836e-05
8.50837e-05
8.50839e-05
8.50841e-05
8.50843e-05
8.50845e-05
8.50847e-05
8.50849e-05
8.5085e-05
8.50852e-05
8.50854e-05
8.50856e-05
8.50858e-05
8.50859e-05
8.50861e-05
8.50863e-05
8.50865e-05
8.50866e-05
8.50868e-05
8.5087e-05
8.50871e-05
8.50873e-05
8.50874e-05
8.50876e-05
8.50878e-05
8.50879e-05
8.50881e-05
8.50882e-05
8.50884e-05
8.50885e-05
8.50887e-05
8.50888e-05
8.5089e-05
8.50891e-05
8.50892e-05
8.50892e-05
8.50891e-05
8.50889e-05
8.50887e-05
8.50884e-05
8.50882e-05
8.50879e-05
8.50878e-05
8.50876e-05
8.50875e-05
8.50874e-05
8.50873e-05
8.50873e-05
8.50873e-05
8.50856e-05
8.57337e-05
8.57306e-05
8.57301e-05
8.57302e-05
8.57304e-05
8.57307e-05
8.5731e-05
8.57312e-05
8.57315e-05
8.57318e-05
8.57321e-05
8.57324e-05
8.57327e-05
8.57331e-05
8.57334e-05
8.57338e-05
8.57341e-05
8.57345e-05
8.57349e-05
8.57352e-05
8.57356e-05
8.5736e-05
8.57363e-05
8.57367e-05
8.57371e-05
8.57375e-05
8.57379e-05
8.57382e-05
8.57386e-05
8.5739e-05
8.57394e-05
8.57398e-05
8.57401e-05
8.57405e-05
8.57409e-05
8.57413e-05
8.57416e-05
8.5742e-05
8.57424e-05
8.57427e-05
8.57431e-05
8.57434e-05
8.57438e-05
8.57441e-05
8.57445e-05
8.57448e-05
8.57451e-05
8.57453e-05
8.57454e-05
8.57455e-05
8.57456e-05
8.57456e-05
8.57457e-05
8.57457e-05
8.57458e-05
8.57458e-05
8.57459e-05
8.5746e-05
8.57461e-05
8.57462e-05
8.57463e-05
8.57464e-05
8.57466e-05
8.57467e-05
8.57468e-05
8.5747e-05
8.57471e-05
8.57472e-05
8.57474e-05
8.57475e-05
8.57477e-05
8.57478e-05
8.5748e-05
8.57481e-05
8.57483e-05
8.57485e-05
8.57486e-05
8.57488e-05
8.57489e-05
8.57491e-05
8.57492e-05
8.57494e-05
8.57495e-05
8.57497e-05
8.57498e-05
8.57499e-05
8.57501e-05
8.57502e-05
8.57504e-05
8.57505e-05
8.57506e-05
8.57508e-05
8.57509e-05
8.5751e-05
8.57512e-05
8.57513e-05
8.57514e-05
8.57516e-05
8.57517e-05
8.57518e-05
8.5752e-05
8.57521e-05
8.57522e-05
8.57523e-05
8.57524e-05
8.57525e-05
8.57525e-05
8.57525e-05
8.57523e-05
8.57522e-05
8.5752e-05
8.57519e-05
8.57517e-05
8.57516e-05
8.57515e-05
8.57513e-05
8.57513e-05
8.57512e-05
8.57512e-05
8.57496e-05
8.64976e-05
8.64945e-05
8.64941e-05
8.64942e-05
8.64944e-05
8.64947e-05
8.6495e-05
8.64952e-05
8.64955e-05
8.64958e-05
8.6496e-05
8.64963e-05
8.64967e-05
8.6497e-05
8.64973e-05
8.64977e-05
8.6498e-05
8.64984e-05
8.64987e-05
8.64991e-05
8.64995e-05
8.64998e-05
8.65002e-05
8.65006e-05
8.6501e-05
8.65013e-05
8.65017e-05
8.65021e-05
8.65025e-05
8.65028e-05
8.65032e-05
8.65036e-05
8.6504e-05
8.65043e-05
8.65047e-05
8.65051e-05
8.65054e-05
8.65058e-05
8.65062e-05
8.65065e-05
8.65069e-05
8.65072e-05
8.65075e-05
8.65079e-05
8.65082e-05
8.65085e-05
8.65089e-05
8.65091e-05
8.65094e-05
8.65095e-05
8.65097e-05
8.65098e-05
8.65099e-05
8.651e-05
8.65101e-05
8.65102e-05
8.65102e-05
8.65103e-05
8.65104e-05
8.65105e-05
8.65106e-05
8.65107e-05
8.65108e-05
8.65109e-05
8.6511e-05
8.65111e-05
8.65113e-05
8.65114e-05
8.65115e-05
8.65116e-05
8.65117e-05
8.65119e-05
8.6512e-05
8.65121e-05
8.65122e-05
8.65123e-05
8.65125e-05
8.65126e-05
8.65127e-05
8.65128e-05
8.6513e-05
8.65131e-05
8.65132e-05
8.65133e-05
8.65134e-05
8.65135e-05
8.65137e-05
8.65138e-05
8.65139e-05
8.6514e-05
8.65141e-05
8.65142e-05
8.65143e-05
8.65144e-05
8.65145e-05
8.65147e-05
8.65148e-05
8.65149e-05
8.6515e-05
8.65151e-05
8.65152e-05
8.65153e-05
8.65154e-05
8.65155e-05
8.65156e-05
8.65157e-05
8.65157e-05
8.65157e-05
8.65157e-05
8.65156e-05
8.65156e-05
8.65155e-05
8.65153e-05
8.65152e-05
8.65151e-05
8.6515e-05
8.65149e-05
8.65149e-05
8.65149e-05
8.65133e-05
8.73561e-05
8.73531e-05
8.73527e-05
8.73528e-05
8.7353e-05
8.73533e-05
8.73536e-05
8.73538e-05
8.73541e-05
8.73544e-05
8.73547e-05
8.7355e-05
8.73553e-05
8.73556e-05
8.73559e-05
8.73563e-05
8.73566e-05
8.7357e-05
8.73574e-05
8.73577e-05
8.73581e-05
8.73585e-05
8.73588e-05
8.73592e-05
8.73596e-05
8.736e-05
8.73603e-05
8.73607e-05
8.73611e-05
8.73615e-05
8.73618e-05
8.73622e-05
8.73626e-05
8.7363e-05
8.73633e-05
8.73637e-05
8.7364e-05
8.73644e-05
8.73647e-05
8.73651e-05
8.73654e-05
8.73658e-05
8.73661e-05
8.73664e-05
8.73667e-05
8.73671e-05
8.73674e-05
8.73677e-05
8.73679e-05
8.73682e-05
8.73684e-05
8.73685e-05
8.73687e-05
8.73688e-05
8.73689e-05
8.7369e-05
8.73691e-05
8.73692e-05
8.73693e-05
8.73694e-05
8.73695e-05
8.73696e-05
8.73697e-05
8.73698e-05
8.73698e-05
8.73699e-05
8.737e-05
8.73701e-05
8.73702e-05
8.73703e-05
8.73704e-05
8.73705e-05
8.73706e-05
8.73707e-05
8.73708e-05
8.73709e-05
8.7371e-05
8.73711e-05
8.73712e-05
8.73713e-05
8.73714e-05
8.73714e-05
8.73715e-05
8.73716e-05
8.73717e-05
8.73718e-05
8.73719e-05
8.7372e-05
8.73721e-05
8.73722e-05
8.73723e-05
8.73723e-05
8.73724e-05
8.73725e-05
8.73726e-05
8.73727e-05
8.73728e-05
8.73729e-05
8.73729e-05
8.7373e-05
8.73731e-05
8.73732e-05
8.73733e-05
8.73734e-05
8.73734e-05
8.73735e-05
8.73736e-05
8.73736e-05
8.73736e-05
8.73736e-05
8.73736e-05
8.73735e-05
8.73734e-05
8.73734e-05
8.73733e-05
8.73732e-05
8.73731e-05
8.73731e-05
8.73731e-05
8.73716e-05
8.83044e-05
8.83014e-05
8.8301e-05
8.83011e-05
8.83014e-05
8.83017e-05
8.8302e-05
8.83022e-05
8.83025e-05
8.83028e-05
8.83031e-05
8.83034e-05
8.83037e-05
8.83041e-05
8.83044e-05
8.83048e-05
8.83051e-05
8.83055e-05
8.83059e-05
8.83062e-05
8.83066e-05
8.8307e-05
8.83073e-05
8.83077e-05
8.83081e-05
8.83085e-05
8.83089e-05
8.83092e-05
8.83096e-05
8.831e-05
8.83104e-05
8.83107e-05
8.83111e-05
8.83115e-05
8.83118e-05
8.83122e-05
8.83125e-05
8.83129e-05
8.83132e-05
8.83136e-05
8.83139e-05
8.83142e-05
8.83145e-05
8.83148e-05
8.83152e-05
8.83155e-05
8.83158e-05
8.8316e-05
8.83163e-05
8.83166e-05
8.83168e-05
8.8317e-05
8.83172e-05
8.83173e-05
8.83175e-05
8.83176e-05
8.83177e-05
8.83178e-05
8.83179e-05
8.8318e-05
8.83181e-05
8.83181e-05
8.83182e-05
8.83183e-05
8.83184e-05
8.83185e-05
8.83185e-05
8.83186e-05
8.83187e-05
8.83187e-05
8.83188e-05
8.83189e-05
8.8319e-05
8.8319e-05
8.83191e-05
8.83192e-05
8.83192e-05
8.83193e-05
8.83194e-05
8.83195e-05
8.83195e-05
8.83196e-05
8.83197e-05
8.83197e-05
8.83198e-05
8.83199e-05
8.83199e-05
8.832e-05
8.83201e-05
8.83201e-05
8.83202e-05
8.83203e-05
8.83203e-05
8.83204e-05
8.83204e-05
8.83205e-05
8.83206e-05
8.83206e-05
8.83207e-05
8.83208e-05
8.83208e-05
8.83209e-05
8.8321e-05
8.8321e-05
8.83211e-05
8.83211e-05
8.83212e-05
8.83212e-05
8.83213e-05
8.83213e-05
8.83213e-05
8.83212e-05
8.83212e-05
8.83212e-05
8.83211e-05
8.8321e-05
8.8321e-05
8.83209e-05
8.8321e-05
8.83196e-05
8.93378e-05
8.93349e-05
8.93346e-05
8.93347e-05
8.9335e-05
8.93353e-05
8.93356e-05
8.93359e-05
8.93362e-05
8.93365e-05
8.93368e-05
8.93371e-05
8.93375e-05
8.93378e-05
8.93382e-05
8.93386e-05
8.93389e-05
8.93393e-05
8.93397e-05
8.93401e-05
8.93405e-05
8.93408e-05
8.93412e-05
8.93416e-05
8.9342e-05
8.93424e-05
8.93428e-05
8.93431e-05
8.93435e-05
8.93439e-05
8.93443e-05
8.93446e-05
8.9345e-05
8.93454e-05
8.93457e-05
8.93461e-05
8.93464e-05
8.93467e-05
8.93471e-05
8.93474e-05
8.93477e-05
8.9348e-05
8.93483e-05
8.93486e-05
8.93489e-05
8.93492e-05
8.93495e-05
8.93498e-05
8.935e-05
8.93503e-05
8.93505e-05
8.93507e-05
8.93509e-05
8.93511e-05
8.93512e-05
8.93513e-05
8.93515e-05
8.93516e-05
8.93517e-05
8.93518e-05
8.93518e-05
8.93519e-05
8.9352e-05
8.93521e-05
8.93521e-05
8.93522e-05
8.93522e-05
8.93523e-05
8.93523e-05
8.93524e-05
8.93525e-05
8.93525e-05
8.93526e-05
8.93526e-05
8.93527e-05
8.93527e-05
8.93528e-05
8.93528e-05
8.93529e-05
8.93529e-05
8.93529e-05
8.9353e-05
8.9353e-05
8.93531e-05
8.93531e-05
8.93532e-05
8.93532e-05
8.93533e-05
8.93533e-05
8.93534e-05
8.93534e-05
8.93534e-05
8.93535e-05
8.93535e-05
8.93536e-05
8.93536e-05
8.93537e-05
8.93537e-05
8.93538e-05
8.93538e-05
8.93538e-05
8.93539e-05
8.93539e-05
8.9354e-05
8.9354e-05
8.93541e-05
8.93541e-05
8.93541e-05
8.93542e-05
8.93542e-05
8.93542e-05
8.93542e-05
8.93542e-05
8.93541e-05
8.93541e-05
8.93541e-05
8.9354e-05
8.9354e-05
8.9354e-05
8.93528e-05
9.04523e-05
9.04495e-05
9.04492e-05
9.04494e-05
9.04497e-05
9.045e-05
9.04503e-05
9.04506e-05
9.0451e-05
9.04513e-05
9.04516e-05
9.0452e-05
9.04524e-05
9.04527e-05
9.04531e-05
9.04535e-05
9.04539e-05
9.04543e-05
9.04547e-05
9.04551e-05
9.04555e-05
9.04558e-05
9.04562e-05
9.04566e-05
9.0457e-05
9.04574e-05
9.04578e-05
9.04582e-05
9.04586e-05
9.0459e-05
9.04593e-05
9.04597e-05
9.04601e-05
9.04604e-05
9.04608e-05
9.04611e-05
9.04614e-05
9.04617e-05
9.04621e-05
9.04624e-05
9.04627e-05
9.0463e-05
9.04633e-05
9.04635e-05
9.04638e-05
9.04641e-05
9.04643e-05
9.04646e-05
9.04648e-05
9.04651e-05
9.04653e-05
9.04655e-05
9.04657e-05
9.04658e-05
9.0466e-05
9.04661e-05
9.04662e-05
9.04663e-05
9.04664e-05
9.04665e-05
9.04666e-05
9.04667e-05
9.04667e-05
9.04668e-05
9.04668e-05
9.04669e-05
9.04669e-05
9.0467e-05
9.0467e-05
9.0467e-05
9.04671e-05
9.04671e-05
9.04672e-05
9.04672e-05
9.04672e-05
9.04672e-05
9.04673e-05
9.04673e-05
9.04673e-05
9.04674e-05
9.04674e-05
9.04674e-05
9.04674e-05
9.04675e-05
9.04675e-05
9.04675e-05
9.04675e-05
9.04676e-05
9.04676e-05
9.04676e-05
9.04677e-05
9.04677e-05
9.04677e-05
9.04677e-05
9.04678e-05
9.04678e-05
9.04678e-05
9.04678e-05
9.04679e-05
9.04679e-05
9.04679e-05
9.0468e-05
9.0468e-05
9.0468e-05
9.0468e-05
9.04681e-05
9.04681e-05
9.04681e-05
9.04682e-05
9.04682e-05
9.04682e-05
9.04682e-05
9.04682e-05
9.04682e-05
9.04681e-05
9.04681e-05
9.04681e-05
9.04681e-05
9.04681e-05
9.0467e-05
9.16439e-05
9.16412e-05
9.16409e-05
9.16411e-05
9.16415e-05
9.16418e-05
9.16422e-05
9.16425e-05
9.16429e-05
9.16433e-05
9.16436e-05
9.1644e-05
9.16444e-05
9.16448e-05
9.16452e-05
9.16456e-05
9.1646e-05
9.16464e-05
9.16468e-05
9.16472e-05
9.16476e-05
9.16481e-05
9.16485e-05
9.16489e-05
9.16493e-05
9.16497e-05
9.165e-05
9.16504e-05
9.16508e-05
9.16512e-05
9.16516e-05
9.16519e-05
9.16523e-05
9.16526e-05
9.1653e-05
9.16533e-05
9.16536e-05
9.16539e-05
9.16542e-05
9.16545e-05
9.16548e-05
9.16551e-05
9.16553e-05
9.16556e-05
9.16559e-05
9.16561e-05
9.16563e-05
9.16566e-05
9.16568e-05
9.1657e-05
9.16572e-05
9.16574e-05
9.16575e-05
9.16577e-05
9.16578e-05
9.16579e-05
9.16581e-05
9.16582e-05
9.16582e-05
9.16583e-05
9.16584e-05
9.16584e-05
9.16585e-05
9.16585e-05
9.16586e-05
9.16586e-05
9.16587e-05
9.16587e-05
9.16587e-05
9.16587e-05
9.16588e-05
9.16588e-05
9.16588e-05
9.16588e-05
9.16588e-05
9.16589e-05
9.16589e-05
9.16589e-05
9.16589e-05
9.16589e-05
9.16589e-05
9.16589e-05
9.16589e-05
9.16589e-05
9.1659e-05
9.1659e-05
9.1659e-05
9.1659e-05
9.1659e-05
9.1659e-05
9.1659e-05
9.1659e-05
9.1659e-05
9.16591e-05
9.16591e-05
9.16591e-05
9.16591e-05
9.16591e-05
9.16591e-05
9.16591e-05
9.16591e-05
9.16592e-05
9.16592e-05
9.16592e-05
9.16592e-05
9.16592e-05
9.16592e-05
9.16593e-05
9.16593e-05
9.16593e-05
9.16593e-05
9.16593e-05
9.16593e-05
9.16593e-05
9.16593e-05
9.16593e-05
9.16593e-05
9.16593e-05
9.16593e-05
9.16583e-05
9.2909e-05
9.29064e-05
9.29061e-05
9.29064e-05
9.29068e-05
9.29071e-05
9.29075e-05
9.29079e-05
9.29083e-05
9.29087e-05
9.29091e-05
9.29095e-05
9.29099e-05
9.29103e-05
9.29108e-05
9.29112e-05
9.29116e-05
9.29121e-05
9.29125e-05
9.29129e-05
9.29133e-05
9.29137e-05
9.29142e-05
9.29146e-05
9.2915e-05
9.29154e-05
9.29158e-05
9.29162e-05
9.29165e-05
9.29169e-05
9.29173e-05
9.29176e-05
9.2918e-05
9.29183e-05
9.29186e-05
9.2919e-05
9.29193e-05
9.29195e-05
9.29198e-05
9.29201e-05
9.29204e-05
9.29206e-05
9.29209e-05
9.29211e-05
9.29213e-05
9.29215e-05
9.29217e-05
9.29219e-05
9.29221e-05
9.29223e-05
9.29225e-05
9.29226e-05
9.29228e-05
9.29229e-05
9.2923e-05
9.29231e-05
9.29232e-05
9.29233e-05
9.29234e-05
9.29235e-05
9.29235e-05
9.29236e-05
9.29236e-05
9.29237e-05
9.29237e-05
9.29237e-05
9.29237e-05
9.29238e-05
9.29238e-05
9.29238e-05
9.29238e-05
9.29238e-05
9.29238e-05
9.29238e-05
9.29238e-05
9.29238e-05
9.29238e-05
9.29238e-05
9.29238e-05
9.29238e-05
9.29238e-05
9.29238e-05
9.29238e-05
9.29238e-05
9.29238e-05
9.29238e-05
9.29238e-05
9.29238e-05
9.29238e-05
9.29238e-05
9.29238e-05
9.29238e-05
9.29238e-05
9.29238e-05
9.29238e-05
9.29238e-05
9.29238e-05
9.29238e-05
9.29238e-05
9.29238e-05
9.29238e-05
9.29238e-05
9.29238e-05
9.29238e-05
9.29238e-05
9.29238e-05
9.29238e-05
9.29238e-05
9.29238e-05
9.29238e-05
9.29238e-05
9.29238e-05
9.29238e-05
9.29239e-05
9.29239e-05
9.29239e-05
9.29239e-05
9.29239e-05
9.2924e-05
9.29231e-05
9.4244e-05
9.42415e-05
9.42413e-05
9.42416e-05
9.4242e-05
9.42424e-05
9.42429e-05
9.42433e-05
9.42437e-05
9.42441e-05
9.42445e-05
9.4245e-05
9.42454e-05
9.42459e-05
9.42463e-05
9.42468e-05
9.42472e-05
9.42477e-05
9.42481e-05
9.42486e-05
9.4249e-05
9.42494e-05
9.42498e-05
9.42502e-05
9.42507e-05
9.42511e-05
9.42515e-05
9.42518e-05
9.42522e-05
9.42526e-05
9.42529e-05
9.42533e-05
9.42536e-05
9.42539e-05
9.42542e-05
9.42545e-05
9.42548e-05
9.42551e-05
9.42553e-05
9.42556e-05
9.42558e-05
9.4256e-05
9.42563e-05
9.42565e-05
9.42567e-05
9.42568e-05
9.4257e-05
9.42572e-05
9.42573e-05
9.42575e-05
9.42576e-05
9.42578e-05
9.42579e-05
9.4258e-05
9.42581e-05
9.42582e-05
9.42583e-05
9.42583e-05
9.42584e-05
9.42585e-05
9.42585e-05
9.42585e-05
9.42586e-05
9.42586e-05
9.42586e-05
9.42586e-05
9.42586e-05
9.42587e-05
9.42587e-05
9.42587e-05
9.42587e-05
9.42587e-05
9.42587e-05
9.42587e-05
9.42587e-05
9.42587e-05
9.42586e-05
9.42586e-05
9.42586e-05
9.42586e-05
9.42586e-05
9.42586e-05
9.42586e-05
9.42586e-05
9.42585e-05
9.42585e-05
9.42585e-05
9.42585e-05
9.42585e-05
9.42585e-05
9.42585e-05
9.42585e-05
9.42585e-05
9.42584e-05
9.42584e-05
9.42584e-05
9.42584e-05
9.42584e-05
9.42584e-05
9.42584e-05
9.42584e-05
9.42584e-05
9.42584e-05
9.42584e-05
9.42584e-05
9.42584e-05
9.42584e-05
9.42584e-05
9.42583e-05
9.42583e-05
9.42584e-05
9.42584e-05
9.42584e-05
9.42584e-05
9.42584e-05
9.42584e-05
9.42585e-05
9.42585e-05
9.42586e-05
9.42578e-05
9.56458e-05
9.56433e-05
9.56431e-05
9.56435e-05
9.56439e-05
9.56444e-05
9.56449e-05
9.56453e-05
9.56458e-05
9.56462e-05
9.56467e-05
9.56471e-05
9.56476e-05
9.56481e-05
9.56486e-05
9.5649e-05
9.56495e-05
9.56499e-05
9.56504e-05
9.56508e-05
9.56513e-05
9.56517e-05
9.56521e-05
9.56525e-05
9.5653e-05
9.56534e-05
9.56537e-05
9.56541e-05
9.56545e-05
9.56549e-05
9.56552e-05
9.56555e-05
9.56558e-05
9.56561e-05
9.56564e-05
9.56567e-05
9.56569e-05
9.56572e-05
9.56574e-05
9.56576e-05
9.56578e-05
9.5658e-05
9.56582e-05
9.56584e-05
9.56585e-05
9.56587e-05
9.56588e-05
9.5659e-05
9.56591e-05
9.56592e-05
9.56593e-05
9.56594e-05
9.56595e-05
9.56596e-05
9.56597e-05
9.56598e-05
9.56598e-05
9.56599e-05
9.56599e-05
9.566e-05
9.566e-05
9.566e-05
9.566e-05
9.56601e-05
9.56601e-05
9.56601e-05
9.56601e-05
9.56601e-05
9.56601e-05
9.56601e-05
9.56601e-05
9.56601e-05
9.56601e-05
9.56601e-05
9.56601e-05
9.566e-05
9.566e-05
9.566e-05
9.566e-05
9.566e-05
9.56599e-05
9.56599e-05
9.56599e-05
9.56599e-05
9.56599e-05
9.56599e-05
9.56598e-05
9.56598e-05
9.56598e-05
9.56598e-05
9.56598e-05
9.56597e-05
9.56597e-05
9.56597e-05
9.56597e-05
9.56597e-05
9.56597e-05
9.56596e-05
9.56596e-05
9.56596e-05
9.56596e-05
9.56596e-05
9.56596e-05
9.56596e-05
9.56596e-05
9.56595e-05
9.56595e-05
9.56595e-05
9.56595e-05
9.56595e-05
9.56595e-05
9.56595e-05
9.56596e-05
9.56596e-05
9.56596e-05
9.56597e-05
9.56597e-05
9.56598e-05
9.56599e-05
9.56592e-05
9.7111e-05
9.71086e-05
9.71085e-05
9.71089e-05
9.71094e-05
9.71099e-05
9.71104e-05
9.71109e-05
9.71113e-05
9.71118e-05
9.71123e-05
9.71128e-05
9.71133e-05
9.71138e-05
9.71142e-05
9.71147e-05
9.71152e-05
9.71157e-05
9.71161e-05
9.71166e-05
9.7117e-05
9.71174e-05
9.71179e-05
9.71183e-05
9.71187e-05
9.71191e-05
9.71195e-05
9.71198e-05
9.71202e-05
9.71205e-05
9.71209e-05
9.71212e-05
9.71215e-05
9.71217e-05
9.7122e-05
9.71222e-05
9.71224e-05
9.71226e-05
9.71228e-05
9.7123e-05
9.71232e-05
9.71233e-05
9.71235e-05
9.71236e-05
9.71238e-05
9.71239e-05
9.7124e-05
9.71241e-05
9.71242e-05
9.71243e-05
9.71244e-05
9.71245e-05
9.71245e-05
9.71246e-05
9.71246e-05
9.71247e-05
9.71247e-05
9.71248e-05
9.71248e-05
9.71248e-05
9.71249e-05
9.71249e-05
9.71249e-05
9.71249e-05
9.71249e-05
9.71249e-05
9.71249e-05
9.71249e-05
9.71249e-05
9.71249e-05
9.71249e-05
9.71249e-05
9.71249e-05
9.71248e-05
9.71248e-05
9.71248e-05
9.71248e-05
9.71248e-05
9.71248e-05
9.71247e-05
9.71247e-05
9.71247e-05
9.71247e-05
9.71246e-05
9.71246e-05
9.71246e-05
9.71246e-05
9.71246e-05
9.71245e-05
9.71245e-05
9.71245e-05
9.71245e-05
9.71244e-05
9.71244e-05
9.71244e-05
9.71244e-05
9.71244e-05
9.71243e-05
9.71243e-05
9.71243e-05
9.71243e-05
9.71243e-05
9.71243e-05
9.71242e-05
9.71242e-05
9.71242e-05
9.71242e-05
9.71242e-05
9.71242e-05
9.71242e-05
9.71242e-05
9.71242e-05
9.71242e-05
9.71243e-05
9.71243e-05
9.71244e-05
9.71245e-05
9.71246e-05
9.71247e-05
9.71242e-05
9.86367e-05
9.86344e-05
9.86344e-05
9.86348e-05
9.86353e-05
9.86359e-05
9.86364e-05
9.86369e-05
9.86373e-05
9.86378e-05
9.86383e-05
9.86388e-05
9.86393e-05
9.86398e-05
9.86403e-05
9.86408e-05
9.86413e-05
9.86418e-05
9.86422e-05
9.86427e-05
9.86431e-05
9.86435e-05
9.86439e-05
9.86443e-05
9.86447e-05
9.86451e-05
9.86455e-05
9.86459e-05
9.86462e-05
9.86465e-05
9.86468e-05
9.86471e-05
9.86473e-05
9.86476e-05
9.86478e-05
9.8648e-05
9.86482e-05
9.86484e-05
9.86485e-05
9.86487e-05
9.86488e-05
9.86489e-05
9.8649e-05
9.86491e-05
9.86492e-05
9.86493e-05
9.86494e-05
9.86495e-05
9.86496e-05
9.86496e-05
9.86497e-05
9.86498e-05
9.86498e-05
9.86498e-05
9.86499e-05
9.86499e-05
9.865e-05
9.865e-05
9.865e-05
9.865e-05
9.865e-05
9.865e-05
9.865e-05
9.86501e-05
9.86501e-05
9.86501e-05
9.86501e-05
9.865e-05
9.865e-05
9.865e-05
9.865e-05
9.865e-05
9.865e-05
9.865e-05
9.865e-05
9.86499e-05
9.86499e-05
9.86499e-05
9.86499e-05
9.86499e-05
9.86498e-05
9.86498e-05
9.86498e-05
9.86498e-05
9.86498e-05
9.86497e-05
9.86497e-05
9.86497e-05
9.86497e-05
9.86496e-05
9.86496e-05
9.86496e-05
9.86496e-05
9.86496e-05
9.86495e-05
9.86495e-05
9.86495e-05
9.86495e-05
9.86494e-05
9.86494e-05
9.86494e-05
9.86494e-05
9.86494e-05
9.86493e-05
9.86493e-05
9.86493e-05
9.86493e-05
9.86493e-05
9.86493e-05
9.86493e-05
9.86493e-05
9.86494e-05
9.86494e-05
9.86495e-05
9.86496e-05
9.86496e-05
9.86497e-05
9.86499e-05
9.865e-05
9.86496e-05
0.00010022
0.000100218
0.000100218
0.000100218
0.000100219
0.000100219
0.00010022
0.00010022
0.000100221
0.000100221
0.000100222
0.000100222
0.000100223
0.000100223
0.000100224
0.000100224
0.000100225
0.000100225
0.000100226
0.000100226
0.000100227
0.000100227
0.000100227
0.000100228
0.000100228
0.000100229
0.000100229
0.000100229
0.00010023
0.00010023
0.00010023
0.00010023
0.000100231
0.000100231
0.000100231
0.000100231
0.000100231
0.000100231
0.000100231
0.000100232
0.000100232
0.000100232
0.000100232
0.000100232
0.000100232
0.000100232
0.000100232
0.000100232
0.000100232
0.000100232
0.000100232
0.000100232
0.000100232
0.000100232
0.000100232
0.000100233
0.000100233
0.000100233
0.000100233
0.000100233
0.000100233
0.000100233
0.000100233
0.000100233
0.000100233
0.000100233
0.000100233
0.000100233
0.000100233
0.000100233
0.000100233
0.000100233
0.000100233
0.000100233
0.000100233
0.000100233
0.000100232
0.000100232
0.000100232
0.000100232
0.000100232
0.000100232
0.000100232
0.000100232
0.000100232
0.000100232
0.000100232
0.000100232
0.000100232
0.000100232
0.000100232
0.000100232
0.000100232
0.000100232
0.000100232
0.000100232
0.000100232
0.000100232
0.000100232
0.000100232
0.000100232
0.000100232
0.000100232
0.000100232
0.000100232
0.000100232
0.000100232
0.000100232
0.000100232
0.000100232
0.000100232
0.000100232
0.000100232
0.000100232
0.000100232
0.000100232
0.000100233
0.000100233
0.000100233
0.000100233
0.000101858
0.000101856
0.000101856
0.000101856
0.000101857
0.000101857
0.000101858
0.000101858
0.000101859
0.000101859
0.00010186
0.00010186
0.000101861
0.000101861
0.000101862
0.000101862
0.000101863
0.000101863
0.000101864
0.000101864
0.000101864
0.000101865
0.000101865
0.000101866
0.000101866
0.000101866
0.000101867
0.000101867
0.000101867
0.000101867
0.000101868
0.000101868
0.000101868
0.000101868
0.000101868
0.000101869
0.000101869
0.000101869
0.000101869
0.000101869
0.000101869
0.000101869
0.000101869
0.000101869
0.000101869
0.000101869
0.000101869
0.000101869
0.000101869
0.000101869
0.000101869
0.00010187
0.00010187
0.00010187
0.00010187
0.00010187
0.00010187
0.00010187
0.00010187
0.00010187
0.00010187
0.00010187
0.00010187
0.00010187
0.00010187
0.00010187
0.00010187
0.00010187
0.00010187
0.00010187
0.00010187
0.00010187
0.00010187
0.00010187
0.00010187
0.00010187
0.00010187
0.00010187
0.00010187
0.00010187
0.00010187
0.00010187
0.00010187
0.00010187
0.00010187
0.00010187
0.000101869
0.000101869
0.000101869
0.000101869
0.000101869
0.000101869
0.000101869
0.000101869
0.000101869
0.000101869
0.000101869
0.000101869
0.000101869
0.000101869
0.000101869
0.000101869
0.000101869
0.000101869
0.000101869
0.000101869
0.000101869
0.000101869
0.000101869
0.000101869
0.000101869
0.000101869
0.00010187
0.00010187
0.00010187
0.00010187
0.00010187
0.00010187
0.00010187
0.00010187
0.000103548
0.000103545
0.000103545
0.000103546
0.000103547
0.000103547
0.000103548
0.000103548
0.000103549
0.000103549
0.00010355
0.00010355
0.000103551
0.000103551
0.000103551
0.000103552
0.000103552
0.000103553
0.000103553
0.000103554
0.000103554
0.000103554
0.000103555
0.000103555
0.000103555
0.000103556
0.000103556
0.000103556
0.000103556
0.000103557
0.000103557
0.000103557
0.000103557
0.000103557
0.000103557
0.000103557
0.000103558
0.000103558
0.000103558
0.000103558
0.000103558
0.000103558
0.000103558
0.000103558
0.000103558
0.000103558
0.000103558
0.000103558
0.000103558
0.000103558
0.000103558
0.000103558
0.000103558
0.000103558
0.000103558
0.000103558
0.000103558
0.000103558
0.000103558
0.000103558
0.000103558
0.000103558
0.000103558
0.000103558
0.000103558
0.000103558
0.000103558
0.000103559
0.000103559
0.000103559
0.000103559
0.000103559
0.000103559
0.000103559
0.000103559
0.000103559
0.000103559
0.000103559
0.000103559
0.000103559
0.000103559
0.000103559
0.000103558
0.000103558
0.000103558
0.000103558
0.000103558
0.000103558
0.000103558
0.000103558
0.000103558
0.000103558
0.000103558
0.000103558
0.000103558
0.000103558
0.000103558
0.000103558
0.000103558
0.000103558
0.000103558
0.000103558
0.000103558
0.000103558
0.000103558
0.000103558
0.000103558
0.000103558
0.000103558
0.000103558
0.000103559
0.000103559
0.000103559
0.000103559
0.000103559
0.000103559
0.000103559
0.00010356
0.00010356
0.00010356
0.000105286
0.000105284
0.000105284
0.000105285
0.000105285
0.000105286
0.000105286
0.000105287
0.000105287
0.000105288
0.000105288
0.000105289
0.000105289
0.000105289
0.00010529
0.00010529
0.000105291
0.000105291
0.000105291
0.000105292
0.000105292
0.000105293
0.000105293
0.000105293
0.000105293
0.000105294
0.000105294
0.000105294
0.000105294
0.000105295
0.000105295
0.000105295
0.000105295
0.000105295
0.000105295
0.000105295
0.000105295
0.000105295
0.000105295
0.000105295
0.000105295
0.000105295
0.000105296
0.000105296
0.000105296
0.000105296
0.000105296
0.000105296
0.000105296
0.000105296
0.000105296
0.000105296
0.000105296
0.000105296
0.000105296
0.000105296
0.000105296
0.000105296
0.000105296
0.000105296
0.000105296
0.000105296
0.000105296
0.000105296
0.000105296
0.000105296
0.000105296
0.000105296
0.000105296
0.000105296
0.000105296
0.000105296
0.000105296
0.000105296
0.000105296
0.000105296
0.000105296
0.000105296
0.000105296
0.000105296
0.000105296
0.000105296
0.000105296
0.000105296
0.000105296
0.000105296
0.000105296
0.000105296
0.000105296
0.000105296
0.000105296
0.000105296
0.000105296
0.000105296
0.000105296
0.000105296
0.000105296
0.000105296
0.000105296
0.000105296
0.000105296
0.000105296
0.000105296
0.000105296
0.000105296
0.000105296
0.000105296
0.000105296
0.000105297
0.000105297
0.000105297
0.000105297
0.000105297
0.000105297
0.000105297
0.000105298
0.000105298
0.000105298
0.000105298
0.000105298
0.000107071
0.000107069
0.000107069
0.000107069
0.00010707
0.00010707
0.000107071
0.000107071
0.000107072
0.000107072
0.000107072
0.000107073
0.000107073
0.000107074
0.000107074
0.000107075
0.000107075
0.000107075
0.000107076
0.000107076
0.000107076
0.000107077
0.000107077
0.000107077
0.000107077
0.000107078
0.000107078
0.000107078
0.000107078
0.000107078
0.000107078
0.000107079
0.000107079
0.000107079
0.000107079
0.000107079
0.000107079
0.000107079
0.000107079
0.000107079
0.000107079
0.000107079
0.000107079
0.000107079
0.000107079
0.000107079
0.000107079
0.000107079
0.00010708
0.00010708
0.00010708
0.00010708
0.00010708
0.00010708
0.00010708
0.00010708
0.00010708
0.00010708
0.00010708
0.00010708
0.00010708
0.00010708
0.00010708
0.00010708
0.00010708
0.00010708
0.00010708
0.00010708
0.00010708
0.00010708
0.00010708
0.00010708
0.00010708
0.00010708
0.000107081
0.000107081
0.000107081
0.000107081
0.000107081
0.000107081
0.000107081
0.000107081
0.000107081
0.000107081
0.000107081
0.000107081
0.000107081
0.000107081
0.000107081
0.000107081
0.000107081
0.000107081
0.000107081
0.000107081
0.000107081
0.000107081
0.000107081
0.000107081
0.000107081
0.000107081
0.000107081
0.000107081
0.000107081
0.000107081
0.000107081
0.000107081
0.000107081
0.000107081
0.000107081
0.000107081
0.000107081
0.000107081
0.000107082
0.000107082
0.000107082
0.000107082
0.000107082
0.000107082
0.000107082
0.000107082
0.000108899
0.000108897
0.000108897
0.000108897
0.000108898
0.000108898
0.000108898
0.000108899
0.000108899
0.0001089
0.0001089
0.0001089
0.000108901
0.000108901
0.000108901
0.000108902
0.000108902
0.000108902
0.000108903
0.000108903
0.000108903
0.000108904
0.000108904
0.000108904
0.000108904
0.000108905
0.000108905
0.000108905
0.000108905
0.000108905
0.000108905
0.000108905
0.000108905
0.000108905
0.000108905
0.000108905
0.000108906
0.000108906
0.000108906
0.000108906
0.000108906
0.000108906
0.000108906
0.000108906
0.000108906
0.000108906
0.000108906
0.000108906
0.000108907
0.000108907
0.000108907
0.000108907
0.000108907
0.000108907
0.000108907
0.000108907
0.000108907
0.000108907
0.000108907
0.000108907
0.000108907
0.000108907
0.000108907
0.000108908
0.000108908
0.000108908
0.000108908
0.000108908
0.000108908
0.000108908
0.000108908
0.000108908
0.000108908
0.000108908
0.000108908
0.000108908
0.000108908
0.000108908
0.000108908
0.000108908
0.000108908
0.000108908
0.000108908
0.000108908
0.000108908
0.000108908
0.000108908
0.000108908
0.000108908
0.000108908
0.000108908
0.000108908
0.000108908
0.000108908
0.000108908
0.000108908
0.000108908
0.000108908
0.000108908
0.000108908
0.000108908
0.000108908
0.000108908
0.000108909
0.000108909
0.000108909
0.000108909
0.000108909
0.000108909
0.000108909
0.000108909
0.000108909
0.00010891
0.00010891
0.00010891
0.00010891
0.00010891
0.00010891
0.00010891
0.00010891
0.000110767
0.000110765
0.000110765
0.000110765
0.000110765
0.000110766
0.000110766
0.000110767
0.000110767
0.000110767
0.000110768
0.000110768
0.000110768
0.000110769
0.000110769
0.000110769
0.00011077
0.00011077
0.00011077
0.00011077
0.000110771
0.000110771
0.000110771
0.000110771
0.000110771
0.000110772
0.000110772
0.000110772
0.000110772
0.000110772
0.000110772
0.000110772
0.000110772
0.000110772
0.000110772
0.000110773
0.000110773
0.000110773
0.000110773
0.000110773
0.000110773
0.000110773
0.000110773
0.000110774
0.000110774
0.000110774
0.000110774
0.000110774
0.000110774
0.000110774
0.000110774
0.000110774
0.000110775
0.000110775
0.000110775
0.000110775
0.000110775
0.000110775
0.000110775
0.000110775
0.000110775
0.000110775
0.000110775
0.000110776
0.000110776
0.000110776
0.000110776
0.000110776
0.000110776
0.000110776
0.000110776
0.000110776
0.000110776
0.000110776
0.000110776
0.000110776
0.000110776
0.000110776
0.000110776
0.000110776
0.000110776
0.000110777
0.000110777
0.000110777
0.000110777
0.000110777
0.000110777
0.000110777
0.000110777
0.000110777
0.000110777
0.000110777
0.000110777
0.000110777
0.000110777
0.000110777
0.000110777
0.000110777
0.000110777
0.000110777
0.000110777
0.000110777
0.000110777
0.000110777
0.000110777
0.000110777
0.000110777
0.000110777
0.000110777
0.000110778
0.000110778
0.000110778
0.000110778
0.000110778
0.000110778
0.000110778
0.000110778
0.000110778
0.000110778
0.000110778
0.000112672
0.00011267
0.00011267
0.00011267
0.000112671
0.000112671
0.000112671
0.000112672
0.000112672
0.000112672
0.000112672
0.000112673
0.000112673
0.000112673
0.000112674
0.000112674
0.000112674
0.000112674
0.000112675
0.000112675
0.000112675
0.000112675
0.000112675
0.000112675
0.000112676
0.000112676
0.000112676
0.000112676
0.000112676
0.000112676
0.000112676
0.000112677
0.000112677
0.000112677
0.000112677
0.000112677
0.000112677
0.000112678
0.000112678
0.000112678
0.000112678
0.000112678
0.000112679
0.000112679
0.000112679
0.000112679
0.000112679
0.000112679
0.00011268
0.00011268
0.00011268
0.00011268
0.00011268
0.00011268
0.00011268
0.00011268
0.000112681
0.000112681
0.000112681
0.000112681
0.000112681
0.000112681
0.000112681
0.000112681
0.000112681
0.000112682
0.000112682
0.000112682
0.000112682
0.000112682
0.000112682
0.000112682
0.000112682
0.000112682
0.000112682
0.000112682
0.000112682
0.000112682
0.000112682
0.000112682
0.000112683
0.000112683
0.000112683
0.000112683
0.000112683
0.000112683
0.000112683
0.000112683
0.000112683
0.000112683
0.000112683
0.000112683
0.000112683
0.000112683
0.000112683
0.000112683
0.000112683
0.000112683
0.000112683
0.000112683
0.000112683
0.000112683
0.000112683
0.000112683
0.000112683
0.000112683
0.000112683
0.000112684
0.000112684
0.000112684
0.000112684
0.000112684
0.000112684
0.000112684
0.000112684
0.000112684
0.000112684
0.000112683
0.000112683
0.000112683
0.000114612
0.00011461
0.000114609
0.00011461
0.00011461
0.00011461
0.000114611
0.000114611
0.000114611
0.000114611
0.000114611
0.000114612
0.000114612
0.000114612
0.000114612
0.000114613
0.000114613
0.000114613
0.000114613
0.000114613
0.000114614
0.000114614
0.000114614
0.000114614
0.000114614
0.000114614
0.000114615
0.000114615
0.000114615
0.000114615
0.000114615
0.000114616
0.000114616
0.000114616
0.000114616
0.000114617
0.000114617
0.000114617
0.000114617
0.000114618
0.000114618
0.000114618
0.000114618
0.000114619
0.000114619
0.000114619
0.000114619
0.00011462
0.00011462
0.00011462
0.00011462
0.00011462
0.00011462
0.000114621
0.000114621
0.000114621
0.000114621
0.000114621
0.000114621
0.000114621
0.000114622
0.000114622
0.000114622
0.000114622
0.000114622
0.000114622
0.000114622
0.000114622
0.000114623
0.000114623
0.000114623
0.000114623
0.000114623
0.000114623
0.000114623
0.000114623
0.000114623
0.000114623
0.000114623
0.000114623
0.000114623
0.000114623
0.000114624
0.000114624
0.000114624
0.000114624
0.000114624
0.000114624
0.000114624
0.000114624
0.000114624
0.000114624
0.000114624
0.000114624
0.000114624
0.000114624
0.000114624
0.000114624
0.000114624
0.000114624
0.000114624
0.000114624
0.000114624
0.000114624
0.000114624
0.000114624
0.000114624
0.000114624
0.000114624
0.000114624
0.000114624
0.000114624
0.000114624
0.000114624
0.000114624
0.000114623
0.000114623
0.000114623
0.000114623
0.000114623
0.000116582
0.00011658
0.00011658
0.00011658
0.00011658
0.000116581
0.000116581
0.000116581
0.000116581
0.000116581
0.000116582
0.000116582
0.000116582
0.000116582
0.000116582
0.000116582
0.000116583
0.000116583
0.000116583
0.000116583
0.000116583
0.000116583
0.000116584
0.000116584
0.000116584
0.000116584
0.000116585
0.000116585
0.000116585
0.000116586
0.000116586
0.000116586
0.000116587
0.000116587
0.000116587
0.000116588
0.000116588
0.000116589
0.000116589
0.000116589
0.00011659
0.00011659
0.00011659
0.000116591
0.000116591
0.000116591
0.000116591
0.000116592
0.000116592
0.000116592
0.000116592
0.000116592
0.000116593
0.000116593
0.000116593
0.000116593
0.000116593
0.000116594
0.000116594
0.000116594
0.000116594
0.000116594
0.000116594
0.000116594
0.000116595
0.000116595
0.000116595
0.000116595
0.000116595
0.000116595
0.000116595
0.000116595
0.000116596
0.000116596
0.000116596
0.000116596
0.000116596
0.000116596
0.000116596
0.000116596
0.000116596
0.000116596
0.000116596
0.000116596
0.000116596
0.000116596
0.000116597
0.000116597
0.000116597
0.000116597
0.000116597
0.000116597
0.000116597
0.000116597
0.000116597
0.000116597
0.000116597
0.000116597
0.000116597
0.000116597
0.000116597
0.000116597
0.000116597
0.000116597
0.000116597
0.000116597
0.000116597
0.000116597
0.000116596
0.000116596
0.000116596
0.000116596
0.000116595
0.000116595
0.000116595
0.000116594
0.000116594
0.000116594
0.000116593
0.000116593
0.000118581
0.000118579
0.000118578
0.000118578
0.000118579
0.000118579
0.000118579
0.000118579
0.000118579
0.000118579
0.00011858
0.00011858
0.00011858
0.00011858
0.00011858
0.00011858
0.000118581
0.000118581
0.000118581
0.000118581
0.000118581
0.000118581
0.000118581
0.000118582
0.000118582
0.000118583
0.000118583
0.000118584
0.000118584
0.000118585
0.000118585
0.000118586
0.000118586
0.000118587
0.000118587
0.000118588
0.000118588
0.000118589
0.000118589
0.00011859
0.00011859
0.000118591
0.000118591
0.000118591
0.000118592
0.000118592
0.000118592
0.000118593
0.000118593
0.000118593
0.000118593
0.000118594
0.000118594
0.000118594
0.000118594
0.000118594
0.000118595
0.000118595
0.000118595
0.000118595
0.000118595
0.000118596
0.000118596
0.000118596
0.000118596
0.000118596
0.000118596
0.000118596
0.000118597
0.000118597
0.000118597
0.000118597
0.000118597
0.000118597
0.000118597
0.000118597
0.000118597
0.000118597
0.000118597
0.000118598
0.000118598
0.000118598
0.000118598
0.000118598
0.000118598
0.000118598
0.000118598
0.000118598
0.000118598
0.000118598
0.000118598
0.000118598
0.000118598
0.000118598
0.000118598
0.000118598
0.000118598
0.000118598
0.000118598
0.000118598
0.000118599
0.000118598
0.000118598
0.000118598
0.000118598
0.000118598
0.000118597
0.000118597
0.000118596
0.000118596
0.000118595
0.000118595
0.000118594
0.000118594
0.000118594
0.000118593
0.000118593
0.000118592
0.000118592
0.000118591
0.000120604
0.000120602
0.000120601
0.000120601
0.000120602
0.000120602
0.000120602
0.000120602
0.000120602
0.000120602
0.000120602
0.000120603
0.000120603
0.000120603
0.000120603
0.000120603
0.000120603
0.000120603
0.000120604
0.000120604
0.000120604
0.000120604
0.000120604
0.000120605
0.000120606
0.000120607
0.000120608
0.000120608
0.000120609
0.00012061
0.000120611
0.000120611
0.000120612
0.000120613
0.000120613
0.000120614
0.000120614
0.000120615
0.000120616
0.000120616
0.000120616
0.000120617
0.000120617
0.000120618
0.000120618
0.000120619
0.000120619
0.000120619
0.00012062
0.00012062
0.00012062
0.00012062
0.000120621
0.000120621
0.000120621
0.000120621
0.000120622
0.000120622
0.000120622
0.000120622
0.000120622
0.000120622
0.000120623
0.000120623
0.000120623
0.000120623
0.000120623
0.000120623
0.000120624
0.000120624
0.000120624
0.000120624
0.000120624
0.000120624
0.000120624
0.000120624
0.000120624
0.000120624
0.000120625
0.000120625
0.000120625
0.000120625
0.000120625
0.000120625
0.000120625
0.000120625
0.000120625
0.000120625
0.000120625
0.000120625
0.000120625
0.000120625
0.000120625
0.000120625
0.000120625
0.000120626
0.000120626
0.000120626
0.000120626
0.000120626
0.000120626
0.000120625
0.000120625
0.000120625
0.000120624
0.000120623
0.000120623
0.000120622
0.000120621
0.00012062
0.000120619
0.000120619
0.000120618
0.000120617
0.000120617
0.000120616
0.000120616
0.000120615
0.000120615
0.000120614
0.000122648
0.000122646
0.000122646
0.000122646
0.000122646
0.000122646
0.000122646
0.000122646
0.000122646
0.000122646
0.000122647
0.000122647
0.000122647
0.000122647
0.000122647
0.000122647
0.000122648
0.000122648
0.000122648
0.000122648
0.000122648
0.000122649
0.000122649
0.000122651
0.000122652
0.000122653
0.000122655
0.000122656
0.000122657
0.000122658
0.000122659
0.00012266
0.00012266
0.000122661
0.000122662
0.000122662
0.000122663
0.000122664
0.000122664
0.000122665
0.000122665
0.000122666
0.000122666
0.000122667
0.000122667
0.000122668
0.000122668
0.000122668
0.000122669
0.000122669
0.000122669
0.00012267
0.00012267
0.00012267
0.00012267
0.000122671
0.000122671
0.000122671
0.000122671
0.000122671
0.000122672
0.000122672
0.000122672
0.000122672
0.000122672
0.000122672
0.000122673
0.000122673
0.000122673
0.000122673
0.000122673
0.000122673
0.000122673
0.000122673
0.000122674
0.000122674
0.000122674
0.000122674
0.000122674
0.000122674
0.000122674
0.000122674
0.000122674
0.000122674
0.000122674
0.000122674
0.000122675
0.000122675
0.000122675
0.000122675
0.000122675
0.000122675
0.000122675
0.000122675
0.000122675
0.000122675
0.000122675
0.000122675
0.000122675
0.000122675
0.000122675
0.000122674
0.000122674
0.000122673
0.000122672
0.00012267
0.000122668
0.000122667
0.000122666
0.000122665
0.000122664
0.000122664
0.000122663
0.000122662
0.000122661
0.000122661
0.00012266
0.000122659
0.000122659
0.000122659
0.00012471
0.000124708
0.000124708
0.000124708
0.000124708
0.000124708
0.000124708
0.000124709
0.000124709
0.000124709
0.000124709
0.000124709
0.000124709
0.000124709
0.00012471
0.00012471
0.00012471
0.00012471
0.00012471
0.00012471
0.00012471
0.000124712
0.000124714
0.000124716
0.000124718
0.00012472
0.000124721
0.000124723
0.000124724
0.000124725
0.000124726
0.000124727
0.000124728
0.000124729
0.00012473
0.00012473
0.000124731
0.000124732
0.000124732
0.000124733
0.000124734
0.000124734
0.000124735
0.000124735
0.000124735
0.000124736
0.000124736
0.000124737
0.000124737
0.000124737
0.000124738
0.000124738
0.000124738
0.000124738
0.000124739
0.000124739
0.000124739
0.000124739
0.00012474
0.00012474
0.00012474
0.00012474
0.00012474
0.00012474
0.000124741
0.000124741
0.000124741
0.000124741
0.000124741
0.000124741
0.000124741
0.000124742
0.000124742
0.000124742
0.000124742
0.000124742
0.000124742
0.000124742
0.000124742
0.000124742
0.000124742
0.000124742
0.000124743
0.000124743
0.000124743
0.000124743
0.000124743
0.000124743
0.000124743
0.000124743
0.000124743
0.000124743
0.000124743
0.000124743
0.000124743
0.000124743
0.000124743
0.000124743
0.000124743
0.000124743
0.000124742
0.000124741
0.00012474
0.000124739
0.000124736
0.000124733
0.000124731
0.00012473
0.000124729
0.000124728
0.000124727
0.000124726
0.000124725
0.000124724
0.000124724
0.000124723
0.000124722
0.000124722
0.000124721
0.000124721
0.000126786
0.000126785
0.000126785
0.000126785
0.000126785
0.000126785
0.000126785
0.000126786
0.000126786
0.000126786
0.000126786
0.000126786
0.000126786
0.000126787
0.000126787
0.000126787
0.000126787
0.000126787
0.000126787
0.000126788
0.000126787
0.000126792
0.000126794
0.000126797
0.0001268
0.000126803
0.000126805
0.000126806
0.000126808
0.000126809
0.00012681
0.000126811
0.000126812
0.000126813
0.000126814
0.000126814
0.000126815
0.000126816
0.000126816
0.000126817
0.000126817
0.000126818
0.000126819
0.000126819
0.000126819
0.00012682
0.00012682
0.000126821
0.000126821
0.000126821
0.000126822
0.000126822
0.000126822
0.000126822
0.000126823
0.000126823
0.000126823
0.000126823
0.000126823
0.000126824
0.000126824
0.000126824
0.000126824
0.000126824
0.000126824
0.000126825
0.000126825
0.000126825
0.000126825
0.000126825
0.000126825
0.000126825
0.000126825
0.000126826
0.000126826
0.000126826
0.000126826
0.000126826
0.000126826
0.000126826
0.000126826
0.000126826
0.000126826
0.000126826
0.000126826
0.000126826
0.000126826
0.000126827
0.000126827
0.000126827
0.000126827
0.000126827
0.000126827
0.000126827
0.000126827
0.000126827
0.000126827
0.000126827
0.000126827
0.000126827
0.000126824
0.000126822
0.00012682
0.00012682
0.000126811
0.000126808
0.000126807
0.000126806
0.000126805
0.000126804
0.000126803
0.000126802
0.000126801
0.000126801
0.0001268
0.000126799
0.000126799
0.000126798
0.000126797
0.000126797
0.000128885
0.000128887
0.000128894
0.000128897
0.0001289
0.000128902
0.000128903
0.000128904
0.000128906
0.000128907
0.000128907
0.000128908
0.000128909
0.00012891
0.000128911
0.000128911
0.000128912
0.000128913
0.000128913
0.000128914
0.000128914
0.000128915
0.000128915
0.000128915
0.000128916
0.000128916
0.000128917
0.000128917
0.000128917
0.000128917
0.000128918
0.000128918
0.000128918
0.000128918
0.000128919
0.000128919
0.000128919
0.000128919
0.000128919
0.00012892
0.00012892
0.00012892
0.00012892
0.00012892
0.00012892
0.00012892
0.000128921
0.000128921
0.000128921
0.000128921
0.000128921
0.000128921
0.000128921
0.000128921
0.000128921
0.000128921
0.000128921
0.000128922
0.000128922
0.000128922
0.000128922
0.000128922
0.000128922
0.000128922
0.000128922
0.000128922
0.000128922
0.000128922
0.000128922
0.000128922
0.000128922
0.000128922
0.000128922
0.000128922
0.000128922
0.000128922
0.000128922
0.000128922
0.000128923
0.000128915
0.000128912
0.000128911
0.000128911
0.000131001
0.000131004
0.000131006
0.000131008
0.000131009
0.00013101
0.000131011
0.000131012
0.000131013
0.000131014
0.000131014
0.000131015
0.000131016
0.000131016
0.000131017
0.000131017
0.000131018
0.000131018
0.000131019
0.000131019
0.00013102
0.00013102
0.00013102
0.000131021
0.000131021
0.000131021
0.000131021
0.000131022
0.000131022
0.000131022
0.000131022
0.000131023
0.000131023
0.000131023
0.000131023
0.000131023
0.000131023
0.000131024
0.000131024
0.000131024
0.000131024
0.000131024
0.000131024
0.000131024
0.000131024
0.000131025
0.000131025
0.000131025
0.000131025
0.000131025
0.000131025
0.000131025
0.000131025
0.000131025
0.000131025
0.000131025
0.000131025
0.000131025
0.000131025
0.000131026
0.000131026
0.000131026
0.000131026
0.000131026
0.000131026
0.000131026
0.000131026
0.000131026
0.000131026
0.000131026
0.000131026
0.000131026
0.000131026
0.000131026
0.000131026
0.000131026
0.000131026
)
;

boundaryField
{
    bottomWall
    {
        type            fixedValue;
        value           nonuniform 0();
    }
    topWall
    {
        type            fixedValue;
        value           nonuniform 0();
    }
    sides1_half0
    {
        type            cyclic;
    }
    sides1_half1
    {
        type            cyclic;
    }
    sides2_half0
    {
        type            cyclic;
    }
    sides2_half1
    {
        type            cyclic;
    }
    inout1_half0
    {
        type            cyclic;
    }
    inout1_half1
    {
        type            cyclic;
    }
    inout2_half0
    {
        type            cyclic;
    }
    inout2_half1
    {
        type            cyclic;
    }
    procBoundary2to1
    {
        type            processor;
        value           nonuniform List<scalar> 
124
(
0.000128886
0.000128884
0.000128884
0.000128884
0.000128885
0.000128885
0.000128885
0.000128885
0.000128885
0.000128886
0.000128886
0.000128886
0.000128886
0.000128886
0.000128887
0.000128887
0.000128887
0.000128887
0.000128887
0.000128888
0.000128887
0.000128904
0.000128904
0.000128904
0.000128903
0.000128902
0.000128902
0.000128901
0.0001289
0.0001289
0.000128899
0.000128899
0.000128898
0.000128897
0.000128897
0.000128896
0.000128896
0.000128887
0.000131005
0.000131003
0.00013102
0.00013102
0.00013102
0.000128904
0.00013102
0.000131003
0.000133132
0.00013313
0.00013313
0.000133131
0.000133132
0.000133132
0.000133133
0.000133134
0.000133134
0.000133135
0.000133135
0.000133136
0.000133136
0.000133137
0.000133137
0.000133138
0.000133138
0.000133139
0.000133139
0.000133139
0.00013314
0.00013314
0.00013314
0.000133141
0.000133141
0.000133141
0.000133141
0.000133142
0.000133142
0.000133142
0.000133142
0.000133142
0.000133142
0.000133143
0.000133143
0.000133143
0.000133143
0.000133143
0.000133143
0.000133143
0.000133144
0.000133144
0.000133144
0.000133144
0.000133144
0.000133144
0.000133144
0.000133144
0.000133144
0.000133144
0.000133144
0.000133144
0.000133144
0.000133144
0.000133144
0.000133145
0.000133145
0.000133145
0.000133145
0.000133145
0.000133145
0.000133145
0.000133145
0.000133145
0.000133145
0.000133145
0.000133145
0.000133145
0.000133145
0.000133145
0.000133145
0.000133145
0.000133145
0.000133145
0.000133145
0.000133145
0.00013102
0.000133145
)
;
    }
    procBoundary2to4
    {
        type            processor;
        value           nonuniform List<scalar> 
59
(
8.34854e-05
8.34857e-05
8.34874e-05
8.34886e-05
8.34896e-05
8.34904e-05
8.34911e-05
8.34917e-05
8.34923e-05
8.34929e-05
8.34934e-05
8.3494e-05
8.34945e-05
8.3495e-05
8.34955e-05
8.3496e-05
8.34964e-05
8.34969e-05
8.34974e-05
8.34978e-05
8.34982e-05
8.34987e-05
8.34991e-05
8.34995e-05
8.34999e-05
8.35003e-05
8.35007e-05
8.35011e-05
8.35014e-05
8.35018e-05
8.35022e-05
8.35025e-05
8.35029e-05
8.35032e-05
8.35036e-05
8.35039e-05
8.35043e-05
8.35046e-05
8.35049e-05
8.35052e-05
8.35055e-05
8.35058e-05
8.35061e-05
8.35064e-05
8.35067e-05
8.3507e-05
8.35073e-05
8.35076e-05
8.35078e-05
8.35081e-05
8.35084e-05
8.35086e-05
8.35089e-05
8.35092e-05
8.35094e-05
8.35097e-05
8.35099e-05
8.35102e-05
8.3509e-05
)
;
    }
    procBoundary2to5
    {
        type            processor;
        value           nonuniform List<scalar> 
61
(
8.34827e-05
8.34802e-05
8.34806e-05
8.34813e-05
8.34821e-05
8.34827e-05
8.34834e-05
8.3484e-05
8.34846e-05
8.34851e-05
8.34857e-05
8.34862e-05
8.34868e-05
8.34873e-05
8.34878e-05
8.34884e-05
8.34889e-05
8.34894e-05
8.34899e-05
8.34904e-05
8.34909e-05
8.34914e-05
8.34919e-05
8.34923e-05
8.34928e-05
8.34933e-05
8.34937e-05
8.34942e-05
8.34946e-05
8.34951e-05
8.34955e-05
8.3496e-05
8.34964e-05
8.34968e-05
8.34972e-05
8.34977e-05
8.34981e-05
8.34985e-05
8.34989e-05
8.34993e-05
8.34997e-05
8.35e-05
8.35004e-05
8.35009e-05
8.34998e-05
8.34945e-05
8.34947e-05
8.34962e-05
8.34973e-05
8.34981e-05
8.34988e-05
8.34993e-05
8.34998e-05
8.35003e-05
8.35007e-05
8.35011e-05
8.35015e-05
8.35019e-05
8.35023e-05
8.35027e-05
8.35012e-05
)
;
    }
}


// ************************************************************************* //
