/*--------------------------------*- C++ -*----------------------------------*\
  =========                 |
  \\      /  F ield         | OpenFOAM: The Open Source CFD Toolbox
   \\    /   O peration     | Website:  https://openfoam.org
    \\  /    A nd           | Version:  7
     \\/     M anipulation  |
\*---------------------------------------------------------------------------*/
FoamFile
{
    version     2.0;
    format      ascii;
    class       volScalarField;
    location    "17500";
    object      nut;
}
// * * * * * * * * * * * * * * * * * * * * * * * * * * * * * * * * * * * * * //

dimensions      [0 2 -1 0 0 0 0];

internalField   nonuniform List<scalar> 
3974
(
0.000270355
0.000270352
0.00027035
0.000270348
0.000270345
0.000270343
0.000270341
0.000270339
0.000270337
0.000270336
0.000270334
0.000270332
0.000270331
0.000270329
0.000270328
0.000270326
0.000270325
0.000270324
0.000270322
0.000270321
0.00027032
0.000270319
0.000270318
0.000270316
0.000270315
0.000270314
0.000270313
0.000270312
0.000270311
0.00027031
0.000270309
0.000270308
0.000270307
0.000270306
0.000270304
0.000270303
0.000270302
0.000270302
0.000284614
0.000284613
0.000284624
0.000284628
0.000284629
0.000284628
0.000284628
0.000284626
0.000284625
0.000284624
0.000284622
0.000284621
0.000284619
0.000284618
0.000284616
0.000284615
0.000284613
0.000284612
0.000284611
0.000284609
0.000284608
0.000284607
0.000284606
0.000284604
0.000284603
0.000284602
0.000284601
0.000284599
0.000284598
0.000284597
0.000284596
0.000284595
0.000284594
0.000284592
0.000284591
0.00028459
0.000284589
0.000284588
0.000284586
0.000284587
0.000284563
0.000284556
0.000299255
0.000299255
0.000299268
0.000299272
0.000299281
0.000299287
0.00029929
0.000299292
0.000299293
0.000299292
0.000299292
0.000299291
0.00029929
0.000299289
0.000299288
0.000299286
0.000299285
0.000299284
0.000299283
0.000299281
0.00029928
0.000299279
0.000299278
0.000299276
0.000299275
0.000299274
0.000299272
0.000299271
0.00029927
0.000299268
0.000299267
0.000299266
0.000299264
0.000299263
0.000299262
0.000299261
0.000299259
0.000299258
0.000299257
0.000299255
0.000299254
0.000299255
0.000299241
0.000299233
0.000299206
0.0002992
0.0002992
0.000299202
0.000299205
0.000299207
0.000299209
0.000299211
0.000299212
0.000299214
0.000299215
0.000299217
0.000299218
0.000299219
0.000299222
0.000314324
0.000314323
0.000314331
0.000314338
0.000314345
0.000314352
0.000314357
0.00031436
0.000314362
0.000314363
0.000314364
0.000314364
0.000314363
0.000314362
0.000314361
0.00031436
0.00031436
0.000314358
0.000314357
0.000314356
0.000314355
0.000314354
0.000314352
0.000314351
0.00031435
0.000314348
0.000314347
0.000314346
0.000314344
0.000314343
0.000314341
0.00031434
0.000314338
0.000314337
0.000314336
0.000314334
0.000314333
0.000314331
0.00031433
0.000314328
0.000314327
0.000314327
0.000314319
0.000314312
0.000314294
0.000314283
0.000314279
0.000314278
0.000314278
0.000314279
0.00031428
0.000314281
0.000314282
0.000314283
0.000314284
0.000314285
0.000314286
0.000314286
0.00031429
0.000329825
0.000329822
0.000329828
0.000329834
0.000329841
0.000329848
0.000329854
0.000329858
0.000329861
0.000329863
0.000329864
0.000329865
0.000329865
0.000329865
0.000329864
0.000329864
0.000329863
0.000329862
0.000329861
0.00032986
0.000329859
0.000329858
0.000329856
0.000329855
0.000329854
0.000329852
0.000329851
0.000329849
0.000329848
0.000329846
0.000329845
0.000329843
0.000329842
0.00032984
0.000329838
0.000329837
0.000329835
0.000329833
0.000329832
0.00032983
0.000329828
0.000329828
0.000329823
0.000329818
0.000329806
0.000329794
0.000329787
0.000329784
0.000329782
0.000329781
0.000329781
0.000329781
0.000329781
0.000329782
0.000329782
0.000329783
0.000329783
0.000329783
0.000329787
0.000345782
0.000345779
0.000345782
0.000345788
0.000345794
0.0003458
0.000345806
0.000345811
0.000345815
0.000345818
0.00034582
0.000345821
0.000345822
0.000345822
0.000345822
0.000345821
0.000345821
0.00034582
0.000345819
0.000345818
0.000345817
0.000345816
0.000345815
0.000345814
0.000345812
0.000345811
0.000345809
0.000345808
0.000345806
0.000345804
0.000345803
0.000345801
0.000345799
0.000345797
0.000345796
0.000345794
0.000345792
0.00034579
0.000345788
0.000345787
0.000345785
0.000345783
0.00034578
0.000345776
0.000345768
0.000345758
0.00034575
0.000345745
0.000345741
0.000345739
0.000345737
0.000345737
0.000345736
0.000345736
0.000345736
0.000345735
0.000345735
0.000345735
0.000345738
0.000362222
0.000362219
0.000362221
0.000362225
0.000362231
0.000362237
0.000362242
0.000362248
0.000362252
0.000362255
0.000362258
0.000362259
0.000362261
0.000362261
0.000362261
0.000362261
0.000362261
0.000362261
0.00036226
0.000362259
0.000362258
0.000362257
0.000362256
0.000362254
0.000362253
0.000362251
0.00036225
0.000362248
0.000362246
0.000362245
0.000362243
0.000362241
0.000362239
0.000362237
0.000362235
0.000362233
0.000362231
0.000362229
0.000362227
0.000362225
0.000362223
0.000362221
0.000362218
0.000362215
0.000362209
0.000362201
0.000362193
0.000362187
0.000362182
0.000362179
0.000362176
0.000362174
0.000362173
0.000362172
0.000362171
0.00036217
0.00036217
0.000362169
0.00036217
0.000379174
0.000379172
0.000379173
0.000379176
0.000379181
0.000379186
0.000379192
0.000379197
0.000379201
0.000379205
0.000379208
0.00037921
0.000379211
0.000379212
0.000379213
0.000379213
0.000379213
0.000379213
0.000379212
0.000379211
0.000379211
0.000379209
0.000379208
0.000379207
0.000379205
0.000379204
0.000379202
0.0003792
0.000379198
0.000379196
0.000379194
0.000379192
0.00037919
0.000379188
0.000379186
0.000379184
0.000379181
0.000379179
0.000379177
0.000379174
0.000379172
0.00037917
0.000379167
0.000379164
0.000379159
0.000379153
0.000379146
0.00037914
0.000379134
0.00037913
0.000379126
0.000379123
0.000379121
0.000379119
0.000379117
0.000379116
0.000379115
0.000379113
0.000379114
0.00039667
0.000396668
0.000396669
0.000396672
0.000396676
0.00039668
0.000396685
0.00039669
0.000396694
0.000396698
0.000396701
0.000396704
0.000396705
0.000396706
0.000396707
0.000396708
0.000396708
0.000396708
0.000396707
0.000396707
0.000396706
0.000396705
0.000396704
0.000396702
0.0003967
0.000396699
0.000396697
0.000396695
0.000396693
0.000396691
0.000396688
0.000396686
0.000396684
0.000396682
0.000396679
0.000396677
0.000396674
0.000396671
0.000396669
0.000396666
0.000396664
0.000396661
0.000396658
0.000396655
0.000396651
0.000396646
0.00039664
0.000396634
0.000396628
0.000396623
0.000396618
0.000396615
0.000396611
0.000396609
0.000396606
0.000396604
0.000396602
0.0003966
0.000396599
0.000414741
0.000414741
0.000414742
0.000414745
0.000414748
0.000414752
0.000414756
0.000414761
0.000414765
0.000414768
0.000414772
0.000414774
0.000414776
0.000414777
0.000414778
0.000414779
0.000414779
0.000414779
0.000414779
0.000414778
0.000414777
0.000414776
0.000414775
0.000414773
0.000414772
0.00041477
0.000414768
0.000414766
0.000414763
0.000414761
0.000414759
0.000414756
0.000414754
0.000414751
0.000414748
0.000414745
0.000414743
0.00041474
0.000414737
0.000414734
0.000414731
0.000414728
0.000414725
0.000414722
0.000414718
0.000414713
0.000414708
0.000414702
0.000414696
0.00041469
0.000414685
0.000414681
0.000414677
0.000414673
0.00041467
0.000414667
0.000414664
0.000414662
0.000414659
0.000433425
0.000433426
0.000433428
0.00043343
0.000433433
0.000433436
0.00043344
0.000433444
0.000433448
0.000433451
0.000433454
0.000433457
0.000433458
0.00043346
0.000433461
0.000433461
0.000433462
0.000433462
0.000433462
0.000433461
0.00043346
0.000433459
0.000433458
0.000433456
0.000433454
0.000433452
0.00043345
0.000433448
0.000433445
0.000433443
0.00043344
0.000433437
0.000433434
0.000433431
0.000433428
0.000433425
0.000433422
0.000433419
0.000433416
0.000433412
0.000433409
0.000433406
0.000433402
0.000433398
0.000433395
0.00043339
0.000433385
0.000433379
0.000433374
0.000433368
0.000433362
0.000433357
0.000433353
0.000433348
0.000433344
0.000433341
0.000433337
0.000433334
0.000433329
0.000452757
0.00045276
0.000452762
0.000452765
0.000452767
0.00045277
0.000452774
0.000452777
0.00045278
0.000452783
0.000452786
0.000452789
0.00045279
0.000452792
0.000452792
0.000452793
0.000452793
0.000452794
0.000452793
0.000452793
0.000452792
0.00045279
0.000452789
0.000452787
0.000452785
0.000452783
0.000452781
0.000452778
0.000452775
0.000452772
0.000452769
0.000452766
0.000452763
0.00045276
0.000452756
0.000452753
0.000452749
0.000452746
0.000452742
0.000452739
0.000452735
0.000452731
0.000452727
0.000452723
0.000452719
0.000452714
0.000452709
0.000452704
0.000452698
0.000452692
0.000452686
0.000452681
0.000452676
0.000452671
0.000452666
0.000452661
0.000452657
0.000452654
0.000452646
0.000472777
0.000472783
0.000472786
0.000472788
0.00047279
0.000472793
0.000472796
0.000472799
0.000472802
0.000472805
0.000472807
0.000472809
0.000472811
0.000472812
0.000472813
0.000472813
0.000472813
0.000472813
0.000472813
0.000472812
0.000472811
0.00047281
0.000472808
0.000472806
0.000472804
0.000472801
0.000472799
0.000472796
0.000472793
0.00047279
0.000472786
0.000472783
0.000472779
0.000472776
0.000472772
0.000472768
0.000472764
0.00047276
0.000472756
0.000472752
0.000472748
0.000472743
0.000472739
0.000472734
0.00047273
0.000472725
0.00047272
0.000472714
0.000472708
0.000472702
0.000472696
0.00047269
0.000472685
0.000472679
0.000472673
0.000472668
0.000472663
0.000472659
0.00047265
0.000493527
0.000493535
0.000493539
0.000493541
0.000493543
0.000493546
0.000493548
0.000493551
0.000493554
0.000493556
0.000493558
0.00049356
0.000493561
0.000493562
0.000493562
0.000493563
0.000493563
0.000493563
0.000493562
0.000493561
0.00049356
0.000493558
0.000493556
0.000493554
0.000493552
0.000493549
0.000493546
0.000493543
0.000493539
0.000493536
0.000493532
0.000493528
0.000493524
0.00049352
0.000493516
0.000493511
0.000493507
0.000493502
0.000493498
0.000493493
0.000493489
0.000493484
0.000493479
0.000493474
0.000493469
0.000493464
0.000493458
0.000493452
0.000493446
0.00049344
0.000493434
0.000493427
0.000493421
0.000493414
0.000493408
0.000493402
0.000493396
0.000493392
0.00049338
0.000515049
0.000515061
0.000515065
0.000515067
0.00051507
0.000515072
0.000515074
0.000515077
0.000515079
0.000515081
0.000515083
0.000515084
0.000515085
0.000515085
0.000515085
0.000515085
0.000515085
0.000515085
0.000515084
0.000515083
0.000515081
0.000515079
0.000515077
0.000515075
0.000515072
0.000515069
0.000515065
0.000515061
0.000515058
0.000515054
0.000515049
0.000515045
0.000515041
0.000515036
0.000515031
0.000515027
0.000515022
0.000515017
0.000515011
0.000515006
0.000515001
0.000514996
0.00051499
0.000514985
0.000514979
0.000514973
0.000514967
0.000514961
0.000514955
0.000514948
0.000514941
0.000514934
0.000514927
0.00051492
0.000514914
0.000514907
0.0005149
0.000514896
0.00051488
0.00053739
0.000537405
0.00053741
0.000537412
0.000537415
0.000537417
0.000537419
0.000537421
0.000537423
0.000537425
0.000537426
0.000537427
0.000537427
0.000537427
0.000537427
0.000537427
0.000537426
0.000537425
0.000537424
0.000537423
0.000537421
0.000537418
0.000537416
0.000537413
0.00053741
0.000537406
0.000537402
0.000537398
0.000537394
0.000537389
0.000537384
0.00053738
0.000537375
0.000537369
0.000537364
0.000537359
0.000537353
0.000537348
0.000537342
0.000537336
0.00053733
0.000537324
0.000537318
0.000537312
0.000537306
0.000537299
0.000537293
0.000537286
0.000537279
0.000537272
0.000537265
0.000537257
0.00053725
0.000537242
0.000537235
0.000537228
0.00053722
0.000537215
0.000537197
0.000560596
0.000560615
0.000560621
0.000560624
0.000560626
0.000560628
0.00056063
0.000560632
0.000560634
0.000560635
0.000560635
0.000560636
0.000560636
0.000560635
0.000560635
0.000560634
0.000560633
0.000560632
0.00056063
0.000560628
0.000560626
0.000560623
0.00056062
0.000560616
0.000560613
0.000560609
0.000560604
0.0005606
0.000560595
0.00056059
0.000560584
0.000560579
0.000560573
0.000560568
0.000560562
0.000560556
0.00056055
0.000560543
0.000560537
0.00056053
0.000560524
0.000560517
0.00056051
0.000560503
0.000560496
0.000560489
0.000560482
0.000560475
0.000560467
0.000560459
0.000560452
0.000560444
0.000560435
0.000560427
0.000560419
0.000560411
0.000560402
0.000560397
0.000560375
0.000584718
0.000584742
0.000584748
0.000584751
0.000584754
0.000584756
0.000584758
0.000584759
0.00058476
0.000584761
0.000584761
0.000584761
0.00058476
0.000584759
0.000584758
0.000584757
0.000584755
0.000584753
0.000584751
0.000584749
0.000584746
0.000584743
0.000584739
0.000584735
0.000584731
0.000584726
0.000584721
0.000584716
0.00058471
0.000584705
0.000584699
0.000584693
0.000584686
0.00058468
0.000584673
0.000584667
0.00058466
0.000584653
0.000584645
0.000584638
0.000584631
0.000584623
0.000584616
0.000584608
0.0005846
0.000584592
0.000584584
0.000584576
0.000584568
0.00058456
0.000584551
0.000584542
0.000584533
0.000584524
0.000584515
0.000584507
0.000584497
0.000584492
0.000584467
0.000609807
0.000609835
0.000609843
0.000609846
0.000609848
0.00060985
0.000609852
0.000609853
0.000609854
0.000609854
0.000609854
0.000609853
0.000609852
0.000609851
0.000609849
0.000609847
0.000609845
0.000609842
0.00060984
0.000609836
0.000609833
0.000609829
0.000609825
0.00060982
0.000609815
0.00060981
0.000609804
0.000609798
0.000609792
0.000609785
0.000609779
0.000609772
0.000609765
0.000609758
0.00060975
0.000609743
0.000609735
0.000609727
0.000609719
0.000609711
0.000609703
0.000609695
0.000609686
0.000609677
0.000609669
0.00060966
0.000609651
0.000609642
0.000609633
0.000609624
0.000609615
0.000609605
0.000609596
0.000609586
0.000609576
0.000609566
0.000609556
0.00060955
0.000609521
0.000635917
0.00063595
0.000635959
0.000635962
0.000635964
0.000635966
0.000635968
0.000635969
0.000635969
0.000635969
0.000635968
0.000635966
0.000635965
0.000635963
0.00063596
0.000635958
0.000635955
0.000635952
0.000635948
0.000635944
0.00063594
0.000635935
0.00063593
0.000635925
0.000635919
0.000635913
0.000635906
0.0006359
0.000635893
0.000635886
0.000635878
0.000635871
0.000635863
0.000635855
0.000635846
0.000635838
0.000635829
0.000635821
0.000635812
0.000635803
0.000635794
0.000635784
0.000635775
0.000635765
0.000635756
0.000635746
0.000635736
0.000635726
0.000635717
0.000635706
0.000635696
0.000635686
0.000635675
0.000635664
0.000635654
0.000635643
0.000635632
0.000635625
0.000635592
0.000663102
0.000663141
0.000663151
0.000663155
0.000663157
0.000663159
0.00066316
0.00066316
0.00066316
0.000663159
0.000663158
0.000663156
0.000663154
0.000663151
0.000663148
0.000663145
0.000663141
0.000663137
0.000663132
0.000663128
0.000663123
0.000663117
0.000663111
0.000663105
0.000663098
0.000663091
0.000663084
0.000663076
0.000663069
0.000663061
0.000663052
0.000663044
0.000663035
0.000663026
0.000663016
0.000663007
0.000662998
0.000662988
0.000662978
0.000662968
0.000662958
0.000662948
0.000662937
0.000662926
0.000662916
0.000662905
0.000662894
0.000662883
0.000662873
0.000662861
0.00066285
0.000662839
0.000662827
0.000662815
0.000662803
0.000662792
0.00066278
0.000662773
0.000662735
0.000691421
0.000691466
0.000691477
0.000691481
0.000691483
0.000691485
0.000691485
0.000691485
0.000691485
0.000691483
0.000691481
0.000691479
0.000691476
0.000691472
0.000691468
0.000691464
0.00069146
0.000691455
0.00069145
0.000691444
0.000691438
0.000691432
0.000691425
0.000691418
0.00069141
0.000691402
0.000691393
0.000691385
0.000691376
0.000691367
0.000691358
0.000691348
0.000691338
0.000691328
0.000691318
0.000691307
0.000691297
0.000691286
0.000691275
0.000691264
0.000691253
0.000691241
0.00069123
0.000691218
0.000691206
0.000691194
0.000691182
0.00069117
0.000691158
0.000691146
0.000691134
0.000691121
0.000691108
0.000691095
0.000691083
0.00069107
0.000691056
0.000691049
0.000691007
0.000720931
0.000720983
0.000720996
0.000721
0.000721002
0.000721003
0.000721003
0.000721003
0.000721001
0.000720999
0.000720997
0.000720993
0.000720989
0.000720985
0.00072098
0.000720975
0.00072097
0.000720964
0.000720958
0.000720952
0.000720945
0.000720937
0.000720929
0.000720921
0.000720912
0.000720903
0.000720893
0.000720884
0.000720874
0.000720864
0.000720853
0.000720842
0.000720831
0.00072082
0.000720809
0.000720797
0.000720785
0.000720773
0.000720761
0.000720749
0.000720736
0.000720724
0.000720711
0.000720698
0.000720685
0.000720672
0.000720659
0.000720646
0.000720632
0.000720619
0.000720605
0.000720591
0.000720577
0.000720563
0.000720549
0.000720536
0.000720521
0.000720512
0.000720466
0.000751692
0.000751752
0.000751767
0.000751771
0.000751772
0.000751773
0.000751773
0.000751772
0.00075177
0.000751767
0.000751764
0.00075176
0.000751755
0.00075175
0.000751744
0.000751738
0.000751732
0.000751725
0.000751718
0.00075171
0.000751702
0.000751693
0.000751684
0.000751675
0.000751665
0.000751654
0.000751644
0.000751633
0.000751622
0.00075161
0.000751599
0.000751587
0.000751574
0.000751562
0.000751549
0.000751536
0.000751523
0.00075151
0.000751497
0.000751483
0.000751469
0.000751455
0.000751441
0.000751427
0.000751412
0.000751398
0.000751384
0.000751369
0.000751354
0.00075134
0.000751325
0.000751309
0.000751294
0.000751279
0.000751264
0.000751248
0.000751232
0.000751223
0.000751172
0.000783767
0.000783835
0.000783851
0.000783855
0.000783857
0.000783857
0.000783856
0.000783855
0.000783852
0.000783848
0.000783844
0.000783839
0.000783834
0.000783827
0.000783821
0.000783814
0.000783806
0.000783798
0.00078379
0.000783781
0.000783772
0.000783762
0.000783751
0.000783741
0.000783729
0.000783717
0.000783705
0.000783693
0.000783681
0.000783668
0.000783655
0.000783642
0.000783628
0.000783614
0.0007836
0.000783586
0.000783571
0.000783557
0.000783542
0.000783527
0.000783512
0.000783496
0.000783481
0.000783465
0.000783449
0.000783434
0.000783418
0.000783402
0.000783385
0.000783369
0.000783353
0.000783336
0.000783319
0.000783303
0.000783286
0.000783269
0.000783251
0.000783241
0.000783185
0.000817216
0.000817293
0.000817311
0.000817316
0.000817317
0.000817317
0.000817315
0.000817313
0.000817309
0.000817305
0.000817299
0.000817294
0.000817287
0.00081728
0.000817272
0.000817263
0.000817255
0.000817246
0.000817236
0.000817226
0.000817215
0.000817204
0.000817192
0.00081718
0.000817167
0.000817154
0.000817141
0.000817127
0.000817113
0.000817099
0.000817084
0.000817069
0.000817054
0.000817039
0.000817023
0.000817008
0.000816992
0.000816975
0.000816959
0.000816943
0.000816926
0.000816909
0.000816892
0.000816875
0.000816857
0.00081684
0.000816823
0.000816805
0.000816787
0.000816769
0.000816751
0.000816733
0.000816715
0.000816697
0.000816678
0.00081666
0.000816641
0.00081663
0.000816568
0.000852103
0.000852189
0.00085221
0.000852214
0.000852215
0.000852214
0.000852212
0.000852209
0.000852204
0.000852199
0.000852192
0.000852185
0.000852178
0.000852169
0.00085216
0.000852151
0.000852141
0.00085213
0.000852119
0.000852108
0.000852096
0.000852083
0.00085207
0.000852056
0.000852042
0.000852027
0.000852012
0.000851996
0.000851981
0.000851965
0.000851949
0.000851932
0.000851915
0.000851898
0.000851881
0.000851864
0.000851846
0.000851829
0.000851811
0.000851792
0.000851774
0.000851756
0.000851737
0.000851718
0.000851699
0.00085168
0.000851661
0.000851642
0.000851622
0.000851602
0.000851583
0.000851563
0.000851543
0.000851523
0.000851503
0.000851484
0.000851462
0.00085145
0.000851383
0.00088849
0.000888587
0.000888609
0.000888614
0.000888614
0.000888613
0.00088861
0.000888605
0.0008886
0.000888593
0.000888586
0.000888577
0.000888568
0.000888559
0.000888548
0.000888537
0.000888526
0.000888514
0.000888502
0.000888489
0.000888475
0.00088846
0.000888446
0.00088843
0.000888414
0.000888398
0.000888381
0.000888364
0.000888347
0.000888329
0.000888311
0.000888292
0.000888274
0.000888255
0.000888236
0.000888217
0.000888198
0.000888179
0.000888159
0.000888139
0.000888119
0.000888099
0.000888078
0.000888057
0.000888036
0.000888016
0.000887995
0.000887974
0.000887952
0.000887931
0.00088791
0.000887888
0.000887866
0.000887845
0.000887823
0.000887801
0.000887778
0.000887764
0.000887692
0.000926439
0.000926547
0.000926572
0.000926576
0.000926576
0.000926574
0.00092657
0.000926565
0.000926558
0.00092655
0.000926541
0.000926532
0.000926521
0.00092651
0.000926498
0.000926486
0.000926473
0.00092646
0.000926445
0.000926431
0.000926415
0.000926399
0.000926382
0.000926365
0.000926348
0.000926329
0.00092631
0.000926292
0.000926273
0.000926253
0.000926233
0.000926213
0.000926192
0.000926172
0.000926151
0.00092613
0.000926109
0.000926088
0.000926066
0.000926044
0.000926022
0.000926
0.000925977
0.000925955
0.000925932
0.000925909
0.000925887
0.000925864
0.00092584
0.000925817
0.000925794
0.00092577
0.000925747
0.000925723
0.000925699
0.000925676
0.000925651
0.000925636
0.000925558
0.000966012
0.000966132
0.000966159
0.000966164
0.000966163
0.00096616
0.000966155
0.000966149
0.000966141
0.000966131
0.000966121
0.00096611
0.000966098
0.000966085
0.000966072
0.000966058
0.000966043
0.000966028
0.000966012
0.000965996
0.000965978
0.00096596
0.000965942
0.000965923
0.000965903
0.000965882
0.000965862
0.000965841
0.00096582
0.000965798
0.000965776
0.000965754
0.000965732
0.000965709
0.000965686
0.000965663
0.00096564
0.000965617
0.000965593
0.000965569
0.000965545
0.000965521
0.000965496
0.000965472
0.000965447
0.000965422
0.000965398
0.000965373
0.000965347
0.000965322
0.000965297
0.000965271
0.000965245
0.00096522
0.000965194
0.000965169
0.000965141
0.000965124
0.000965042
0.00100727
0.0010074
0.00100743
0.00100744
0.00100743
0.00100743
0.00100742
0.00100742
0.00100741
0.0010074
0.00100738
0.00100737
0.00100736
0.00100734
0.00100733
0.00100731
0.0010073
0.00100728
0.00100726
0.00100724
0.00100722
0.0010072
0.00100718
0.00100716
0.00100714
0.00100712
0.00100709
0.00100707
0.00100705
0.00100702
0.001007
0.00100698
0.00100695
0.00100693
0.0010069
0.00100688
0.00100685
0.00100683
0.0010068
0.00100677
0.00100675
0.00100672
0.00100669
0.00100667
0.00100664
0.00100661
0.00100659
0.00100656
0.00100653
0.00100651
0.00100648
0.00100645
0.00100642
0.00100639
0.00100637
0.00100634
0.00100631
0.00100629
0.0010062
0.00105027
0.00105041
0.00105045
0.00105045
0.00105045
0.00105044
0.00105044
0.00105043
0.00105042
0.0010504
0.00105039
0.00105038
0.00105036
0.00105034
0.00105033
0.00105031
0.00105029
0.00105027
0.00105025
0.00105023
0.00105021
0.00105019
0.00105016
0.00105014
0.00105012
0.00105009
0.00105007
0.00105004
0.00105002
0.00104999
0.00104996
0.00104994
0.00104991
0.00104988
0.00104986
0.00104983
0.0010498
0.00104977
0.00104974
0.00104972
0.00104969
0.00104966
0.00104963
0.0010496
0.00104957
0.00104954
0.00104951
0.00104948
0.00104945
0.00104942
0.0010494
0.00104937
0.00104933
0.0010493
0.00104927
0.00104924
0.00104921
0.00104919
0.0010491
0.00109506
0.00109522
0.00109526
0.00109526
0.00109526
0.00109525
0.00109525
0.00109523
0.00109522
0.00109521
0.00109519
0.00109518
0.00109516
0.00109514
0.00109512
0.0010951
0.00109508
0.00109506
0.00109504
0.00109501
0.00109499
0.00109497
0.00109494
0.00109491
0.00109489
0.00109486
0.00109483
0.00109481
0.00109478
0.00109475
0.00109472
0.00109469
0.00109466
0.00109463
0.0010946
0.00109457
0.00109454
0.00109451
0.00109448
0.00109445
0.00109442
0.00109439
0.00109436
0.00109433
0.00109429
0.00109426
0.00109423
0.0010942
0.00109417
0.00109414
0.0010941
0.00109407
0.00109404
0.00109401
0.00109397
0.00109394
0.00109391
0.00109388
0.00109379
0.00114171
0.00114188
0.00114192
0.00114192
0.00114192
0.00114191
0.0011419
0.00114189
0.00114188
0.00114186
0.00114184
0.00114182
0.0011418
0.00114178
0.00114176
0.00114174
0.00114172
0.00114169
0.00114167
0.00114164
0.00114162
0.00114159
0.00114156
0.00114153
0.0011415
0.00114147
0.00114144
0.00114141
0.00114138
0.00114135
0.00114132
0.00114129
0.00114126
0.00114122
0.00114119
0.00114116
0.00114113
0.00114109
0.00114106
0.00114103
0.001141
0.00114096
0.00114093
0.00114089
0.00114086
0.00114083
0.00114079
0.00114076
0.00114072
0.00114069
0.00114065
0.00114062
0.00114058
0.00114055
0.00114051
0.00114048
0.00114044
0.00114042
0.00114032
0.00119025
0.00119044
0.00119048
0.00119048
0.00119048
0.00119047
0.00119045
0.00119044
0.00119042
0.00119041
0.00119039
0.00119036
0.00119034
0.00119032
0.0011903
0.00119027
0.00119025
0.00119022
0.00119019
0.00119016
0.00119014
0.00119011
0.00119008
0.00119004
0.00119001
0.00118998
0.00118995
0.00118991
0.00118988
0.00118985
0.00118981
0.00118978
0.00118974
0.00118971
0.00118967
0.00118964
0.0011896
0.00118957
0.00118953
0.0011895
0.00118946
0.00118942
0.00118939
0.00118935
0.00118931
0.00118928
0.00118924
0.0011892
0.00118917
0.00118913
0.00118909
0.00118905
0.00118902
0.00118898
0.00118894
0.0011889
0.00118886
0.00118884
0.00118873
0.00124072
0.00124093
0.00124097
0.00124097
0.00124097
0.00124096
0.00124094
0.00124093
0.00124091
0.00124089
0.00124086
0.00124084
0.00124082
0.00124079
0.00124076
0.00124074
0.00124071
0.00124068
0.00124065
0.00124062
0.00124059
0.00124056
0.00124052
0.00124049
0.00124045
0.00124042
0.00124038
0.00124035
0.00124031
0.00124027
0.00124024
0.0012402
0.00124016
0.00124012
0.00124009
0.00124005
0.00124001
0.00123997
0.00123993
0.00123989
0.00123985
0.00123982
0.00123978
0.00123974
0.0012397
0.00123966
0.00123962
0.00123958
0.00123954
0.0012395
0.00123946
0.00123942
0.00123938
0.00123934
0.0012393
0.00123926
0.00123922
0.00123918
0.00123908
0.00129316
0.00129339
0.00129343
0.00129344
0.00129343
0.00129342
0.0012934
0.00129338
0.00129336
0.00129334
0.00129331
0.00129328
0.00129326
0.00129323
0.0012932
0.00129317
0.00129314
0.00129311
0.00129308
0.00129304
0.00129301
0.00129297
0.00129293
0.0012929
0.00129286
0.00129282
0.00129278
0.00129274
0.0012927
0.00129266
0.00129262
0.00129258
0.00129254
0.0012925
0.00129246
0.00129242
0.00129238
0.00129234
0.0012923
0.00129225
0.00129221
0.00129217
0.00129213
0.00129209
0.00129204
0.001292
0.00129196
0.00129192
0.00129187
0.00129183
0.00129179
0.00129175
0.0012917
0.00129166
0.00129162
0.00129157
0.00129153
0.00129149
0.00129139
0.0013476
0.00134784
0.00134789
0.0013479
0.00134789
0.00134787
0.00134785
0.00134783
0.00134781
0.00134778
0.00134775
0.00134772
0.00134769
0.00134766
0.00134763
0.0013476
0.00134756
0.00134753
0.00134749
0.00134746
0.00134742
0.00134738
0.00134734
0.0013473
0.00134726
0.00134722
0.00134717
0.00134713
0.00134709
0.00134705
0.001347
0.00134696
0.00134692
0.00134687
0.00134683
0.00134678
0.00134674
0.0013467
0.00134665
0.00134661
0.00134656
0.00134652
0.00134647
0.00134643
0.00134638
0.00134634
0.00134629
0.00134624
0.0013462
0.00134615
0.00134611
0.00134606
0.00134601
0.00134597
0.00134592
0.00134588
0.00134583
0.00134579
0.00134568
0.00140405
0.00140431
0.00140436
0.00140437
0.00140435
0.00140434
0.00140431
0.00140429
0.00140426
0.00140423
0.0014042
0.00140417
0.00140414
0.0014041
0.00140407
0.00140403
0.001404
0.00140396
0.00140392
0.00140388
0.00140384
0.0014038
0.00140375
0.00140371
0.00140366
0.00140362
0.00140357
0.00140353
0.00140348
0.00140344
0.00140339
0.00140334
0.0014033
0.00140325
0.0014032
0.00140315
0.00140311
0.00140306
0.00140301
0.00140296
0.00140292
0.00140287
0.00140282
0.00140277
0.00140272
0.00140267
0.00140263
0.00140258
0.00140253
0.00140248
0.00140243
0.00140238
0.00140233
0.00140228
0.00140223
0.00140219
0.00140214
0.00140209
0.00140199
0.00146252
0.0014628
0.00146285
0.00146285
0.00146284
0.00146282
0.00146279
0.00146277
0.00146274
0.00146271
0.00146267
0.00146264
0.0014626
0.00146256
0.00146252
0.00146248
0.00146244
0.0014624
0.00146236
0.00146232
0.00146227
0.00146223
0.00146218
0.00146213
0.00146208
0.00146203
0.00146199
0.00146194
0.00146189
0.00146184
0.00146179
0.00146174
0.00146169
0.00146164
0.00146159
0.00146153
0.00146148
0.00146143
0.00146138
0.00146133
0.00146128
0.00146123
0.00146118
0.00146113
0.00146108
0.00146102
0.00146097
0.00146092
0.00146087
0.00146082
0.00146076
0.00146071
0.00146066
0.00146061
0.00146056
0.0014605
0.00146045
0.00146041
0.0014603
0.001523
0.0015233
0.00152335
0.00152335
0.00152333
0.00152331
0.00152328
0.00152325
0.00152322
0.00152319
0.00152315
0.00152311
0.00152307
0.00152303
0.00152299
0.00152294
0.0015229
0.00152285
0.00152281
0.00152276
0.00152271
0.00152266
0.00152261
0.00152256
0.00152251
0.00152246
0.0015224
0.00152235
0.0015223
0.00152224
0.00152219
0.00152214
0.00152208
0.00152203
0.00152197
0.00152192
0.00152187
0.00152181
0.00152176
0.0015217
0.00152165
0.0015216
0.00152154
0.00152149
0.00152143
0.00152138
0.00152132
0.00152127
0.00152121
0.00152116
0.0015211
0.00152105
0.00152099
0.00152094
0.00152088
0.00152083
0.00152077
0.00152072
0.00152062
0.00158546
0.00158578
0.00158584
0.00158584
0.00158582
0.00158579
0.00158576
0.00158573
0.00158569
0.00158565
0.00158561
0.00158557
0.00158552
0.00158548
0.00158543
0.00158539
0.00158534
0.00158529
0.00158524
0.00158519
0.00158514
0.00158508
0.00158503
0.00158497
0.00158492
0.00158486
0.0015848
0.00158475
0.00158469
0.00158463
0.00158458
0.00158452
0.00158446
0.0015844
0.00158435
0.00158429
0.00158423
0.00158417
0.00158412
0.00158406
0.001584
0.00158394
0.00158389
0.00158383
0.00158377
0.00158371
0.00158365
0.0015836
0.00158354
0.00158348
0.00158342
0.00158336
0.00158331
0.00158325
0.00158319
0.00158313
0.00158307
0.00158302
0.00158292
0.00164988
0.00165022
0.00165028
0.00165028
0.00165025
0.00165022
0.00165019
0.00165015
0.00165011
0.00165007
0.00165002
0.00164998
0.00164993
0.00164988
0.00164983
0.00164978
0.00164973
0.00164967
0.00164962
0.00164957
0.00164951
0.00164945
0.00164939
0.00164933
0.00164927
0.00164921
0.00164915
0.00164909
0.00164903
0.00164897
0.00164891
0.00164885
0.00164879
0.00164872
0.00164866
0.0016486
0.00164854
0.00164848
0.00164842
0.00164836
0.0016483
0.00164824
0.00164818
0.00164811
0.00164805
0.00164799
0.00164793
0.00164787
0.00164781
0.00164775
0.00164769
0.00164762
0.00164756
0.0016475
0.00164744
0.00164738
0.00164732
0.00164726
0.00164717
0.0017162
0.00171655
0.00171662
0.00171661
0.00171658
0.00171655
0.00171651
0.00171647
0.00171643
0.00171638
0.00171633
0.00171628
0.00171623
0.00171617
0.00171612
0.00171607
0.00171601
0.00171595
0.00171589
0.00171583
0.00171577
0.00171571
0.00171565
0.00171558
0.00171552
0.00171546
0.00171539
0.00171533
0.00171526
0.0017152
0.00171513
0.00171507
0.001715
0.00171494
0.00171487
0.00171481
0.00171474
0.00171468
0.00171461
0.00171455
0.00171448
0.00171442
0.00171436
0.00171429
0.00171423
0.00171416
0.0017141
0.00171403
0.00171397
0.00171391
0.00171384
0.00171378
0.00171371
0.00171365
0.00171358
0.00171352
0.00171345
0.00171339
0.00171331
0.00178433
0.00178471
0.00178477
0.00178476
0.00178473
0.0017847
0.00178465
0.00178461
0.00178456
0.00178451
0.00178446
0.0017844
0.00178434
0.00178429
0.00178423
0.00178417
0.00178411
0.00178405
0.00178398
0.00178392
0.00178385
0.00178379
0.00178372
0.00178365
0.00178358
0.00178352
0.00178345
0.00178338
0.00178331
0.00178324
0.00178317
0.0017831
0.00178303
0.00178296
0.0017829
0.00178283
0.00178276
0.00178269
0.00178262
0.00178256
0.00178249
0.00178242
0.00178235
0.00178228
0.00178222
0.00178215
0.00178208
0.00178201
0.00178195
0.00178188
0.00178181
0.00178174
0.00178168
0.00178161
0.00178154
0.00178147
0.00178141
0.00178134
0.00178126
0.00185419
0.00185459
0.00185466
0.00185464
0.00185461
0.00185457
0.00185452
0.00185447
0.00185442
0.00185436
0.0018543
0.00185424
0.00185418
0.00185412
0.00185406
0.00185399
0.00185393
0.00185386
0.0018538
0.00185373
0.00185366
0.00185359
0.00185351
0.00185344
0.00185337
0.00185329
0.00185322
0.00185315
0.00185307
0.001853
0.00185293
0.00185286
0.00185278
0.00185271
0.00185264
0.00185257
0.00185249
0.00185242
0.00185235
0.00185228
0.00185221
0.00185214
0.00185207
0.00185199
0.00185192
0.00185185
0.00185178
0.00185171
0.00185164
0.00185157
0.0018515
0.00185143
0.00185136
0.00185129
0.00185122
0.00185115
0.00185108
0.00185101
0.00185094
0.00192565
0.00192607
0.00192614
0.00192612
0.00192609
0.00192604
0.00192599
0.00192593
0.00192587
0.00192581
0.00192575
0.00192569
0.00192562
0.00192555
0.00192549
0.00192542
0.00192535
0.00192528
0.0019252
0.00192513
0.00192506
0.00192498
0.0019249
0.00192483
0.00192475
0.00192467
0.00192459
0.00192451
0.00192444
0.00192436
0.00192428
0.00192421
0.00192413
0.00192405
0.00192398
0.0019239
0.00192383
0.00192375
0.00192368
0.0019236
0.00192353
0.00192345
0.00192338
0.0019233
0.00192323
0.00192315
0.00192308
0.00192301
0.00192293
0.00192286
0.00192279
0.00192271
0.00192264
0.00192257
0.00192249
0.00192242
0.00192235
0.00192227
0.00192222
0.00199857
0.00199901
0.00199908
0.00199906
0.00199901
0.00199896
0.00199891
0.00199885
0.00199878
0.00199872
0.00199865
0.00199858
0.00199851
0.00199844
0.00199836
0.00199829
0.00199822
0.00199814
0.00199806
0.00199799
0.00199791
0.00199783
0.00199774
0.00199766
0.00199758
0.0019975
0.00199741
0.00199733
0.00199725
0.00199717
0.00199709
0.00199701
0.00199693
0.00199684
0.00199676
0.00199669
0.00199661
0.00199653
0.00199645
0.00199637
0.00199629
0.00199621
0.00199614
0.00199606
0.00199598
0.0019959
0.00199583
0.00199575
0.00199567
0.0019956
0.00199552
0.00199545
0.00199537
0.00199529
0.00199522
0.00199514
0.00199507
0.00199499
0.00199495
0.00207277
0.00207322
0.00207329
0.00207327
0.00207322
0.00207316
0.0020731
0.00207303
0.00207297
0.00207289
0.00207282
0.00207275
0.00207267
0.00207259
0.00207252
0.00207244
0.00207236
0.00207228
0.0020722
0.00207211
0.00207203
0.00207194
0.00207186
0.00207177
0.00207168
0.0020716
0.00207151
0.00207142
0.00207133
0.00207125
0.00207116
0.00207108
0.00207099
0.00207091
0.00207082
0.00207074
0.00207066
0.00207058
0.00207049
0.00207041
0.00207033
0.00207025
0.00207017
0.00207009
0.00207001
0.00206993
0.00206985
0.00206977
0.00206969
0.00206961
0.00206953
0.00206945
0.00206937
0.00206929
0.00206922
0.00206914
0.00206906
0.00206898
0.00206896
0.00214803
0.00214851
0.00214857
0.00214855
0.00214849
0.00214843
0.00214836
0.00214829
0.00214822
0.00214814
0.00214806
0.00214798
0.0021479
0.00214782
0.00214773
0.00214765
0.00214757
0.00214748
0.00214739
0.00214731
0.00214722
0.00214713
0.00214703
0.00214694
0.00214685
0.00214676
0.00214667
0.00214657
0.00214648
0.00214639
0.0021463
0.00214621
0.00214612
0.00214604
0.00214595
0.00214586
0.00214577
0.00214569
0.0021456
0.00214552
0.00214543
0.00214535
0.00214526
0.00214518
0.0021451
0.00214501
0.00214493
0.00214485
0.00214477
0.00214469
0.0021446
0.00214452
0.00214444
0.00214436
0.00214428
0.0021442
0.00214412
0.00214403
0.00214404
0.00222412
0.00222462
0.00222468
0.00222465
0.00222459
0.00222452
0.00222445
0.00222437
0.00222429
0.00222421
0.00222412
0.00222404
0.00222395
0.00222386
0.00222377
0.00222368
0.00222359
0.0022235
0.00222341
0.00222332
0.00222322
0.00222313
0.00222303
0.00222294
0.00222284
0.00222274
0.00222264
0.00222255
0.00222245
0.00222236
0.00222226
0.00222217
0.00222207
0.00222198
0.00222189
0.0022218
0.00222171
0.00222162
0.00222153
0.00222144
0.00222135
0.00222127
0.00222118
0.00222109
0.00222101
0.00222092
0.00222084
0.00222075
0.00222067
0.00222058
0.0022205
0.00222041
0.00222033
0.00222025
0.00222017
0.00222008
0.00222
0.00221991
0.00221994
0.00230076
0.00230127
0.00230133
0.0023013
0.00230123
0.00230115
0.00230107
0.00230099
0.0023009
0.00230082
0.00230073
0.00230063
0.00230054
0.00230045
0.00230036
0.00230026
0.00230017
0.00230007
0.00229997
0.00229987
0.00229977
0.00229967
0.00229957
0.00229947
0.00229937
0.00229926
0.00229916
0.00229906
0.00229896
0.00229886
0.00229876
0.00229866
0.00229857
0.00229847
0.00229838
0.00229828
0.00229819
0.00229809
0.002298
0.00229791
0.00229782
0.00229773
0.00229764
0.00229755
0.00229746
0.00229737
0.00229728
0.0022972
0.00229711
0.00229702
0.00229694
0.00229685
0.00229677
0.00229668
0.0022966
0.00229651
0.00229643
0.00229633
0.00229638
0.00237762
0.00237815
0.00237822
0.00237817
0.0023781
0.00237802
0.00237793
0.00237784
0.00237775
0.00237765
0.00237755
0.00237746
0.00237736
0.00237726
0.00237716
0.00237706
0.00237696
0.00237686
0.00237676
0.00237665
0.00237655
0.00237644
0.00237633
0.00237623
0.00237612
0.00237601
0.0023759
0.0023758
0.00237569
0.00237559
0.00237549
0.00237538
0.00237528
0.00237518
0.00237508
0.00237499
0.00237489
0.00237479
0.0023747
0.0023746
0.00237451
0.00237441
0.00237432
0.00237423
0.00237414
0.00237405
0.00237396
0.00237387
0.00237378
0.00237369
0.0023736
0.00237351
0.00237343
0.00237334
0.00237325
0.00237317
0.00237308
0.00237298
0.00237306
0.00245436
0.0024549
0.00245496
0.00245491
0.00245483
0.00245474
0.00245465
0.00245455
0.00245445
0.00245435
0.00245425
0.00245415
0.00245404
0.00245394
0.00245383
0.00245373
0.00245362
0.00245351
0.0024534
0.0024533
0.00245319
0.00245307
0.00245296
0.00245285
0.00245274
0.00245262
0.00245251
0.0024524
0.00245229
0.00245218
0.00245207
0.00245197
0.00245186
0.00245176
0.00245166
0.00245155
0.00245145
0.00245135
0.00245125
0.00245116
0.00245106
0.00245096
0.00245087
0.00245077
0.00245068
0.00245059
0.00245049
0.0024504
0.00245031
0.00245022
0.00245013
0.00245004
0.00244995
0.00244986
0.00244978
0.00244969
0.0024496
0.0024495
0.00244961
0.00253056
0.00253112
0.00253118
0.00253112
0.00253103
0.00253094
0.00253084
0.00253073
0.00253063
0.00253052
0.00253041
0.0025303
0.00253019
0.00253008
0.00252997
0.00252985
0.00252974
0.00252963
0.00252951
0.0025294
0.00252928
0.00252917
0.00252905
0.00252893
0.00252881
0.0025287
0.00252858
0.00252846
0.00252835
0.00252824
0.00252812
0.00252801
0.0025279
0.0025278
0.00252769
0.00252758
0.00252748
0.00252738
0.00252728
0.00252718
0.00252708
0.00252698
0.00252688
0.00252678
0.00252669
0.00252659
0.0025265
0.0025264
0.00252631
0.00252622
0.00252613
0.00252604
0.00252595
0.00252586
0.00252577
0.00252568
0.00252559
0.00252549
0.00252563
0.00260578
0.00260636
0.00260642
0.00260635
0.00260625
0.00260615
0.00260604
0.00260593
0.00260582
0.0026057
0.00260559
0.00260547
0.00260535
0.00260523
0.00260512
0.002605
0.00260488
0.00260476
0.00260464
0.00260452
0.0026044
0.00260428
0.00260415
0.00260403
0.00260391
0.00260378
0.00260366
0.00260354
0.00260342
0.0026033
0.00260319
0.00260307
0.00260296
0.00260285
0.00260274
0.00260263
0.00260252
0.00260242
0.00260231
0.00260221
0.00260211
0.00260201
0.00260191
0.00260181
0.00260171
0.00260162
0.00260152
0.00260142
0.00260133
0.00260124
0.00260114
0.00260105
0.00260096
0.00260087
0.00260078
0.00260069
0.0026006
0.00260049
0.00260067
0.00267953
0.00268013
0.00268018
0.00268011
0.00268
0.00267989
0.00267978
0.00267966
0.00267954
0.00267941
0.00267929
0.00267916
0.00267904
0.00267891
0.00267879
0.00267867
0.00267854
0.00267841
0.00267829
0.00267816
0.00267804
0.00267791
0.00267778
0.00267765
0.00267752
0.0026774
0.00267727
0.00267714
0.00267702
0.0026769
0.00267678
0.00267666
0.00267654
0.00267643
0.00267632
0.0026762
0.00267609
0.00267599
0.00267588
0.00267577
0.00267567
0.00267557
0.00267547
0.00267537
0.00267527
0.00267517
0.00267507
0.00267497
0.00267488
0.00267478
0.00267469
0.0026746
0.0026745
0.00267441
0.00267432
0.00267423
0.00267414
0.00267404
0.00267424
0.00275128
0.0027519
0.00275194
0.00275186
0.00275175
0.00275163
0.0027515
0.00275138
0.00275125
0.00275111
0.00275098
0.00275085
0.00275072
0.00275058
0.00275045
0.00275032
0.00275019
0.00275006
0.00274992
0.00274979
0.00274966
0.00274953
0.00274939
0.00274926
0.00274913
0.00274899
0.00274886
0.00274873
0.00274861
0.00274848
0.00274836
0.00274824
0.00274812
0.002748
0.00274788
0.00274777
0.00274766
0.00274755
0.00274744
0.00274733
0.00274722
0.00274712
0.00274702
0.00274691
0.00274681
0.00274671
0.00274662
0.00274652
0.00274642
0.00274633
0.00274623
0.00274614
0.00274605
0.00274596
0.00274586
0.00274577
0.00274569
0.00274558
0.00274582
0.00282045
0.00282108
0.00282112
0.00282103
0.00282091
0.00282078
0.00282065
0.00282051
0.00282037
0.00282023
0.00282008
0.00281994
0.0028198
0.00281966
0.00281952
0.00281938
0.00281924
0.0028191
0.00281897
0.00281883
0.00281869
0.00281855
0.00281841
0.00281828
0.00281814
0.002818
0.00281787
0.00281774
0.0028176
0.00281748
0.00281735
0.00281722
0.0028171
0.00281698
0.00281686
0.00281675
0.00281663
0.00281652
0.00281641
0.0028163
0.00281619
0.00281609
0.00281598
0.00281588
0.00281578
0.00281568
0.00281558
0.00281548
0.00281539
0.00281529
0.0028152
0.0028151
0.00281501
0.00281492
0.00281483
0.00281474
0.00281465
0.00281454
0.00281482
0.00288642
0.00288707
0.0028871
0.002887
0.00288687
0.00288673
0.00288658
0.00288643
0.00288628
0.00288613
0.00288598
0.00288582
0.00288567
0.00288552
0.00288538
0.00288523
0.00288508
0.00288494
0.00288479
0.00288465
0.00288451
0.00288437
0.00288422
0.00288408
0.00288394
0.0028838
0.00288366
0.00288353
0.00288339
0.00288326
0.00288313
0.00288301
0.00288288
0.00288276
0.00288264
0.00288252
0.00288241
0.00288229
0.00288218
0.00288207
0.00288196
0.00288186
0.00288175
0.00288165
0.00288155
0.00288145
0.00288135
0.00288125
0.00288115
0.00288106
0.00288096
0.00288087
0.00288078
0.00288069
0.0028806
0.00288051
0.00288042
0.00288032
0.00288063
0.00294854
0.0029492
0.00294923
0.00294912
0.00294898
0.00294882
0.00294866
0.00294849
0.00294833
0.00294816
0.002948
0.00294783
0.00294767
0.00294751
0.00294736
0.0029472
0.00294705
0.0029469
0.00294675
0.00294661
0.00294646
0.00294631
0.00294617
0.00294602
0.00294588
0.00294574
0.0029456
0.00294546
0.00294532
0.00294519
0.00294506
0.00294493
0.0029448
0.00294468
0.00294456
0.00294444
0.00294433
0.00294421
0.0029441
0.00294399
0.00294388
0.00294378
0.00294367
0.00294357
0.00294347
0.00294337
0.00294327
0.00294317
0.00294308
0.00294298
0.00294289
0.0029428
0.0029427
0.00294261
0.00294253
0.00294244
0.00294235
0.00294225
0.00294259
0.00300613
0.0030068
0.00300682
0.0030067
0.00300653
0.00300636
0.00300618
0.003006
0.00300581
0.00300563
0.00300546
0.00300528
0.00300511
0.00300494
0.00300478
0.00300462
0.00300446
0.00300431
0.00300416
0.00300401
0.00300386
0.00300371
0.00300356
0.00300342
0.00300327
0.00300313
0.00300299
0.00300285
0.00300271
0.00300258
0.00300245
0.00300232
0.00300219
0.00300207
0.00300195
0.00300183
0.00300171
0.0030016
0.00300149
0.00300138
0.00300127
0.00300117
0.00300106
0.00300096
0.00300086
0.00300076
0.00300066
0.00300057
0.00300047
0.00300038
0.00300029
0.0030002
0.00300011
0.00300002
0.00299993
0.00299984
0.00299976
0.00299966
0.00300004
0.00305848
0.00305916
0.00305917
0.00305902
0.00305883
0.00305863
0.00305843
0.00305822
0.00305802
0.00305783
0.00305764
0.00305746
0.00305728
0.00305711
0.00305694
0.00305677
0.00305661
0.00305646
0.0030563
0.00305615
0.003056
0.00305585
0.00305571
0.00305556
0.00305542
0.00305527
0.00305513
0.00305499
0.00305486
0.00305472
0.00305459
0.00305447
0.00305434
0.00305422
0.0030541
0.00305398
0.00305387
0.00305376
0.00305365
0.00305354
0.00305343
0.00305333
0.00305322
0.00305312
0.00305302
0.00305293
0.00305283
0.00305274
0.00305264
0.00305255
0.00305246
0.00305237
0.00305229
0.0030522
0.00305212
0.00305203
0.00305195
0.00305185
0.00305227
0.00310489
0.00310557
0.00310555
0.00310536
0.00310514
0.0031049
0.00310467
0.00310445
0.00310424
0.00310403
0.00310383
0.00310364
0.00310346
0.00310329
0.00310312
0.00310295
0.00310279
0.00310263
0.00310248
0.00310233
0.00310218
0.00310203
0.00310189
0.00310175
0.0031016
0.00310146
0.00310133
0.00310119
0.00310106
0.00310093
0.0031008
0.00310067
0.00310055
0.00310043
0.00310031
0.0031002
0.00310008
0.00309997
0.00309987
0.00309976
0.00309966
0.00309956
0.00309945
0.00309936
0.00309926
0.00309917
0.00309907
0.00309898
0.00309889
0.0030988
0.00309871
0.00309863
0.00309854
0.00309846
0.00309838
0.0030983
0.00309822
0.00309812
0.00309857
0.00314465
0.0031453
0.00314522
0.00314498
0.0031447
0.00314443
0.00314418
0.00314394
0.00314372
0.00314351
0.00314331
0.00314312
0.00314294
0.00314277
0.0031426
0.00314244
0.00314229
0.00314213
0.00314198
0.00314184
0.00314169
0.00314155
0.00314141
0.00314127
0.00314114
0.003141
0.00314087
0.00314073
0.0031406
0.00314048
0.00314035
0.00314023
0.00314011
0.00314
0.00313988
0.00313977
0.00313966
0.00313956
0.00313945
0.00313935
0.00313925
0.00313915
0.00313905
0.00313896
0.00313886
0.00313877
0.00313868
0.00313859
0.00313851
0.00313842
0.00313834
0.00313826
0.00313817
0.00313809
0.00313802
0.00313794
0.00313786
0.00313777
0.00313824
0.00317704
0.0031776
0.00317742
0.0031771
0.00317679
0.0031765
0.00317624
0.003176
0.00317578
0.00317558
0.00317539
0.00317521
0.00317504
0.00317488
0.00317472
0.00317457
0.00317442
0.00317427
0.00317413
0.00317399
0.00317386
0.00317372
0.00317359
0.00317346
0.00317333
0.0031732
0.00317307
0.00317295
0.00317282
0.0031727
0.00317258
0.00317247
0.00317235
0.00317224
0.00317213
0.00317203
0.00317192
0.00317182
0.00317172
0.00317162
0.00317153
0.00317143
0.00317134
0.00317125
0.00317116
0.00317107
0.00317098
0.0031709
0.00317082
0.00317073
0.00317065
0.00317057
0.0031705
0.00317042
0.00317035
0.00317027
0.0031702
0.00317011
0.0031706
0.00320135
0.00320171
0.00320138
0.003201
0.00320068
0.00320041
0.00320018
0.00319996
0.00319977
0.00319959
0.00319942
0.00319926
0.00319911
0.00319896
0.00319881
0.00319868
0.00319854
0.00319841
0.00319828
0.00319815
0.00319803
0.0031979
0.00319778
0.00319765
0.00319753
0.00319741
0.00319729
0.00319718
0.00319706
0.00319695
0.00319683
0.00319673
0.00319662
0.00319651
0.00319641
0.00319631
0.00319621
0.00319612
0.00319602
0.00319593
0.00319584
0.00319575
0.00319566
0.00319557
0.00319549
0.00319541
0.00319532
0.00319524
0.00319517
0.00319509
0.00319501
0.00319494
0.00319486
0.00319479
0.00319472
0.00319465
0.00319458
0.0031945
0.00319498
0.00321677
0.00321669
0.0032163
0.00321599
0.00321576
0.00321557
0.00321539
0.00321523
0.00321508
0.00321493
0.0032148
0.00321466
0.00321453
0.00321441
0.00321428
0.00321416
0.00321404
0.00321393
0.00321381
0.0032137
0.00321359
0.00321347
0.00321336
0.00321325
0.00321314
0.00321303
0.00321292
0.00321281
0.00321271
0.0032126
0.0032125
0.0032124
0.0032123
0.0032122
0.00321211
0.00321201
0.00321192
0.00321183
0.00321174
0.00321166
0.00321157
0.00321149
0.0032114
0.00321132
0.00321124
0.00321117
0.00321109
0.00321101
0.00321094
0.00321087
0.0032108
0.00321073
0.00321066
0.00321059
0.00321053
0.00321046
0.0032104
0.00321032
0.00321072
)
;

boundaryField
{
    bottomWall
    {
        type            nutUWallFunction;
        Cmu             0.09;
        kappa           0.41;
        E               9.8;
        value           nonuniform 0();
    }
    topWall
    {
        type            nutUWallFunction;
        Cmu             0.09;
        kappa           0.41;
        E               9.8;
        value           nonuniform 0();
    }
    sides1_half0
    {
        type            cyclic;
    }
    sides1_half1
    {
        type            cyclic;
    }
    sides2_half0
    {
        type            cyclic;
    }
    sides2_half1
    {
        type            cyclic;
    }
    inout1_half0
    {
        type            cyclic;
    }
    inout1_half1
    {
        type            cyclic;
    }
    inout2_half0
    {
        type            cyclic;
    }
    inout2_half1
    {
        type            cyclic;
    }
    procBoundary4to2
    {
        type            processor;
        value           nonuniform List<scalar> 
59
(
0.00321702
0.0032177
0.00321792
0.00321793
0.00321787
0.00321778
0.00321769
0.00321759
0.00321749
0.00321738
0.00321728
0.00321718
0.00321708
0.00321698
0.00321688
0.00321678
0.00321668
0.00321658
0.00321648
0.00321638
0.00321629
0.00321619
0.00321609
0.00321599
0.00321589
0.00321579
0.00321569
0.00321559
0.0032155
0.0032154
0.00321531
0.00321522
0.00321512
0.00321504
0.00321495
0.00321486
0.00321478
0.00321469
0.00321461
0.00321453
0.00321445
0.00321437
0.0032143
0.00321422
0.00321415
0.00321407
0.003214
0.00321393
0.00321386
0.0032138
0.00321373
0.00321367
0.0032136
0.00321354
0.00321348
0.00321341
0.00321335
0.00321329
0.00321336
)
;
    }
    procBoundary4to3
    {
        type            processor;
        value           nonuniform List<scalar> 
63
(
0.000256488
0.000256476
0.00025647
0.000256466
0.000256463
0.00025646
0.000256457
0.000256455
0.000256453
0.000256451
0.000256449
0.000256447
0.000256446
0.000256444
0.000256442
0.000256441
0.00025644
0.000256438
0.000256437
0.000256436
0.000256435
0.000256434
0.000256433
0.000256431
0.00025643
0.000256429
0.000256428
0.000256427
0.000256426
0.000256425
0.000256424
0.000256423
0.000256422
0.000256421
0.000256421
0.00025642
0.000256419
0.000256417
0.000270383
0.000270376
0.000270376
0.000270296
0.000270296
0.000270301
0.000284632
0.000284632
0.000284632
0.000284552
0.000284552
0.00028456
0.000284566
0.00028457
0.000284574
0.000284577
0.000284579
0.000284582
0.000284584
0.000284586
0.000284588
0.00028459
0.000284591
0.000284592
0.000284595
)
;
    }
    procBoundary4to5
    {
        type            processor;
        value           nonuniform List<scalar> 
132
(
0.00029927
0.000299209
0.000314341
0.000314273
0.000329842
0.00032977
0.000345797
0.000345723
0.000362234
0.000362158
0.000379181
0.000379106
0.000396671
0.000396596
0.000414736
0.000414663
0.000433412
0.000433341
0.000452735
0.000452667
0.000472744
0.00047268
0.000493482
0.000493422
0.00051499
0.000514936
0.000537315
0.000537268
0.000560504
0.000560464
0.000584606
0.000584574
0.000609673
0.00060965
0.000635759
0.000635745
0.000662917
0.000662915
0.000691206
0.000691216
0.000720684
0.000720707
0.00075141
0.000751448
0.000783446
0.0007835
0.000816853
0.000816925
0.000851695
0.000851785
0.000888033
0.000888143
0.00092593
0.000926062
0.000965447
0.000965602
0.00100664
0.00100682
0.00104958
0.00104978
0.00109431
0.00109454
0.00114088
0.00114114
0.00118934
0.00118963
0.00123974
0.00124006
0.0012921
0.00129245
0.00134645
0.00134684
0.00140281
0.00140323
0.00146118
0.00146164
0.00152156
0.00152206
0.00158393
0.00158446
0.00164824
0.00164881
0.00171445
0.00171506
0.00178248
0.00178313
0.00185223
0.00185292
0.00192358
0.00192431
0.00199639
0.00199715
0.00207047
0.00207127
0.00214562
0.00214646
0.0022216
0.00222248
0.00229812
0.00229904
0.00237488
0.00237584
0.0024515
0.0024525
0.00252759
0.00252863
0.0026027
0.00260379
0.00267634
0.00267747
0.00274798
0.00274916
0.00281704
0.00281827
0.0028829
0.00288419
0.00294492
0.00294626
0.00300241
0.0030038
0.00305468
0.00305611
0.00310101
0.00310249
0.00314071
0.00314222
0.00317309
0.00317459
0.00319748
0.00319889
0.00321322
0.0032143
)
;
    }
}


// ************************************************************************* //
