/*--------------------------------*- C++ -*----------------------------------*\
  =========                 |
  \\      /  F ield         | OpenFOAM: The Open Source CFD Toolbox
   \\    /   O peration     | Website:  https://openfoam.org
    \\  /    A nd           | Version:  7
     \\/     M anipulation  |
\*---------------------------------------------------------------------------*/
FoamFile
{
    version     2.0;
    format      ascii;
    class       volScalarField;
    location    "1500";
    object      omega;
}
// * * * * * * * * * * * * * * * * * * * * * * * * * * * * * * * * * * * * * //

dimensions      [0 0 -1 0 0 0 0];

internalField   nonuniform List<scalar> 
4037
(
0.636304
0.636301
0.636303
0.636305
0.636306
0.636308
0.636311
0.636314
0.636317
0.63632
0.636324
0.636328
0.636332
0.636337
0.636342
0.636347
0.636352
0.636357
0.636362
0.636367
0.636372
0.636377
0.636382
0.636387
0.636391
0.636395
0.636399
0.636402
0.636405
0.636408
0.63641
0.636412
0.636414
0.636415
0.636416
0.636416
0.636416
0.636416
0.636416
0.636415
0.636414
0.636413
0.636412
0.636411
0.63641
0.636409
0.636408
0.636407
0.636406
0.636405
0.636404
0.636403
0.636402
0.636401
0.6364
0.636399
0.636399
0.636398
0.636398
0.636397
0.636397
0.636397
0.636397
0.636396
0.636396
0.636396
0.636397
0.636397
0.636397
0.636397
0.636397
0.636397
0.636397
0.636398
0.636398
0.636398
0.636397
0.675933
0.675921
0.675917
0.675914
0.675912
0.67591
0.675908
0.675906
0.675904
0.675903
0.675901
0.6759
0.675899
0.675897
0.675897
0.675896
0.675895
0.675895
0.675894
0.675894
0.675895
0.675895
0.675896
0.675898
0.675917
0.675924
0.675928
0.675931
0.675934
0.675937
0.675939
0.675943
0.675946
0.675949
0.675953
0.675958
0.675962
0.675967
0.675971
0.675976
0.675982
0.675987
0.675992
0.675997
0.676002
0.676007
0.676012
0.676016
0.676021
0.676024
0.676028
0.676031
0.676034
0.676036
0.676038
0.67604
0.676041
0.676042
0.676042
0.676042
0.676042
0.676041
0.676041
0.67604
0.676039
0.676038
0.676036
0.676035
0.676034
0.676032
0.676031
0.676029
0.676028
0.676027
0.676026
0.676025
0.676024
0.676023
0.676022
0.676021
0.67602
0.67602
0.676019
0.676019
0.676018
0.676018
0.676018
0.676018
0.676018
0.676017
0.676018
0.676018
0.676018
0.676018
0.676018
0.676018
0.676018
0.676018
0.676018
0.676018
0.67602
0.675981
0.675972
0.675973
0.675975
0.675977
0.675978
0.675979
0.675979
0.675979
0.675979
0.675979
0.675979
0.675978
0.675977
0.675976
0.675975
0.675974
0.67597
0.675979
0.718243
0.718233
0.718229
0.718226
0.718223
0.71822
0.718218
0.718216
0.718214
0.718212
0.71821
0.718208
0.718207
0.718205
0.718204
0.718203
0.718203
0.718202
0.718202
0.718202
0.718202
0.718202
0.718203
0.718204
0.718214
0.718221
0.718225
0.718229
0.718231
0.718234
0.718237
0.71824
0.718244
0.718247
0.718251
0.718256
0.71826
0.718265
0.718269
0.718274
0.71828
0.718285
0.71829
0.718295
0.7183
0.718305
0.718309
0.718314
0.718318
0.718321
0.718324
0.718327
0.71833
0.718332
0.718334
0.718335
0.718336
0.718336
0.718336
0.718336
0.718335
0.718334
0.718333
0.718332
0.718331
0.718329
0.718328
0.718326
0.718324
0.718323
0.718321
0.71832
0.718318
0.718317
0.718316
0.718314
0.718313
0.718312
0.718311
0.71831
0.71831
0.718309
0.718308
0.718308
0.718307
0.718307
0.718307
0.718306
0.718306
0.718306
0.718306
0.718306
0.718306
0.718306
0.718306
0.718306
0.718306
0.718306
0.718306
0.718306
0.718308
0.718291
0.71828
0.718276
0.718276
0.718276
0.718276
0.718277
0.718277
0.718276
0.718276
0.718276
0.718275
0.718274
0.718273
0.718272
0.71827
0.718269
0.718266
0.718272
0.76352
0.763514
0.76351
0.763506
0.763503
0.7635
0.763497
0.763494
0.763491
0.763489
0.763487
0.763485
0.763483
0.763482
0.763481
0.76348
0.763479
0.763478
0.763478
0.763478
0.763478
0.763478
0.763479
0.76348
0.763484
0.763487
0.763491
0.763493
0.763496
0.763499
0.763501
0.763504
0.763508
0.763511
0.763515
0.763519
0.763524
0.763528
0.763533
0.763538
0.763543
0.763548
0.763553
0.763558
0.763563
0.763567
0.763572
0.763576
0.763579
0.763583
0.763586
0.763588
0.763591
0.763592
0.763594
0.763594
0.763595
0.763595
0.763595
0.763594
0.763593
0.763592
0.763591
0.763589
0.763587
0.763586
0.763584
0.763582
0.76358
0.763578
0.763577
0.763575
0.763573
0.763572
0.76357
0.763569
0.763568
0.763567
0.763566
0.763565
0.763564
0.763563
0.763563
0.763562
0.763561
0.763561
0.763561
0.76356
0.76356
0.76356
0.76356
0.76356
0.76356
0.76356
0.76356
0.76356
0.76356
0.763559
0.763559
0.763559
0.76356
0.763555
0.763548
0.763545
0.763543
0.763542
0.763542
0.763542
0.763542
0.763541
0.763541
0.76354
0.763539
0.763538
0.763537
0.763535
0.763534
0.763533
0.763531
0.763533
0.812114
0.812111
0.812107
0.812103
0.812099
0.812095
0.812091
0.812088
0.812085
0.812083
0.81208
0.812078
0.812076
0.812075
0.812073
0.812072
0.812071
0.81207
0.81207
0.81207
0.81207
0.81207
0.812071
0.812072
0.812073
0.812075
0.812077
0.812079
0.812081
0.812083
0.812085
0.812088
0.812091
0.812094
0.812098
0.812102
0.812106
0.812111
0.812115
0.81212
0.812125
0.81213
0.812135
0.812139
0.812144
0.812148
0.812152
0.812156
0.81216
0.812163
0.812165
0.812168
0.81217
0.812171
0.812172
0.812172
0.812172
0.812172
0.812171
0.812171
0.812169
0.812168
0.812166
0.812164
0.812162
0.81216
0.812158
0.812156
0.812154
0.812152
0.81215
0.812149
0.812147
0.812145
0.812144
0.812142
0.812141
0.81214
0.812139
0.812138
0.812137
0.812136
0.812135
0.812135
0.812134
0.812134
0.812133
0.812133
0.812133
0.812132
0.812132
0.812132
0.812132
0.812132
0.812132
0.812132
0.812131
0.812131
0.812131
0.81213
0.81213
0.812129
0.812127
0.812125
0.812124
0.812123
0.812123
0.812122
0.812122
0.812122
0.812121
0.81212
0.812119
0.812118
0.812117
0.812115
0.812114
0.812112
0.812111
0.81211
0.864439
0.864439
0.864435
0.86443
0.864426
0.864421
0.864417
0.864413
0.86441
0.864407
0.864404
0.864402
0.8644
0.864398
0.864396
0.864395
0.864394
0.864393
0.864393
0.864392
0.864392
0.864393
0.864393
0.864394
0.864395
0.864396
0.864397
0.864398
0.864399
0.864401
0.864403
0.864405
0.864408
0.864411
0.864414
0.864418
0.864422
0.864426
0.864431
0.864435
0.86444
0.864444
0.864449
0.864454
0.864458
0.864462
0.864466
0.864469
0.864472
0.864475
0.864478
0.864479
0.864481
0.864482
0.864483
0.864483
0.864482
0.864482
0.864481
0.864479
0.864478
0.864476
0.864474
0.864472
0.86447
0.864467
0.864465
0.864463
0.864461
0.864459
0.864457
0.864455
0.864453
0.864451
0.86445
0.864448
0.864447
0.864446
0.864445
0.864444
0.864443
0.864442
0.864441
0.86444
0.86444
0.864439
0.864439
0.864438
0.864438
0.864438
0.864437
0.864437
0.864437
0.864437
0.864436
0.864436
0.864436
0.864436
0.864435
0.864435
0.864434
0.864434
0.864434
0.864434
0.864433
0.864433
0.864433
0.864433
0.864432
0.864432
0.864431
0.86443
0.864429
0.864428
0.864427
0.864425
0.864424
0.864422
0.864421
0.864418
0.920981
0.920986
0.920982
0.920976
0.920971
0.920965
0.920961
0.920956
0.920952
0.920949
0.920946
0.920943
0.920941
0.920939
0.920938
0.920936
0.920935
0.920934
0.920934
0.920933
0.920933
0.920933
0.920934
0.920935
0.920936
0.920937
0.920937
0.920937
0.920938
0.920939
0.92094
0.920942
0.920945
0.920948
0.920951
0.920954
0.920958
0.920962
0.920966
0.92097
0.920975
0.920979
0.920983
0.920988
0.920992
0.920995
0.920999
0.921002
0.921005
0.921007
0.921009
0.921011
0.921012
0.921013
0.921013
0.921012
0.921012
0.921011
0.921009
0.921008
0.921006
0.921004
0.921002
0.920999
0.920997
0.920995
0.920992
0.92099
0.920987
0.920985
0.920983
0.920981
0.920979
0.920978
0.920976
0.920975
0.920973
0.920972
0.920971
0.92097
0.920969
0.920968
0.920967
0.920966
0.920965
0.920965
0.920964
0.920964
0.920963
0.920963
0.920963
0.920962
0.920962
0.920962
0.920961
0.920961
0.920961
0.92096
0.92096
0.920959
0.920959
0.920959
0.920959
0.92096
0.92096
0.92096
0.920961
0.920961
0.92096
0.92096
0.920959
0.920959
0.920958
0.920956
0.920955
0.920954
0.920952
0.92095
0.92095
0.920944
0.982319
0.982327
0.982323
0.982317
0.982311
0.982305
0.982299
0.982294
0.98229
0.982286
0.982283
0.98228
0.982277
0.982275
0.982274
0.982272
0.982271
0.98227
0.982269
0.982269
0.982269
0.982269
0.982269
0.982271
0.982272
0.982272
0.982272
0.982272
0.982273
0.982273
0.982274
0.982276
0.982278
0.982281
0.982283
0.982287
0.98229
0.982294
0.982298
0.982302
0.982306
0.98231
0.982314
0.982318
0.982321
0.982325
0.982328
0.982331
0.982333
0.982335
0.982337
0.982338
0.982339
0.982339
0.982339
0.982338
0.982337
0.982336
0.982334
0.982332
0.98233
0.982328
0.982325
0.982323
0.98232
0.982318
0.982315
0.982313
0.98231
0.982308
0.982306
0.982304
0.982302
0.9823
0.982298
0.982297
0.982295
0.982294
0.982293
0.982292
0.982291
0.98229
0.982289
0.982288
0.982287
0.982287
0.982286
0.982285
0.982285
0.982285
0.982284
0.982284
0.982283
0.982283
0.982283
0.982282
0.982282
0.982281
0.982281
0.98228
0.982279
0.982279
0.982279
0.98228
0.982281
0.982282
0.982282
0.982283
0.982283
0.982283
0.982282
0.982281
0.98228
0.982279
0.982278
0.982276
0.982275
0.982273
0.982274
0.982265
1.04914
1.04915
1.04914
1.04914
1.04913
1.04912
1.04912
1.04911
1.04911
1.0491
1.0491
1.0491
1.04909
1.04909
1.04909
1.04909
1.04909
1.04909
1.04908
1.04908
1.04908
1.04908
1.04908
1.04909
1.04909
1.04909
1.04909
1.04909
1.04909
1.04909
1.04909
1.04909
1.04909
1.04909
1.0491
1.0491
1.0491
1.04911
1.04911
1.04911
1.04912
1.04912
1.04913
1.04913
1.04913
1.04913
1.04914
1.04914
1.04914
1.04914
1.04915
1.04915
1.04915
1.04915
1.04915
1.04914
1.04914
1.04914
1.04914
1.04914
1.04914
1.04913
1.04913
1.04913
1.04912
1.04912
1.04912
1.04912
1.04911
1.04911
1.04911
1.04911
1.04911
1.0491
1.0491
1.0491
1.0491
1.0491
1.0491
1.0491
1.04909
1.04909
1.04909
1.04909
1.04909
1.04909
1.04909
1.04909
1.04909
1.04909
1.04909
1.04909
1.04909
1.04909
1.04909
1.04908
1.04908
1.04908
1.04908
1.04908
1.04908
1.04908
1.04908
1.04908
1.04908
1.04908
1.04908
1.04908
1.04908
1.04908
1.04908
1.04908
1.04908
1.04908
1.04908
1.04908
1.04908
1.04908
1.04908
1.04907
1.12226
1.12227
1.12227
1.12226
1.12225
1.12224
1.12223
1.12223
1.12222
1.12222
1.12221
1.12221
1.12221
1.12221
1.1222
1.1222
1.1222
1.1222
1.1222
1.1222
1.1222
1.1222
1.1222
1.1222
1.1222
1.1222
1.1222
1.1222
1.1222
1.1222
1.1222
1.12221
1.12221
1.12221
1.12221
1.12221
1.12222
1.12222
1.12222
1.12223
1.12223
1.12223
1.12224
1.12224
1.12224
1.12225
1.12225
1.12225
1.12225
1.12225
1.12225
1.12225
1.12225
1.12225
1.12225
1.12225
1.12225
1.12225
1.12225
1.12224
1.12224
1.12224
1.12223
1.12223
1.12223
1.12223
1.12222
1.12222
1.12222
1.12222
1.12221
1.12221
1.12221
1.12221
1.12221
1.1222
1.1222
1.1222
1.1222
1.1222
1.1222
1.1222
1.1222
1.1222
1.12219
1.12219
1.12219
1.12219
1.12219
1.12219
1.12219
1.12219
1.12219
1.12219
1.12219
1.12219
1.12219
1.12219
1.12219
1.12218
1.12218
1.12218
1.12218
1.12218
1.12218
1.12218
1.12219
1.12219
1.12219
1.12219
1.12219
1.12219
1.12218
1.12218
1.12218
1.12218
1.12218
1.12218
1.12218
1.12217
1.20266
1.20268
1.20267
1.20266
1.20265
1.20265
1.20264
1.20263
1.20263
1.20262
1.20262
1.20261
1.20261
1.20261
1.20261
1.2026
1.2026
1.2026
1.2026
1.2026
1.2026
1.2026
1.2026
1.2026
1.2026
1.2026
1.2026
1.2026
1.2026
1.20261
1.20261
1.20261
1.20261
1.20261
1.20261
1.20261
1.20262
1.20262
1.20262
1.20263
1.20263
1.20263
1.20263
1.20264
1.20264
1.20264
1.20264
1.20265
1.20265
1.20265
1.20265
1.20265
1.20265
1.20265
1.20265
1.20264
1.20264
1.20264
1.20264
1.20264
1.20263
1.20263
1.20263
1.20262
1.20262
1.20262
1.20262
1.20261
1.20261
1.20261
1.20261
1.2026
1.2026
1.2026
1.2026
1.2026
1.20259
1.20259
1.20259
1.20259
1.20259
1.20259
1.20259
1.20259
1.20259
1.20258
1.20258
1.20258
1.20258
1.20258
1.20258
1.20258
1.20258
1.20258
1.20258
1.20258
1.20258
1.20258
1.20257
1.20257
1.20257
1.20257
1.20257
1.20257
1.20257
1.20257
1.20257
1.20257
1.20257
1.20257
1.20257
1.20257
1.20257
1.20257
1.20257
1.20257
1.20257
1.20257
1.20257
1.20255
1.29155
1.29157
1.29156
1.29155
1.29154
1.29153
1.29152
1.29152
1.29151
1.2915
1.2915
1.2915
1.29149
1.29149
1.29149
1.29149
1.29148
1.29148
1.29148
1.29148
1.29148
1.29148
1.29148
1.29148
1.29148
1.29149
1.29149
1.29149
1.29149
1.29149
1.29149
1.29149
1.29149
1.29149
1.29149
1.2915
1.2915
1.2915
1.2915
1.29151
1.29151
1.29151
1.29151
1.29152
1.29152
1.29152
1.29152
1.29152
1.29152
1.29153
1.29153
1.29153
1.29152
1.29152
1.29152
1.29152
1.29152
1.29152
1.29151
1.29151
1.29151
1.2915
1.2915
1.2915
1.2915
1.29149
1.29149
1.29149
1.29148
1.29148
1.29148
1.29148
1.29148
1.29147
1.29147
1.29147
1.29147
1.29147
1.29147
1.29147
1.29146
1.29146
1.29146
1.29146
1.29146
1.29146
1.29146
1.29146
1.29146
1.29146
1.29145
1.29145
1.29145
1.29145
1.29145
1.29145
1.29145
1.29145
1.29145
1.29145
1.29145
1.29144
1.29144
1.29144
1.29144
1.29144
1.29144
1.29144
1.29144
1.29144
1.29144
1.29144
1.29144
1.29144
1.29144
1.29144
1.29144
1.29144
1.29144
1.29142
1.39038
1.3904
1.3904
1.39039
1.39037
1.39036
1.39035
1.39035
1.39034
1.39033
1.39033
1.39032
1.39032
1.39032
1.39031
1.39031
1.39031
1.39031
1.39031
1.39031
1.39031
1.39031
1.39031
1.39031
1.39031
1.39031
1.39031
1.39031
1.39032
1.39032
1.39032
1.39032
1.39032
1.39032
1.39032
1.39032
1.39033
1.39033
1.39033
1.39033
1.39033
1.39034
1.39034
1.39034
1.39034
1.39034
1.39035
1.39035
1.39035
1.39035
1.39035
1.39035
1.39035
1.39034
1.39034
1.39034
1.39034
1.39034
1.39033
1.39033
1.39033
1.39032
1.39032
1.39032
1.39031
1.39031
1.39031
1.39031
1.3903
1.3903
1.3903
1.3903
1.3903
1.39029
1.39029
1.39029
1.39029
1.39029
1.39029
1.39028
1.39028
1.39028
1.39028
1.39028
1.39028
1.39028
1.39028
1.39028
1.39027
1.39027
1.39027
1.39027
1.39027
1.39027
1.39027
1.39027
1.39027
1.39027
1.39026
1.39026
1.39026
1.39026
1.39026
1.39026
1.39026
1.39026
1.39026
1.39026
1.39026
1.39026
1.39026
1.39026
1.39026
1.39026
1.39026
1.39025
1.39025
1.39025
1.39026
1.39023
1.50096
1.50099
1.50098
1.50097
1.50095
1.50094
1.50093
1.50092
1.50091
1.50091
1.5009
1.5009
1.50089
1.50089
1.50089
1.50088
1.50088
1.50088
1.50088
1.50088
1.50088
1.50088
1.50088
1.50088
1.50088
1.50088
1.50089
1.50089
1.50089
1.50089
1.50089
1.50089
1.50089
1.50089
1.5009
1.5009
1.5009
1.5009
1.5009
1.5009
1.50091
1.50091
1.50091
1.50091
1.50091
1.50091
1.50092
1.50092
1.50092
1.50092
1.50092
1.50091
1.50091
1.50091
1.50091
1.50091
1.50091
1.5009
1.5009
1.5009
1.50089
1.50089
1.50089
1.50088
1.50088
1.50088
1.50088
1.50087
1.50087
1.50087
1.50087
1.50086
1.50086
1.50086
1.50086
1.50086
1.50086
1.50085
1.50085
1.50085
1.50085
1.50085
1.50085
1.50085
1.50084
1.50084
1.50084
1.50084
1.50084
1.50084
1.50084
1.50084
1.50084
1.50084
1.50083
1.50083
1.50083
1.50083
1.50083
1.50083
1.50083
1.50083
1.50082
1.50082
1.50082
1.50082
1.50082
1.50082
1.50082
1.50082
1.50082
1.50082
1.50082
1.50082
1.50082
1.50082
1.50082
1.50081
1.50082
1.50079
1.62553
1.62556
1.62555
1.62554
1.62552
1.62551
1.6255
1.62549
1.62548
1.62547
1.62546
1.62546
1.62546
1.62545
1.62545
1.62545
1.62544
1.62544
1.62544
1.62544
1.62544
1.62544
1.62544
1.62544
1.62545
1.62545
1.62545
1.62545
1.62545
1.62545
1.62545
1.62546
1.62546
1.62546
1.62546
1.62546
1.62546
1.62546
1.62547
1.62547
1.62547
1.62547
1.62547
1.62547
1.62547
1.62547
1.62548
1.62548
1.62548
1.62547
1.62547
1.62547
1.62547
1.62547
1.62547
1.62546
1.62546
1.62546
1.62546
1.62545
1.62545
1.62545
1.62544
1.62544
1.62544
1.62544
1.62543
1.62543
1.62543
1.62542
1.62542
1.62542
1.62542
1.62542
1.62541
1.62541
1.62541
1.62541
1.62541
1.62541
1.62541
1.6254
1.6254
1.6254
1.6254
1.6254
1.6254
1.6254
1.6254
1.6254
1.62539
1.62539
1.62539
1.62539
1.62539
1.62539
1.62539
1.62539
1.62538
1.62538
1.62538
1.62538
1.62538
1.62538
1.62538
1.62537
1.62537
1.62537
1.62537
1.62537
1.62537
1.62537
1.62537
1.62537
1.62537
1.62537
1.62537
1.62537
1.62537
1.62534
1.76691
1.76694
1.76693
1.76692
1.7669
1.76688
1.76687
1.76686
1.76685
1.76684
1.76684
1.76683
1.76683
1.76682
1.76682
1.76682
1.76682
1.76681
1.76681
1.76681
1.76681
1.76681
1.76681
1.76682
1.76682
1.76682
1.76682
1.76682
1.76682
1.76683
1.76683
1.76683
1.76683
1.76683
1.76683
1.76683
1.76683
1.76684
1.76684
1.76684
1.76684
1.76684
1.76684
1.76684
1.76684
1.76684
1.76684
1.76684
1.76684
1.76684
1.76684
1.76684
1.76684
1.76684
1.76683
1.76683
1.76683
1.76683
1.76682
1.76682
1.76682
1.76681
1.76681
1.76681
1.7668
1.7668
1.7668
1.7668
1.76679
1.76679
1.76679
1.76679
1.76679
1.76678
1.76678
1.76678
1.76678
1.76678
1.76678
1.76677
1.76677
1.76677
1.76677
1.76677
1.76677
1.76677
1.76676
1.76676
1.76676
1.76676
1.76676
1.76676
1.76676
1.76676
1.76675
1.76675
1.76675
1.76675
1.76675
1.76675
1.76675
1.76674
1.76674
1.76674
1.76674
1.76674
1.76674
1.76674
1.76674
1.76674
1.76674
1.76673
1.76673
1.76673
1.76673
1.76673
1.76673
1.76673
1.76673
1.7667
1.92869
1.92872
1.92871
1.92869
1.92867
1.92866
1.92864
1.92863
1.92862
1.92861
1.9286
1.9286
1.92859
1.92859
1.92858
1.92858
1.92858
1.92858
1.92858
1.92858
1.92858
1.92858
1.92858
1.92858
1.92858
1.92859
1.92859
1.92859
1.92859
1.92859
1.92859
1.9286
1.9286
1.9286
1.9286
1.9286
1.9286
1.9286
1.9286
1.9286
1.9286
1.92861
1.92861
1.92861
1.92861
1.92861
1.92861
1.92861
1.92861
1.92861
1.9286
1.9286
1.9286
1.9286
1.9286
1.92859
1.92859
1.92859
1.92858
1.92858
1.92858
1.92858
1.92857
1.92857
1.92857
1.92856
1.92856
1.92856
1.92855
1.92855
1.92855
1.92855
1.92855
1.92854
1.92854
1.92854
1.92854
1.92854
1.92854
1.92853
1.92853
1.92853
1.92853
1.92853
1.92853
1.92853
1.92852
1.92852
1.92852
1.92852
1.92852
1.92852
1.92852
1.92852
1.92851
1.92851
1.92851
1.92851
1.92851
1.92851
1.9285
1.9285
1.9285
1.9285
1.9285
1.9285
1.92849
1.92849
1.92849
1.92849
1.92849
1.92849
1.92849
1.92849
1.92849
1.92849
1.92848
1.92848
1.92849
1.92846
2.11547
2.11551
2.1155
2.11548
2.11545
2.11543
2.11542
2.1154
2.11539
2.11538
2.11537
2.11537
2.11536
2.11536
2.11535
2.11535
2.11535
2.11535
2.11535
2.11535
2.11535
2.11535
2.11535
2.11535
2.11536
2.11536
2.11536
2.11536
2.11537
2.11537
2.11537
2.11537
2.11537
2.11537
2.11537
2.11537
2.11537
2.11537
2.11538
2.11538
2.11538
2.11538
2.11538
2.11538
2.11538
2.11538
2.11538
2.11538
2.11538
2.11538
2.11537
2.11537
2.11537
2.11537
2.11537
2.11536
2.11536
2.11536
2.11535
2.11535
2.11535
2.11534
2.11534
2.11534
2.11533
2.11533
2.11533
2.11533
2.11532
2.11532
2.11532
2.11532
2.11531
2.11531
2.11531
2.11531
2.11531
2.11531
2.1153
2.1153
2.1153
2.1153
2.1153
2.1153
2.11529
2.11529
2.11529
2.11529
2.11529
2.11529
2.11529
2.11528
2.11528
2.11528
2.11528
2.11528
2.11528
2.11528
2.11527
2.11527
2.11527
2.11527
2.11527
2.11526
2.11526
2.11526
2.11526
2.11526
2.11526
2.11526
2.11526
2.11525
2.11525
2.11525
2.11525
2.11525
2.11525
2.11525
2.11526
2.11522
2.33328
2.33332
2.33331
2.33328
2.33326
2.33323
2.33321
2.3332
2.33319
2.33317
2.33316
2.33316
2.33315
2.33315
2.33315
2.33314
2.33314
2.33314
2.33314
2.33314
2.33314
2.33315
2.33315
2.33315
2.33315
2.33316
2.33316
2.33316
2.33316
2.33316
2.33317
2.33317
2.33317
2.33317
2.33317
2.33317
2.33317
2.33317
2.33317
2.33317
2.33317
2.33317
2.33317
2.33317
2.33317
2.33317
2.33317
2.33317
2.33317
2.33317
2.33317
2.33316
2.33316
2.33316
2.33316
2.33315
2.33315
2.33315
2.33315
2.33314
2.33314
2.33314
2.33313
2.33313
2.33313
2.33312
2.33312
2.33312
2.33312
2.33311
2.33311
2.33311
2.33311
2.3331
2.3331
2.3331
2.3331
2.3331
2.33309
2.33309
2.33309
2.33309
2.33309
2.33309
2.33309
2.33308
2.33308
2.33308
2.33308
2.33308
2.33308
2.33307
2.33307
2.33307
2.33307
2.33307
2.33307
2.33306
2.33306
2.33306
2.33306
2.33306
2.33306
2.33305
2.33305
2.33305
2.33305
2.33305
2.33304
2.33304
2.33304
2.33304
2.33304
2.33304
2.33304
2.33303
2.33303
2.33303
2.33304
2.33301
2.59008
2.59012
2.5901
2.59007
2.59004
2.59001
2.58999
2.58997
2.58996
2.58995
2.58994
2.58993
2.58992
2.58992
2.58992
2.58992
2.58992
2.58992
2.58992
2.58992
2.58992
2.58992
2.58992
2.58993
2.58993
2.58993
2.58994
2.58994
2.58994
2.58994
2.58994
2.58994
2.58995
2.58995
2.58995
2.58995
2.58995
2.58995
2.58995
2.58995
2.58995
2.58995
2.58995
2.58995
2.58995
2.58995
2.58995
2.58994
2.58994
2.58994
2.58994
2.58994
2.58994
2.58993
2.58993
2.58993
2.58992
2.58992
2.58992
2.58991
2.58991
2.58991
2.5899
2.5899
2.5899
2.5899
2.58989
2.58989
2.58989
2.58988
2.58988
2.58988
2.58988
2.58988
2.58987
2.58987
2.58987
2.58987
2.58987
2.58986
2.58986
2.58986
2.58986
2.58986
2.58986
2.58985
2.58985
2.58985
2.58985
2.58985
2.58985
2.58984
2.58984
2.58984
2.58984
2.58984
2.58984
2.58983
2.58983
2.58983
2.58983
2.58983
2.58982
2.58982
2.58982
2.58982
2.58982
2.58981
2.58981
2.58981
2.58981
2.58981
2.58981
2.58981
2.5898
2.5898
2.5898
2.5898
2.58981
2.58978
2.89656
2.8966
2.89657
2.89653
2.8965
2.89647
2.89644
2.89642
2.8964
2.89639
2.89638
2.89637
2.89637
2.89637
2.89637
2.89637
2.89637
2.89637
2.89637
2.89637
2.89637
2.89638
2.89638
2.89638
2.89639
2.89639
2.89639
2.89639
2.89639
2.8964
2.8964
2.8964
2.8964
2.8964
2.8964
2.8964
2.8964
2.8964
2.8964
2.8964
2.8964
2.8964
2.8964
2.8964
2.8964
2.8964
2.8964
2.8964
2.89639
2.89639
2.89639
2.89639
2.89639
2.89638
2.89638
2.89638
2.89637
2.89637
2.89637
2.89636
2.89636
2.89636
2.89635
2.89635
2.89635
2.89634
2.89634
2.89634
2.89634
2.89633
2.89633
2.89633
2.89633
2.89632
2.89632
2.89632
2.89632
2.89632
2.89631
2.89631
2.89631
2.89631
2.89631
2.8963
2.8963
2.8963
2.8963
2.8963
2.8963
2.89629
2.89629
2.89629
2.89629
2.89629
2.89629
2.89628
2.89628
2.89628
2.89628
2.89627
2.89627
2.89627
2.89627
2.89627
2.89627
2.89626
2.89626
2.89626
2.89626
2.89626
2.89625
2.89625
2.89625
2.89625
2.89625
2.89625
2.89625
2.89625
2.89626
2.89623
3.26735
3.26739
3.26735
3.26731
3.26726
3.26723
3.2672
3.26717
3.26716
3.26714
3.26713
3.26713
3.26712
3.26712
3.26712
3.26712
3.26712
3.26713
3.26713
3.26713
3.26714
3.26714
3.26714
3.26715
3.26715
3.26715
3.26716
3.26716
3.26716
3.26716
3.26716
3.26716
3.26716
3.26716
3.26716
3.26716
3.26716
3.26716
3.26716
3.26716
3.26716
3.26716
3.26716
3.26716
3.26716
3.26716
3.26716
3.26716
3.26715
3.26715
3.26715
3.26715
3.26714
3.26714
3.26714
3.26714
3.26713
3.26713
3.26713
3.26712
3.26712
3.26712
3.26711
3.26711
3.26711
3.2671
3.2671
3.2671
3.26709
3.26709
3.26709
3.26709
3.26708
3.26708
3.26708
3.26708
3.26707
3.26707
3.26707
3.26707
3.26707
3.26706
3.26706
3.26706
3.26706
3.26706
3.26705
3.26705
3.26705
3.26705
3.26705
3.26705
3.26704
3.26704
3.26704
3.26704
3.26704
3.26703
3.26703
3.26703
3.26703
3.26703
3.26703
3.26702
3.26702
3.26702
3.26702
3.26701
3.26701
3.26701
3.26701
3.26701
3.267
3.267
3.267
3.267
3.267
3.267
3.26701
3.26698
3.72287
3.72291
3.72287
3.72281
3.72275
3.72271
3.72268
3.72265
3.72263
3.72262
3.72261
3.72261
3.72261
3.72261
3.72261
3.72261
3.72261
3.72262
3.72262
3.72262
3.72263
3.72263
3.72264
3.72264
3.72264
3.72265
3.72265
3.72265
3.72265
3.72265
3.72266
3.72266
3.72266
3.72266
3.72266
3.72266
3.72266
3.72266
3.72266
3.72265
3.72265
3.72265
3.72265
3.72265
3.72265
3.72265
3.72265
3.72265
3.72264
3.72264
3.72264
3.72264
3.72263
3.72263
3.72263
3.72262
3.72262
3.72262
3.72261
3.72261
3.72261
3.7226
3.7226
3.7226
3.72259
3.72259
3.72259
3.72258
3.72258
3.72258
3.72257
3.72257
3.72257
3.72257
3.72256
3.72256
3.72256
3.72256
3.72255
3.72255
3.72255
3.72255
3.72255
3.72254
3.72254
3.72254
3.72254
3.72254
3.72253
3.72253
3.72253
3.72253
3.72253
3.72253
3.72252
3.72252
3.72252
3.72252
3.72251
3.72251
3.72251
3.72251
3.72251
3.72251
3.72251
3.7225
3.7225
3.7225
3.7225
3.72249
3.72249
3.72249
3.72249
3.72249
3.72248
3.72248
3.72248
3.72249
3.7225
3.72248
4.29232
4.29235
4.29229
4.29221
4.29215
4.2921
4.29206
4.29204
4.29202
4.29201
4.29201
4.292
4.29201
4.29201
4.29201
4.29201
4.29202
4.29202
4.29203
4.29203
4.29204
4.29204
4.29205
4.29205
4.29206
4.29206
4.29206
4.29206
4.29206
4.29206
4.29207
4.29207
4.29207
4.29207
4.29207
4.29207
4.29207
4.29206
4.29206
4.29206
4.29206
4.29206
4.29206
4.29206
4.29206
4.29206
4.29205
4.29205
4.29205
4.29205
4.29204
4.29204
4.29204
4.29203
4.29203
4.29203
4.29202
4.29202
4.29202
4.29201
4.29201
4.292
4.292
4.292
4.29199
4.29199
4.29199
4.29198
4.29198
4.29198
4.29197
4.29197
4.29197
4.29197
4.29196
4.29196
4.29196
4.29196
4.29195
4.29195
4.29195
4.29195
4.29195
4.29194
4.29194
4.29194
4.29194
4.29194
4.29193
4.29193
4.29193
4.29193
4.29193
4.29192
4.29192
4.29192
4.29192
4.29192
4.29191
4.29191
4.29191
4.29191
4.29191
4.29191
4.2919
4.2919
4.2919
4.2919
4.29189
4.29189
4.29189
4.29189
4.29189
4.29189
4.29189
4.29189
4.29189
4.29189
4.29191
4.29189
5.01875
5.01877
5.01868
5.01858
5.0185
5.01845
5.01841
5.01839
5.01838
5.01837
5.01837
5.01837
5.01838
5.01838
5.01839
5.01839
5.0184
5.0184
5.01841
5.01841
5.01842
5.01842
5.01843
5.01843
5.01844
5.01844
5.01844
5.01844
5.01845
5.01845
5.01845
5.01845
5.01845
5.01845
5.01845
5.01845
5.01845
5.01845
5.01844
5.01844
5.01844
5.01844
5.01844
5.01844
5.01844
5.01843
5.01843
5.01843
5.01843
5.01842
5.01842
5.01842
5.01841
5.01841
5.0184
5.0184
5.0184
5.01839
5.01839
5.01838
5.01838
5.01838
5.01837
5.01837
5.01836
5.01836
5.01836
5.01835
5.01835
5.01835
5.01834
5.01834
5.01834
5.01834
5.01833
5.01833
5.01833
5.01833
5.01832
5.01832
5.01832
5.01832
5.01831
5.01831
5.01831
5.01831
5.01831
5.0183
5.0183
5.0183
5.0183
5.0183
5.01829
5.01829
5.01829
5.01829
5.01829
5.01828
5.01828
5.01828
5.01828
5.01828
5.01828
5.01828
5.01828
5.01827
5.01827
5.01827
5.01827
5.01826
5.01826
5.01826
5.01826
5.01826
5.01826
5.01826
5.01826
5.01827
5.01829
5.01828
5.96878
5.96877
5.96864
5.96852
5.96844
5.96838
5.96835
5.96834
5.96833
5.96833
5.96834
5.96834
5.96835
5.96836
5.96836
5.96837
5.96838
5.96838
5.96839
5.9684
5.9684
5.96841
5.96841
5.96842
5.96842
5.96842
5.96842
5.96843
5.96843
5.96843
5.96843
5.96843
5.96843
5.96843
5.96843
5.96843
5.96843
5.96843
5.96842
5.96842
5.96842
5.96842
5.96842
5.96841
5.96841
5.96841
5.96841
5.9684
5.9684
5.9684
5.96839
5.96839
5.96838
5.96838
5.96837
5.96837
5.96837
5.96836
5.96836
5.96835
5.96835
5.96834
5.96834
5.96833
5.96833
5.96833
5.96832
5.96832
5.96832
5.96831
5.96831
5.96831
5.9683
5.9683
5.9683
5.9683
5.96829
5.96829
5.96829
5.96829
5.96828
5.96828
5.96828
5.96828
5.96828
5.96827
5.96827
5.96827
5.96827
5.96827
5.96826
5.96826
5.96826
5.96826
5.96826
5.96825
5.96825
5.96825
5.96825
5.96825
5.96825
5.96825
5.96825
5.96825
5.96824
5.96824
5.96824
5.96824
5.96824
5.96823
5.96823
5.96823
5.96823
5.96823
5.96823
5.96824
5.96824
5.96825
5.96827
5.96828
7.25418
7.25412
7.25394
7.25381
7.25373
7.25368
7.25366
7.25366
7.25366
7.25367
7.25367
7.25368
7.25369
7.2537
7.25371
7.25372
7.25373
7.25373
7.25374
7.25375
7.25375
7.25376
7.25376
7.25377
7.25377
7.25377
7.25377
7.25377
7.25378
7.25378
7.25378
7.25378
7.25378
7.25378
7.25378
7.25378
7.25378
7.25378
7.25377
7.25377
7.25377
7.25377
7.25376
7.25376
7.25376
7.25375
7.25375
7.25374
7.25374
7.25373
7.25373
7.25372
7.25372
7.25371
7.25371
7.2537
7.2537
7.25369
7.25369
7.25368
7.25368
7.25367
7.25367
7.25367
7.25366
7.25366
7.25365
7.25365
7.25365
7.25364
7.25364
7.25364
7.25363
7.25363
7.25363
7.25363
7.25362
7.25362
7.25362
7.25362
7.25361
7.25361
7.25361
7.25361
7.25361
7.2536
7.2536
7.2536
7.2536
7.2536
7.2536
7.25359
7.25359
7.25359
7.25359
7.25359
7.25359
7.25358
7.25358
7.25358
7.25358
7.25358
7.25358
7.25358
7.25358
7.25358
7.25358
7.25357
7.25357
7.25357
7.25357
7.25357
7.25357
7.25358
7.25358
7.25358
7.25359
7.25361
7.25362
7.25365
9.0888
9.08866
9.08845
9.08832
9.08825
9.08823
9.08822
9.08823
9.08824
9.08825
9.08826
9.08828
9.08829
9.0883
9.08831
9.08831
9.08832
9.08833
9.08833
9.08834
9.08835
9.08835
9.08836
9.08836
9.08837
9.08837
9.08837
9.08837
9.08837
9.08837
9.08837
9.08837
9.08838
9.08838
9.08837
9.08837
9.08837
9.08837
9.08837
9.08836
9.08836
9.08836
9.08835
9.08835
9.08834
9.08834
9.08833
9.08833
9.08832
9.08832
9.08831
9.0883
9.0883
9.08829
9.08828
9.08828
9.08827
9.08827
9.08826
9.08826
9.08825
9.08825
9.08824
9.08824
9.08823
9.08823
9.08823
9.08822
9.08822
9.08822
9.08821
9.08821
9.08821
9.08821
9.0882
9.0882
9.0882
9.0882
9.08819
9.08819
9.08819
9.08819
9.08819
9.08818
9.08818
9.08818
9.08818
9.08818
9.08818
9.08817
9.08817
9.08817
9.08817
9.08817
9.08817
9.08817
9.08817
9.08816
9.08816
9.08816
9.08816
9.08817
9.08817
9.08817
9.08816
9.08816
9.08816
9.08816
9.08816
9.08816
9.08816
9.08816
9.08817
9.08817
9.08817
9.08818
9.08819
9.08821
9.08822
9.08828
11.9566
11.9564
11.9561
11.956
11.956
11.956
11.956
11.956
11.956
11.9561
11.9561
11.9561
11.9561
11.9561
11.9561
11.9561
11.9561
11.9561
11.9561
11.9561
11.9561
11.9561
11.9562
11.9562
11.9562
11.9562
11.9562
11.9562
11.9562
11.9562
11.9562
11.9562
11.9562
11.9562
11.9562
11.9562
11.9562
11.9562
11.9562
11.9562
11.9562
11.9562
11.9561
11.9561
11.9561
11.9561
11.9561
11.9561
11.9561
11.9561
11.9561
11.9561
11.9561
11.9561
11.9561
11.9561
11.9561
11.956
11.956
11.956
11.956
11.956
11.956
11.956
11.956
11.956
11.956
11.956
11.956
11.956
11.956
11.956
11.956
11.956
11.956
11.956
11.956
11.956
11.956
11.956
11.956
11.956
11.956
11.956
11.956
11.956
11.956
11.956
11.956
11.956
11.956
11.956
11.956
11.956
11.956
11.956
11.956
11.956
11.956
11.956
11.956
11.956
11.956
11.956
11.956
11.956
11.956
11.956
11.956
11.956
11.956
11.956
11.956
11.956
11.956
11.956
11.956
11.956
11.956
11.9561
17.1197
17.1195
17.1193
17.1192
17.1192
17.1193
17.1193
17.1193
17.1193
17.1193
17.1193
17.1194
17.1194
17.1194
17.1194
17.1194
17.1194
17.1194
17.1194
17.1194
17.1194
17.1194
17.1194
17.1194
17.1194
17.1194
17.1194
17.1194
17.1194
17.1194
17.1194
17.1194
17.1194
17.1194
17.1194
17.1194
17.1194
17.1194
17.1194
17.1194
17.1194
17.1194
17.1194
17.1194
17.1194
17.1194
17.1194
17.1194
17.1194
17.1194
17.1193
17.1193
17.1193
17.1193
17.1193
17.1193
17.1193
17.1193
17.1193
17.1193
17.1193
17.1193
17.1193
17.1193
17.1193
17.1193
17.1193
17.1193
17.1193
17.1193
17.1193
17.1193
17.1193
17.1193
17.1193
17.1193
17.1193
17.1192
17.1192
17.1192
17.1192
17.1192
17.1192
17.1192
17.1192
17.1192
17.1192
17.1192
17.1192
17.1192
17.1192
17.1192
17.1192
17.1192
17.1192
17.1192
17.1192
17.1192
17.1192
17.1192
17.1192
17.1192
17.1192
17.1192
17.1192
17.1192
17.1192
17.1192
17.1192
17.1192
17.1192
17.1193
17.1193
17.1193
17.1193
17.1193
17.1193
17.1193
17.1193
17.1194
28.2501
28.2498
28.2497
28.2497
28.2498
28.2498
28.2498
28.2498
28.2498
28.2499
28.2499
28.2499
28.2499
28.2499
28.2499
28.2499
28.2499
28.2499
28.2499
28.2499
28.2499
28.2499
28.2499
28.2499
28.2499
28.2499
28.2499
28.2499
28.2499
28.2499
28.2499
28.2499
28.2499
28.2499
28.2499
28.2499
28.2499
28.2499
28.2499
28.2499
28.2499
28.2499
28.2499
28.2499
28.2499
28.2499
28.2499
28.2499
28.2499
28.2499
28.2499
28.2499
28.2498
28.2498
28.2498
28.2498
28.2498
28.2498
28.2498
28.2498
28.2498
28.2498
28.2498
28.2498
28.2498
28.2498
28.2498
28.2498
28.2498
28.2498
28.2498
28.2498
28.2498
28.2498
28.2498
28.2498
28.2498
28.2498
28.2498
28.2498
28.2498
28.2498
28.2498
28.2498
28.2498
28.2498
28.2498
28.2498
28.2498
28.2498
28.2498
28.2498
28.2498
28.2498
28.2498
28.2498
28.2498
28.2498
28.2498
28.2498
28.2498
28.2498
28.2498
28.2498
28.2498
28.2498
28.2498
28.2498
28.2498
28.2498
28.2498
28.2498
28.2498
28.2498
28.2498
28.2498
28.2498
28.2499
28.2499
28.2499
58.1452
58.145
58.145
58.145
58.1451
58.1451
58.1451
58.1451
58.1451
58.1451
58.1452
58.1452
58.1452
58.1452
58.1452
58.1452
58.1452
58.1452
58.1452
58.1452
58.1452
58.1452
58.1452
58.1452
58.1452
58.1452
58.1452
58.1452
58.1452
58.1452
58.1452
58.1452
58.1452
58.1452
58.1452
58.1452
58.1452
58.1452
58.1452
58.1452
58.1452
58.1452
58.1452
58.1452
58.1452
58.1452
58.1452
58.1451
58.1451
58.1451
58.1451
58.1451
58.1451
58.1451
58.1451
58.1451
58.1451
58.1451
58.1451
58.1451
58.1451
58.1451
58.1451
58.1451
58.1451
58.1451
58.1451
58.1451
58.1451
58.1451
58.1451
58.1451
58.1451
58.1451
58.1451
58.1451
58.1451
58.1451
58.1451
58.1451
58.1451
58.1451
58.1451
58.1451
58.1451
58.1451
58.1451
58.1451
58.1451
58.1451
58.1451
58.1451
58.1451
58.1451
58.1451
58.1451
58.1451
58.1451
58.1451
58.1451
58.1451
58.1451
58.1451
58.1451
58.1451
58.1451
58.1451
58.1451
58.1451
58.1451
58.1451
58.1451
58.1451
58.1451
58.1451
58.1451
58.1451
58.1451
58.1451
58.1451
170.901
170.901
170.901
170.901
170.901
170.901
170.901
170.901
170.901
170.901
170.901
170.901
170.901
170.901
170.901
170.901
170.901
170.901
170.901
170.901
170.901
170.901
170.901
170.901
170.901
170.901
170.901
170.901
170.901
170.901
170.901
170.901
170.901
170.901
170.901
170.901
170.901
170.901
170.901
170.901
170.901
170.901
170.901
170.901
170.901
170.901
170.901
170.901
170.901
170.901
170.901
170.901
170.901
170.901
170.901
170.901
170.901
170.901
170.901
170.901
170.901
170.901
170.901
170.901
170.901
170.901
170.901
170.901
170.901
170.901
170.901
170.901
170.901
170.901
170.901
170.901
170.901
170.901
170.901
170.901
170.901
170.901
170.901
170.901
170.901
170.901
170.901
170.901
170.901
170.901
170.901
170.901
170.901
170.901
170.901
170.901
170.901
170.901
170.901
170.901
170.901
170.901
170.901
170.901
170.901
170.901
170.901
170.901
170.901
170.901
170.901
170.901
170.901
170.901
170.901
170.901
170.901
170.901
170.901
170.901
985.828
985.828
985.828
985.828
985.828
985.828
985.828
985.828
985.828
985.828
985.828
985.828
985.828
985.828
985.828
985.828
985.828
985.828
985.828
985.828
985.828
985.828
985.828
985.828
985.828
985.828
985.828
985.828
985.828
985.828
985.828
985.828
985.828
985.828
985.828
985.828
985.828
985.828
985.828
985.828
985.828
985.828
985.828
985.828
985.828
985.828
985.828
985.828
985.828
985.828
985.828
985.828
985.828
985.828
985.828
985.828
985.828
985.828
985.828
985.828
985.828
985.828
985.828
985.828
985.828
985.828
985.828
985.828
985.828
985.828
985.828
985.828
985.828
985.828
985.828
985.828
985.828
985.828
985.828
985.828
985.828
985.828
985.828
985.828
985.828
985.828
985.828
985.828
985.828
985.828
985.828
985.828
985.828
985.828
985.828
985.828
985.828
985.828
985.828
985.828
985.828
985.828
985.828
985.828
985.828
985.828
985.828
985.828
985.828
985.828
985.828
985.828
985.828
985.828
985.828
985.828
985.828
985.828
985.828
985.828
)
;

boundaryField
{
    bottomWall
    {
        beta1           0.075;
        blended         0;
        type            omegaWallFunction;
        value           nonuniform 0();
    }
    topWall
    {
        beta1           0.075;
        blended         0;
        type            omegaWallFunction;
        value           nonuniform List<scalar> 
120
(
985.828
985.828
985.828
985.828
985.828
985.828
985.828
985.828
985.828
985.828
985.828
985.828
985.828
985.828
985.828
985.828
985.828
985.828
985.828
985.828
985.828
985.828
985.828
985.828
985.828
985.828
985.828
985.828
985.828
985.828
985.828
985.828
985.828
985.828
985.828
985.828
985.828
985.828
985.828
985.828
985.828
985.828
985.828
985.828
985.828
985.828
985.828
985.828
985.828
985.828
985.828
985.828
985.828
985.828
985.828
985.828
985.828
985.828
985.828
985.828
985.828
985.828
985.828
985.828
985.828
985.828
985.828
985.828
985.828
985.828
985.828
985.828
985.828
985.828
985.828
985.828
985.828
985.828
985.828
985.828
985.828
985.828
985.828
985.828
985.828
985.828
985.828
985.828
985.828
985.828
985.828
985.828
985.828
985.828
985.828
985.828
985.828
985.828
985.828
985.828
985.828
985.828
985.828
985.828
985.828
985.828
985.828
985.828
985.828
985.828
985.828
985.828
985.828
985.828
985.828
985.828
985.828
985.828
985.828
985.828
)
;
    }
    sides1_half0
    {
        type            cyclic;
    }
    sides1_half1
    {
        type            cyclic;
    }
    sides2_half0
    {
        type            cyclic;
    }
    sides2_half1
    {
        type            cyclic;
    }
    inout1_half0
    {
        type            cyclic;
    }
    inout1_half1
    {
        type            cyclic;
    }
    inout2_half0
    {
        type            cyclic;
    }
    inout2_half1
    {
        type            cyclic;
    }
    procBoundary0to1
    {
        type            processor;
        value           nonuniform List<scalar> 
122
(
0.599225
0.599205
0.599199
0.599198
0.599199
0.5992
0.599201
0.599203
0.599206
0.599209
0.599212
0.599216
0.59922
0.599224
0.599229
0.599234
0.599239
0.599244
0.599249
0.599254
0.599259
0.599264
0.599269
0.599274
0.599278
0.599283
0.599287
0.59929
0.599294
0.599297
0.599299
0.599302
0.599303
0.599305
0.599306
0.599307
0.599308
0.599308
0.599308
0.599308
0.599308
0.599307
0.599307
0.599306
0.599305
0.599304
0.599303
0.599302
0.599301
0.599301
0.5993
0.599299
0.599298
0.599297
0.599297
0.599296
0.599295
0.599295
0.599294
0.599294
0.599294
0.599293
0.599293
0.599293
0.599293
0.599293
0.599293
0.599294
0.599294
0.599294
0.599294
0.599294
0.599295
0.599295
0.599295
0.599295
0.599292
0.636378
0.636366
0.636362
0.63636
0.636358
0.636357
0.636355
0.636354
0.636352
0.636351
0.63635
0.636348
0.636347
0.636346
0.636346
0.636345
0.636344
0.636344
0.636344
0.636344
0.636344
0.636345
0.636345
0.636352
0.636352
0.636396
0.636396
0.636415
0.636424
0.636429
0.636432
0.636434
0.636436
0.636437
0.636437
0.636438
0.636438
0.636438
0.636437
0.636437
0.636436
0.636435
0.636434
0.636431
0.636441
)
;
    }
}


// ************************************************************************* //
