/*--------------------------------*- C++ -*----------------------------------*\
  =========                 |
  \\      /  F ield         | OpenFOAM: The Open Source CFD Toolbox
   \\    /   O peration     | Website:  https://openfoam.org
    \\  /    A nd           | Version:  7
     \\/     M anipulation  |
\*---------------------------------------------------------------------------*/
FoamFile
{
    version     2.0;
    format      ascii;
    class       volScalarField;
    location    "20000";
    object      nut;
}
// * * * * * * * * * * * * * * * * * * * * * * * * * * * * * * * * * * * * * //

dimensions      [0 2 -1 0 0 0 0];

internalField   nonuniform List<scalar> 
4026
(
0.000299215
0.00029921
0.00029921
0.000299211
0.000299213
0.000299215
0.000299218
0.00029922
0.000299222
0.000299224
0.000299226
0.000299228
0.00029923
0.000299232
0.000299234
0.000299236
0.000299238
0.00029924
0.000299242
0.000299244
0.000299246
0.000299248
0.000299249
0.000299251
0.000299252
0.000299254
0.000299255
0.000299256
0.000299257
0.000299258
0.000299259
0.00029926
0.000299261
0.000299262
0.000299263
0.000299263
0.000299264
0.000299265
0.000299265
0.000299266
0.000299266
0.000299267
0.000299267
0.000299267
0.000299269
0.000299208
0.000299209
0.000299211
0.000299214
0.000299216
0.000299219
0.000299221
0.000299223
0.000299225
0.000299227
0.000299229
0.00029923
0.000299232
0.000299233
0.000299234
0.00029924
0.000314286
0.00031428
0.00031428
0.000314282
0.000314284
0.000314286
0.000314289
0.000314291
0.000314293
0.000314296
0.000314298
0.0003143
0.000314302
0.000314304
0.000314306
0.000314308
0.00031431
0.000314312
0.000314314
0.000314316
0.000314318
0.00031432
0.000314321
0.000314323
0.000314324
0.000314326
0.000314327
0.000314328
0.000314329
0.00031433
0.000314331
0.000314332
0.000314333
0.000314334
0.000314335
0.000314335
0.000314336
0.000314336
0.000314337
0.000314337
0.000314338
0.000314338
0.000314338
0.000314338
0.000314341
0.000314273
0.000314272
0.000314276
0.000314279
0.000314282
0.000314285
0.000314288
0.00031429
0.000314292
0.000314294
0.000314296
0.000314298
0.000314299
0.000314301
0.000314301
0.000314307
0.000329786
0.000329781
0.000329781
0.000329782
0.000329785
0.000329787
0.00032979
0.000329792
0.000329795
0.000329797
0.0003298
0.000329802
0.000329804
0.000329806
0.000329808
0.00032981
0.000329812
0.000329814
0.000329816
0.000329818
0.00032982
0.000329822
0.000329823
0.000329825
0.000329826
0.000329828
0.000329829
0.00032983
0.000329831
0.000329832
0.000329833
0.000329834
0.000329835
0.000329836
0.000329836
0.000329837
0.000329837
0.000329838
0.000329838
0.000329838
0.000329839
0.000329839
0.000329839
0.000329839
0.000329841
0.000329769
0.000329768
0.000329771
0.000329774
0.000329778
0.000329781
0.000329784
0.000329787
0.000329789
0.000329791
0.000329793
0.000329795
0.000329796
0.000329798
0.000329799
0.000329804
0.000345741
0.000345737
0.000345737
0.000345739
0.000345741
0.000345744
0.000345746
0.000345749
0.000345752
0.000345754
0.000345757
0.000345759
0.000345761
0.000345763
0.000345765
0.000345767
0.000345769
0.000345771
0.000345774
0.000345775
0.000345777
0.000345779
0.00034578
0.000345782
0.000345783
0.000345785
0.000345786
0.000345787
0.000345788
0.000345789
0.00034579
0.000345791
0.000345791
0.000345792
0.000345793
0.000345793
0.000345793
0.000345794
0.000345794
0.000345794
0.000345794
0.000345794
0.000345794
0.000345794
0.000345796
0.000345722
0.000345719
0.000345722
0.000345725
0.000345729
0.000345732
0.000345735
0.000345738
0.000345741
0.000345743
0.000345745
0.000345747
0.000345748
0.00034575
0.000345751
0.000345755
0.000362178
0.000362175
0.000362176
0.000362178
0.00036218
0.000362183
0.000362186
0.000362189
0.000362192
0.000362194
0.000362197
0.000362199
0.000362201
0.000362203
0.000362205
0.000362207
0.000362209
0.000362211
0.000362213
0.000362215
0.000362217
0.000362219
0.00036222
0.000362222
0.000362223
0.000362224
0.000362225
0.000362226
0.000362227
0.000362228
0.000362229
0.00036223
0.00036223
0.000362231
0.000362231
0.000362232
0.000362232
0.000362232
0.000362232
0.000362232
0.000362232
0.000362232
0.000362232
0.000362231
0.000362233
0.000362158
0.000362155
0.000362156
0.000362159
0.000362163
0.000362166
0.000362169
0.000362172
0.000362175
0.000362177
0.000362179
0.000362181
0.000362183
0.000362184
0.000362185
0.000362188
0.000379128
0.000379126
0.000379127
0.000379129
0.000379132
0.000379135
0.000379138
0.000379141
0.000379144
0.000379147
0.000379149
0.000379151
0.000379153
0.000379155
0.000379157
0.000379159
0.000379161
0.000379163
0.000379165
0.000379167
0.000379169
0.00037917
0.000379172
0.000379173
0.000379174
0.000379175
0.000379176
0.000379177
0.000379178
0.000379179
0.000379179
0.00037918
0.00037918
0.000379181
0.000379181
0.000379181
0.000379181
0.000379181
0.000379181
0.000379181
0.000379181
0.000379181
0.00037918
0.00037918
0.000379181
0.000379105
0.000379103
0.000379103
0.000379106
0.000379109
0.000379112
0.000379115
0.000379118
0.000379121
0.000379123
0.000379125
0.000379127
0.000379128
0.00037913
0.000379131
0.000379133
0.00039662
0.00039662
0.000396622
0.000396625
0.000396627
0.00039663
0.000396634
0.000396637
0.00039664
0.000396642
0.000396645
0.000396647
0.000396649
0.000396651
0.000396653
0.000396655
0.000396657
0.000396659
0.00039666
0.000396662
0.000396664
0.000396665
0.000396666
0.000396668
0.000396669
0.00039667
0.00039667
0.000396671
0.000396672
0.000396672
0.000396673
0.000396673
0.000396673
0.000396674
0.000396674
0.000396674
0.000396674
0.000396674
0.000396673
0.000396673
0.000396673
0.000396672
0.000396671
0.000396671
0.000396671
0.000396596
0.000396594
0.000396594
0.000396596
0.000396598
0.000396601
0.000396604
0.000396607
0.000396609
0.000396612
0.000396614
0.000396615
0.000396617
0.000396618
0.000396619
0.00039662
0.00041469
0.000414692
0.000414694
0.000414697
0.0004147
0.000414703
0.000414706
0.000414709
0.000414712
0.000414715
0.000414717
0.000414719
0.000414721
0.000414723
0.000414725
0.000414727
0.000414729
0.00041473
0.000414732
0.000414734
0.000414735
0.000414736
0.000414737
0.000414738
0.000414739
0.00041474
0.000414741
0.000414741
0.000414742
0.000414742
0.000414742
0.000414742
0.000414742
0.000414742
0.000414742
0.000414742
0.000414742
0.000414741
0.000414741
0.00041474
0.00041474
0.000414739
0.000414738
0.000414737
0.000414736
0.000414662
0.000414661
0.000414661
0.000414663
0.000414665
0.000414667
0.00041467
0.000414672
0.000414675
0.000414677
0.000414678
0.00041468
0.000414681
0.000414682
0.000414683
0.000414683
0.000433372
0.000433375
0.000433378
0.000433381
0.000433384
0.000433388
0.000433391
0.000433394
0.000433397
0.0004334
0.000433402
0.000433404
0.000433406
0.000433408
0.000433409
0.000433411
0.000433412
0.000433414
0.000433415
0.000433417
0.000433418
0.000433419
0.00043342
0.000433421
0.000433421
0.000433422
0.000433422
0.000433423
0.000433423
0.000433423
0.000433423
0.000433422
0.000433422
0.000433422
0.000433422
0.000433421
0.000433421
0.00043342
0.000433419
0.000433418
0.000433417
0.000433416
0.000433415
0.000433414
0.000433411
0.00043334
0.00043334
0.000433341
0.000433341
0.000433343
0.000433345
0.000433347
0.000433349
0.000433351
0.000433353
0.000433354
0.000433356
0.000433356
0.000433357
0.000433358
0.000433357
0.000452703
0.000452708
0.000452712
0.000452715
0.000452718
0.000452722
0.000452725
0.000452728
0.000452731
0.000452734
0.000452736
0.000452738
0.00045274
0.000452741
0.000452742
0.000452744
0.000452745
0.000452746
0.000452748
0.000452749
0.00045275
0.000452751
0.000452751
0.000452752
0.000452752
0.000452752
0.000452752
0.000452752
0.000452752
0.000452752
0.000452751
0.000452751
0.00045275
0.00045275
0.000452749
0.000452748
0.000452747
0.000452746
0.000452745
0.000452744
0.000452743
0.000452741
0.00045274
0.000452739
0.000452734
0.000452666
0.000452668
0.000452668
0.000452669
0.00045267
0.000452671
0.000452673
0.000452675
0.000452677
0.000452678
0.000452679
0.00045268
0.00045268
0.000452681
0.000452682
0.000452678
0.000472722
0.00047273
0.000472734
0.000472738
0.000472741
0.000472745
0.000472748
0.000472751
0.000472754
0.000472757
0.000472759
0.00047276
0.000472762
0.000472763
0.000472764
0.000472765
0.000472766
0.000472767
0.000472768
0.000472769
0.00047277
0.00047277
0.000472771
0.000472771
0.000472771
0.00047277
0.00047277
0.00047277
0.000472769
0.000472769
0.000472768
0.000472767
0.000472766
0.000472765
0.000472764
0.000472763
0.000472761
0.00047276
0.000472759
0.000472757
0.000472755
0.000472754
0.000472752
0.000472751
0.000472744
0.000472679
0.000472683
0.000472684
0.000472684
0.000472685
0.000472686
0.000472687
0.000472689
0.00047269
0.000472691
0.000472692
0.000472692
0.000472692
0.000472692
0.000472693
0.000472687
0.000493472
0.000493482
0.000493487
0.000493491
0.000493495
0.000493498
0.000493501
0.000493504
0.000493507
0.00049351
0.000493511
0.000493513
0.000493514
0.000493515
0.000493516
0.000493517
0.000493517
0.000493518
0.000493519
0.000493519
0.000493519
0.000493519
0.000493519
0.000493519
0.000493519
0.000493518
0.000493517
0.000493516
0.000493515
0.000493514
0.000493513
0.000493512
0.00049351
0.000493509
0.000493507
0.000493506
0.000493504
0.000493502
0.0004935
0.000493498
0.000493496
0.000493494
0.000493491
0.00049349
0.000493481
0.000493422
0.000493428
0.000493429
0.000493429
0.000493429
0.00049343
0.000493431
0.000493431
0.000493432
0.000493433
0.000493433
0.000493433
0.000493432
0.000493432
0.000493432
0.000493425
0.000514995
0.000515009
0.000515014
0.000515018
0.000515022
0.000515025
0.000515028
0.000515031
0.000515034
0.000515036
0.000515038
0.000515039
0.00051504
0.00051504
0.000515041
0.000515041
0.000515042
0.000515042
0.000515042
0.000515042
0.000515042
0.000515041
0.000515041
0.00051504
0.000515039
0.000515038
0.000515037
0.000515035
0.000515034
0.000515032
0.000515031
0.000515029
0.000515027
0.000515025
0.000515023
0.000515021
0.000515018
0.000515016
0.000515014
0.000515011
0.000515008
0.000515006
0.000515003
0.000515002
0.00051499
0.000514936
0.000514945
0.000514946
0.000514946
0.000514946
0.000514946
0.000514946
0.000514947
0.000514947
0.000514947
0.000514947
0.000514946
0.000514945
0.000514944
0.000514944
0.000514934
0.000537338
0.000537354
0.000537361
0.000537365
0.000537369
0.000537372
0.000537375
0.000537378
0.00053738
0.000537382
0.000537383
0.000537384
0.000537384
0.000537385
0.000537385
0.000537385
0.000537384
0.000537384
0.000537384
0.000537383
0.000537383
0.000537382
0.000537381
0.000537379
0.000537378
0.000537376
0.000537374
0.000537372
0.00053737
0.000537368
0.000537366
0.000537363
0.000537361
0.000537358
0.000537356
0.000537353
0.00053735
0.000537347
0.000537344
0.000537341
0.000537338
0.000537334
0.000537331
0.000537329
0.000537315
0.000537267
0.000537279
0.000537281
0.000537281
0.00053728
0.00053728
0.00053728
0.00053728
0.00053728
0.000537279
0.000537278
0.000537277
0.000537276
0.000537273
0.000537274
0.000537261
0.000560546
0.000560567
0.000560574
0.000560579
0.000560582
0.000560586
0.000560588
0.000560591
0.000560593
0.000560595
0.000560595
0.000560596
0.000560596
0.000560596
0.000560595
0.000560594
0.000560594
0.000560593
0.000560592
0.000560591
0.00056059
0.000560588
0.000560586
0.000560584
0.000560582
0.00056058
0.000560577
0.000560575
0.000560572
0.000560569
0.000560566
0.000560563
0.00056056
0.000560557
0.000560553
0.00056055
0.000560546
0.000560543
0.000560539
0.000560535
0.000560531
0.000560527
0.000560523
0.000560521
0.000560504
0.000560463
0.000560479
0.000560481
0.000560481
0.00056048
0.00056048
0.000560479
0.000560479
0.000560478
0.000560477
0.000560475
0.000560473
0.000560471
0.000560468
0.000560468
0.000560452
0.000584672
0.000584697
0.000584705
0.000584709
0.000584713
0.000584716
0.000584719
0.000584721
0.000584723
0.000584724
0.000584724
0.000584724
0.000584723
0.000584723
0.000584721
0.00058472
0.000584719
0.000584718
0.000584716
0.000584714
0.000584712
0.00058471
0.000584708
0.000584705
0.000584702
0.000584699
0.000584695
0.000584692
0.000584688
0.000584685
0.000584681
0.000584677
0.000584673
0.000584669
0.000584665
0.000584661
0.000584656
0.000584652
0.000584648
0.000584643
0.000584639
0.000584634
0.000584629
0.000584627
0.000584606
0.000584573
0.000584593
0.000584596
0.000584596
0.000584595
0.000584594
0.000584593
0.000584592
0.000584591
0.000584589
0.000584587
0.000584584
0.000584581
0.000584578
0.000584578
0.000584558
0.000609765
0.000609795
0.000609804
0.000609809
0.000609812
0.000609815
0.000609817
0.000609819
0.00060982
0.000609821
0.000609821
0.00060982
0.000609819
0.000609818
0.000609816
0.000609814
0.000609812
0.00060981
0.000609807
0.000609805
0.000609802
0.000609799
0.000609796
0.000609792
0.000609788
0.000609784
0.00060978
0.000609776
0.000609771
0.000609767
0.000609762
0.000609758
0.000609753
0.000609748
0.000609743
0.000609738
0.000609733
0.000609727
0.000609722
0.000609717
0.000609711
0.000609706
0.0006097
0.000609698
0.000609673
0.00060965
0.000609674
0.000609678
0.000609678
0.000609676
0.000609675
0.000609673
0.000609672
0.00060967
0.000609667
0.000609664
0.000609661
0.000609658
0.000609653
0.000609653
0.000609629
0.00063588
0.000635915
0.000635925
0.00063593
0.000635933
0.000635936
0.000635938
0.000635939
0.00063594
0.00063594
0.000635939
0.000635938
0.000635936
0.000635934
0.000635931
0.000635929
0.000635926
0.000635923
0.00063592
0.000635916
0.000635913
0.000635909
0.000635904
0.0006359
0.000635895
0.00063589
0.000635885
0.00063588
0.000635874
0.000635869
0.000635863
0.000635857
0.000635852
0.000635846
0.00063584
0.000635834
0.000635828
0.000635822
0.000635815
0.000635809
0.000635803
0.000635796
0.000635789
0.000635787
0.000635758
0.000635745
0.000635774
0.000635779
0.000635779
0.000635777
0.000635775
0.000635773
0.000635771
0.000635768
0.000635765
0.000635762
0.000635758
0.000635753
0.000635748
0.000635747
0.00063572
0.000663072
0.000663112
0.000663124
0.000663129
0.000663132
0.000663134
0.000663136
0.000663137
0.000663137
0.000663136
0.000663135
0.000663133
0.00066313
0.000663127
0.000663124
0.00066312
0.000663117
0.000663113
0.000663109
0.000663104
0.000663099
0.000663094
0.000663089
0.000663084
0.000663078
0.000663072
0.000663065
0.000663059
0.000663052
0.000663046
0.000663039
0.000663032
0.000663025
0.000663018
0.000663011
0.000663004
0.000662997
0.00066299
0.000662983
0.000662975
0.000662968
0.00066296
0.000662952
0.000662949
0.000662916
0.000662914
0.000662949
0.000662955
0.000662955
0.000662953
0.000662951
0.000662948
0.000662946
0.000662942
0.000662938
0.000662934
0.000662929
0.000662924
0.000662917
0.000662916
0.000662885
0.000691398
0.000691445
0.000691458
0.000691463
0.000691466
0.000691467
0.000691468
0.000691469
0.000691469
0.000691467
0.000691465
0.000691462
0.000691459
0.000691455
0.00069145
0.000691446
0.000691441
0.000691436
0.000691431
0.000691425
0.000691419
0.000691413
0.000691407
0.0006914
0.000691393
0.000691386
0.000691378
0.000691371
0.000691363
0.000691355
0.000691347
0.000691339
0.000691331
0.000691323
0.000691315
0.000691306
0.000691298
0.00069129
0.000691281
0.000691273
0.000691264
0.000691255
0.000691246
0.000691242
0.000691205
0.000691215
0.000691256
0.000691263
0.000691263
0.000691261
0.000691259
0.000691256
0.000691252
0.000691248
0.000691243
0.000691238
0.000691232
0.000691226
0.000691219
0.000691217
0.000691181
0.000720917
0.000720971
0.000720985
0.00072099
0.000720993
0.000720994
0.000720995
0.000720994
0.000720993
0.000720991
0.000720988
0.000720984
0.00072098
0.000720975
0.000720969
0.000720964
0.000720958
0.000720952
0.000720945
0.000720939
0.000720931
0.000720924
0.000720916
0.000720908
0.0007209
0.000720891
0.000720882
0.000720873
0.000720864
0.000720855
0.000720846
0.000720837
0.000720827
0.000720817
0.000720808
0.000720798
0.000720789
0.000720779
0.000720769
0.000720759
0.000720749
0.00072074
0.000720729
0.000720725
0.000720683
0.000720706
0.000720754
0.000720763
0.000720762
0.00072076
0.000720757
0.000720753
0.000720749
0.000720744
0.000720739
0.000720733
0.000720726
0.000720719
0.00072071
0.000720708
0.000720668
0.000751688
0.00075175
0.000751766
0.000751772
0.000751774
0.000751775
0.000751774
0.000751774
0.000751772
0.000751768
0.000751764
0.00075176
0.000751754
0.000751748
0.000751741
0.000751735
0.000751728
0.00075172
0.000751712
0.000751704
0.000751696
0.000751687
0.000751678
0.000751668
0.000751658
0.000751648
0.000751638
0.000751627
0.000751617
0.000751606
0.000751595
0.000751584
0.000751573
0.000751562
0.000751551
0.00075154
0.000751529
0.000751518
0.000751507
0.000751496
0.000751484
0.000751473
0.00075146
0.000751456
0.000751409
0.000751447
0.000751502
0.000751512
0.000751512
0.00075151
0.000751506
0.000751502
0.000751497
0.000751491
0.000751485
0.000751478
0.00075147
0.000751462
0.000751452
0.000751449
0.000751404
0.000783775
0.000783844
0.000783862
0.000783868
0.00078387
0.00078387
0.000783869
0.000783867
0.000783865
0.00078386
0.000783855
0.000783849
0.000783843
0.000783835
0.000783827
0.000783819
0.000783811
0.000783802
0.000783793
0.000783783
0.000783773
0.000783763
0.000783752
0.000783741
0.000783729
0.000783718
0.000783706
0.000783693
0.000783681
0.000783669
0.000783657
0.000783644
0.000783631
0.000783618
0.000783606
0.000783593
0.000783581
0.000783568
0.000783555
0.000783542
0.000783529
0.000783516
0.000783502
0.000783497
0.000783445
0.000783499
0.000783562
0.000783574
0.000783574
0.000783571
0.000783567
0.000783562
0.000783556
0.000783549
0.000783542
0.000783534
0.000783525
0.000783516
0.000783505
0.000783501
0.000783451
0.000817237
0.000817316
0.000817336
0.000817341
0.000817343
0.000817342
0.000817341
0.000817338
0.000817334
0.000817329
0.000817323
0.000817315
0.000817307
0.000817299
0.00081729
0.00081728
0.00081727
0.00081726
0.000817249
0.000817237
0.000817226
0.000817214
0.000817201
0.000817188
0.000817175
0.000817161
0.000817148
0.000817134
0.00081712
0.000817106
0.000817091
0.000817077
0.000817062
0.000817048
0.000817033
0.000817019
0.000817005
0.00081699
0.000816976
0.000816961
0.000816946
0.000816932
0.000816916
0.000816909
0.000816852
0.000816923
0.000816995
0.000817009
0.000817009
0.000817006
0.000817002
0.000816996
0.000816989
0.000816981
0.000816973
0.000816964
0.000816954
0.000816943
0.000816931
0.000816927
0.000816872
0.000852138
0.000852227
0.000852249
0.000852255
0.000852256
0.000852255
0.000852252
0.000852248
0.000852244
0.000852237
0.000852229
0.000852221
0.000852211
0.000852201
0.000852191
0.00085218
0.000852168
0.000852156
0.000852143
0.00085213
0.000852116
0.000852102
0.000852088
0.000852073
0.000852058
0.000852042
0.000852027
0.000852011
0.000851995
0.000851979
0.000851962
0.000851946
0.000851929
0.000851913
0.000851897
0.000851881
0.000851864
0.000851848
0.000851831
0.000851815
0.000851798
0.000851782
0.000851764
0.000851756
0.000851693
0.000851783
0.000851865
0.000851881
0.000851881
0.000851877
0.000851872
0.000851866
0.000851858
0.000851849
0.00085184
0.000851829
0.000851818
0.000851806
0.000851792
0.000851787
0.000851727
0.000888541
0.000888641
0.000888664
0.00088867
0.000888671
0.000888669
0.000888666
0.000888661
0.000888655
0.000888647
0.000888638
0.000888628
0.000888617
0.000888605
0.000888593
0.00088858
0.000888567
0.000888553
0.000888538
0.000888523
0.000888507
0.000888491
0.000888475
0.000888458
0.00088844
0.000888423
0.000888405
0.000888387
0.000888369
0.000888351
0.000888332
0.000888314
0.000888295
0.000888276
0.000888258
0.00088824
0.000888221
0.000888203
0.000888184
0.000888165
0.000888147
0.000888129
0.000888109
0.000888099
0.000888031
0.000888142
0.000888234
0.000888251
0.000888252
0.000888248
0.000888242
0.000888235
0.000888226
0.000888216
0.000888205
0.000888193
0.000888181
0.000888167
0.000888152
0.000888146
0.000888081
0.000926509
0.000926619
0.000926645
0.000926651
0.000926651
0.000926649
0.000926644
0.000926638
0.000926631
0.000926622
0.000926611
0.000926599
0.000926586
0.000926573
0.000926559
0.000926544
0.000926529
0.000926513
0.000926496
0.000926479
0.000926461
0.000926443
0.000926424
0.000926405
0.000926385
0.000926365
0.000926345
0.000926325
0.000926304
0.000926284
0.000926263
0.000926242
0.000926221
0.0009262
0.00092618
0.000926159
0.000926138
0.000926118
0.000926097
0.000926076
0.000926055
0.000926035
0.000926013
0.000926002
0.000925928
0.00092606
0.000926163
0.000926183
0.000926184
0.000926179
0.000926173
0.000926164
0.000926155
0.000926143
0.000926131
0.000926118
0.000926104
0.000926089
0.000926072
0.000926065
0.000925995
0.000966101
0.000966224
0.000966253
0.000966259
0.000966258
0.000966255
0.000966249
0.000966242
0.000966233
0.000966222
0.00096621
0.000966196
0.000966182
0.000966166
0.000966151
0.000966134
0.000966116
0.000966098
0.000966079
0.000966059
0.000966039
0.000966019
0.000965997
0.000965976
0.000965953
0.000965931
0.000965909
0.000965886
0.000965863
0.00096584
0.000965816
0.000965793
0.000965769
0.000965746
0.000965723
0.0009657
0.000965677
0.000965654
0.00096563
0.000965607
0.000965584
0.000965561
0.000965537
0.000965524
0.000965445
0.0009656
0.000965715
0.000965738
0.000965738
0.000965733
0.000965726
0.000965717
0.000965706
0.000965693
0.00096568
0.000965665
0.000965649
0.000965633
0.000965614
0.000965606
0.000965531
0.00100738
0.00100752
0.00100755
0.00100755
0.00100755
0.00100755
0.00100754
0.00100753
0.00100752
0.00100751
0.00100749
0.00100748
0.00100746
0.00100745
0.00100743
0.00100741
0.00100739
0.00100737
0.00100735
0.00100732
0.0010073
0.00100728
0.00100725
0.00100723
0.00100721
0.00100718
0.00100716
0.00100713
0.0010071
0.00100708
0.00100705
0.00100703
0.001007
0.00100697
0.00100695
0.00100692
0.0010069
0.00100687
0.00100684
0.00100682
0.00100679
0.00100677
0.00100674
0.00100673
0.00100664
0.00100682
0.00100695
0.00100697
0.00100698
0.00100697
0.00100696
0.00100695
0.00100694
0.00100693
0.00100691
0.00100689
0.00100688
0.00100686
0.00100684
0.00100683
0.00100675
0.0010504
0.00105055
0.00105059
0.00105059
0.00105059
0.00105058
0.00105058
0.00105057
0.00105055
0.00105054
0.00105052
0.00105051
0.00105049
0.00105047
0.00105045
0.00105043
0.0010504
0.00105038
0.00105036
0.00105033
0.00105031
0.00105028
0.00105025
0.00105023
0.0010502
0.00105017
0.00105014
0.00105011
0.00105009
0.00105006
0.00105003
0.00105
0.00104997
0.00104994
0.00104991
0.00104988
0.00104986
0.00104983
0.0010498
0.00104977
0.00104974
0.00104971
0.00104968
0.00104967
0.00104958
0.00104978
0.00104992
0.00104995
0.00104995
0.00104995
0.00104994
0.00104993
0.00104991
0.0010499
0.00104988
0.00104986
0.00104984
0.00104982
0.0010498
0.00104979
0.00104971
0.00109522
0.00109539
0.00109542
0.00109543
0.00109543
0.00109542
0.00109541
0.0010954
0.00109538
0.00109537
0.00109535
0.00109533
0.00109531
0.00109529
0.00109526
0.00109524
0.00109522
0.00109519
0.00109516
0.00109514
0.00109511
0.00109508
0.00109505
0.00109502
0.00109499
0.00109496
0.00109493
0.00109489
0.00109486
0.00109483
0.0010948
0.00109477
0.00109473
0.0010947
0.00109467
0.00109464
0.00109461
0.00109458
0.00109454
0.00109451
0.00109448
0.00109445
0.00109442
0.0010944
0.0010943
0.00109454
0.00109469
0.00109473
0.00109473
0.00109472
0.00109471
0.0010947
0.00109468
0.00109466
0.00109465
0.00109463
0.0010946
0.00109458
0.00109456
0.00109455
0.00109446
0.00114189
0.00114207
0.00114211
0.00114212
0.00114211
0.00114211
0.0011421
0.00114208
0.00114207
0.00114205
0.00114203
0.00114201
0.00114198
0.00114196
0.00114193
0.00114191
0.00114188
0.00114185
0.00114182
0.00114179
0.00114176
0.00114173
0.00114169
0.00114166
0.00114163
0.00114159
0.00114156
0.00114152
0.00114149
0.00114145
0.00114142
0.00114138
0.00114135
0.00114131
0.00114128
0.00114124
0.00114121
0.00114117
0.00114114
0.0011411
0.00114107
0.00114103
0.001141
0.00114097
0.00114088
0.00114114
0.00114131
0.00114134
0.00114135
0.00114134
0.00114133
0.00114131
0.0011413
0.00114128
0.00114126
0.00114124
0.00114121
0.00114119
0.00114116
0.00114115
0.00114105
0.00119046
0.00119065
0.0011907
0.0011907
0.0011907
0.00119069
0.00119068
0.00119066
0.00119064
0.00119062
0.0011906
0.00119058
0.00119055
0.00119052
0.00119049
0.00119047
0.00119043
0.0011904
0.00119037
0.00119034
0.0011903
0.00119027
0.00119023
0.00119019
0.00119016
0.00119012
0.00119008
0.00119004
0.00119
0.00118997
0.00118993
0.00118989
0.00118985
0.00118981
0.00118977
0.00118973
0.0011897
0.00118966
0.00118962
0.00118958
0.00118954
0.00118951
0.00118947
0.00118944
0.00118934
0.00118963
0.00118982
0.00118986
0.00118986
0.00118985
0.00118984
0.00118982
0.0011898
0.00118978
0.00118976
0.00118974
0.00118971
0.00118969
0.00118966
0.00118964
0.00118954
0.00124096
0.00124118
0.00124122
0.00124123
0.00124122
0.00124121
0.0012412
0.00124118
0.00124116
0.00124114
0.00124111
0.00124108
0.00124105
0.00124102
0.00124099
0.00124096
0.00124093
0.00124089
0.00124086
0.00124082
0.00124078
0.00124074
0.0012407
0.00124066
0.00124062
0.00124058
0.00124054
0.0012405
0.00124046
0.00124041
0.00124037
0.00124033
0.00124029
0.00124024
0.0012402
0.00124016
0.00124012
0.00124008
0.00124003
0.00123999
0.00123995
0.00123991
0.00123987
0.00123984
0.00123973
0.00124006
0.00124026
0.0012403
0.0012403
0.00124029
0.00124028
0.00124026
0.00124024
0.00124022
0.0012402
0.00124017
0.00124014
0.00124012
0.00124008
0.00124006
0.00123997
0.00129344
0.00129367
0.00129372
0.00129373
0.00129372
0.00129371
0.00129369
0.00129367
0.00129365
0.00129362
0.00129359
0.00129356
0.00129353
0.0012935
0.00129346
0.00129343
0.00129339
0.00129335
0.00129331
0.00129327
0.00129323
0.00129319
0.00129315
0.0012931
0.00129306
0.00129301
0.00129297
0.00129292
0.00129287
0.00129283
0.00129278
0.00129274
0.00129269
0.00129264
0.0012926
0.00129255
0.00129251
0.00129246
0.00129242
0.00129237
0.00129232
0.00129228
0.00129223
0.0012922
0.00129209
0.00129245
0.00129267
0.00129272
0.00129272
0.00129271
0.00129269
0.00129267
0.00129265
0.00129263
0.0012926
0.00129257
0.00129254
0.00129251
0.00129248
0.00129246
0.00129236
0.00134791
0.00134816
0.00134821
0.00134822
0.00134821
0.0013482
0.00134818
0.00134815
0.00134813
0.0013481
0.00134807
0.00134804
0.001348
0.00134797
0.00134793
0.00134789
0.00134785
0.00134781
0.00134776
0.00134772
0.00134768
0.00134763
0.00134758
0.00134753
0.00134749
0.00134744
0.00134739
0.00134734
0.00134729
0.00134724
0.00134719
0.00134714
0.00134709
0.00134704
0.00134699
0.00134694
0.00134689
0.00134684
0.00134679
0.00134674
0.00134669
0.00134664
0.00134659
0.00134655
0.00134644
0.00134683
0.00134707
0.00134712
0.00134712
0.00134711
0.0013471
0.00134708
0.00134705
0.00134703
0.001347
0.00134697
0.00134694
0.0013469
0.00134687
0.00134684
0.00134674
0.00140439
0.00140466
0.00140472
0.00140473
0.00140472
0.0014047
0.00140468
0.00140465
0.00140463
0.00140459
0.00140456
0.00140452
0.00140449
0.00140445
0.0014044
0.00140436
0.00140432
0.00140427
0.00140423
0.00140418
0.00140413
0.00140408
0.00140403
0.00140398
0.00140392
0.00140387
0.00140382
0.00140376
0.00140371
0.00140365
0.0014036
0.00140354
0.00140349
0.00140344
0.00140338
0.00140333
0.00140327
0.00140322
0.00140317
0.00140311
0.00140306
0.00140301
0.00140296
0.00140291
0.0014028
0.00140323
0.00140349
0.00140354
0.00140354
0.00140353
0.00140351
0.00140349
0.00140346
0.00140343
0.0014034
0.00140337
0.00140334
0.0014033
0.00140326
0.00140323
0.00140313
0.0014629
0.00146319
0.00146325
0.00146325
0.00146324
0.00146322
0.0014632
0.00146317
0.00146314
0.0014631
0.00146307
0.00146303
0.00146299
0.00146294
0.0014629
0.00146285
0.00146281
0.00146276
0.00146271
0.00146265
0.0014626
0.00146255
0.00146249
0.00146243
0.00146238
0.00146232
0.00146226
0.0014622
0.00146214
0.00146209
0.00146203
0.00146197
0.00146191
0.00146185
0.00146179
0.00146174
0.00146168
0.00146162
0.00146156
0.0014615
0.00146145
0.00146139
0.00146133
0.00146128
0.00146117
0.00146163
0.00146192
0.00146197
0.00146197
0.00146196
0.00146194
0.00146191
0.00146189
0.00146186
0.00146182
0.00146179
0.00146175
0.00146171
0.00146167
0.00146164
0.00146154
0.00152341
0.00152372
0.00152379
0.00152379
0.00152378
0.00152376
0.00152373
0.0015237
0.00152366
0.00152363
0.00152359
0.00152354
0.0015235
0.00152345
0.0015234
0.00152335
0.0015233
0.00152325
0.00152319
0.00152314
0.00152308
0.00152302
0.00152296
0.0015229
0.00152284
0.00152278
0.00152272
0.00152265
0.00152259
0.00152253
0.00152246
0.0015224
0.00152234
0.00152227
0.00152221
0.00152215
0.00152209
0.00152202
0.00152196
0.0015219
0.00152184
0.00152178
0.00152172
0.00152166
0.00152155
0.00152205
0.00152235
0.00152241
0.00152241
0.0015224
0.00152238
0.00152235
0.00152232
0.00152229
0.00152225
0.00152221
0.00152217
0.00152213
0.00152209
0.00152205
0.00152196
0.00158591
0.00158624
0.00158631
0.00158632
0.0015863
0.00158628
0.00158625
0.00158622
0.00158618
0.00158614
0.00158609
0.00158604
0.001586
0.00158595
0.00158589
0.00158584
0.00158578
0.00158573
0.00158567
0.00158561
0.00158555
0.00158548
0.00158542
0.00158535
0.00158529
0.00158522
0.00158515
0.00158509
0.00158502
0.00158495
0.00158488
0.00158482
0.00158475
0.00158468
0.00158461
0.00158455
0.00158448
0.00158441
0.00158435
0.00158428
0.00158421
0.00158415
0.00158408
0.00158402
0.00158392
0.00158445
0.00158477
0.00158484
0.00158484
0.00158482
0.0015848
0.00158477
0.00158474
0.0015847
0.00158466
0.00158462
0.00158458
0.00158454
0.00158449
0.00158445
0.00158436
0.00165037
0.00165072
0.00165079
0.0016508
0.00165078
0.00165075
0.00165072
0.00165068
0.00165064
0.0016506
0.00165055
0.0016505
0.00165045
0.00165039
0.00165033
0.00165028
0.00165022
0.00165016
0.00165009
0.00165003
0.00164996
0.0016499
0.00164983
0.00164976
0.00164969
0.00164961
0.00164954
0.00164947
0.0016494
0.00164933
0.00164925
0.00164918
0.00164911
0.00164904
0.00164897
0.00164889
0.00164882
0.00164875
0.00164868
0.00164861
0.00164854
0.00164847
0.0016484
0.00164833
0.00164823
0.0016488
0.00164915
0.00164922
0.00164922
0.0016492
0.00164917
0.00164914
0.00164911
0.00164907
0.00164903
0.00164898
0.00164894
0.00164889
0.00164884
0.00164879
0.00164871
0.00171672
0.0017171
0.00171717
0.00171717
0.00171715
0.00171712
0.00171709
0.00171705
0.001717
0.00171695
0.0017169
0.00171685
0.00171679
0.00171673
0.00171667
0.00171661
0.00171654
0.00171648
0.00171641
0.00171634
0.00171627
0.0017162
0.00171613
0.00171605
0.00171598
0.0017159
0.00171583
0.00171575
0.00171567
0.00171559
0.00171552
0.00171544
0.00171536
0.00171529
0.00171521
0.00171513
0.00171506
0.00171498
0.00171491
0.00171483
0.00171476
0.00171468
0.00171461
0.00171454
0.00171444
0.00171505
0.00171542
0.00171549
0.00171549
0.00171547
0.00171544
0.0017154
0.00171537
0.00171533
0.00171528
0.00171524
0.00171519
0.00171514
0.00171508
0.00171503
0.00171496
0.0017849
0.00178529
0.00178537
0.00178537
0.00178535
0.00178531
0.00178527
0.00178523
0.00178518
0.00178513
0.00178507
0.00178501
0.00178495
0.00178489
0.00178483
0.00178476
0.00178469
0.00178462
0.00178455
0.00178448
0.0017844
0.00178432
0.00178425
0.00178417
0.00178409
0.00178401
0.00178392
0.00178384
0.00178376
0.00178368
0.0017836
0.00178352
0.00178343
0.00178335
0.00178327
0.00178319
0.00178311
0.00178303
0.00178295
0.00178287
0.00178279
0.00178271
0.00178263
0.00178255
0.00178247
0.00178312
0.0017835
0.00178358
0.00178358
0.00178355
0.00178352
0.00178349
0.00178345
0.0017834
0.00178336
0.00178331
0.00178325
0.0017832
0.00178315
0.00178309
0.00178302
0.0018548
0.00185521
0.00185529
0.00185529
0.00185526
0.00185523
0.00185518
0.00185514
0.00185508
0.00185503
0.00185496
0.0018549
0.00185484
0.00185477
0.0018547
0.00185463
0.00185456
0.00185448
0.00185441
0.00185433
0.00185425
0.00185417
0.00185409
0.001854
0.00185392
0.00185383
0.00185375
0.00185366
0.00185357
0.00185349
0.0018534
0.00185331
0.00185323
0.00185314
0.00185306
0.00185297
0.00185288
0.0018528
0.00185271
0.00185263
0.00185255
0.00185246
0.00185238
0.00185229
0.00185222
0.0018529
0.00185331
0.00185339
0.00185339
0.00185336
0.00185333
0.00185329
0.00185325
0.0018532
0.00185315
0.0018531
0.00185304
0.00185299
0.00185293
0.00185287
0.00185281
0.0019263
0.00192674
0.00192682
0.00192681
0.00192678
0.00192674
0.0019267
0.00192664
0.00192658
0.00192652
0.00192646
0.00192639
0.00192632
0.00192625
0.00192618
0.0019261
0.00192602
0.00192595
0.00192587
0.00192578
0.0019257
0.00192561
0.00192552
0.00192544
0.00192535
0.00192526
0.00192516
0.00192507
0.00192498
0.00192489
0.0019248
0.00192471
0.00192462
0.00192453
0.00192444
0.00192435
0.00192426
0.00192417
0.00192408
0.00192399
0.0019239
0.00192381
0.00192372
0.00192363
0.00192357
0.00192429
0.00192473
0.00192481
0.0019248
0.00192477
0.00192474
0.0019247
0.00192465
0.0019246
0.00192455
0.00192449
0.00192443
0.00192437
0.00192431
0.00192424
0.0019242
0.00199926
0.00199971
0.0019998
0.00199979
0.00199976
0.00199971
0.00199966
0.0019996
0.00199954
0.00199947
0.0019994
0.00199933
0.00199926
0.00199918
0.0019991
0.00199902
0.00199894
0.00199886
0.00199877
0.00199869
0.0019986
0.00199851
0.00199841
0.00199832
0.00199823
0.00199813
0.00199803
0.00199794
0.00199784
0.00199775
0.00199765
0.00199755
0.00199746
0.00199736
0.00199727
0.00199717
0.00199708
0.00199699
0.00199689
0.0019968
0.00199671
0.00199661
0.00199652
0.00199643
0.00199638
0.00199714
0.00199759
0.00199767
0.00199767
0.00199764
0.0019976
0.00199755
0.0019975
0.00199745
0.00199739
0.00199733
0.00199727
0.00199721
0.00199714
0.00199707
0.00199705
0.00207349
0.00207397
0.00207405
0.00207404
0.002074
0.00207395
0.00207389
0.00207383
0.00207376
0.00207369
0.00207362
0.00207354
0.00207346
0.00207338
0.0020733
0.00207321
0.00207313
0.00207304
0.00207295
0.00207286
0.00207277
0.00207267
0.00207257
0.00207248
0.00207238
0.00207228
0.00207218
0.00207208
0.00207197
0.00207187
0.00207177
0.00207167
0.00207157
0.00207147
0.00207138
0.00207128
0.00207118
0.00207108
0.00207098
0.00207088
0.00207079
0.00207069
0.00207059
0.00207049
0.00207046
0.00207126
0.00207173
0.00207182
0.00207181
0.00207178
0.00207173
0.00207168
0.00207163
0.00207157
0.00207151
0.00207145
0.00207139
0.00207132
0.00207125
0.00207117
0.00207117
0.00214879
0.00214929
0.00214937
0.00214936
0.00214931
0.00214926
0.00214919
0.00214913
0.00214905
0.00214898
0.0021489
0.00214882
0.00214873
0.00214865
0.00214856
0.00214847
0.00214838
0.00214829
0.00214819
0.0021481
0.002148
0.0021479
0.0021478
0.00214769
0.00214759
0.00214749
0.00214738
0.00214728
0.00214717
0.00214707
0.00214696
0.00214686
0.00214675
0.00214665
0.00214655
0.00214644
0.00214634
0.00214624
0.00214613
0.00214603
0.00214593
0.00214583
0.00214573
0.00214562
0.00214561
0.00214645
0.00214694
0.00214703
0.00214702
0.00214698
0.00214693
0.00214688
0.00214682
0.00214676
0.0021467
0.00214663
0.00214657
0.00214649
0.00214642
0.00214634
0.00214635
0.00222492
0.00222543
0.00222552
0.0022255
0.00222545
0.00222539
0.00222532
0.00222524
0.00222516
0.00222508
0.002225
0.00222491
0.00222482
0.00222473
0.00222464
0.00222454
0.00222445
0.00222435
0.00222425
0.00222415
0.00222405
0.00222395
0.00222384
0.00222373
0.00222362
0.00222352
0.00222341
0.0022233
0.00222319
0.00222308
0.00222297
0.00222286
0.00222275
0.00222264
0.00222254
0.00222243
0.00222232
0.00222222
0.00222211
0.002222
0.0022219
0.00222179
0.00222169
0.00222158
0.00222159
0.00222246
0.00222298
0.00222307
0.00222305
0.00222301
0.00222296
0.0022229
0.00222284
0.00222278
0.00222271
0.00222264
0.00222257
0.00222249
0.00222242
0.00222233
0.00222237
0.00230159
0.00230212
0.0023022
0.00230218
0.00230212
0.00230206
0.00230198
0.0023019
0.00230182
0.00230173
0.00230164
0.00230154
0.00230145
0.00230135
0.00230126
0.00230116
0.00230106
0.00230096
0.00230085
0.00230075
0.00230064
0.00230053
0.00230042
0.00230031
0.0023002
0.00230009
0.00229997
0.00229986
0.00229974
0.00229963
0.00229952
0.0022994
0.00229929
0.00229918
0.00229907
0.00229896
0.00229885
0.00229874
0.00229863
0.00229852
0.00229841
0.0022983
0.0022982
0.00229808
0.00229811
0.00229903
0.00229956
0.00229965
0.00229963
0.00229958
0.00229953
0.00229947
0.0022994
0.00229933
0.00229926
0.00229919
0.00229911
0.00229904
0.00229896
0.00229886
0.00229892
0.00237848
0.00237904
0.00237912
0.00237908
0.00237902
0.00237895
0.00237887
0.00237878
0.00237869
0.00237859
0.0023785
0.0023784
0.0023783
0.0023782
0.0023781
0.00237799
0.00237789
0.00237778
0.00237767
0.00237757
0.00237745
0.00237734
0.00237723
0.00237711
0.00237699
0.00237688
0.00237676
0.00237664
0.00237652
0.00237641
0.00237629
0.00237617
0.00237606
0.00237594
0.00237583
0.00237571
0.0023756
0.00237548
0.00237537
0.00237526
0.00237515
0.00237504
0.00237493
0.0023748
0.00237486
0.00237582
0.00237637
0.00237646
0.00237644
0.00237639
0.00237633
0.00237626
0.00237619
0.00237612
0.00237604
0.00237596
0.00237588
0.0023758
0.00237572
0.00237562
0.00237571
0.00245525
0.00245582
0.00245589
0.00245585
0.00245578
0.0024557
0.00245561
0.00245552
0.00245542
0.00245532
0.00245522
0.00245511
0.00245501
0.0024549
0.00245479
0.00245469
0.00245458
0.00245447
0.00245436
0.00245424
0.00245413
0.00245401
0.00245389
0.00245377
0.00245365
0.00245353
0.00245341
0.00245328
0.00245316
0.00245304
0.00245292
0.0024528
0.00245268
0.00245256
0.00245245
0.00245233
0.00245221
0.0024521
0.00245198
0.00245186
0.00245175
0.00245163
0.00245152
0.00245139
0.00245148
0.00245248
0.00245305
0.00245314
0.00245311
0.00245306
0.00245299
0.00245292
0.00245285
0.00245277
0.00245269
0.00245261
0.00245252
0.00245244
0.00245235
0.00245225
0.00245236
0.00253148
0.00253206
0.00253213
0.00253209
0.00253201
0.00253192
0.00253182
0.00253172
0.00253161
0.00253151
0.0025314
0.00253129
0.00253118
0.00253106
0.00253095
0.00253084
0.00253072
0.00253061
0.00253049
0.00253038
0.00253026
0.00253014
0.00253001
0.00252989
0.00252976
0.00252964
0.00252951
0.00252939
0.00252926
0.00252914
0.00252902
0.00252889
0.00252877
0.00252865
0.00252853
0.00252841
0.00252829
0.00252817
0.00252805
0.00252793
0.00252782
0.0025277
0.00252758
0.00252745
0.00252757
0.00252861
0.0025292
0.00252929
0.00252926
0.00252919
0.00252912
0.00252905
0.00252897
0.00252888
0.0025288
0.00252871
0.00252863
0.00252854
0.00252845
0.00252834
0.00252847
0.00260672
0.00260732
0.00260739
0.00260733
0.00260724
0.00260714
0.00260704
0.00260693
0.00260682
0.0026067
0.00260659
0.00260647
0.00260635
0.00260624
0.00260612
0.002606
0.00260588
0.00260576
0.00260564
0.00260552
0.0026054
0.00260527
0.00260515
0.00260502
0.00260489
0.00260476
0.00260463
0.00260451
0.00260438
0.00260425
0.00260412
0.002604
0.00260387
0.00260375
0.00260363
0.0026035
0.00260338
0.00260326
0.00260314
0.00260302
0.0026029
0.00260278
0.00260267
0.00260253
0.00260268
0.00260376
0.00260438
0.00260446
0.00260442
0.00260435
0.00260428
0.00260419
0.00260411
0.00260402
0.00260393
0.00260384
0.00260375
0.00260365
0.00260356
0.00260344
0.00260361
0.00268049
0.0026811
0.00268116
0.0026811
0.002681
0.00268089
0.00268078
0.00268066
0.00268054
0.00268042
0.0026803
0.00268017
0.00268005
0.00267993
0.0026798
0.00267968
0.00267956
0.00267944
0.00267931
0.00267919
0.00267906
0.00267893
0.0026788
0.00267867
0.00267854
0.00267841
0.00267828
0.00267815
0.00267802
0.00267789
0.00267776
0.00267763
0.0026775
0.00267738
0.00267725
0.00267713
0.002677
0.00267688
0.00267676
0.00267664
0.00267652
0.00267639
0.00267628
0.00267614
0.00267632
0.00267745
0.00267808
0.00267816
0.00267812
0.00267804
0.00267796
0.00267787
0.00267778
0.00267768
0.00267759
0.00267749
0.00267739
0.00267729
0.00267719
0.00267707
0.00267727
0.00275224
0.00275287
0.00275292
0.00275285
0.00275274
0.00275262
0.0027525
0.00275238
0.00275225
0.00275212
0.00275199
0.00275186
0.00275173
0.0027516
0.00275147
0.00275135
0.00275122
0.00275109
0.00275097
0.00275084
0.00275071
0.00275058
0.00275044
0.00275031
0.00275018
0.00275004
0.00274991
0.00274977
0.00274964
0.00274951
0.00274938
0.00274925
0.00274912
0.00274899
0.00274886
0.00274874
0.00274861
0.00274849
0.00274837
0.00274824
0.00274812
0.002748
0.00274788
0.00274774
0.00274796
0.00274914
0.00274978
0.00274986
0.00274981
0.00274973
0.00274964
0.00274954
0.00274944
0.00274934
0.00274924
0.00274914
0.00274903
0.00274893
0.00274882
0.0027487
0.00274892
0.00282141
0.00282204
0.00282209
0.002822
0.00282189
0.00282176
0.00282163
0.00282149
0.00282136
0.00282122
0.00282109
0.00282095
0.00282082
0.00282068
0.00282055
0.00282042
0.00282029
0.00282016
0.00282003
0.00281989
0.00281976
0.00281963
0.00281949
0.00281936
0.00281922
0.00281908
0.00281895
0.00281881
0.00281868
0.00281854
0.00281841
0.00281828
0.00281815
0.00281802
0.00281789
0.00281777
0.00281764
0.00281752
0.00281739
0.00281727
0.00281715
0.00281703
0.00281691
0.00281677
0.00281701
0.00281825
0.00281891
0.00281898
0.00281893
0.00281884
0.00281874
0.00281863
0.00281853
0.00281842
0.0028183
0.00281819
0.00281808
0.00281797
0.00281786
0.00281772
0.00281798
0.00288735
0.002888
0.00288803
0.00288794
0.00288781
0.00288768
0.00288754
0.0028874
0.00288725
0.00288711
0.00288697
0.00288683
0.00288669
0.00288655
0.00288641
0.00288628
0.00288614
0.00288601
0.00288587
0.00288574
0.0028856
0.00288547
0.00288533
0.00288519
0.00288506
0.00288492
0.00288478
0.00288464
0.00288451
0.00288437
0.00288424
0.00288411
0.00288398
0.00288385
0.00288372
0.00288359
0.00288347
0.00288334
0.00288322
0.0028831
0.00288298
0.00288285
0.00288274
0.0028826
0.00288288
0.00288416
0.00288484
0.00288491
0.00288484
0.00288474
0.00288463
0.00288452
0.0028844
0.00288428
0.00288416
0.00288404
0.00288392
0.0028838
0.00288368
0.00288354
0.00288382
0.00294942
0.00295008
0.00295011
0.00295
0.00294987
0.00294973
0.00294958
0.00294943
0.00294928
0.00294913
0.00294899
0.00294884
0.00294869
0.00294855
0.00294841
0.00294827
0.00294813
0.002948
0.00294786
0.00294772
0.00294759
0.00294745
0.00294731
0.00294717
0.00294703
0.00294689
0.00294676
0.00294662
0.00294648
0.00294635
0.00294621
0.00294608
0.00294595
0.00294582
0.00294569
0.00294557
0.00294544
0.00294532
0.0029452
0.00294507
0.00294495
0.00294483
0.00294472
0.00294458
0.00294489
0.00294623
0.00294692
0.00294698
0.00294691
0.0029468
0.00294668
0.00294655
0.00294642
0.00294628
0.00294615
0.00294602
0.00294589
0.00294576
0.00294563
0.00294549
0.0029458
0.00300693
0.0030076
0.00300762
0.00300751
0.00300737
0.00300722
0.00300707
0.00300691
0.00300676
0.0030066
0.00300645
0.0030063
0.00300615
0.003006
0.00300586
0.00300572
0.00300558
0.00300544
0.0030053
0.00300516
0.00300502
0.00300489
0.00300475
0.00300461
0.00300447
0.00300433
0.00300419
0.00300405
0.00300392
0.00300378
0.00300365
0.00300352
0.00300339
0.00300326
0.00300313
0.00300301
0.00300289
0.00300276
0.00300264
0.00300252
0.0030024
0.00300229
0.00300217
0.00300203
0.00300238
0.00300377
0.00300447
0.00300453
0.00300444
0.00300431
0.00300417
0.00300402
0.00300388
0.00300373
0.00300358
0.00300344
0.0030033
0.00300316
0.00300303
0.00300287
0.00300321
0.00305917
0.00305985
0.00305988
0.00305976
0.00305962
0.00305946
0.0030593
0.00305914
0.00305898
0.00305882
0.00305867
0.00305851
0.00305836
0.00305821
0.00305806
0.00305792
0.00305778
0.00305764
0.0030575
0.00305736
0.00305722
0.00305708
0.00305695
0.00305681
0.00305667
0.00305653
0.00305639
0.00305626
0.00305612
0.00305599
0.00305585
0.00305572
0.0030556
0.00305547
0.00305534
0.00305522
0.0030551
0.00305498
0.00305486
0.00305474
0.00305463
0.00305451
0.0030544
0.00305426
0.00305465
0.00305608
0.0030568
0.00305684
0.00305672
0.00305657
0.0030564
0.00305623
0.00305607
0.0030559
0.00305574
0.00305559
0.00305544
0.00305529
0.00305515
0.003055
0.00305537
0.00310543
0.00310613
0.00310616
0.00310604
0.0031059
0.00310574
0.00310557
0.00310541
0.00310524
0.00310508
0.00310492
0.00310476
0.00310461
0.00310446
0.00310431
0.00310417
0.00310402
0.00310388
0.00310375
0.00310361
0.00310347
0.00310333
0.0031032
0.00310306
0.00310292
0.00310279
0.00310265
0.00310251
0.00310238
0.00310225
0.00310212
0.00310199
0.00310187
0.00310174
0.00310162
0.0031015
0.00310138
0.00310126
0.00310115
0.00310103
0.00310092
0.00310081
0.0031007
0.00310057
0.00310098
0.00310246
0.00310317
0.00310318
0.00310303
0.00310284
0.00310264
0.00310244
0.00310226
0.00310208
0.00310191
0.00310174
0.00310159
0.00310144
0.0031013
0.00310114
0.00310154
0.003145
0.00314573
0.00314577
0.00314566
0.0031455
0.00314534
0.00314517
0.003145
0.00314483
0.00314467
0.00314451
0.00314435
0.0031442
0.00314404
0.0031439
0.00314375
0.00314361
0.00314348
0.00314334
0.0031432
0.00314307
0.00314293
0.0031428
0.00314266
0.00314253
0.0031424
0.00314226
0.00314213
0.003142
0.00314187
0.00314174
0.00314162
0.0031415
0.00314138
0.00314126
0.00314114
0.00314103
0.00314091
0.0031408
0.00314069
0.00314058
0.00314047
0.00314036
0.00314024
0.00314068
0.00314219
0.00314287
0.00314282
0.00314261
0.00314238
0.00314214
0.00314192
0.00314172
0.00314153
0.00314136
0.00314119
0.00314104
0.00314089
0.00314076
0.00314061
0.00314103
0.00317722
0.003178
0.00317804
0.00317792
0.00317775
0.00317758
0.00317741
0.00317723
0.00317707
0.0031769
0.00317674
0.00317659
0.00317643
0.00317629
0.00317614
0.003176
0.00317587
0.00317573
0.0031756
0.00317546
0.00317533
0.0031752
0.00317507
0.00317494
0.00317481
0.00317468
0.00317455
0.00317442
0.00317429
0.00317417
0.00317405
0.00317393
0.00317381
0.00317369
0.00317358
0.00317347
0.00317336
0.00317325
0.00317314
0.00317303
0.00317293
0.00317282
0.00317272
0.0031726
0.00317305
0.00317456
0.00317515
0.00317501
0.00317472
0.00317443
0.00317418
0.00317395
0.00317375
0.00317357
0.0031734
0.00317325
0.0031731
0.00317297
0.00317284
0.00317269
0.00317315
0.0032015
0.0032023
0.00320231
0.00320216
0.00320198
0.0032018
0.00320162
0.00320145
0.00320129
0.00320113
0.00320097
0.00320082
0.00320067
0.00320053
0.00320039
0.00320026
0.00320013
0.0032
0.00319987
0.00319974
0.00319961
0.00319949
0.00319936
0.00319923
0.00319911
0.00319898
0.00319886
0.00319874
0.00319861
0.00319849
0.00319838
0.00319826
0.00319815
0.00319804
0.00319793
0.00319782
0.00319772
0.00319761
0.00319751
0.00319741
0.00319731
0.00319721
0.00319711
0.003197
0.00319744
0.00319885
0.00319924
0.00319895
0.0031986
0.00319831
0.00319807
0.00319787
0.00319769
0.00319753
0.00319739
0.00319725
0.00319713
0.00319701
0.0031969
0.00319677
0.00319725
0.00321739
0.00321801
0.00321792
0.00321773
0.00321755
0.00321737
0.0032172
0.00321704
0.00321688
0.00321673
0.00321658
0.00321644
0.0032163
0.00321617
0.00321604
0.00321591
0.00321578
0.00321566
0.00321554
0.00321542
0.0032153
0.00321517
0.00321505
0.00321493
0.00321481
0.00321469
0.00321458
0.00321446
0.00321434
0.00321423
0.00321412
0.00321401
0.00321391
0.0032138
0.0032137
0.0032136
0.0032135
0.0032134
0.0032133
0.00321321
0.00321311
0.00321302
0.00321293
0.00321282
0.00321319
0.00321427
0.00321422
0.00321385
0.00321358
0.00321338
0.00321322
0.00321307
0.00321294
0.00321283
0.00321272
0.00321261
0.00321251
0.00321242
0.00321233
0.00321222
0.00321275
)
;

boundaryField
{
    bottomWall
    {
        type            nutUWallFunction;
        Cmu             0.09;
        kappa           0.41;
        E               9.8;
        value           nonuniform 0();
    }
    topWall
    {
        type            nutUWallFunction;
        Cmu             0.09;
        kappa           0.41;
        E               9.8;
        value           nonuniform 0();
    }
    sides1_half0
    {
        type            cyclic;
    }
    sides1_half1
    {
        type            cyclic;
    }
    sides2_half0
    {
        type            cyclic;
    }
    sides2_half1
    {
        type            cyclic;
    }
    inout1_half0
    {
        type            cyclic;
    }
    inout1_half1
    {
        type            cyclic;
    }
    inout2_half0
    {
        type            cyclic;
    }
    inout2_half1
    {
        type            cyclic;
    }
    procBoundary5to2
    {
        type            processor;
        value           nonuniform List<scalar> 
61
(
0.00321969
0.00322047
0.00322049
0.00322035
0.00322019
0.00322003
0.00321988
0.00321973
0.00321958
0.00321944
0.00321931
0.00321917
0.00321905
0.00321892
0.0032188
0.00321869
0.00321857
0.00321845
0.00321834
0.00321823
0.00321811
0.003218
0.00321789
0.00321777
0.00321766
0.00321755
0.00321744
0.00321733
0.00321722
0.00321711
0.00321701
0.00321691
0.00321681
0.00321671
0.00321661
0.00321652
0.00321642
0.00321633
0.00321624
0.00321615
0.00321606
0.00321597
0.00321589
0.00321579
0.00321584
0.0032145
0.00321521
0.00321545
0.00321549
0.00321546
0.00321541
0.00321535
0.00321528
0.00321521
0.00321514
0.00321507
0.00321501
0.00321494
0.00321487
0.00321478
0.00321541
)
;
    }
    procBoundary5to3
    {
        type            processor;
        value           nonuniform List<scalar> 
61
(
0.000284586
0.000284581
0.000284581
0.000284582
0.000284584
0.000284586
0.000284588
0.00028459
0.000284592
0.000284594
0.000284596
0.000284598
0.0002846
0.000284602
0.000284604
0.000284606
0.000284608
0.00028461
0.000284612
0.000284614
0.000284615
0.000284617
0.000284619
0.00028462
0.000284621
0.000284623
0.000284624
0.000284625
0.000284626
0.000284628
0.000284629
0.00028463
0.00028463
0.000284631
0.000284632
0.000284633
0.000284634
0.000284634
0.000284635
0.000284635
0.000284636
0.000284636
0.000284637
0.000284637
0.000284639
0.000284589
0.000284587
0.000284588
0.00028459
0.000284592
0.000284594
0.000284596
0.000284598
0.000284599
0.000284601
0.000284602
0.000284604
0.000284605
0.000284607
0.000284607
0.000284613
)
;
    }
    procBoundary5to4
    {
        type            processor;
        value           nonuniform List<scalar> 
132
(
0.000299255
0.000299221
0.000314323
0.000314289
0.000329824
0.000329786
0.000345781
0.000345737
0.000362221
0.00036217
0.000379174
0.000379113
0.000396669
0.000396598
0.000414741
0.000414658
0.000433424
0.000433329
0.000452756
0.000452646
0.000472777
0.000472649
0.000493526
0.000493379
0.000515049
0.00051488
0.000537389
0.000537196
0.000560596
0.000560375
0.000584718
0.000584466
0.000609807
0.00060952
0.000635916
0.000635592
0.000663101
0.000662735
0.00069142
0.000691006
0.00072093
0.000720465
0.000751691
0.000751171
0.000783766
0.000783184
0.000817215
0.000816567
0.000852101
0.000851382
0.000888488
0.000887691
0.000926437
0.000925556
0.00096601
0.00096504
0.00100727
0.0010062
0.00105027
0.0010491
0.00109506
0.00109378
0.0011417
0.00114031
0.00119024
0.00118873
0.00124072
0.00123907
0.00129316
0.00129138
0.0013476
0.00134568
0.00140405
0.00140198
0.00146251
0.00146029
0.00152299
0.00152061
0.00158546
0.00158291
0.00164987
0.00164716
0.00171619
0.0017133
0.00178432
0.00178125
0.00185418
0.00185093
0.00192564
0.00192221
0.00199856
0.00199494
0.00207275
0.00206895
0.00214801
0.00214402
0.0022241
0.00221992
0.00230074
0.00229637
0.0023776
0.00237304
0.00245434
0.00244959
0.00253054
0.00252561
0.00260576
0.00260065
0.00267951
0.00267422
0.00275126
0.00274579
0.00282043
0.00281479
0.00288639
0.0028806
0.00294851
0.00294257
0.0030061
0.00300001
0.00305845
0.00305223
0.00310486
0.00309853
0.00314461
0.0031382
0.00317701
0.00317056
0.00320132
0.00319494
0.00321673
0.00321068
)
;
    }
}


// ************************************************************************* //
