/*--------------------------------*- C++ -*----------------------------------*\
  =========                 |
  \\      /  F ield         | OpenFOAM: The Open Source CFD Toolbox
   \\    /   O peration     | Website:  https://openfoam.org
    \\  /    A nd           | Version:  7
     \\/     M anipulation  |
\*---------------------------------------------------------------------------*/
FoamFile
{
    version     2.0;
    format      ascii;
    class       volScalarField;
    location    "16500";
    object      k;
}
// * * * * * * * * * * * * * * * * * * * * * * * * * * * * * * * * * * * * * //

dimensions      [0 2 -2 0 0 0 0];

internalField   nonuniform List<scalar> 
4037
(
0.000182627
0.000182627
0.000182627
0.000182627
0.000182627
0.000182627
0.000182627
0.000182628
0.000182628
0.000182628
0.000182628
0.000182628
0.000182629
0.000182629
0.000182629
0.000182629
0.00018263
0.00018263
0.00018263
0.000182631
0.000182631
0.000182631
0.000182632
0.000182632
0.000182633
0.000182633
0.000182633
0.000182634
0.000182634
0.000182635
0.000182635
0.000182636
0.000182636
0.000182636
0.000182637
0.000182637
0.000182638
0.000182638
0.000182639
0.000182639
0.000182639
0.00018264
0.00018264
0.000182641
0.000182641
0.000182642
0.000182642
0.000182642
0.000182643
0.000182643
0.000182643
0.000182644
0.000182644
0.000182644
0.000182645
0.000182645
0.000182645
0.000182645
0.000182646
0.000182646
0.000182646
0.000182646
0.000182646
0.000182647
0.000182647
0.000182647
0.000182647
0.000182647
0.000182647
0.000182647
0.000182648
0.000182648
0.000182648
0.000182648
0.000182648
0.000182648
0.000182648
0.000183231
0.00018323
0.000183229
0.000183228
0.000183227
0.000183226
0.000183225
0.000183224
0.000183223
0.000183222
0.000183221
0.000183221
0.00018322
0.00018322
0.000183219
0.000183219
0.000183219
0.000183218
0.000183218
0.000183218
0.000183218
0.000183218
0.000183217
0.000183217
0.000183217
0.000183217
0.000183217
0.000183217
0.000183218
0.000183218
0.000183218
0.000183218
0.000183218
0.000183219
0.000183219
0.000183219
0.000183219
0.00018322
0.00018322
0.00018322
0.000183221
0.000183221
0.000183221
0.000183222
0.000183222
0.000183222
0.000183223
0.000183223
0.000183224
0.000183224
0.000183224
0.000183225
0.000183225
0.000183226
0.000183226
0.000183227
0.000183227
0.000183228
0.000183228
0.000183228
0.000183229
0.000183229
0.00018323
0.00018323
0.000183231
0.000183231
0.000183231
0.000183232
0.000183232
0.000183233
0.000183233
0.000183233
0.000183234
0.000183234
0.000183234
0.000183235
0.000183235
0.000183235
0.000183236
0.000183236
0.000183236
0.000183236
0.000183237
0.000183237
0.000183237
0.000183237
0.000183237
0.000183238
0.000183238
0.000183238
0.000183238
0.000183238
0.000183238
0.000183238
0.000183239
0.000183239
0.000183239
0.000183239
0.000183239
0.000183239
0.000183239
0.000183239
0.000183239
0.000183238
0.000183238
0.000183238
0.000183238
0.000183237
0.000183237
0.000183237
0.000183236
0.000183236
0.000183235
0.000183235
0.000183235
0.000183234
0.000183234
0.000183233
0.000183233
0.000183232
0.000183728
0.000183726
0.000183725
0.000183724
0.000183722
0.000183721
0.00018372
0.000183719
0.000183718
0.000183718
0.000183717
0.000183716
0.000183716
0.000183715
0.000183715
0.000183715
0.000183714
0.000183714
0.000183714
0.000183713
0.000183713
0.000183713
0.000183713
0.000183713
0.000183713
0.000183713
0.000183713
0.000183713
0.000183713
0.000183714
0.000183714
0.000183714
0.000183714
0.000183715
0.000183715
0.000183715
0.000183716
0.000183716
0.000183716
0.000183717
0.000183717
0.000183717
0.000183718
0.000183718
0.000183718
0.000183719
0.000183719
0.00018372
0.00018372
0.00018372
0.000183721
0.000183721
0.000183722
0.000183722
0.000183723
0.000183723
0.000183724
0.000183724
0.000183724
0.000183725
0.000183725
0.000183726
0.000183726
0.000183727
0.000183727
0.000183727
0.000183728
0.000183728
0.000183729
0.000183729
0.000183729
0.00018373
0.00018373
0.00018373
0.000183731
0.000183731
0.000183731
0.000183732
0.000183732
0.000183732
0.000183732
0.000183733
0.000183733
0.000183733
0.000183733
0.000183734
0.000183734
0.000183734
0.000183734
0.000183734
0.000183734
0.000183735
0.000183735
0.000183735
0.000183735
0.000183735
0.000183735
0.000183735
0.000183735
0.000183735
0.000183735
0.000183735
0.000183735
0.000183735
0.000183734
0.000183734
0.000183734
0.000183733
0.000183733
0.000183733
0.000183732
0.000183732
0.000183732
0.000183731
0.000183731
0.00018373
0.00018373
0.000183729
0.000183729
0.000183728
0.000184122
0.000184121
0.00018412
0.000184118
0.000184117
0.000184116
0.000184115
0.000184114
0.000184113
0.000184112
0.000184111
0.000184111
0.00018411
0.00018411
0.000184109
0.000184109
0.000184109
0.000184108
0.000184108
0.000184108
0.000184108
0.000184108
0.000184107
0.000184107
0.000184107
0.000184107
0.000184108
0.000184108
0.000184108
0.000184108
0.000184108
0.000184109
0.000184109
0.000184109
0.00018411
0.00018411
0.000184111
0.000184111
0.000184111
0.000184112
0.000184112
0.000184112
0.000184113
0.000184113
0.000184114
0.000184114
0.000184114
0.000184115
0.000184115
0.000184116
0.000184116
0.000184117
0.000184117
0.000184118
0.000184118
0.000184118
0.000184119
0.000184119
0.00018412
0.00018412
0.000184121
0.000184121
0.000184121
0.000184122
0.000184122
0.000184123
0.000184123
0.000184123
0.000184124
0.000184124
0.000184125
0.000184125
0.000184125
0.000184126
0.000184126
0.000184126
0.000184126
0.000184127
0.000184127
0.000184127
0.000184128
0.000184128
0.000184128
0.000184128
0.000184128
0.000184129
0.000184129
0.000184129
0.000184129
0.000184129
0.00018413
0.00018413
0.00018413
0.00018413
0.00018413
0.00018413
0.00018413
0.00018413
0.00018413
0.00018413
0.00018413
0.00018413
0.00018413
0.00018413
0.000184129
0.000184129
0.000184129
0.000184128
0.000184128
0.000184128
0.000184127
0.000184127
0.000184127
0.000184126
0.000184126
0.000184125
0.000184125
0.000184124
0.000184124
0.000184123
0.000184409
0.000184407
0.000184406
0.000184404
0.000184403
0.000184402
0.0001844
0.000184399
0.000184398
0.000184398
0.000184397
0.000184396
0.000184396
0.000184395
0.000184395
0.000184394
0.000184394
0.000184394
0.000184394
0.000184393
0.000184393
0.000184393
0.000184393
0.000184393
0.000184393
0.000184393
0.000184393
0.000184394
0.000184394
0.000184394
0.000184394
0.000184395
0.000184395
0.000184396
0.000184396
0.000184396
0.000184397
0.000184397
0.000184398
0.000184398
0.000184398
0.000184399
0.000184399
0.0001844
0.0001844
0.000184401
0.000184401
0.000184401
0.000184402
0.000184402
0.000184403
0.000184403
0.000184404
0.000184404
0.000184404
0.000184405
0.000184405
0.000184406
0.000184406
0.000184407
0.000184407
0.000184407
0.000184408
0.000184408
0.000184409
0.000184409
0.000184409
0.00018441
0.00018441
0.000184411
0.000184411
0.000184411
0.000184412
0.000184412
0.000184412
0.000184413
0.000184413
0.000184413
0.000184413
0.000184414
0.000184414
0.000184414
0.000184414
0.000184415
0.000184415
0.000184415
0.000184415
0.000184415
0.000184415
0.000184416
0.000184416
0.000184416
0.000184416
0.000184416
0.000184416
0.000184416
0.000184416
0.000184416
0.000184416
0.000184416
0.000184417
0.000184416
0.000184416
0.000184416
0.000184416
0.000184415
0.000184415
0.000184415
0.000184414
0.000184414
0.000184414
0.000184413
0.000184413
0.000184412
0.000184412
0.000184411
0.000184411
0.00018441
0.00018441
0.00018441
0.000184577
0.000184576
0.000184574
0.000184572
0.000184571
0.00018457
0.000184568
0.000184567
0.000184566
0.000184566
0.000184565
0.000184564
0.000184564
0.000184563
0.000184563
0.000184562
0.000184562
0.000184562
0.000184562
0.000184561
0.000184561
0.000184561
0.000184561
0.000184561
0.000184561
0.000184561
0.000184561
0.000184562
0.000184562
0.000184562
0.000184563
0.000184563
0.000184564
0.000184564
0.000184564
0.000184565
0.000184565
0.000184566
0.000184566
0.000184567
0.000184567
0.000184568
0.000184568
0.000184568
0.000184569
0.000184569
0.00018457
0.00018457
0.000184571
0.000184571
0.000184572
0.000184572
0.000184572
0.000184573
0.000184573
0.000184574
0.000184574
0.000184575
0.000184575
0.000184575
0.000184576
0.000184576
0.000184577
0.000184577
0.000184577
0.000184578
0.000184578
0.000184579
0.000184579
0.000184579
0.00018458
0.00018458
0.00018458
0.000184581
0.000184581
0.000184581
0.000184581
0.000184582
0.000184582
0.000184582
0.000184583
0.000184583
0.000184583
0.000184583
0.000184583
0.000184584
0.000184584
0.000184584
0.000184584
0.000184584
0.000184584
0.000184584
0.000184585
0.000184585
0.000184585
0.000184585
0.000184585
0.000184585
0.000184585
0.000184585
0.000184585
0.000184585
0.000184585
0.000184585
0.000184584
0.000184584
0.000184584
0.000184583
0.000184583
0.000184582
0.000184582
0.000184582
0.000184581
0.000184581
0.00018458
0.00018458
0.000184579
0.000184579
0.000184578
0.000184578
0.000184617
0.000184616
0.000184614
0.000184612
0.000184611
0.00018461
0.000184608
0.000184607
0.000184606
0.000184605
0.000184605
0.000184604
0.000184603
0.000184603
0.000184602
0.000184602
0.000184602
0.000184602
0.000184601
0.000184601
0.000184601
0.000184601
0.000184601
0.000184601
0.000184601
0.000184601
0.000184601
0.000184602
0.000184602
0.000184602
0.000184603
0.000184603
0.000184604
0.000184604
0.000184605
0.000184605
0.000184606
0.000184606
0.000184607
0.000184607
0.000184608
0.000184608
0.000184609
0.000184609
0.000184609
0.00018461
0.00018461
0.000184611
0.000184611
0.000184612
0.000184612
0.000184613
0.000184613
0.000184614
0.000184614
0.000184614
0.000184615
0.000184615
0.000184616
0.000184616
0.000184616
0.000184617
0.000184617
0.000184618
0.000184618
0.000184618
0.000184619
0.000184619
0.000184619
0.00018462
0.00018462
0.00018462
0.000184621
0.000184621
0.000184621
0.000184622
0.000184622
0.000184622
0.000184622
0.000184623
0.000184623
0.000184623
0.000184623
0.000184623
0.000184624
0.000184624
0.000184624
0.000184624
0.000184624
0.000184624
0.000184625
0.000184625
0.000184625
0.000184625
0.000184625
0.000184625
0.000184625
0.000184625
0.000184625
0.000184625
0.000184625
0.000184625
0.000184625
0.000184625
0.000184625
0.000184624
0.000184624
0.000184624
0.000184623
0.000184623
0.000184622
0.000184622
0.000184621
0.000184621
0.000184621
0.00018462
0.00018462
0.000184619
0.000184619
0.000184618
0.000184517
0.000184515
0.000184513
0.000184512
0.00018451
0.000184509
0.000184507
0.000184506
0.000184505
0.000184504
0.000184504
0.000184503
0.000184502
0.000184502
0.000184501
0.000184501
0.000184501
0.000184501
0.0001845
0.0001845
0.0001845
0.0001845
0.0001845
0.0001845
0.0001845
0.0001845
0.000184501
0.000184501
0.000184501
0.000184502
0.000184502
0.000184503
0.000184503
0.000184504
0.000184504
0.000184505
0.000184505
0.000184506
0.000184506
0.000184507
0.000184507
0.000184508
0.000184508
0.000184509
0.000184509
0.00018451
0.00018451
0.000184511
0.000184511
0.000184512
0.000184512
0.000184513
0.000184513
0.000184513
0.000184514
0.000184514
0.000184515
0.000184515
0.000184515
0.000184516
0.000184516
0.000184517
0.000184517
0.000184517
0.000184518
0.000184518
0.000184518
0.000184519
0.000184519
0.000184519
0.00018452
0.00018452
0.00018452
0.000184521
0.000184521
0.000184521
0.000184521
0.000184522
0.000184522
0.000184522
0.000184522
0.000184523
0.000184523
0.000184523
0.000184523
0.000184523
0.000184523
0.000184524
0.000184524
0.000184524
0.000184524
0.000184524
0.000184524
0.000184524
0.000184524
0.000184524
0.000184525
0.000184525
0.000184525
0.000184525
0.000184525
0.000184525
0.000184525
0.000184524
0.000184524
0.000184524
0.000184523
0.000184523
0.000184523
0.000184522
0.000184522
0.000184521
0.000184521
0.00018452
0.00018452
0.00018452
0.000184519
0.000184519
0.000184518
0.000184518
0.00018426
0.000184259
0.000184257
0.000184255
0.000184254
0.000184252
0.000184251
0.00018425
0.000184249
0.000184248
0.000184247
0.000184246
0.000184246
0.000184245
0.000184245
0.000184244
0.000184244
0.000184244
0.000184244
0.000184244
0.000184244
0.000184244
0.000184244
0.000184244
0.000184244
0.000184244
0.000184244
0.000184244
0.000184245
0.000184245
0.000184246
0.000184246
0.000184247
0.000184247
0.000184248
0.000184248
0.000184249
0.000184249
0.00018425
0.000184251
0.000184251
0.000184252
0.000184252
0.000184253
0.000184253
0.000184254
0.000184254
0.000184255
0.000184255
0.000184256
0.000184256
0.000184257
0.000184257
0.000184257
0.000184258
0.000184258
0.000184259
0.000184259
0.00018426
0.00018426
0.00018426
0.000184261
0.000184261
0.000184261
0.000184262
0.000184262
0.000184262
0.000184263
0.000184263
0.000184263
0.000184264
0.000184264
0.000184264
0.000184264
0.000184265
0.000184265
0.000184265
0.000184265
0.000184266
0.000184266
0.000184266
0.000184266
0.000184266
0.000184267
0.000184267
0.000184267
0.000184267
0.000184267
0.000184267
0.000184268
0.000184268
0.000184268
0.000184268
0.000184268
0.000184268
0.000184268
0.000184268
0.000184268
0.000184268
0.000184268
0.000184268
0.000184268
0.000184268
0.000184268
0.000184268
0.000184268
0.000184267
0.000184267
0.000184266
0.000184266
0.000184266
0.000184265
0.000184265
0.000184264
0.000184264
0.000184263
0.000184263
0.000184262
0.000184262
0.000184262
0.00018383
0.000183829
0.000183827
0.000183825
0.000183824
0.000183822
0.000183821
0.00018382
0.000183819
0.000183818
0.000183817
0.000183816
0.000183816
0.000183815
0.000183815
0.000183814
0.000183814
0.000183814
0.000183813
0.000183813
0.000183813
0.000183813
0.000183813
0.000183813
0.000183814
0.000183814
0.000183814
0.000183814
0.000183815
0.000183815
0.000183816
0.000183816
0.000183817
0.000183817
0.000183818
0.000183818
0.000183819
0.00018382
0.00018382
0.000183821
0.000183821
0.000183822
0.000183823
0.000183823
0.000183824
0.000183824
0.000183825
0.000183825
0.000183826
0.000183826
0.000183827
0.000183827
0.000183827
0.000183828
0.000183828
0.000183829
0.000183829
0.000183829
0.00018383
0.00018383
0.000183831
0.000183831
0.000183831
0.000183832
0.000183832
0.000183832
0.000183833
0.000183833
0.000183833
0.000183833
0.000183834
0.000183834
0.000183834
0.000183835
0.000183835
0.000183835
0.000183835
0.000183835
0.000183836
0.000183836
0.000183836
0.000183836
0.000183836
0.000183837
0.000183837
0.000183837
0.000183837
0.000183837
0.000183837
0.000183838
0.000183838
0.000183838
0.000183838
0.000183838
0.000183838
0.000183838
0.000183838
0.000183838
0.000183838
0.000183838
0.000183838
0.000183838
0.000183838
0.000183838
0.000183838
0.000183838
0.000183837
0.000183837
0.000183837
0.000183836
0.000183836
0.000183835
0.000183835
0.000183834
0.000183834
0.000183833
0.000183833
0.000183832
0.000183832
0.000183832
0.000183205
0.000183203
0.000183202
0.0001832
0.000183198
0.000183197
0.000183195
0.000183194
0.000183193
0.000183192
0.000183191
0.000183191
0.00018319
0.000183189
0.000183189
0.000183188
0.000183188
0.000183188
0.000183188
0.000183188
0.000183188
0.000183188
0.000183188
0.000183188
0.000183188
0.000183188
0.000183188
0.000183189
0.000183189
0.00018319
0.00018319
0.000183191
0.000183191
0.000183192
0.000183193
0.000183193
0.000183194
0.000183194
0.000183195
0.000183196
0.000183196
0.000183197
0.000183197
0.000183198
0.000183198
0.000183199
0.0001832
0.0001832
0.000183201
0.000183201
0.000183201
0.000183202
0.000183202
0.000183203
0.000183203
0.000183204
0.000183204
0.000183204
0.000183205
0.000183205
0.000183205
0.000183206
0.000183206
0.000183206
0.000183207
0.000183207
0.000183207
0.000183208
0.000183208
0.000183208
0.000183208
0.000183209
0.000183209
0.000183209
0.000183209
0.00018321
0.00018321
0.00018321
0.00018321
0.00018321
0.000183211
0.000183211
0.000183211
0.000183211
0.000183211
0.000183211
0.000183212
0.000183212
0.000183212
0.000183212
0.000183212
0.000183212
0.000183212
0.000183212
0.000183212
0.000183213
0.000183213
0.000183213
0.000183213
0.000183213
0.000183213
0.000183213
0.000183213
0.000183213
0.000183213
0.000183212
0.000183212
0.000183212
0.000183211
0.000183211
0.00018321
0.00018321
0.000183209
0.000183209
0.000183208
0.000183208
0.000183208
0.000183207
0.000183206
0.000183206
0.000182358
0.000182356
0.000182355
0.000182353
0.000182351
0.00018235
0.000182348
0.000182347
0.000182346
0.000182345
0.000182344
0.000182343
0.000182343
0.000182342
0.000182342
0.000182341
0.000182341
0.000182341
0.00018234
0.00018234
0.00018234
0.00018234
0.000182341
0.000182341
0.000182341
0.000182341
0.000182341
0.000182342
0.000182342
0.000182343
0.000182343
0.000182344
0.000182344
0.000182345
0.000182345
0.000182346
0.000182347
0.000182347
0.000182348
0.000182349
0.000182349
0.00018235
0.00018235
0.000182351
0.000182352
0.000182352
0.000182353
0.000182353
0.000182354
0.000182354
0.000182355
0.000182355
0.000182355
0.000182356
0.000182356
0.000182357
0.000182357
0.000182357
0.000182358
0.000182358
0.000182358
0.000182359
0.000182359
0.000182359
0.00018236
0.00018236
0.00018236
0.000182361
0.000182361
0.000182361
0.000182361
0.000182362
0.000182362
0.000182362
0.000182362
0.000182362
0.000182363
0.000182363
0.000182363
0.000182363
0.000182363
0.000182364
0.000182364
0.000182364
0.000182364
0.000182364
0.000182364
0.000182364
0.000182365
0.000182365
0.000182365
0.000182365
0.000182365
0.000182365
0.000182365
0.000182365
0.000182365
0.000182365
0.000182365
0.000182365
0.000182365
0.000182365
0.000182365
0.000182365
0.000182365
0.000182365
0.000182365
0.000182364
0.000182364
0.000182364
0.000182363
0.000182363
0.000182362
0.000182362
0.000182361
0.000182361
0.00018236
0.00018236
0.000182359
0.000182359
0.000181257
0.000181255
0.000181254
0.000181252
0.00018125
0.000181249
0.000181247
0.000181246
0.000181245
0.000181244
0.000181243
0.000181242
0.000181241
0.000181241
0.00018124
0.00018124
0.00018124
0.000181239
0.000181239
0.000181239
0.000181239
0.000181239
0.000181239
0.000181239
0.00018124
0.00018124
0.00018124
0.000181241
0.000181241
0.000181241
0.000181242
0.000181243
0.000181243
0.000181244
0.000181244
0.000181245
0.000181246
0.000181246
0.000181247
0.000181248
0.000181248
0.000181249
0.000181249
0.00018125
0.000181251
0.000181251
0.000181252
0.000181252
0.000181253
0.000181253
0.000181254
0.000181254
0.000181255
0.000181255
0.000181255
0.000181256
0.000181256
0.000181256
0.000181257
0.000181257
0.000181257
0.000181258
0.000181258
0.000181258
0.000181259
0.000181259
0.000181259
0.000181259
0.00018126
0.00018126
0.00018126
0.00018126
0.000181261
0.000181261
0.000181261
0.000181261
0.000181261
0.000181262
0.000181262
0.000181262
0.000181262
0.000181262
0.000181262
0.000181263
0.000181263
0.000181263
0.000181263
0.000181263
0.000181263
0.000181263
0.000181263
0.000181263
0.000181264
0.000181264
0.000181264
0.000181264
0.000181264
0.000181264
0.000181264
0.000181264
0.000181264
0.000181264
0.000181264
0.000181264
0.000181264
0.000181264
0.000181264
0.000181263
0.000181263
0.000181262
0.000181262
0.000181262
0.000181261
0.000181261
0.00018126
0.00018126
0.000181259
0.000181259
0.000181258
0.000181258
0.000179862
0.000179861
0.000179859
0.000179857
0.000179856
0.000179854
0.000179853
0.000179851
0.00017985
0.000179849
0.000179848
0.000179847
0.000179847
0.000179846
0.000179845
0.000179845
0.000179845
0.000179844
0.000179844
0.000179844
0.000179844
0.000179844
0.000179844
0.000179845
0.000179845
0.000179845
0.000179845
0.000179846
0.000179846
0.000179847
0.000179847
0.000179848
0.000179848
0.000179849
0.00017985
0.00017985
0.000179851
0.000179852
0.000179852
0.000179853
0.000179854
0.000179854
0.000179855
0.000179855
0.000179856
0.000179857
0.000179857
0.000179858
0.000179858
0.000179859
0.000179859
0.000179859
0.00017986
0.00017986
0.000179861
0.000179861
0.000179861
0.000179862
0.000179862
0.000179862
0.000179863
0.000179863
0.000179863
0.000179863
0.000179864
0.000179864
0.000179864
0.000179864
0.000179865
0.000179865
0.000179865
0.000179865
0.000179866
0.000179866
0.000179866
0.000179866
0.000179866
0.000179866
0.000179867
0.000179867
0.000179867
0.000179867
0.000179867
0.000179867
0.000179868
0.000179868
0.000179868
0.000179868
0.000179868
0.000179868
0.000179868
0.000179868
0.000179868
0.000179869
0.000179869
0.000179869
0.000179869
0.000179869
0.000179869
0.000179869
0.000179869
0.000179869
0.000179869
0.000179869
0.000179869
0.000179869
0.000179868
0.000179868
0.000179868
0.000179868
0.000179867
0.000179867
0.000179866
0.000179866
0.000179865
0.000179865
0.000179864
0.000179864
0.000179863
0.000179863
0.000178124
0.000178123
0.000178121
0.00017812
0.000178118
0.000178117
0.000178115
0.000178114
0.000178113
0.000178112
0.00017811
0.00017811
0.000178109
0.000178108
0.000178108
0.000178107
0.000178107
0.000178107
0.000178106
0.000178106
0.000178106
0.000178107
0.000178107
0.000178107
0.000178107
0.000178108
0.000178108
0.000178108
0.000178109
0.000178109
0.00017811
0.00017811
0.000178111
0.000178111
0.000178112
0.000178113
0.000178113
0.000178114
0.000178115
0.000178115
0.000178116
0.000178117
0.000178117
0.000178118
0.000178118
0.000178119
0.000178119
0.00017812
0.00017812
0.000178121
0.000178121
0.000178122
0.000178122
0.000178123
0.000178123
0.000178123
0.000178124
0.000178124
0.000178124
0.000178125
0.000178125
0.000178125
0.000178125
0.000178126
0.000178126
0.000178126
0.000178126
0.000178127
0.000178127
0.000178127
0.000178127
0.000178127
0.000178128
0.000178128
0.000178128
0.000178128
0.000178128
0.000178128
0.000178129
0.000178129
0.000178129
0.000178129
0.000178129
0.000178129
0.000178129
0.00017813
0.00017813
0.00017813
0.00017813
0.00017813
0.00017813
0.00017813
0.00017813
0.00017813
0.00017813
0.000178131
0.000178131
0.000178131
0.000178131
0.000178131
0.000178131
0.000178131
0.000178131
0.000178131
0.000178131
0.000178131
0.00017813
0.00017813
0.00017813
0.00017813
0.000178129
0.000178129
0.000178128
0.000178128
0.000178128
0.000178127
0.000178127
0.000178126
0.000178126
0.000178125
0.000175982
0.000175981
0.000175979
0.000175978
0.000175976
0.000175975
0.000175973
0.000175972
0.000175971
0.000175969
0.000175968
0.000175967
0.000175967
0.000175966
0.000175965
0.000175965
0.000175964
0.000175964
0.000175964
0.000175964
0.000175964
0.000175964
0.000175965
0.000175965
0.000175965
0.000175965
0.000175966
0.000175966
0.000175967
0.000175967
0.000175968
0.000175968
0.000175969
0.000175969
0.00017597
0.000175971
0.000175971
0.000175972
0.000175973
0.000175973
0.000175974
0.000175974
0.000175975
0.000175976
0.000175976
0.000175977
0.000175977
0.000175978
0.000175978
0.000175979
0.000175979
0.000175979
0.00017598
0.00017598
0.000175981
0.000175981
0.000175981
0.000175982
0.000175982
0.000175982
0.000175982
0.000175983
0.000175983
0.000175983
0.000175983
0.000175984
0.000175984
0.000175984
0.000175984
0.000175985
0.000175985
0.000175985
0.000175985
0.000175985
0.000175985
0.000175986
0.000175986
0.000175986
0.000175986
0.000175986
0.000175986
0.000175986
0.000175987
0.000175987
0.000175987
0.000175987
0.000175987
0.000175987
0.000175987
0.000175987
0.000175987
0.000175988
0.000175988
0.000175988
0.000175988
0.000175988
0.000175988
0.000175988
0.000175988
0.000175988
0.000175988
0.000175988
0.000175988
0.000175988
0.000175988
0.000175988
0.000175988
0.000175988
0.000175987
0.000175987
0.000175987
0.000175986
0.000175986
0.000175986
0.000175985
0.000175985
0.000175984
0.000175984
0.000175983
0.000175983
0.000173358
0.000173357
0.000173356
0.000173354
0.000173353
0.000173351
0.00017335
0.000173348
0.000173347
0.000173345
0.000173344
0.000173343
0.000173342
0.000173342
0.000173341
0.000173341
0.00017334
0.00017334
0.00017334
0.00017334
0.00017334
0.00017334
0.00017334
0.000173341
0.000173341
0.000173341
0.000173342
0.000173342
0.000173343
0.000173343
0.000173344
0.000173344
0.000173345
0.000173345
0.000173346
0.000173346
0.000173347
0.000173348
0.000173348
0.000173349
0.00017335
0.00017335
0.000173351
0.000173351
0.000173352
0.000173352
0.000173353
0.000173353
0.000173354
0.000173354
0.000173355
0.000173355
0.000173355
0.000173356
0.000173356
0.000173357
0.000173357
0.000173357
0.000173357
0.000173358
0.000173358
0.000173358
0.000173358
0.000173359
0.000173359
0.000173359
0.000173359
0.00017336
0.00017336
0.00017336
0.00017336
0.00017336
0.00017336
0.000173361
0.000173361
0.000173361
0.000173361
0.000173361
0.000173361
0.000173361
0.000173362
0.000173362
0.000173362
0.000173362
0.000173362
0.000173362
0.000173362
0.000173362
0.000173363
0.000173363
0.000173363
0.000173363
0.000173363
0.000173363
0.000173363
0.000173363
0.000173363
0.000173363
0.000173363
0.000173363
0.000173363
0.000173363
0.000173363
0.000173363
0.000173363
0.000173363
0.000173363
0.000173363
0.000173363
0.000173363
0.000173362
0.000173362
0.000173362
0.000173361
0.000173361
0.00017336
0.00017336
0.00017336
0.000173359
0.000173359
0.000170153
0.000170153
0.000170151
0.00017015
0.000170149
0.000170147
0.000170145
0.000170144
0.000170142
0.000170141
0.00017014
0.000170139
0.000170138
0.000170137
0.000170136
0.000170136
0.000170136
0.000170135
0.000170135
0.000170135
0.000170136
0.000170136
0.000170136
0.000170136
0.000170137
0.000170137
0.000170137
0.000170138
0.000170138
0.000170139
0.000170139
0.00017014
0.00017014
0.000170141
0.000170141
0.000170142
0.000170142
0.000170143
0.000170144
0.000170144
0.000170145
0.000170145
0.000170146
0.000170147
0.000170147
0.000170148
0.000170148
0.000170149
0.000170149
0.000170149
0.00017015
0.00017015
0.000170151
0.000170151
0.000170151
0.000170152
0.000170152
0.000170152
0.000170152
0.000170153
0.000170153
0.000170153
0.000170153
0.000170154
0.000170154
0.000170154
0.000170154
0.000170154
0.000170155
0.000170155
0.000170155
0.000170155
0.000170155
0.000170155
0.000170156
0.000170156
0.000170156
0.000170156
0.000170156
0.000170156
0.000170156
0.000170157
0.000170157
0.000170157
0.000170157
0.000170157
0.000170157
0.000170157
0.000170157
0.000170157
0.000170158
0.000170158
0.000170158
0.000170158
0.000170158
0.000170158
0.000170158
0.000170158
0.000170158
0.000170158
0.000170158
0.000170158
0.000170158
0.000170158
0.000170158
0.000170158
0.000170158
0.000170158
0.000170158
0.000170158
0.000170157
0.000170157
0.000170157
0.000170156
0.000170156
0.000170156
0.000170155
0.000170155
0.000170154
0.000170154
0.000166242
0.000166242
0.000166241
0.00016624
0.000166238
0.000166237
0.000166235
0.000166233
0.000166232
0.00016623
0.000166229
0.000166228
0.000166227
0.000166226
0.000166226
0.000166225
0.000166225
0.000166225
0.000166225
0.000166225
0.000166225
0.000166225
0.000166225
0.000166225
0.000166226
0.000166226
0.000166227
0.000166227
0.000166227
0.000166228
0.000166228
0.000166229
0.000166229
0.00016623
0.00016623
0.000166231
0.000166231
0.000166232
0.000166233
0.000166233
0.000166234
0.000166234
0.000166235
0.000166235
0.000166236
0.000166236
0.000166237
0.000166237
0.000166238
0.000166238
0.000166239
0.000166239
0.000166239
0.00016624
0.00016624
0.00016624
0.000166241
0.000166241
0.000166241
0.000166241
0.000166242
0.000166242
0.000166242
0.000166242
0.000166242
0.000166243
0.000166243
0.000166243
0.000166243
0.000166243
0.000166243
0.000166244
0.000166244
0.000166244
0.000166244
0.000166244
0.000166244
0.000166244
0.000166245
0.000166245
0.000166245
0.000166245
0.000166245
0.000166245
0.000166245
0.000166245
0.000166245
0.000166246
0.000166246
0.000166246
0.000166246
0.000166246
0.000166246
0.000166246
0.000166246
0.000166246
0.000166246
0.000166246
0.000166246
0.000166247
0.000166247
0.000166247
0.000166247
0.000166247
0.000166247
0.000166247
0.000166247
0.000166246
0.000166246
0.000166246
0.000166246
0.000166246
0.000166245
0.000166245
0.000166245
0.000166244
0.000166244
0.000166243
0.000166243
0.000166243
0.000161463
0.000161463
0.000161462
0.000161461
0.00016146
0.000161458
0.000161456
0.000161454
0.000161453
0.000161451
0.00016145
0.000161449
0.000161448
0.000161447
0.000161446
0.000161446
0.000161446
0.000161445
0.000161445
0.000161445
0.000161445
0.000161446
0.000161446
0.000161446
0.000161447
0.000161447
0.000161447
0.000161448
0.000161448
0.000161449
0.000161449
0.000161449
0.00016145
0.00016145
0.000161451
0.000161451
0.000161452
0.000161453
0.000161453
0.000161454
0.000161454
0.000161455
0.000161455
0.000161456
0.000161456
0.000161457
0.000161457
0.000161458
0.000161458
0.000161458
0.000161459
0.000161459
0.00016146
0.00016146
0.00016146
0.00016146
0.000161461
0.000161461
0.000161461
0.000161461
0.000161462
0.000161462
0.000161462
0.000161462
0.000161462
0.000161463
0.000161463
0.000161463
0.000161463
0.000161463
0.000161463
0.000161464
0.000161464
0.000161464
0.000161464
0.000161464
0.000161464
0.000161464
0.000161464
0.000161465
0.000161465
0.000161465
0.000161465
0.000161465
0.000161465
0.000161465
0.000161465
0.000161466
0.000161466
0.000161466
0.000161466
0.000161466
0.000161466
0.000161466
0.000161466
0.000161466
0.000161466
0.000161466
0.000161466
0.000161466
0.000161467
0.000161467
0.000161467
0.000161467
0.000161467
0.000161467
0.000161467
0.000161466
0.000161466
0.000161466
0.000161466
0.000161466
0.000161466
0.000161465
0.000161465
0.000161465
0.000161464
0.000161464
0.000161463
0.000161463
0.000155606
0.000155606
0.000155606
0.000155605
0.000155603
0.000155601
0.0001556
0.000155598
0.000155596
0.000155594
0.000155593
0.000155592
0.000155591
0.00015559
0.000155589
0.000155589
0.000155589
0.000155589
0.000155589
0.000155589
0.000155589
0.000155589
0.000155589
0.000155589
0.00015559
0.00015559
0.000155591
0.000155591
0.000155591
0.000155592
0.000155592
0.000155593
0.000155593
0.000155593
0.000155594
0.000155594
0.000155595
0.000155595
0.000155596
0.000155596
0.000155597
0.000155597
0.000155598
0.000155598
0.000155599
0.000155599
0.0001556
0.0001556
0.000155601
0.000155601
0.000155601
0.000155602
0.000155602
0.000155602
0.000155603
0.000155603
0.000155603
0.000155603
0.000155604
0.000155604
0.000155604
0.000155604
0.000155604
0.000155605
0.000155605
0.000155605
0.000155605
0.000155605
0.000155606
0.000155606
0.000155606
0.000155606
0.000155606
0.000155606
0.000155606
0.000155606
0.000155607
0.000155607
0.000155607
0.000155607
0.000155607
0.000155607
0.000155607
0.000155607
0.000155607
0.000155608
0.000155608
0.000155608
0.000155608
0.000155608
0.000155608
0.000155608
0.000155608
0.000155608
0.000155608
0.000155608
0.000155609
0.000155609
0.000155609
0.000155609
0.000155609
0.000155609
0.000155609
0.000155609
0.000155609
0.000155609
0.000155609
0.000155609
0.000155609
0.000155609
0.000155608
0.000155608
0.000155608
0.000155608
0.000155607
0.000155607
0.000155607
0.000155606
0.000155606
0.000155605
0.000148402
0.000148403
0.000148402
0.000148401
0.0001484
0.000148398
0.000148396
0.000148394
0.000148392
0.000148391
0.000148389
0.000148388
0.000148387
0.000148386
0.000148386
0.000148385
0.000148385
0.000148385
0.000148385
0.000148385
0.000148385
0.000148385
0.000148385
0.000148386
0.000148386
0.000148386
0.000148387
0.000148387
0.000148387
0.000148388
0.000148388
0.000148389
0.000148389
0.000148389
0.00014839
0.00014839
0.000148391
0.000148391
0.000148392
0.000148392
0.000148393
0.000148393
0.000148394
0.000148394
0.000148394
0.000148395
0.000148395
0.000148396
0.000148396
0.000148396
0.000148397
0.000148397
0.000148397
0.000148398
0.000148398
0.000148398
0.000148399
0.000148399
0.000148399
0.000148399
0.000148399
0.0001484
0.0001484
0.0001484
0.0001484
0.0001484
0.0001484
0.000148401
0.000148401
0.000148401
0.000148401
0.000148401
0.000148401
0.000148401
0.000148402
0.000148402
0.000148402
0.000148402
0.000148402
0.000148402
0.000148402
0.000148402
0.000148402
0.000148403
0.000148403
0.000148403
0.000148403
0.000148403
0.000148403
0.000148403
0.000148403
0.000148403
0.000148403
0.000148403
0.000148404
0.000148404
0.000148404
0.000148404
0.000148404
0.000148404
0.000148404
0.000148404
0.000148404
0.000148404
0.000148404
0.000148404
0.000148404
0.000148404
0.000148404
0.000148404
0.000148404
0.000148404
0.000148403
0.000148403
0.000148403
0.000148403
0.000148402
0.000148402
0.000148402
0.000148401
0.000139508
0.000139509
0.000139509
0.000139508
0.000139507
0.000139505
0.000139503
0.000139501
0.000139499
0.000139497
0.000139496
0.000139495
0.000139494
0.000139493
0.000139492
0.000139492
0.000139492
0.000139491
0.000139491
0.000139491
0.000139492
0.000139492
0.000139492
0.000139492
0.000139492
0.000139493
0.000139493
0.000139493
0.000139494
0.000139494
0.000139495
0.000139495
0.000139495
0.000139496
0.000139496
0.000139496
0.000139497
0.000139497
0.000139498
0.000139498
0.000139499
0.000139499
0.000139499
0.0001395
0.0001395
0.000139501
0.000139501
0.000139501
0.000139502
0.000139502
0.000139503
0.000139503
0.000139503
0.000139503
0.000139504
0.000139504
0.000139504
0.000139504
0.000139505
0.000139505
0.000139505
0.000139505
0.000139505
0.000139506
0.000139506
0.000139506
0.000139506
0.000139506
0.000139506
0.000139506
0.000139507
0.000139507
0.000139507
0.000139507
0.000139507
0.000139507
0.000139507
0.000139507
0.000139507
0.000139508
0.000139508
0.000139508
0.000139508
0.000139508
0.000139508
0.000139508
0.000139508
0.000139508
0.000139509
0.000139509
0.000139509
0.000139509
0.000139509
0.000139509
0.000139509
0.000139509
0.000139509
0.000139509
0.000139509
0.000139509
0.000139509
0.00013951
0.00013951
0.00013951
0.00013951
0.00013951
0.00013951
0.00013951
0.00013951
0.00013951
0.000139509
0.000139509
0.000139509
0.000139509
0.000139509
0.000139508
0.000139508
0.000139508
0.000139508
0.000139507
0.000128505
0.000128507
0.000128507
0.000128506
0.000128504
0.000128502
0.0001285
0.000128498
0.000128496
0.000128494
0.000128493
0.000128492
0.000128491
0.00012849
0.000128489
0.000128489
0.000128489
0.000128489
0.000128489
0.000128489
0.000128489
0.000128489
0.000128489
0.000128489
0.00012849
0.00012849
0.00012849
0.00012849
0.000128491
0.000128491
0.000128491
0.000128492
0.000128492
0.000128492
0.000128493
0.000128493
0.000128494
0.000128494
0.000128494
0.000128495
0.000128495
0.000128495
0.000128496
0.000128496
0.000128497
0.000128497
0.000128497
0.000128498
0.000128498
0.000128498
0.000128499
0.000128499
0.000128499
0.0001285
0.0001285
0.0001285
0.0001285
0.0001285
0.000128501
0.000128501
0.000128501
0.000128501
0.000128501
0.000128502
0.000128502
0.000128502
0.000128502
0.000128502
0.000128502
0.000128502
0.000128503
0.000128503
0.000128503
0.000128503
0.000128503
0.000128503
0.000128503
0.000128503
0.000128503
0.000128504
0.000128504
0.000128504
0.000128504
0.000128504
0.000128504
0.000128504
0.000128504
0.000128504
0.000128504
0.000128505
0.000128505
0.000128505
0.000128505
0.000128505
0.000128505
0.000128505
0.000128505
0.000128505
0.000128505
0.000128505
0.000128505
0.000128505
0.000128505
0.000128506
0.000128506
0.000128506
0.000128506
0.000128506
0.000128506
0.000128506
0.000128505
0.000128505
0.000128505
0.000128505
0.000128505
0.000128505
0.000128504
0.000128504
0.000128504
0.000128503
0.000114921
0.000114923
0.000114924
0.000114923
0.000114921
0.000114919
0.000114917
0.000114915
0.000114913
0.000114911
0.00011491
0.000114909
0.000114908
0.000114907
0.000114907
0.000114906
0.000114906
0.000114906
0.000114906
0.000114906
0.000114906
0.000114906
0.000114906
0.000114906
0.000114906
0.000114907
0.000114907
0.000114907
0.000114908
0.000114908
0.000114908
0.000114908
0.000114909
0.000114909
0.000114909
0.00011491
0.00011491
0.00011491
0.000114911
0.000114911
0.000114911
0.000114912
0.000114912
0.000114912
0.000114913
0.000114913
0.000114913
0.000114914
0.000114914
0.000114914
0.000114915
0.000114915
0.000114915
0.000114915
0.000114916
0.000114916
0.000114916
0.000114916
0.000114917
0.000114917
0.000114917
0.000114917
0.000114917
0.000114917
0.000114917
0.000114918
0.000114918
0.000114918
0.000114918
0.000114918
0.000114918
0.000114918
0.000114919
0.000114919
0.000114919
0.000114919
0.000114919
0.000114919
0.000114919
0.000114919
0.000114919
0.000114919
0.00011492
0.00011492
0.00011492
0.00011492
0.00011492
0.00011492
0.00011492
0.00011492
0.00011492
0.00011492
0.00011492
0.000114921
0.000114921
0.000114921
0.000114921
0.000114921
0.000114921
0.000114921
0.000114921
0.000114921
0.000114921
0.000114921
0.000114921
0.000114921
0.000114921
0.000114921
0.000114921
0.000114921
0.000114921
0.000114921
0.000114921
0.000114921
0.000114921
0.00011492
0.00011492
0.00011492
0.00011492
0.000114919
9.83474e-05
9.83497e-05
9.83501e-05
9.8349e-05
9.83473e-05
9.83453e-05
9.83433e-05
9.83415e-05
9.83398e-05
9.83383e-05
9.8337e-05
9.8336e-05
9.83351e-05
9.83344e-05
9.83338e-05
9.83334e-05
9.83332e-05
9.8333e-05
9.83329e-05
9.83329e-05
9.83329e-05
9.8333e-05
9.83332e-05
9.83333e-05
9.83335e-05
9.83338e-05
9.8334e-05
9.83342e-05
9.83345e-05
9.83347e-05
9.8335e-05
9.83352e-05
9.83355e-05
9.83357e-05
9.8336e-05
9.83363e-05
9.83366e-05
9.83369e-05
9.83372e-05
9.83375e-05
9.83378e-05
9.83381e-05
9.83384e-05
9.83387e-05
9.8339e-05
9.83393e-05
9.83396e-05
9.83399e-05
9.83402e-05
9.83405e-05
9.83407e-05
9.8341e-05
9.83412e-05
9.83415e-05
9.83417e-05
9.83419e-05
9.83421e-05
9.83423e-05
9.83424e-05
9.83426e-05
9.83427e-05
9.83429e-05
9.83431e-05
9.83432e-05
9.83433e-05
9.83435e-05
9.83436e-05
9.83437e-05
9.83439e-05
9.8344e-05
9.83441e-05
9.83442e-05
9.83443e-05
9.83444e-05
9.83445e-05
9.83446e-05
9.83447e-05
9.83448e-05
9.83448e-05
9.83449e-05
9.8345e-05
9.83451e-05
9.83452e-05
9.83453e-05
9.83454e-05
9.83455e-05
9.83456e-05
9.83457e-05
9.83458e-05
9.83458e-05
9.83459e-05
9.8346e-05
9.83461e-05
9.83461e-05
9.83462e-05
9.83463e-05
9.83464e-05
9.83465e-05
9.83465e-05
9.83466e-05
9.83466e-05
9.83467e-05
9.83467e-05
9.83468e-05
9.83468e-05
9.83469e-05
9.83469e-05
9.83469e-05
9.83469e-05
9.83469e-05
9.83469e-05
9.83468e-05
9.83467e-05
9.83466e-05
9.83465e-05
9.83463e-05
9.83461e-05
9.83459e-05
9.83458e-05
9.83446e-05
7.87366e-05
7.87388e-05
7.87392e-05
7.87383e-05
7.87367e-05
7.8735e-05
7.87332e-05
7.87316e-05
7.87301e-05
7.87288e-05
7.87276e-05
7.87267e-05
7.87259e-05
7.87253e-05
7.87248e-05
7.87244e-05
7.87241e-05
7.87239e-05
7.87238e-05
7.87238e-05
7.87238e-05
7.87239e-05
7.8724e-05
7.87241e-05
7.87243e-05
7.87245e-05
7.87247e-05
7.87249e-05
7.87251e-05
7.87253e-05
7.87255e-05
7.87257e-05
7.87259e-05
7.87261e-05
7.87263e-05
7.87265e-05
7.87268e-05
7.8727e-05
7.87273e-05
7.87275e-05
7.87278e-05
7.8728e-05
7.87283e-05
7.87286e-05
7.87288e-05
7.87291e-05
7.87294e-05
7.87296e-05
7.87298e-05
7.87301e-05
7.87303e-05
7.87305e-05
7.87307e-05
7.87309e-05
7.87311e-05
7.87313e-05
7.87315e-05
7.87316e-05
7.87318e-05
7.87319e-05
7.87321e-05
7.87322e-05
7.87323e-05
7.87325e-05
7.87326e-05
7.87327e-05
7.87328e-05
7.87329e-05
7.8733e-05
7.87332e-05
7.87333e-05
7.87333e-05
7.87334e-05
7.87335e-05
7.87336e-05
7.87337e-05
7.87338e-05
7.87338e-05
7.87339e-05
7.8734e-05
7.87341e-05
7.87342e-05
7.87343e-05
7.87343e-05
7.87344e-05
7.87345e-05
7.87346e-05
7.87347e-05
7.87348e-05
7.87348e-05
7.87349e-05
7.8735e-05
7.8735e-05
7.87351e-05
7.87352e-05
7.87352e-05
7.87353e-05
7.87354e-05
7.87354e-05
7.87355e-05
7.87355e-05
7.87356e-05
7.87356e-05
7.87357e-05
7.87357e-05
7.87357e-05
7.87358e-05
7.87358e-05
7.87358e-05
7.87358e-05
7.87358e-05
7.87358e-05
7.87357e-05
7.87356e-05
7.87355e-05
7.87354e-05
7.87352e-05
7.8735e-05
7.8735e-05
7.87339e-05
5.7001e-05
5.7003e-05
5.70033e-05
5.70027e-05
5.70015e-05
5.70001e-05
5.69987e-05
5.69974e-05
5.69961e-05
5.69951e-05
5.69942e-05
5.69934e-05
5.69927e-05
5.69922e-05
5.69918e-05
5.69915e-05
5.69913e-05
5.69911e-05
5.6991e-05
5.6991e-05
5.6991e-05
5.6991e-05
5.69911e-05
5.69912e-05
5.69913e-05
5.69914e-05
5.69915e-05
5.69917e-05
5.69918e-05
5.6992e-05
5.69921e-05
5.69923e-05
5.69925e-05
5.69926e-05
5.69928e-05
5.6993e-05
5.69931e-05
5.69933e-05
5.69935e-05
5.69937e-05
5.69939e-05
5.69941e-05
5.69943e-05
5.69945e-05
5.69947e-05
5.69949e-05
5.69951e-05
5.69953e-05
5.69955e-05
5.69957e-05
5.69959e-05
5.69961e-05
5.69962e-05
5.69964e-05
5.69965e-05
5.69967e-05
5.69968e-05
5.6997e-05
5.69971e-05
5.69972e-05
5.69973e-05
5.69974e-05
5.69975e-05
5.69976e-05
5.69977e-05
5.69978e-05
5.69979e-05
5.6998e-05
5.69981e-05
5.69982e-05
5.69983e-05
5.69983e-05
5.69984e-05
5.69985e-05
5.69985e-05
5.69986e-05
5.69987e-05
5.69987e-05
5.69988e-05
5.69989e-05
5.69989e-05
5.6999e-05
5.69991e-05
5.69991e-05
5.69992e-05
5.69993e-05
5.69994e-05
5.69994e-05
5.69995e-05
5.69995e-05
5.69996e-05
5.69996e-05
5.69997e-05
5.69998e-05
5.69998e-05
5.69999e-05
5.69999e-05
5.7e-05
5.7e-05
5.70001e-05
5.70001e-05
5.70002e-05
5.70002e-05
5.70002e-05
5.70003e-05
5.70003e-05
5.70003e-05
5.70004e-05
5.70004e-05
5.70004e-05
5.70004e-05
5.70004e-05
5.70003e-05
5.70003e-05
5.70002e-05
5.70001e-05
5.7e-05
5.69998e-05
5.69998e-05
5.69989e-05
3.56467e-05
3.56481e-05
3.56485e-05
3.56481e-05
3.56473e-05
3.56464e-05
3.56454e-05
3.56445e-05
3.56437e-05
3.56429e-05
3.56423e-05
3.56417e-05
3.56413e-05
3.56409e-05
3.56406e-05
3.56404e-05
3.56402e-05
3.56401e-05
3.564e-05
3.564e-05
3.564e-05
3.564e-05
3.564e-05
3.56401e-05
3.56402e-05
3.56402e-05
3.56403e-05
3.56404e-05
3.56405e-05
3.56406e-05
3.56407e-05
3.56408e-05
3.56409e-05
3.5641e-05
3.56411e-05
3.56413e-05
3.56414e-05
3.56415e-05
3.56416e-05
3.56418e-05
3.56419e-05
3.5642e-05
3.56422e-05
3.56423e-05
3.56424e-05
3.56426e-05
3.56427e-05
3.56429e-05
3.5643e-05
3.56431e-05
3.56432e-05
3.56434e-05
3.56435e-05
3.56436e-05
3.56437e-05
3.56438e-05
3.56439e-05
3.5644e-05
3.56441e-05
3.56441e-05
3.56442e-05
3.56443e-05
3.56444e-05
3.56444e-05
3.56445e-05
3.56446e-05
3.56446e-05
3.56447e-05
3.56448e-05
3.56448e-05
3.56449e-05
3.56449e-05
3.5645e-05
3.5645e-05
3.56451e-05
3.56451e-05
3.56452e-05
3.56452e-05
3.56453e-05
3.56453e-05
3.56454e-05
3.56454e-05
3.56455e-05
3.56455e-05
3.56455e-05
3.56456e-05
3.56456e-05
3.56457e-05
3.56457e-05
3.56458e-05
3.56458e-05
3.56458e-05
3.56459e-05
3.56459e-05
3.5646e-05
3.5646e-05
3.5646e-05
3.56461e-05
3.56461e-05
3.56461e-05
3.56462e-05
3.56462e-05
3.56462e-05
3.56463e-05
3.56463e-05
3.56463e-05
3.56463e-05
3.56464e-05
3.56464e-05
3.56464e-05
3.56464e-05
3.56464e-05
3.56464e-05
3.56463e-05
3.56463e-05
3.56462e-05
3.56461e-05
3.5646e-05
3.5646e-05
3.56454e-05
1.8273e-05
1.82738e-05
1.82741e-05
1.82739e-05
1.82735e-05
1.8273e-05
1.82725e-05
1.8272e-05
1.82715e-05
1.82711e-05
1.82708e-05
1.82705e-05
1.82702e-05
1.827e-05
1.82698e-05
1.82697e-05
1.82696e-05
1.82695e-05
1.82695e-05
1.82695e-05
1.82695e-05
1.82695e-05
1.82695e-05
1.82695e-05
1.82695e-05
1.82696e-05
1.82696e-05
1.82697e-05
1.82697e-05
1.82698e-05
1.82698e-05
1.82699e-05
1.82699e-05
1.827e-05
1.82701e-05
1.82701e-05
1.82702e-05
1.82702e-05
1.82703e-05
1.82704e-05
1.82705e-05
1.82705e-05
1.82706e-05
1.82707e-05
1.82708e-05
1.82708e-05
1.82709e-05
1.8271e-05
1.82711e-05
1.82711e-05
1.82712e-05
1.82713e-05
1.82713e-05
1.82714e-05
1.82714e-05
1.82715e-05
1.82715e-05
1.82716e-05
1.82716e-05
1.82717e-05
1.82717e-05
1.82718e-05
1.82718e-05
1.82719e-05
1.82719e-05
1.82719e-05
1.8272e-05
1.8272e-05
1.8272e-05
1.82721e-05
1.82721e-05
1.82721e-05
1.82722e-05
1.82722e-05
1.82722e-05
1.82722e-05
1.82723e-05
1.82723e-05
1.82723e-05
1.82723e-05
1.82724e-05
1.82724e-05
1.82724e-05
1.82724e-05
1.82725e-05
1.82725e-05
1.82725e-05
1.82725e-05
1.82726e-05
1.82726e-05
1.82726e-05
1.82726e-05
1.82727e-05
1.82727e-05
1.82727e-05
1.82727e-05
1.82727e-05
1.82728e-05
1.82728e-05
1.82728e-05
1.82728e-05
1.82728e-05
1.82729e-05
1.82729e-05
1.82729e-05
1.82729e-05
1.82729e-05
1.82729e-05
1.82729e-05
1.82729e-05
1.82729e-05
1.82729e-05
1.82729e-05
1.82729e-05
1.82729e-05
1.82729e-05
1.82728e-05
1.82728e-05
1.82728e-05
1.82724e-05
7.21929e-06
7.21961e-06
7.21975e-06
7.2197e-06
7.21954e-06
7.21934e-06
7.21913e-06
7.21892e-06
7.21874e-06
7.21857e-06
7.21842e-06
7.2183e-06
7.21819e-06
7.21811e-06
7.21804e-06
7.21799e-06
7.21794e-06
7.21791e-06
7.21789e-06
7.21788e-06
7.21788e-06
7.21788e-06
7.21789e-06
7.2179e-06
7.21791e-06
7.21793e-06
7.21795e-06
7.21796e-06
7.21798e-06
7.21801e-06
7.21803e-06
7.21805e-06
7.21807e-06
7.21809e-06
7.21812e-06
7.21814e-06
7.21817e-06
7.21819e-06
7.21822e-06
7.21825e-06
7.21828e-06
7.21831e-06
7.21834e-06
7.21837e-06
7.2184e-06
7.21843e-06
7.21846e-06
7.21849e-06
7.21852e-06
7.21855e-06
7.21858e-06
7.21861e-06
7.21863e-06
7.21866e-06
7.21868e-06
7.2187e-06
7.21872e-06
7.21874e-06
7.21876e-06
7.21878e-06
7.2188e-06
7.21882e-06
7.21883e-06
7.21885e-06
7.21887e-06
7.21888e-06
7.2189e-06
7.21891e-06
7.21892e-06
7.21894e-06
7.21895e-06
7.21896e-06
7.21898e-06
7.21899e-06
7.219e-06
7.21901e-06
7.21902e-06
7.21903e-06
7.21904e-06
7.21905e-06
7.21906e-06
7.21907e-06
7.21908e-06
7.21909e-06
7.2191e-06
7.21911e-06
7.21913e-06
7.21914e-06
7.21915e-06
7.21915e-06
7.21916e-06
7.21917e-06
7.21918e-06
7.21919e-06
7.2192e-06
7.21921e-06
7.21922e-06
7.21923e-06
7.21923e-06
7.21924e-06
7.21925e-06
7.21926e-06
7.21926e-06
7.21927e-06
7.21928e-06
7.21928e-06
7.21929e-06
7.21929e-06
7.2193e-06
7.2193e-06
7.2193e-06
7.2193e-06
7.2193e-06
7.21929e-06
7.21928e-06
7.21927e-06
7.21925e-06
7.21923e-06
7.21923e-06
7.2191e-06
1.95847e-06
1.95856e-06
1.9586e-06
1.95859e-06
1.95854e-06
1.95849e-06
1.95843e-06
1.95838e-06
1.95832e-06
1.95828e-06
1.95824e-06
1.9582e-06
1.95817e-06
1.95815e-06
1.95813e-06
1.95812e-06
1.95811e-06
1.9581e-06
1.95809e-06
1.95809e-06
1.95809e-06
1.95809e-06
1.95809e-06
1.95809e-06
1.9581e-06
1.9581e-06
1.9581e-06
1.95811e-06
1.95812e-06
1.95812e-06
1.95813e-06
1.95813e-06
1.95814e-06
1.95815e-06
1.95815e-06
1.95816e-06
1.95817e-06
1.95817e-06
1.95818e-06
1.95819e-06
1.9582e-06
1.9582e-06
1.95821e-06
1.95822e-06
1.95823e-06
1.95824e-06
1.95825e-06
1.95825e-06
1.95826e-06
1.95827e-06
1.95828e-06
1.95829e-06
1.95829e-06
1.9583e-06
1.95831e-06
1.95831e-06
1.95832e-06
1.95832e-06
1.95833e-06
1.95833e-06
1.95834e-06
1.95834e-06
1.95835e-06
1.95835e-06
1.95836e-06
1.95836e-06
1.95837e-06
1.95837e-06
1.95837e-06
1.95838e-06
1.95838e-06
1.95838e-06
1.95839e-06
1.95839e-06
1.95839e-06
1.9584e-06
1.9584e-06
1.9584e-06
1.9584e-06
1.95841e-06
1.95841e-06
1.95841e-06
1.95842e-06
1.95842e-06
1.95842e-06
1.95843e-06
1.95843e-06
1.95843e-06
1.95843e-06
1.95844e-06
1.95844e-06
1.95844e-06
1.95844e-06
1.95845e-06
1.95845e-06
1.95845e-06
1.95845e-06
1.95846e-06
1.95846e-06
1.95846e-06
1.95846e-06
1.95846e-06
1.95847e-06
1.95847e-06
1.95847e-06
1.95847e-06
1.95847e-06
1.95847e-06
1.95848e-06
1.95848e-06
1.95848e-06
1.95848e-06
1.95848e-06
1.95847e-06
1.95847e-06
1.95847e-06
1.95846e-06
1.95846e-06
1.95846e-06
1.95842e-06
2.69878e-07
2.6989e-07
2.69896e-07
2.69894e-07
2.69889e-07
2.69881e-07
2.69873e-07
2.69865e-07
2.69858e-07
2.69852e-07
2.69846e-07
2.69842e-07
2.69838e-07
2.69834e-07
2.69832e-07
2.6983e-07
2.69828e-07
2.69827e-07
2.69826e-07
2.69826e-07
2.69825e-07
2.69825e-07
2.69826e-07
2.69826e-07
2.69827e-07
2.69827e-07
2.69828e-07
2.69829e-07
2.69829e-07
2.6983e-07
2.69831e-07
2.69832e-07
2.69833e-07
2.69834e-07
2.69834e-07
2.69835e-07
2.69836e-07
2.69837e-07
2.69838e-07
2.69839e-07
2.69841e-07
2.69842e-07
2.69843e-07
2.69844e-07
2.69845e-07
2.69846e-07
2.69847e-07
2.69849e-07
2.6985e-07
2.69851e-07
2.69852e-07
2.69853e-07
2.69854e-07
2.69855e-07
2.69856e-07
2.69857e-07
2.69857e-07
2.69858e-07
2.69859e-07
2.6986e-07
2.6986e-07
2.69861e-07
2.69861e-07
2.69862e-07
2.69863e-07
2.69863e-07
2.69864e-07
2.69864e-07
2.69865e-07
2.69865e-07
2.69866e-07
2.69866e-07
2.69867e-07
2.69867e-07
2.69868e-07
2.69868e-07
2.69869e-07
2.69869e-07
2.69869e-07
2.6987e-07
2.6987e-07
2.6987e-07
2.69871e-07
2.69871e-07
2.69872e-07
2.69872e-07
2.69873e-07
2.69873e-07
2.69873e-07
2.69874e-07
2.69874e-07
2.69874e-07
2.69875e-07
2.69875e-07
2.69875e-07
2.69876e-07
2.69876e-07
2.69876e-07
2.69877e-07
2.69877e-07
2.69877e-07
2.69878e-07
2.69878e-07
2.69878e-07
2.69878e-07
2.69878e-07
2.69879e-07
2.69879e-07
2.69879e-07
2.69879e-07
2.69879e-07
2.69879e-07
2.69879e-07
2.69879e-07
2.69879e-07
2.69878e-07
2.69877e-07
2.69877e-07
2.69877e-07
2.69872e-07
8.3923e-09
8.39268e-09
8.39285e-09
8.3928e-09
8.39262e-09
8.39239e-09
8.39214e-09
8.3919e-09
8.39168e-09
8.39148e-09
8.39131e-09
8.39116e-09
8.39104e-09
8.39094e-09
8.39085e-09
8.39079e-09
8.39074e-09
8.3907e-09
8.39068e-09
8.39067e-09
8.39066e-09
8.39066e-09
8.39067e-09
8.39068e-09
8.3907e-09
8.39072e-09
8.39074e-09
8.39076e-09
8.39078e-09
8.39081e-09
8.39083e-09
8.39086e-09
8.39088e-09
8.39091e-09
8.39094e-09
8.39097e-09
8.391e-09
8.39103e-09
8.39106e-09
8.39109e-09
8.39113e-09
8.39116e-09
8.3912e-09
8.39124e-09
8.39127e-09
8.39131e-09
8.39134e-09
8.39138e-09
8.39141e-09
8.39145e-09
8.39148e-09
8.39151e-09
8.39154e-09
8.39157e-09
8.3916e-09
8.39163e-09
8.39165e-09
8.39168e-09
8.3917e-09
8.39172e-09
8.39174e-09
8.39176e-09
8.39178e-09
8.3918e-09
8.39182e-09
8.39184e-09
8.39185e-09
8.39187e-09
8.39189e-09
8.3919e-09
8.39192e-09
8.39193e-09
8.39195e-09
8.39196e-09
8.39197e-09
8.39199e-09
8.392e-09
8.39201e-09
8.39202e-09
8.39204e-09
8.39205e-09
8.39206e-09
8.39207e-09
8.39209e-09
8.3921e-09
8.39211e-09
8.39213e-09
8.39214e-09
8.39215e-09
8.39216e-09
8.39217e-09
8.39218e-09
8.39219e-09
8.3922e-09
8.39221e-09
8.39222e-09
8.39223e-09
8.39224e-09
8.39225e-09
8.39226e-09
8.39227e-09
8.39228e-09
8.39229e-09
8.3923e-09
8.3923e-09
8.39231e-09
8.39232e-09
8.39232e-09
8.39233e-09
8.39233e-09
8.39233e-09
8.39233e-09
8.39233e-09
8.39232e-09
8.39231e-09
8.3923e-09
8.39228e-09
8.39225e-09
8.39225e-09
8.39211e-09
)
;

boundaryField
{
    bottomWall
    {
        type            fixedValue;
        value           nonuniform 0();
    }
    topWall
    {
        type            fixedValue;
        value           uniform 1e-15;
    }
    sides1_half0
    {
        type            cyclic;
    }
    sides1_half1
    {
        type            cyclic;
    }
    sides2_half0
    {
        type            cyclic;
    }
    sides2_half1
    {
        type            cyclic;
    }
    inout1_half0
    {
        type            cyclic;
    }
    inout1_half1
    {
        type            cyclic;
    }
    inout2_half0
    {
        type            cyclic;
    }
    inout2_half1
    {
        type            cyclic;
    }
    procBoundary0to1
    {
        type            processor;
        value           nonuniform List<scalar> 
122
(
0.000181948
0.000181948
0.000181948
0.000181948
0.000181948
0.000181948
0.000181948
0.000181948
0.000181948
0.000181948
0.000181948
0.000181949
0.000181949
0.000181949
0.000181949
0.00018195
0.00018195
0.00018195
0.00018195
0.000181951
0.000181951
0.000181951
0.000181952
0.000181952
0.000181953
0.000181953
0.000181953
0.000181954
0.000181954
0.000181955
0.000181955
0.000181955
0.000181956
0.000181956
0.000181957
0.000181957
0.000181958
0.000181958
0.000181959
0.000181959
0.000181959
0.00018196
0.00018196
0.000181961
0.000181961
0.000181961
0.000181962
0.000181962
0.000181963
0.000181963
0.000181963
0.000181964
0.000181964
0.000181964
0.000181965
0.000181965
0.000181965
0.000181965
0.000181966
0.000181966
0.000181966
0.000181966
0.000181966
0.000181967
0.000181967
0.000181967
0.000181967
0.000181967
0.000181967
0.000181967
0.000181968
0.000181968
0.000181968
0.000181968
0.000181968
0.000181968
0.000181968
0.000182641
0.00018264
0.000182638
0.000182637
0.000182636
0.000182635
0.000182634
0.000182633
0.000182633
0.000182632
0.000182631
0.000182631
0.00018263
0.00018263
0.000182629
0.000182629
0.000182629
0.000182628
0.000182628
0.000182628
0.000182628
0.000182628
0.000182627
0.000182627
0.000182627
0.000182648
0.000182648
0.000182648
0.000182647
0.000182647
0.000182647
0.000182647
0.000182646
0.000182646
0.000182646
0.000182645
0.000182645
0.000182645
0.000182644
0.000182644
0.000182643
0.000182643
0.000182642
0.000182642
0.000182642
)
;
    }
}


// ************************************************************************* //
