/*--------------------------------*- C++ -*----------------------------------*\
  =========                 |
  \\      /  F ield         | OpenFOAM: The Open Source CFD Toolbox
   \\    /   O peration     | Website:  https://openfoam.org
    \\  /    A nd           | Version:  7
     \\/     M anipulation  |
\*---------------------------------------------------------------------------*/
FoamFile
{
    version     2.0;
    format      ascii;
    class       volScalarField;
    location    "1000";
    object      nut;
}
// * * * * * * * * * * * * * * * * * * * * * * * * * * * * * * * * * * * * * //

dimensions      [0 2 -1 0 0 0 0];

internalField   nonuniform List<scalar> 
4026
(
0.000197544
0.000197547
0.00019755
0.000197554
0.000197557
0.000197561
0.000197564
0.000197567
0.00019757
0.000197572
0.000197575
0.000197577
0.00019758
0.000197582
0.000197584
0.000197585
0.000197587
0.000197588
0.00019759
0.000197591
0.000197592
0.000197593
0.000197594
0.000197595
0.000197595
0.000197596
0.000197597
0.000197597
0.000197598
0.000197598
0.000197599
0.000197599
0.000197599
0.0001976
0.0001976
0.0001976
0.0001976
0.000197601
0.000197601
0.000197601
0.000197601
0.000197601
0.000197601
0.000197602
0.000197601
0.000197511
0.000197514
0.000197518
0.000197521
0.000197523
0.000197525
0.000197527
0.000197529
0.000197531
0.000197533
0.000197535
0.000197537
0.000197539
0.000197541
0.000197543
0.000197545
0.00020487
0.000204874
0.000204877
0.000204881
0.000204884
0.000204887
0.00020489
0.000204893
0.000204896
0.000204899
0.000204901
0.000204903
0.000204906
0.000204907
0.000204909
0.000204911
0.000204912
0.000204914
0.000204915
0.000204916
0.000204917
0.000204918
0.000204918
0.000204919
0.00020492
0.00020492
0.00020492
0.000204921
0.000204921
0.000204921
0.000204922
0.000204922
0.000204922
0.000204922
0.000204922
0.000204922
0.000204922
0.000204922
0.000204922
0.000204922
0.000204922
0.000204922
0.000204922
0.000204922
0.000204921
0.000204832
0.000204836
0.000204839
0.000204842
0.000204845
0.000204847
0.000204849
0.000204851
0.000204852
0.000204854
0.000204855
0.000204857
0.000204859
0.000204861
0.000204863
0.000204864
0.000212375
0.000212381
0.000212385
0.000212388
0.000212391
0.000212394
0.000212397
0.0002124
0.000212402
0.000212405
0.000212407
0.000212409
0.000212411
0.000212413
0.000212414
0.000212416
0.000212417
0.000212418
0.000212419
0.00021242
0.000212421
0.000212421
0.000212422
0.000212422
0.000212423
0.000212423
0.000212423
0.000212423
0.000212423
0.000212423
0.000212423
0.000212423
0.000212423
0.000212423
0.000212423
0.000212423
0.000212423
0.000212423
0.000212422
0.000212422
0.000212422
0.000212422
0.000212421
0.000212421
0.000212419
0.000212334
0.000212338
0.000212341
0.000212344
0.000212346
0.000212348
0.00021235
0.000212352
0.000212353
0.000212354
0.000212356
0.000212357
0.000212359
0.00021236
0.000212362
0.000212362
0.000220107
0.000220115
0.000220119
0.000220122
0.000220125
0.000220128
0.00022013
0.000220133
0.000220135
0.000220137
0.000220139
0.000220141
0.000220143
0.000220144
0.000220146
0.000220147
0.000220148
0.000220149
0.00022015
0.00022015
0.000220151
0.000220151
0.000220151
0.000220151
0.000220152
0.000220152
0.000220151
0.000220151
0.000220151
0.000220151
0.000220151
0.00022015
0.00022015
0.00022015
0.000220149
0.000220149
0.000220148
0.000220148
0.000220147
0.000220147
0.000220146
0.000220146
0.000220145
0.000220145
0.000220141
0.000220063
0.000220068
0.000220071
0.000220073
0.000220075
0.000220077
0.000220078
0.000220079
0.00022008
0.000220081
0.000220082
0.000220083
0.000220085
0.000220086
0.000220088
0.000220085
0.000228117
0.000228126
0.00022813
0.000228133
0.000228136
0.000228138
0.00022814
0.000228143
0.000228144
0.000228146
0.000228148
0.000228149
0.000228151
0.000228152
0.000228153
0.000228154
0.000228155
0.000228155
0.000228156
0.000228156
0.000228156
0.000228156
0.000228156
0.000228156
0.000228156
0.000228155
0.000228155
0.000228155
0.000228154
0.000228153
0.000228153
0.000228152
0.000228152
0.000228151
0.00022815
0.000228149
0.000228148
0.000228148
0.000228147
0.000228146
0.000228145
0.000228144
0.000228143
0.000228143
0.000228136
0.000228068
0.000228076
0.000228078
0.00022808
0.000228081
0.000228082
0.000228083
0.000228083
0.000228084
0.000228085
0.000228085
0.000228086
0.000228086
0.000228087
0.000228089
0.000228084
0.000236458
0.00023647
0.000236475
0.000236477
0.000236479
0.000236481
0.000236483
0.000236485
0.000236486
0.000236487
0.000236489
0.00023649
0.00023649
0.000236491
0.000236492
0.000236492
0.000236493
0.000236493
0.000236493
0.000236493
0.000236493
0.000236492
0.000236492
0.000236491
0.000236491
0.00023649
0.000236489
0.000236489
0.000236488
0.000236487
0.000236486
0.000236485
0.000236484
0.000236483
0.000236481
0.00023648
0.000236479
0.000236478
0.000236476
0.000236475
0.000236474
0.000236473
0.000236471
0.000236472
0.000236462
0.000236406
0.000236415
0.000236418
0.000236419
0.000236419
0.000236419
0.00023642
0.00023642
0.00023642
0.00023642
0.00023642
0.00023642
0.00023642
0.00023642
0.000236422
0.000236414
0.000245196
0.00024521
0.000245215
0.000245217
0.000245218
0.00024522
0.000245221
0.000245222
0.000245223
0.000245224
0.000245224
0.000245225
0.000245225
0.000245225
0.000245225
0.000245225
0.000245225
0.000245225
0.000245225
0.000245224
0.000245223
0.000245222
0.000245221
0.000245221
0.000245219
0.000245218
0.000245217
0.000245216
0.000245215
0.000245213
0.000245212
0.00024521
0.000245209
0.000245207
0.000245206
0.000245204
0.000245202
0.000245201
0.000245199
0.000245197
0.000245195
0.000245194
0.000245192
0.000245192
0.000245179
0.000245137
0.00024515
0.000245152
0.000245152
0.000245152
0.000245152
0.000245151
0.000245151
0.00024515
0.000245149
0.000245149
0.000245148
0.000245147
0.000245147
0.000245149
0.000245137
0.000254398
0.000254416
0.000254421
0.000254422
0.000254423
0.000254423
0.000254424
0.000254424
0.000254424
0.000254424
0.000254424
0.000254424
0.000254424
0.000254423
0.000254423
0.000254422
0.000254422
0.000254421
0.00025442
0.000254419
0.000254417
0.000254416
0.000254414
0.000254413
0.000254411
0.00025441
0.000254408
0.000254406
0.000254404
0.000254403
0.000254401
0.000254399
0.000254396
0.000254394
0.000254392
0.00025439
0.000254388
0.000254386
0.000254383
0.000254381
0.000254379
0.000254377
0.000254374
0.000254375
0.000254358
0.000254333
0.000254348
0.000254351
0.000254351
0.00025435
0.000254348
0.000254347
0.000254346
0.000254344
0.000254343
0.000254341
0.00025434
0.000254339
0.000254337
0.000254339
0.000254324
0.000264143
0.000264164
0.000264169
0.00026417
0.00026417
0.000264169
0.000264169
0.000264168
0.000264168
0.000264167
0.000264166
0.000264165
0.000264164
0.000264163
0.000264162
0.00026416
0.000264159
0.000264157
0.000264156
0.000264154
0.000264152
0.00026415
0.000264148
0.000264146
0.000264144
0.000264141
0.000264139
0.000264137
0.000264134
0.000264132
0.000264129
0.000264126
0.000264124
0.000264121
0.000264118
0.000264116
0.000264113
0.00026411
0.000264107
0.000264104
0.000264101
0.000264099
0.000264095
0.000264096
0.000264076
0.000264069
0.000264088
0.000264091
0.00026409
0.000264088
0.000264086
0.000264084
0.000264082
0.00026408
0.000264078
0.000264075
0.000264073
0.000264071
0.000264068
0.00026407
0.000264051
0.000274515
0.00027454
0.000274545
0.000274545
0.000274544
0.000274543
0.000274541
0.00027454
0.000274538
0.000274536
0.000274534
0.000274533
0.000274531
0.000274529
0.000274527
0.000274524
0.000274522
0.00027452
0.000274517
0.000274515
0.000274512
0.000274509
0.000274507
0.000274504
0.000274501
0.000274498
0.000274495
0.000274492
0.000274489
0.000274485
0.000274482
0.000274479
0.000274476
0.000274472
0.000274469
0.000274465
0.000274462
0.000274458
0.000274455
0.000274451
0.000274448
0.000274444
0.00027444
0.000274441
0.000274416
0.00027443
0.000274454
0.000274457
0.000274456
0.000274453
0.00027445
0.000274447
0.000274444
0.000274441
0.000274438
0.000274435
0.000274431
0.000274428
0.000274425
0.000274426
0.000274403
0.000285607
0.000285637
0.000285641
0.000285641
0.000285638
0.000285636
0.000285633
0.000285631
0.000285628
0.000285625
0.000285622
0.000285619
0.000285616
0.000285613
0.00028561
0.000285607
0.000285604
0.000285601
0.000285598
0.000285594
0.000285591
0.000285587
0.000285583
0.00028558
0.000285576
0.000285572
0.000285568
0.000285564
0.00028556
0.000285557
0.000285552
0.000285548
0.000285544
0.00028554
0.000285536
0.000285532
0.000285527
0.000285523
0.000285519
0.000285515
0.00028551
0.000285506
0.000285501
0.000285502
0.000285472
0.000285509
0.000285538
0.000285542
0.00028554
0.000285536
0.000285532
0.000285528
0.000285524
0.00028552
0.000285516
0.000285512
0.000285508
0.000285504
0.000285499
0.000285501
0.000285472
0.000297519
0.000297553
0.000297558
0.000297557
0.000297553
0.000297549
0.000297545
0.000297542
0.000297538
0.000297534
0.00029753
0.000297526
0.000297521
0.000297517
0.000297513
0.000297509
0.000297505
0.000297501
0.000297496
0.000297492
0.000297487
0.000297483
0.000297478
0.000297473
0.000297469
0.000297464
0.000297459
0.000297455
0.00029745
0.000297445
0.00029744
0.000297435
0.00029743
0.000297425
0.00029742
0.000297415
0.00029741
0.000297405
0.000297399
0.000297394
0.000297389
0.000297384
0.000297378
0.000297379
0.000297344
0.000297406
0.00029744
0.000297444
0.000297442
0.000297437
0.000297433
0.000297428
0.000297423
0.000297418
0.000297413
0.000297407
0.000297402
0.000297397
0.000297391
0.000297393
0.000297358
0.000310358
0.000310398
0.000310403
0.0003104
0.000310395
0.00031039
0.000310385
0.00031038
0.000310375
0.000310369
0.000310364
0.000310359
0.000310353
0.000310348
0.000310342
0.000310337
0.000310332
0.000310327
0.000310321
0.000310315
0.00031031
0.000310304
0.000310298
0.000310293
0.000310287
0.000310281
0.000310275
0.00031027
0.000310264
0.000310258
0.000310252
0.000310246
0.00031024
0.000310234
0.000310228
0.000310222
0.000310216
0.00031021
0.000310204
0.000310198
0.000310191
0.000310186
0.000310178
0.000310179
0.000310138
0.000310227
0.000310267
0.000310272
0.000310269
0.000310264
0.000310258
0.000310253
0.000310247
0.000310241
0.000310234
0.000310228
0.000310222
0.000310216
0.000310208
0.00031021
0.00031017
0.000324238
0.000324283
0.000324289
0.000324285
0.000324279
0.000324272
0.000324265
0.000324259
0.000324252
0.000324245
0.000324238
0.000324232
0.000324225
0.000324218
0.000324212
0.000324205
0.000324198
0.000324192
0.000324185
0.000324178
0.000324171
0.000324164
0.000324157
0.00032415
0.000324144
0.000324137
0.00032413
0.000324123
0.000324116
0.000324109
0.000324102
0.000324095
0.000324088
0.000324081
0.000324074
0.000324067
0.000324059
0.000324052
0.000324045
0.000324038
0.000324031
0.000324024
0.000324015
0.000324016
0.000323969
0.000324086
0.000324132
0.000324139
0.000324135
0.000324129
0.000324123
0.000324116
0.000324109
0.000324102
0.000324094
0.000324087
0.00032408
0.000324073
0.000324064
0.000324065
0.000324019
0.000339276
0.000339328
0.000339334
0.000339329
0.000339321
0.000339313
0.000339304
0.000339296
0.000339288
0.00033928
0.000339272
0.000339263
0.000339255
0.000339247
0.000339239
0.000339231
0.000339223
0.000339215
0.000339206
0.000339198
0.00033919
0.000339182
0.000339173
0.000339165
0.000339157
0.000339149
0.000339141
0.000339133
0.000339125
0.000339116
0.000339108
0.0003391
0.000339092
0.000339083
0.000339075
0.000339067
0.000339058
0.00033905
0.000339041
0.000339033
0.000339025
0.000339017
0.000339006
0.000339007
0.000338954
0.000339101
0.000339155
0.000339162
0.000339158
0.000339151
0.000339144
0.000339136
0.000339128
0.00033912
0.000339111
0.000339103
0.000339094
0.000339086
0.000339076
0.000339077
0.000339024
0.000355594
0.000355653
0.000355659
0.000355653
0.000355644
0.000355634
0.000355624
0.000355614
0.000355604
0.000355594
0.000355584
0.000355574
0.000355565
0.000355555
0.000355545
0.000355536
0.000355526
0.000355516
0.000355507
0.000355497
0.000355487
0.000355478
0.000355468
0.000355458
0.000355449
0.000355439
0.00035543
0.00035542
0.000355411
0.000355401
0.000355392
0.000355382
0.000355373
0.000355363
0.000355353
0.000355344
0.000355334
0.000355324
0.000355314
0.000355305
0.000355295
0.000355286
0.000355274
0.000355275
0.000355214
0.000355394
0.000355455
0.000355464
0.000355459
0.000355452
0.000355443
0.000355434
0.000355425
0.000355416
0.000355406
0.000355396
0.000355386
0.000355377
0.000355365
0.000355367
0.000355306
0.000373314
0.00037338
0.000373387
0.000373379
0.000373369
0.000373357
0.000373346
0.000373334
0.000373322
0.000373311
0.000373299
0.000373288
0.000373276
0.000373265
0.000373253
0.000373242
0.000373231
0.00037322
0.000373208
0.000373197
0.000373186
0.000373175
0.000373163
0.000373152
0.000373141
0.00037313
0.000373119
0.000373108
0.000373097
0.000373086
0.000373075
0.000373064
0.000373053
0.000373042
0.000373031
0.00037302
0.000373008
0.000372997
0.000372986
0.000372975
0.000372964
0.000372953
0.00037294
0.00037294
0.000372872
0.000373087
0.000373156
0.000373166
0.000373161
0.000373153
0.000373143
0.000373133
0.000373122
0.000373112
0.000373101
0.00037309
0.000373079
0.000373068
0.000373055
0.000373056
0.000372988
0.000392557
0.000392631
0.000392638
0.00039263
0.000392617
0.000392604
0.00039259
0.000392577
0.000392564
0.00039255
0.000392537
0.000392523
0.00039251
0.000392497
0.000392484
0.000392471
0.000392458
0.000392445
0.000392432
0.000392419
0.000392406
0.000392393
0.00039238
0.000392367
0.000392355
0.000392342
0.000392329
0.000392317
0.000392304
0.000392292
0.000392279
0.000392266
0.000392254
0.000392241
0.000392228
0.000392216
0.000392203
0.00039219
0.000392177
0.000392165
0.000392152
0.00039214
0.000392125
0.000392125
0.000392049
0.0003923
0.000392379
0.00039239
0.000392384
0.000392375
0.000392364
0.000392353
0.000392341
0.000392329
0.000392317
0.000392305
0.000392292
0.00039228
0.000392265
0.000392266
0.000392191
0.00041344
0.000413522
0.000413529
0.000413519
0.000413505
0.00041349
0.000413475
0.00041346
0.000413444
0.000413429
0.000413414
0.000413398
0.000413383
0.000413368
0.000413353
0.000413338
0.000413324
0.000413309
0.000413294
0.000413279
0.000413265
0.00041325
0.000413235
0.000413221
0.000413206
0.000413192
0.000413177
0.000413163
0.000413149
0.000413134
0.00041312
0.000413106
0.000413091
0.000413077
0.000413063
0.000413048
0.000413034
0.000413019
0.000413005
0.00041299
0.000412976
0.000412962
0.000412945
0.000412945
0.000412861
0.000413152
0.00041324
0.000413252
0.000413246
0.000413235
0.000413223
0.000413211
0.000413198
0.000413185
0.000413171
0.000413157
0.000413143
0.00041313
0.000413114
0.000413114
0.000413031
0.000436071
0.000436162
0.00043617
0.000436159
0.000436143
0.000436126
0.000436108
0.000436091
0.000436074
0.000436057
0.00043604
0.000436022
0.000436005
0.000435988
0.000435971
0.000435955
0.000435938
0.000435921
0.000435905
0.000435888
0.000435871
0.000435855
0.000435838
0.000435822
0.000435805
0.000435789
0.000435773
0.000435757
0.00043574
0.000435724
0.000435708
0.000435692
0.000435676
0.00043566
0.000435643
0.000435627
0.000435611
0.000435595
0.000435578
0.000435562
0.000435546
0.00043553
0.000435511
0.00043551
0.000435418
0.000435752
0.000435849
0.000435862
0.000435856
0.000435844
0.000435831
0.000435817
0.000435802
0.000435788
0.000435773
0.000435758
0.000435742
0.000435727
0.000435709
0.000435709
0.000435618
0.000460552
0.000460652
0.00046066
0.000460647
0.000460629
0.00046061
0.000460591
0.000460572
0.000460553
0.000460534
0.000460514
0.000460495
0.000460476
0.000460457
0.000460438
0.000460419
0.000460401
0.000460382
0.000460363
0.000460345
0.000460326
0.000460308
0.000460289
0.000460271
0.000460252
0.000460234
0.000460216
0.000460198
0.00046018
0.000460162
0.000460144
0.000460125
0.000460107
0.000460089
0.000460071
0.000460053
0.000460035
0.000460016
0.000459998
0.00045998
0.000459962
0.000459944
0.000459923
0.000459921
0.000459822
0.0004602
0.000460307
0.000460321
0.000460314
0.000460301
0.000460287
0.000460271
0.000460256
0.000460239
0.000460223
0.000460206
0.000460189
0.000460173
0.000460153
0.000460152
0.000460054
0.00048697
0.000487079
0.000487088
0.000487073
0.000487054
0.000487033
0.000487011
0.00048699
0.000486969
0.000486948
0.000486926
0.000486905
0.000486884
0.000486863
0.000486842
0.000486821
0.0004868
0.00048678
0.000486759
0.000486738
0.000486717
0.000486697
0.000486676
0.000486656
0.000486635
0.000486615
0.000486595
0.000486575
0.000486555
0.000486534
0.000486514
0.000486494
0.000486474
0.000486454
0.000486433
0.000486413
0.000486393
0.000486373
0.000486352
0.000486332
0.000486312
0.000486292
0.000486269
0.000486266
0.000486159
0.000486585
0.000486702
0.000486718
0.00048671
0.000486696
0.00048668
0.000486663
0.000486645
0.000486628
0.00048661
0.000486591
0.000486572
0.000486554
0.000486532
0.000486531
0.000486425
0.0005154
0.000515518
0.000515527
0.000515511
0.00051549
0.000515467
0.000515443
0.00051542
0.000515397
0.000515373
0.00051535
0.000515326
0.000515303
0.00051528
0.000515257
0.000515234
0.000515211
0.000515188
0.000515165
0.000515142
0.00051512
0.000515097
0.000515074
0.000515051
0.000515029
0.000515006
0.000514984
0.000514962
0.00051494
0.000514917
0.000514895
0.000514873
0.00051485
0.000514828
0.000514805
0.000514783
0.00051476
0.000514738
0.000514715
0.000514693
0.00051467
0.000514649
0.000514623
0.000514619
0.000514504
0.000514982
0.000515109
0.000515126
0.000515117
0.000515102
0.000515084
0.000515066
0.000515047
0.000515027
0.000515007
0.000514987
0.000514967
0.000514947
0.000514923
0.00051492
0.000514808
0.000545901
0.000546028
0.000546037
0.00054602
0.000545996
0.000545971
0.000545946
0.00054592
0.000545895
0.000545869
0.000545843
0.000545818
0.000545792
0.000545767
0.000545742
0.000545717
0.000545692
0.000545666
0.000545641
0.000545616
0.000545591
0.000545566
0.000545541
0.000545517
0.000545492
0.000545467
0.000545443
0.000545418
0.000545394
0.000545369
0.000545344
0.00054532
0.000545295
0.00054527
0.000545246
0.000545221
0.000545196
0.000545171
0.000545147
0.000545122
0.000545097
0.000545073
0.000545045
0.000545039
0.000544918
0.00054545
0.000545587
0.000545605
0.000545595
0.000545578
0.000545559
0.000545539
0.000545519
0.000545497
0.000545476
0.000545454
0.000545431
0.00054541
0.000545384
0.00054538
0.000545261
0.000578515
0.000578651
0.000578661
0.000578642
0.000578616
0.000578589
0.000578561
0.000578533
0.000578506
0.000578478
0.00057845
0.000578422
0.000578395
0.000578367
0.000578339
0.000578312
0.000578285
0.000578257
0.00057823
0.000578203
0.000578175
0.000578148
0.000578121
0.000578094
0.000578067
0.00057804
0.000578013
0.000577986
0.000577959
0.000577932
0.000577906
0.000577879
0.000577852
0.000577824
0.000577797
0.00057777
0.000577743
0.000577716
0.000577689
0.000577661
0.000577634
0.000577608
0.000577577
0.00057757
0.000577442
0.000578032
0.000578179
0.000578198
0.000578187
0.000578169
0.000578148
0.000578126
0.000578104
0.000578081
0.000578057
0.000578033
0.000578009
0.000577985
0.000577958
0.000577952
0.000577827
0.000613268
0.000613413
0.000613423
0.000613403
0.000613375
0.000613346
0.000613316
0.000613286
0.000613256
0.000613226
0.000613196
0.000613166
0.000613136
0.000613106
0.000613076
0.000613046
0.000613017
0.000612987
0.000612957
0.000612928
0.000612898
0.000612868
0.000612839
0.000612809
0.00061278
0.000612751
0.000612722
0.000612692
0.000612663
0.000612634
0.000612604
0.000612575
0.000612545
0.000612516
0.000612486
0.000612457
0.000612427
0.000612397
0.000612368
0.000612338
0.000612308
0.000612279
0.000612246
0.000612237
0.000612103
0.000612754
0.000612911
0.000612931
0.000612919
0.000612899
0.000612877
0.000612853
0.000612829
0.000612804
0.000612779
0.000612753
0.000612726
0.000612701
0.000612671
0.000612664
0.000612532
0.000650171
0.000650324
0.000650335
0.000650313
0.000650283
0.000650251
0.000650219
0.000650187
0.000650155
0.000650122
0.00065009
0.000650057
0.000650025
0.000649993
0.000649961
0.000649929
0.000649897
0.000649865
0.000649833
0.000649801
0.000649769
0.000649737
0.000649705
0.000649673
0.000649641
0.00064961
0.000649578
0.000649546
0.000649514
0.000649483
0.000649451
0.000649419
0.000649387
0.000649355
0.000649322
0.00064929
0.000649258
0.000649226
0.000649193
0.000649161
0.000649129
0.000649097
0.000649062
0.00064905
0.00064891
0.000649627
0.000649792
0.000649813
0.000649801
0.000649779
0.000649755
0.00064973
0.000649704
0.000649677
0.000649649
0.000649621
0.000649593
0.000649565
0.000649533
0.000649524
0.000649387
0.000689216
0.000689378
0.000689389
0.000689365
0.000689333
0.000689299
0.000689265
0.00068923
0.000689196
0.000689161
0.000689126
0.000689091
0.000689057
0.000689022
0.000688988
0.000688953
0.000688919
0.000688885
0.00068885
0.000688816
0.000688781
0.000688747
0.000688713
0.000688678
0.000688644
0.00068861
0.000688576
0.000688541
0.000688507
0.000688473
0.000688438
0.000688404
0.000688369
0.000688334
0.000688299
0.000688264
0.000688229
0.000688194
0.000688159
0.000688125
0.00068809
0.000688055
0.000688017
0.000688003
0.000687859
0.000688642
0.000688818
0.000688839
0.000688825
0.000688802
0.000688776
0.000688749
0.000688721
0.000688692
0.000688662
0.000688632
0.000688602
0.000688572
0.000688537
0.000688526
0.000688385
0.000730382
0.000730553
0.000730563
0.000730538
0.000730504
0.000730468
0.000730431
0.000730394
0.000730357
0.00073032
0.000730283
0.000730246
0.000730209
0.000730172
0.000730135
0.000730098
0.000730062
0.000730025
0.000729988
0.000729951
0.000729914
0.000729877
0.00072984
0.000729804
0.000729767
0.00072973
0.000729693
0.000729656
0.000729619
0.000729582
0.000729545
0.000729508
0.000729471
0.000729433
0.000729396
0.000729358
0.00072932
0.000729283
0.000729245
0.000729207
0.000729169
0.000729132
0.000729092
0.000729074
0.000728926
0.000729781
0.000729965
0.000729987
0.000729972
0.000729947
0.000729919
0.00072989
0.00072986
0.000729829
0.000729797
0.000729765
0.000729732
0.0007297
0.000729663
0.00072965
0.000729505
0.000773634
0.000773813
0.000773824
0.000773796
0.00077376
0.000773721
0.000773682
0.000773643
0.000773604
0.000773565
0.000773525
0.000773486
0.000773446
0.000773407
0.000773368
0.000773328
0.000773289
0.00077325
0.00077321
0.000773171
0.000773132
0.000773092
0.000773053
0.000773014
0.000772974
0.000772935
0.000772895
0.000772856
0.000772816
0.000772777
0.000772737
0.000772697
0.000772657
0.000772616
0.000772576
0.000772536
0.000772495
0.000772454
0.000772414
0.000772373
0.000772333
0.000772293
0.00077225
0.000772229
0.000772078
0.000773005
0.000773198
0.000773221
0.000773205
0.000773178
0.000773148
0.000773117
0.000773085
0.000773052
0.000773018
0.000772983
0.000772948
0.000772913
0.000772875
0.000772858
0.000772711
0.000818923
0.000819109
0.00081912
0.000819091
0.000819053
0.000819012
0.00081897
0.000818929
0.000818887
0.000818845
0.000818804
0.000818762
0.00081872
0.000818678
0.000818636
0.000818594
0.000818553
0.000818511
0.000818469
0.000818427
0.000818385
0.000818343
0.000818301
0.00081826
0.000818218
0.000818176
0.000818134
0.000818091
0.000818049
0.000818007
0.000817964
0.000817921
0.000817878
0.000817835
0.000817792
0.000817749
0.000817705
0.000817662
0.000817618
0.000817575
0.000817531
0.000817489
0.000817442
0.000817419
0.000817265
0.000818268
0.000818469
0.000818493
0.000818475
0.000818446
0.000818415
0.000818381
0.000818347
0.000818312
0.000818275
0.000818238
0.000818201
0.000818164
0.000818123
0.000818104
0.000817954
0.000866188
0.000866382
0.000866393
0.000866362
0.000866321
0.000866278
0.000866234
0.00086619
0.000866146
0.000866102
0.000866058
0.000866013
0.000865969
0.000865925
0.000865881
0.000865836
0.000865792
0.000865748
0.000865703
0.000865659
0.000865615
0.00086557
0.000865526
0.000865481
0.000865436
0.000865392
0.000865347
0.000865302
0.000865257
0.000865212
0.000865166
0.000865121
0.000865075
0.000865029
0.000864983
0.000864936
0.00086489
0.000864843
0.000864797
0.000864751
0.000864704
0.000864659
0.00086461
0.000864583
0.000864428
0.000865507
0.000865717
0.000865741
0.000865721
0.000865691
0.000865657
0.000865622
0.000865585
0.000865548
0.000865509
0.00086547
0.00086543
0.000865391
0.000865347
0.000865325
0.000865175
0.000915357
0.000915559
0.00091557
0.000915537
0.000915494
0.000915449
0.000915403
0.000915356
0.00091531
0.000915263
0.000915216
0.00091517
0.000915123
0.000915076
0.000915029
0.000914983
0.000914936
0.000914889
0.000914842
0.000914795
0.000914748
0.000914701
0.000914654
0.000914607
0.000914559
0.000914512
0.000914464
0.000914417
0.000914369
0.000914321
0.000914272
0.000914224
0.000914175
0.000914126
0.000914077
0.000914028
0.000913978
0.000913929
0.000913879
0.00091383
0.00091378
0.000913732
0.00091368
0.000913649
0.000913494
0.000914651
0.00091487
0.000914894
0.000914873
0.00091484
0.000914805
0.000914767
0.000914728
0.000914688
0.000914647
0.000914606
0.000914564
0.000914522
0.000914476
0.000914451
0.0009143
0.00096635
0.000966559
0.000966569
0.000966535
0.000966489
0.000966442
0.000966393
0.000966345
0.000966296
0.000966247
0.000966197
0.000966148
0.000966099
0.00096605
0.000966
0.000965951
0.000965902
0.000965852
0.000965803
0.000965753
0.000965704
0.000965654
0.000965604
0.000965555
0.000965505
0.000965454
0.000965404
0.000965354
0.000965303
0.000965252
0.000965201
0.000965149
0.000965097
0.000965045
0.000964993
0.000964941
0.000964888
0.000964836
0.000964783
0.000964731
0.000964678
0.000964627
0.000964572
0.000964538
0.000964382
0.000965619
0.000965845
0.000965869
0.000965847
0.000965812
0.000965774
0.000965735
0.000965694
0.000965651
0.000965608
0.000965564
0.00096552
0.000965475
0.000965427
0.000965399
0.000965248
0.00101907
0.00101929
0.0010193
0.00101926
0.00101922
0.00101917
0.00101912
0.00101906
0.00101901
0.00101896
0.00101891
0.00101886
0.00101881
0.00101875
0.0010187
0.00101865
0.0010186
0.00101855
0.0010185
0.00101844
0.00101839
0.00101834
0.00101829
0.00101823
0.00101818
0.00101813
0.00101808
0.00101802
0.00101797
0.00101791
0.00101786
0.00101781
0.00101775
0.0010177
0.00101764
0.00101759
0.00101753
0.00101747
0.00101742
0.00101736
0.00101731
0.00101725
0.00101719
0.00101716
0.001017
0.00101832
0.00101855
0.00101858
0.00101855
0.00101852
0.00101848
0.00101843
0.00101839
0.00101835
0.0010183
0.00101825
0.00101821
0.00101816
0.00101811
0.00101808
0.00101793
0.00107343
0.00107365
0.00107366
0.00107362
0.00107357
0.00107352
0.00107347
0.00107342
0.00107336
0.00107331
0.00107325
0.0010732
0.00107315
0.00107309
0.00107304
0.00107298
0.00107293
0.00107287
0.00107282
0.00107276
0.00107271
0.00107265
0.0010726
0.00107254
0.00107249
0.00107243
0.00107238
0.00107232
0.00107226
0.00107221
0.00107215
0.00107209
0.00107204
0.00107198
0.00107192
0.00107186
0.0010718
0.00107174
0.00107168
0.00107163
0.00107157
0.00107151
0.00107145
0.00107141
0.00107125
0.00107265
0.00107289
0.00107291
0.00107289
0.00107285
0.00107281
0.00107276
0.00107272
0.00107267
0.00107262
0.00107257
0.00107253
0.00107248
0.00107242
0.00107239
0.00107224
0.00112931
0.00112954
0.00112955
0.00112951
0.00112946
0.0011294
0.00112935
0.00112929
0.00112923
0.00112918
0.00112912
0.00112906
0.00112901
0.00112895
0.00112889
0.00112884
0.00112878
0.00112872
0.00112867
0.00112861
0.00112855
0.00112849
0.00112844
0.00112838
0.00112832
0.00112826
0.0011282
0.00112814
0.00112808
0.00112802
0.00112796
0.0011279
0.00112784
0.00112778
0.00112772
0.00112766
0.0011276
0.00112753
0.00112747
0.00112741
0.00112735
0.00112729
0.00112723
0.00112718
0.00112703
0.0011285
0.00112875
0.00112877
0.00112875
0.00112871
0.00112866
0.00112862
0.00112857
0.00112852
0.00112847
0.00112842
0.00112837
0.00112831
0.00112826
0.00112822
0.00112808
0.00118659
0.00118683
0.00118684
0.0011868
0.00118674
0.00118669
0.00118663
0.00118657
0.00118651
0.00118645
0.00118639
0.00118634
0.00118628
0.00118622
0.00118616
0.0011861
0.00118604
0.00118598
0.00118592
0.00118586
0.0011858
0.00118574
0.00118568
0.00118562
0.00118556
0.0011855
0.00118543
0.00118537
0.00118531
0.00118525
0.00118518
0.00118512
0.00118506
0.00118499
0.00118493
0.00118486
0.0011848
0.00118473
0.00118467
0.0011846
0.00118454
0.00118447
0.00118441
0.00118436
0.00118421
0.00118576
0.00118602
0.00118604
0.00118601
0.00118597
0.00118592
0.00118587
0.00118582
0.00118577
0.00118572
0.00118567
0.00118561
0.00118556
0.0011855
0.00118546
0.00118532
0.00124516
0.0012454
0.00124541
0.00124537
0.00124531
0.00124525
0.00124519
0.00124513
0.00124507
0.00124501
0.00124495
0.00124489
0.00124483
0.00124477
0.0012447
0.00124464
0.00124458
0.00124452
0.00124446
0.00124439
0.00124433
0.00124427
0.0012442
0.00124414
0.00124408
0.00124401
0.00124395
0.00124388
0.00124382
0.00124375
0.00124369
0.00124362
0.00124355
0.00124349
0.00124342
0.00124335
0.00124328
0.00124321
0.00124314
0.00124308
0.00124301
0.00124294
0.00124287
0.00124282
0.00124267
0.0012443
0.00124456
0.00124458
0.00124455
0.00124451
0.00124446
0.00124441
0.00124436
0.0012443
0.00124425
0.00124419
0.00124414
0.00124408
0.00124402
0.00124397
0.00124384
0.00130487
0.00130513
0.00130513
0.00130509
0.00130503
0.00130497
0.00130491
0.00130484
0.00130478
0.00130472
0.00130465
0.00130459
0.00130452
0.00130446
0.0013044
0.00130433
0.00130427
0.0013042
0.00130414
0.00130407
0.00130401
0.00130394
0.00130388
0.00130381
0.00130374
0.00130368
0.00130361
0.00130354
0.00130347
0.00130341
0.00130334
0.00130327
0.0013032
0.00130313
0.00130306
0.00130298
0.00130291
0.00130284
0.00130277
0.0013027
0.00130263
0.00130256
0.00130248
0.00130242
0.00130229
0.00130398
0.00130425
0.00130427
0.00130424
0.0013042
0.00130415
0.00130409
0.00130404
0.00130398
0.00130393
0.00130387
0.00130381
0.00130375
0.00130369
0.00130364
0.00130351
0.00136559
0.00136585
0.00136586
0.00136581
0.00136575
0.00136569
0.00136562
0.00136556
0.00136549
0.00136543
0.00136536
0.0013653
0.00136523
0.00136516
0.0013651
0.00136503
0.00136496
0.0013649
0.00136483
0.00136476
0.00136469
0.00136463
0.00136456
0.00136449
0.00136442
0.00136435
0.00136428
0.00136421
0.00136414
0.00136407
0.00136399
0.00136392
0.00136385
0.00136377
0.0013637
0.00136363
0.00136355
0.00136348
0.0013634
0.00136333
0.00136325
0.00136318
0.0013631
0.00136304
0.00136291
0.00136467
0.00136495
0.00136497
0.00136494
0.00136489
0.00136483
0.00136478
0.00136472
0.00136467
0.00136461
0.00136455
0.00136448
0.00136442
0.00136436
0.0013643
0.00136418
0.00142717
0.00142744
0.00142744
0.00142739
0.00142733
0.00142727
0.0014272
0.00142713
0.00142706
0.001427
0.00142693
0.00142686
0.00142679
0.00142672
0.00142665
0.00142658
0.00142652
0.00142645
0.00142638
0.00142631
0.00142624
0.00142616
0.00142609
0.00142602
0.00142595
0.00142588
0.00142581
0.00142573
0.00142566
0.00142558
0.00142551
0.00142543
0.00142536
0.00142528
0.0014252
0.00142513
0.00142505
0.00142497
0.00142489
0.00142481
0.00142474
0.00142466
0.00142458
0.00142451
0.00142439
0.00142621
0.00142649
0.00142652
0.00142648
0.00142643
0.00142638
0.00142632
0.00142626
0.0014262
0.00142614
0.00142608
0.00142602
0.00142595
0.00142589
0.00142583
0.00142571
0.00148944
0.00148972
0.00148972
0.00148967
0.00148961
0.00148954
0.00148947
0.0014894
0.00148933
0.00148926
0.00148919
0.00148912
0.00148905
0.00148898
0.00148891
0.00148884
0.00148876
0.00148869
0.00148862
0.00148855
0.00148848
0.0014884
0.00148833
0.00148825
0.00148818
0.00148811
0.00148803
0.00148795
0.00148788
0.0014878
0.00148772
0.00148764
0.00148756
0.00148748
0.0014874
0.00148732
0.00148724
0.00148716
0.00148708
0.001487
0.00148692
0.00148684
0.00148676
0.00148668
0.00148656
0.00148844
0.00148874
0.00148876
0.00148872
0.00148867
0.00148861
0.00148856
0.0014885
0.00148843
0.00148837
0.00148831
0.00148824
0.00148817
0.00148811
0.00148805
0.00148794
0.00155224
0.00155252
0.00155253
0.00155248
0.00155241
0.00155234
0.00155227
0.0015522
0.00155213
0.00155206
0.00155198
0.00155191
0.00155184
0.00155177
0.00155169
0.00155162
0.00155154
0.00155147
0.0015514
0.00155132
0.00155124
0.00155117
0.00155109
0.00155102
0.00155094
0.00155086
0.00155078
0.0015507
0.00155063
0.00155055
0.00155046
0.00155038
0.0015503
0.00155022
0.00155013
0.00155005
0.00154997
0.00154988
0.0015498
0.00154971
0.00154963
0.00154955
0.00154946
0.00154938
0.00154927
0.0015512
0.0015515
0.00155153
0.00155149
0.00155144
0.00155138
0.00155132
0.00155126
0.00155119
0.00155113
0.00155106
0.00155099
0.00155093
0.00155086
0.00155079
0.00155069
0.00161539
0.00161568
0.00161569
0.00161564
0.00161557
0.0016155
0.00161542
0.00161535
0.00161528
0.0016152
0.00161513
0.00161505
0.00161498
0.0016149
0.00161483
0.00161475
0.00161467
0.0016146
0.00161452
0.00161444
0.00161437
0.00161429
0.00161421
0.00161413
0.00161405
0.00161397
0.00161389
0.00161381
0.00161373
0.00161364
0.00161356
0.00161348
0.00161339
0.0016133
0.00161322
0.00161313
0.00161305
0.00161296
0.00161287
0.00161278
0.0016127
0.00161261
0.00161252
0.00161244
0.00161234
0.00161431
0.00161462
0.00161464
0.0016146
0.00161455
0.00161449
0.00161443
0.00161436
0.0016143
0.00161423
0.00161416
0.00161409
0.00161402
0.00161395
0.00161388
0.0016138
0.00167871
0.001679
0.00167901
0.00167896
0.00167889
0.00167881
0.00167874
0.00167866
0.00167859
0.00167851
0.00167844
0.00167836
0.00167828
0.0016782
0.00167813
0.00167805
0.00167797
0.00167789
0.00167781
0.00167773
0.00167765
0.00167757
0.00167749
0.00167741
0.00167733
0.00167724
0.00167716
0.00167708
0.00167699
0.00167691
0.00167682
0.00167673
0.00167665
0.00167656
0.00167647
0.00167638
0.00167629
0.0016762
0.00167611
0.00167602
0.00167593
0.00167584
0.00167575
0.00167566
0.00167557
0.00167757
0.00167789
0.00167792
0.00167788
0.00167782
0.00167776
0.0016777
0.00167763
0.00167756
0.0016775
0.00167743
0.00167736
0.00167728
0.00167721
0.00167714
0.00167706
0.00174199
0.00174229
0.0017423
0.00174224
0.00174217
0.0017421
0.00174202
0.00174194
0.00174187
0.00174179
0.00174171
0.00174163
0.00174155
0.00174147
0.00174139
0.00174131
0.00174123
0.00174115
0.00174107
0.00174099
0.0017409
0.00174082
0.00174074
0.00174065
0.00174057
0.00174048
0.0017404
0.00174031
0.00174023
0.00174014
0.00174005
0.00173996
0.00173987
0.00173978
0.00173969
0.00173959
0.0017395
0.00173941
0.00173931
0.00173922
0.00173913
0.00173903
0.00173894
0.00173885
0.00173877
0.0017408
0.00174113
0.00174115
0.00174111
0.00174105
0.00174099
0.00174093
0.00174086
0.00174079
0.00174072
0.00174065
0.00174058
0.00174051
0.00174043
0.00174036
0.00174029
0.00180502
0.00180533
0.00180534
0.00180528
0.00180521
0.00180514
0.00180506
0.00180498
0.0018049
0.00180482
0.00180474
0.00180466
0.00180458
0.0018045
0.00180441
0.00180433
0.00180425
0.00180417
0.00180408
0.001804
0.00180391
0.00180383
0.00180374
0.00180366
0.00180357
0.00180348
0.0018034
0.00180331
0.00180322
0.00180313
0.00180303
0.00180294
0.00180285
0.00180276
0.00180266
0.00180257
0.00180247
0.00180238
0.00180228
0.00180218
0.00180209
0.00180199
0.00180189
0.0018018
0.00180173
0.00180378
0.00180411
0.00180414
0.0018041
0.00180404
0.00180398
0.00180391
0.00180384
0.00180377
0.0018037
0.00180363
0.00180356
0.00180348
0.00180341
0.00180333
0.00180328
0.00186759
0.00186791
0.00186792
0.00186786
0.00186779
0.00186771
0.00186763
0.00186755
0.00186747
0.00186739
0.00186731
0.00186723
0.00186714
0.00186706
0.00186698
0.00186689
0.00186681
0.00186672
0.00186664
0.00186655
0.00186646
0.00186638
0.00186629
0.0018662
0.00186611
0.00186602
0.00186593
0.00186584
0.00186575
0.00186566
0.00186556
0.00186547
0.00186537
0.00186528
0.00186518
0.00186508
0.00186498
0.00186488
0.00186479
0.00186469
0.00186459
0.00186449
0.00186439
0.00186429
0.00186423
0.00186629
0.00186663
0.00186666
0.00186662
0.00186656
0.0018665
0.00186643
0.00186636
0.00186629
0.00186622
0.00186615
0.00186607
0.001866
0.00186592
0.00186584
0.0018658
0.00192947
0.0019298
0.00192981
0.00192975
0.00192968
0.0019296
0.00192952
0.00192943
0.00192935
0.00192927
0.00192918
0.0019291
0.00192902
0.00192893
0.00192885
0.00192876
0.00192867
0.00192859
0.0019285
0.00192841
0.00192832
0.00192823
0.00192814
0.00192805
0.00192796
0.00192787
0.00192778
0.00192768
0.00192759
0.00192749
0.0019274
0.0019273
0.0019272
0.00192711
0.00192701
0.00192691
0.00192681
0.0019267
0.0019266
0.0019265
0.0019264
0.0019263
0.0019262
0.00192609
0.00192604
0.0019281
0.00192846
0.00192849
0.00192844
0.00192838
0.00192832
0.00192825
0.00192818
0.00192811
0.00192804
0.00192797
0.00192789
0.00192782
0.00192774
0.00192766
0.00192763
0.00199042
0.00199075
0.00199076
0.0019907
0.00199063
0.00199055
0.00199046
0.00199038
0.0019903
0.00199021
0.00199013
0.00199004
0.00198995
0.00198987
0.00198978
0.00198969
0.0019896
0.00198952
0.00198943
0.00198934
0.00198925
0.00198916
0.00198906
0.00198897
0.00198888
0.00198878
0.00198869
0.00198859
0.0019885
0.0019884
0.0019883
0.0019882
0.0019881
0.001988
0.0019879
0.0019878
0.0019877
0.00198759
0.00198749
0.00198739
0.00198728
0.00198718
0.00198708
0.00198697
0.00198693
0.00198898
0.00198934
0.00198937
0.00198933
0.00198927
0.00198921
0.00198914
0.00198907
0.001989
0.00198893
0.00198885
0.00198878
0.0019887
0.00198862
0.00198854
0.00198853
0.00205017
0.00205052
0.00205053
0.00205047
0.00205039
0.00205031
0.00205022
0.00205014
0.00205005
0.00204997
0.00204988
0.00204979
0.00204971
0.00204962
0.00204953
0.00204944
0.00204935
0.00204926
0.00204917
0.00204908
0.00204898
0.00204889
0.0020488
0.0020487
0.00204861
0.00204851
0.00204842
0.00204832
0.00204822
0.00204812
0.00204802
0.00204792
0.00204782
0.00204772
0.00204762
0.00204751
0.00204741
0.0020473
0.0020472
0.00204709
0.00204698
0.00204688
0.00204677
0.00204666
0.00204664
0.00204866
0.00204904
0.00204907
0.00204903
0.00204897
0.0020489
0.00204884
0.00204877
0.0020487
0.00204862
0.00204855
0.00204847
0.0020484
0.00204832
0.00204823
0.00204823
0.00210848
0.00210883
0.00210884
0.00210878
0.0021087
0.00210862
0.00210853
0.00210845
0.00210836
0.00210827
0.00210818
0.0021081
0.00210801
0.00210792
0.00210783
0.00210774
0.00210764
0.00210755
0.00210746
0.00210737
0.00210727
0.00210718
0.00210708
0.00210699
0.00210689
0.00210679
0.0021067
0.0021066
0.0021065
0.0021064
0.0021063
0.00210619
0.00210609
0.00210599
0.00210588
0.00210578
0.00210567
0.00210556
0.00210546
0.00210535
0.00210524
0.00210513
0.00210502
0.00210491
0.0021049
0.00210689
0.00210727
0.00210731
0.00210727
0.00210721
0.00210715
0.00210708
0.00210701
0.00210694
0.00210687
0.00210679
0.00210672
0.00210664
0.00210656
0.00210647
0.00210649
0.00216505
0.00216542
0.00216543
0.00216536
0.00216528
0.0021652
0.00216511
0.00216502
0.00216494
0.00216485
0.00216476
0.00216467
0.00216458
0.00216449
0.0021644
0.0021643
0.00216421
0.00216412
0.00216402
0.00216393
0.00216384
0.00216374
0.00216364
0.00216355
0.00216345
0.00216335
0.00216325
0.00216315
0.00216305
0.00216295
0.00216285
0.00216274
0.00216264
0.00216253
0.00216243
0.00216232
0.00216221
0.0021621
0.00216199
0.00216188
0.00216177
0.00216166
0.00216155
0.00216144
0.00216144
0.00216339
0.00216378
0.00216382
0.00216378
0.00216372
0.00216366
0.00216359
0.00216353
0.00216346
0.00216338
0.00216331
0.00216323
0.00216315
0.00216307
0.00216298
0.00216302
0.00221961
0.00221998
0.00222
0.00221993
0.00221985
0.00221976
0.00221968
0.00221959
0.0022195
0.00221941
0.00221932
0.00221923
0.00221914
0.00221904
0.00221895
0.00221886
0.00221877
0.00221867
0.00221858
0.00221848
0.00221839
0.00221829
0.00221819
0.00221809
0.00221799
0.0022179
0.0022178
0.00221769
0.00221759
0.00221749
0.00221739
0.00221728
0.00221718
0.00221707
0.00221696
0.00221685
0.00221674
0.00221663
0.00221652
0.00221641
0.0022163
0.00221619
0.00221608
0.00221596
0.00221598
0.00221788
0.00221828
0.00221832
0.00221828
0.00221823
0.00221816
0.0022181
0.00221803
0.00221796
0.00221789
0.00221781
0.00221773
0.00221766
0.00221758
0.00221748
0.00221753
0.00227186
0.00227224
0.00227225
0.00227219
0.0022721
0.00227202
0.00227193
0.00227184
0.00227175
0.00227166
0.00227157
0.00227148
0.00227138
0.00227129
0.0022712
0.0022711
0.00227101
0.00227091
0.00227082
0.00227072
0.00227063
0.00227053
0.00227043
0.00227033
0.00227023
0.00227013
0.00227003
0.00226993
0.00226983
0.00226972
0.00226962
0.00226951
0.00226941
0.0022693
0.00226919
0.00226908
0.00226897
0.00226886
0.00226875
0.00226864
0.00226853
0.00226841
0.0022683
0.00226818
0.00226821
0.00227006
0.00227047
0.00227051
0.00227047
0.00227042
0.00227036
0.00227029
0.00227022
0.00227015
0.00227008
0.00227
0.00226993
0.00226985
0.00226976
0.00226967
0.00226973
0.00232149
0.00232187
0.00232188
0.00232182
0.00232173
0.00232165
0.00232156
0.00232147
0.00232138
0.00232129
0.0023212
0.0023211
0.00232101
0.00232092
0.00232082
0.00232073
0.00232064
0.00232054
0.00232044
0.00232035
0.00232025
0.00232015
0.00232005
0.00231996
0.00231986
0.00231976
0.00231965
0.00231955
0.00231945
0.00231934
0.00231924
0.00231913
0.00231903
0.00231892
0.00231881
0.0023187
0.00231859
0.00231848
0.00231837
0.00231826
0.00231814
0.00231803
0.00231792
0.00231779
0.00231784
0.00231962
0.00232004
0.00232008
0.00232005
0.00232
0.00231993
0.00231987
0.0023198
0.00231973
0.00231966
0.00231958
0.0023195
0.00231942
0.00231933
0.00231924
0.00231931
0.00236817
0.00236856
0.00236858
0.00236851
0.00236843
0.00236834
0.00236825
0.00236816
0.00236807
0.00236798
0.00236789
0.0023678
0.0023677
0.00236761
0.00236752
0.00236742
0.00236733
0.00236723
0.00236714
0.00236704
0.00236694
0.00236685
0.00236675
0.00236665
0.00236655
0.00236645
0.00236635
0.00236624
0.00236614
0.00236604
0.00236593
0.00236583
0.00236572
0.00236561
0.0023655
0.0023654
0.00236529
0.00236517
0.00236506
0.00236495
0.00236484
0.00236472
0.00236461
0.00236449
0.00236455
0.00236625
0.00236668
0.00236673
0.0023667
0.00236664
0.00236658
0.00236652
0.00236645
0.00236637
0.0023663
0.00236622
0.00236614
0.00236605
0.00236597
0.00236587
0.00236595
0.00241159
0.00241199
0.002412
0.00241194
0.00241185
0.00241177
0.00241168
0.00241159
0.0024115
0.00241141
0.00241132
0.00241123
0.00241114
0.00241104
0.00241095
0.00241086
0.00241076
0.00241067
0.00241057
0.00241048
0.00241038
0.00241028
0.00241019
0.00241009
0.00240999
0.00240989
0.00240979
0.00240968
0.00240958
0.00240948
0.00240937
0.00240927
0.00240916
0.00240906
0.00240895
0.00240884
0.00240873
0.00240862
0.00240851
0.0024084
0.00240828
0.00240817
0.00240806
0.00240793
0.00240801
0.00240963
0.00241007
0.00241013
0.00241009
0.00241004
0.00240997
0.00240991
0.00240983
0.00240976
0.00240968
0.00240959
0.00240951
0.00240942
0.00240933
0.00240923
0.00240933
0.00245141
0.00245181
0.00245183
0.00245177
0.00245169
0.0024516
0.00245151
0.00245143
0.00245134
0.00245125
0.00245116
0.00245107
0.00245098
0.00245089
0.00245079
0.0024507
0.00245061
0.00245051
0.00245042
0.00245033
0.00245023
0.00245013
0.00245004
0.00244994
0.00244984
0.00244974
0.00244964
0.00244954
0.00244944
0.00244934
0.00244923
0.00244913
0.00244902
0.00244892
0.00244881
0.0024487
0.00244859
0.00244848
0.00244837
0.00244826
0.00244815
0.00244804
0.00244793
0.0024478
0.00244789
0.00244943
0.00244988
0.00244994
0.0024499
0.00244985
0.00244978
0.0024497
0.00244962
0.00244954
0.00244945
0.00244937
0.00244928
0.00244919
0.0024491
0.00244899
0.00244911
0.00248728
0.0024877
0.00248772
0.00248766
0.00248758
0.0024875
0.00248742
0.00248733
0.00248724
0.00248716
0.00248707
0.00248698
0.00248689
0.0024868
0.00248671
0.00248662
0.00248653
0.00248644
0.00248634
0.00248625
0.00248615
0.00248606
0.00248596
0.00248587
0.00248577
0.00248567
0.00248558
0.00248548
0.00248538
0.00248528
0.00248517
0.00248507
0.00248497
0.00248486
0.00248476
0.00248465
0.00248454
0.00248443
0.00248433
0.00248422
0.00248411
0.00248399
0.00248388
0.00248376
0.00248386
0.00248532
0.00248578
0.00248583
0.00248579
0.00248573
0.00248565
0.00248556
0.00248547
0.00248538
0.00248529
0.0024852
0.0024851
0.00248501
0.00248492
0.00248481
0.00248494
0.00251888
0.00251931
0.00251934
0.00251928
0.00251921
0.00251913
0.00251905
0.00251896
0.00251888
0.00251879
0.00251871
0.00251862
0.00251853
0.00251845
0.00251836
0.00251827
0.00251818
0.00251809
0.002518
0.00251791
0.00251782
0.00251772
0.00251763
0.00251754
0.00251744
0.00251735
0.00251725
0.00251715
0.00251706
0.00251696
0.00251686
0.00251676
0.00251665
0.00251655
0.00251645
0.00251634
0.00251624
0.00251613
0.00251602
0.00251592
0.00251581
0.0025157
0.00251559
0.00251546
0.00251558
0.00251696
0.00251742
0.00251746
0.00251741
0.00251732
0.00251723
0.00251713
0.00251703
0.00251693
0.00251683
0.00251674
0.00251664
0.00251655
0.00251646
0.00251635
0.00251649
0.00254585
0.0025463
0.00254634
0.00254629
0.00254622
0.00254614
0.00254606
0.00254598
0.0025459
0.00254582
0.00254574
0.00254565
0.00254557
0.00254548
0.0025454
0.00254531
0.00254523
0.00254514
0.00254505
0.00254496
0.00254487
0.00254478
0.00254469
0.0025446
0.00254451
0.00254442
0.00254432
0.00254423
0.00254413
0.00254404
0.00254394
0.00254384
0.00254374
0.00254364
0.00254354
0.00254344
0.00254334
0.00254323
0.00254313
0.00254302
0.00254291
0.00254281
0.0025427
0.00254258
0.00254271
0.002544
0.00254445
0.00254447
0.00254438
0.00254427
0.00254415
0.00254404
0.00254393
0.00254383
0.00254373
0.00254363
0.00254354
0.00254345
0.00254336
0.00254326
0.00254342
0.00256786
0.00256834
0.0025684
0.00256835
0.00256828
0.0025682
0.00256813
0.00256805
0.00256797
0.00256789
0.00256781
0.00256773
0.00256765
0.00256757
0.00256749
0.0025674
0.00256732
0.00256724
0.00256715
0.00256707
0.00256698
0.0025669
0.00256681
0.00256672
0.00256664
0.00256655
0.00256646
0.00256636
0.00256627
0.00256618
0.00256608
0.00256599
0.00256589
0.00256579
0.0025657
0.0025656
0.0025655
0.00256539
0.00256529
0.00256519
0.00256509
0.00256498
0.00256488
0.00256476
0.0025649
0.0025661
0.00256651
0.00256647
0.00256633
0.00256619
0.00256606
0.00256594
0.00256583
0.00256573
0.00256563
0.00256554
0.00256546
0.00256538
0.0025653
0.0025652
0.00256537
0.00258463
0.00258513
0.00258518
0.00258512
0.00258504
0.00258497
0.00258489
0.00258481
0.00258474
0.00258466
0.00258459
0.00258451
0.00258444
0.00258436
0.00258429
0.00258421
0.00258413
0.00258405
0.00258397
0.00258389
0.00258381
0.00258373
0.00258365
0.00258357
0.00258348
0.00258339
0.00258331
0.00258322
0.00258313
0.00258304
0.00258295
0.00258286
0.00258276
0.00258267
0.00258258
0.00258248
0.00258238
0.00258228
0.00258218
0.00258208
0.00258198
0.00258188
0.00258178
0.00258167
0.0025818
0.00258289
0.00258317
0.00258303
0.00258285
0.0025827
0.00258257
0.00258247
0.00258237
0.00258229
0.00258221
0.00258213
0.00258206
0.00258199
0.00258192
0.00258184
0.00258203
0.00259592
0.00259634
0.00259632
0.00259624
0.00259617
0.00259609
0.00259602
0.00259595
0.00259588
0.00259582
0.00259575
0.00259568
0.00259561
0.00259554
0.00259547
0.0025954
0.00259533
0.00259525
0.00259518
0.00259511
0.00259503
0.00259495
0.00259487
0.00259479
0.00259471
0.00259463
0.00259455
0.00259447
0.00259438
0.00259429
0.00259421
0.00259412
0.00259403
0.00259394
0.00259385
0.00259375
0.00259366
0.00259357
0.00259347
0.00259337
0.00259328
0.00259318
0.00259308
0.00259297
0.00259308
0.00259391
0.00259391
0.00259371
0.00259356
0.00259346
0.00259338
0.00259331
0.00259325
0.00259319
0.00259314
0.00259308
0.00259303
0.00259297
0.00259292
0.00259285
0.00259307
)
;

boundaryField
{
    bottomWall
    {
        type            nutUWallFunction;
        Cmu             0.09;
        kappa           0.41;
        E               9.8;
        value           nonuniform 0();
    }
    topWall
    {
        type            nutUWallFunction;
        Cmu             0.09;
        kappa           0.41;
        E               9.8;
        value           nonuniform 0();
    }
    sides1_half0
    {
        type            cyclic;
    }
    sides1_half1
    {
        type            cyclic;
    }
    sides2_half0
    {
        type            cyclic;
    }
    sides2_half1
    {
        type            cyclic;
    }
    inout1_half0
    {
        type            cyclic;
    }
    inout1_half1
    {
        type            cyclic;
    }
    inout2_half0
    {
        type            cyclic;
    }
    inout2_half1
    {
        type            cyclic;
    }
    procBoundary5to2
    {
        type            processor;
        value           nonuniform List<scalar> 
61
(
0.00259857
0.00259908
0.00259914
0.0025991
0.00259905
0.00259899
0.00259893
0.00259887
0.00259881
0.00259875
0.00259869
0.00259863
0.00259857
0.00259851
0.00259845
0.00259838
0.00259832
0.00259825
0.00259818
0.00259811
0.00259804
0.00259797
0.0025979
0.00259782
0.00259775
0.00259767
0.00259759
0.00259752
0.00259744
0.00259735
0.00259727
0.00259719
0.0025971
0.00259702
0.00259693
0.00259684
0.00259675
0.00259666
0.00259657
0.00259648
0.00259638
0.00259629
0.0025962
0.0025961
0.00259604
0.00259522
0.00259568
0.00259587
0.00259593
0.00259594
0.00259593
0.00259591
0.00259589
0.00259587
0.00259584
0.00259581
0.00259578
0.00259575
0.00259571
0.00259566
0.00259593
)
;
    }
    procBoundary5to3
    {
        type            processor;
        value           nonuniform List<scalar> 
61
(
0.000190366
0.000190367
0.00019037
0.000190374
0.000190377
0.000190381
0.000190384
0.000190387
0.00019039
0.000190393
0.000190395
0.000190398
0.0001904
0.000190402
0.000190404
0.000190406
0.000190408
0.00019041
0.000190411
0.000190412
0.000190413
0.000190415
0.000190416
0.000190417
0.000190417
0.000190418
0.000190419
0.00019042
0.00019042
0.000190421
0.000190422
0.000190422
0.000190423
0.000190423
0.000190424
0.000190424
0.000190425
0.000190425
0.000190425
0.000190426
0.000190426
0.000190426
0.000190426
0.000190427
0.000190427
0.00019034
0.000190342
0.000190345
0.000190347
0.000190349
0.000190352
0.000190354
0.000190355
0.000190357
0.000190359
0.000190361
0.000190363
0.000190365
0.000190367
0.000190369
0.000190373
)
;
    }
    procBoundary5to4
    {
        type            processor;
        value           nonuniform List<scalar> 
132
(
0.000197601
0.00019751
0.000204925
0.000204827
0.000212429
0.000212322
0.00022016
0.000220043
0.000228166
0.000228038
0.000236504
0.000236363
0.000245235
0.000245081
0.00025443
0.00025426
0.000264166
0.000263978
0.000274527
0.000274319
0.000285606
0.000285374
0.000297503
0.000297245
0.000310325
0.000310037
0.000324186
0.000323865
0.000339204
0.000338846
0.0003555
0.000355102
0.000373196
0.000372756
0.000392413
0.000391928
0.000413267
0.000412736
0.000435869
0.000435291
0.000460317
0.000459692
0.0004867
0.00048603
0.000515093
0.000514378
0.000545554
0.000544797
0.000578125
0.00057733
0.000612833
0.000612003
0.000649688
0.000648827
0.000688683
0.000687794
0.000729797
0.000728885
0.000772994
0.000772062
0.000818227
0.000817278
0.000865433
0.000864472
0.000914544
0.000913571
0.000965476
0.000964493
0.00101814
0.00101715
0.00107243
0.00107143
0.00112825
0.00112724
0.00118548
0.00118445
0.00124398
0.00124295
0.00130364
0.00130259
0.0013643
0.00136323
0.00142583
0.00142472
0.00148805
0.00148691
0.00155081
0.00154962
0.00161391
0.00161268
0.00167719
0.0016759
0.00174044
0.00173907
0.00180344
0.001802
0.00186599
0.00186447
0.00192786
0.00192623
0.00198879
0.00198705
0.00204854
0.00204669
0.00210685
0.00210487
0.00216344
0.00216132
0.00221802
0.00221575
0.0022703
0.00226788
0.00231997
0.0023174
0.00236672
0.00236398
0.00241023
0.00240732
0.00245015
0.00244707
0.00248616
0.00248292
0.00251792
0.00251452
0.00254507
0.00254153
0.00256728
0.00256362
0.00258415
0.00258044
0.00259524
0.00259164
)
;
    }
}


// ************************************************************************* //
