/*--------------------------------*- C++ -*----------------------------------*\
  =========                 |
  \\      /  F ield         | OpenFOAM: The Open Source CFD Toolbox
   \\    /   O peration     | Website:  https://openfoam.org
    \\  /    A nd           | Version:  7
     \\/     M anipulation  |
\*---------------------------------------------------------------------------*/
FoamFile
{
    version     2.0;
    format      ascii;
    class       volScalarField;
    location    "1500";
    object      k;
}
// * * * * * * * * * * * * * * * * * * * * * * * * * * * * * * * * * * * * * //

dimensions      [0 2 -2 0 0 0 0];

internalField   nonuniform List<scalar> 
4000
(
4.32378e-05
4.32411e-05
4.32415e-05
4.32413e-05
4.32409e-05
4.32406e-05
4.32402e-05
4.32398e-05
4.32395e-05
4.32391e-05
4.32388e-05
4.32385e-05
4.32382e-05
4.32379e-05
4.32376e-05
4.32374e-05
4.32371e-05
4.32368e-05
4.32366e-05
4.32363e-05
4.32361e-05
4.32359e-05
4.32356e-05
4.32354e-05
4.32352e-05
4.3235e-05
4.32348e-05
4.32346e-05
4.32344e-05
4.32342e-05
4.3234e-05
4.32338e-05
4.32337e-05
4.32335e-05
4.32333e-05
4.32331e-05
4.32329e-05
4.32327e-05
4.32326e-05
4.32324e-05
4.32322e-05
4.3232e-05
4.32318e-05
4.32316e-05
4.32312e-05
4.32343e-05
4.32369e-05
4.32383e-05
4.32388e-05
4.3239e-05
4.3239e-05
4.32389e-05
4.32388e-05
4.32386e-05
4.32385e-05
4.32383e-05
4.32381e-05
4.32378e-05
4.32376e-05
4.32374e-05
4.32371e-05
4.32368e-05
4.32366e-05
4.32363e-05
4.3236e-05
4.32357e-05
4.32354e-05
4.32351e-05
4.32347e-05
4.32344e-05
4.32341e-05
4.32337e-05
4.32334e-05
4.3233e-05
4.32326e-05
4.32323e-05
4.32319e-05
4.32315e-05
4.32311e-05
4.32307e-05
4.32303e-05
4.32299e-05
4.32294e-05
4.3229e-05
4.32286e-05
4.32281e-05
4.32277e-05
4.32272e-05
4.32268e-05
4.32263e-05
4.32259e-05
4.32254e-05
4.3225e-05
4.32245e-05
4.3224e-05
4.32235e-05
4.32231e-05
4.32226e-05
4.32221e-05
4.32216e-05
4.32211e-05
4.32207e-05
4.32202e-05
4.32195e-05
4.32223e-05
4.32246e-05
4.32257e-05
4.32259e-05
4.32259e-05
4.32256e-05
4.32253e-05
4.32249e-05
4.32246e-05
4.32242e-05
4.32238e-05
4.32234e-05
4.3223e-05
4.32226e-05
4.32222e-05
4.32218e-05
4.32672e-05
4.32704e-05
4.3271e-05
4.32709e-05
4.32707e-05
4.32705e-05
4.32702e-05
4.32699e-05
4.32696e-05
4.32694e-05
4.32691e-05
4.32689e-05
4.32686e-05
4.32684e-05
4.32681e-05
4.32679e-05
4.32677e-05
4.32674e-05
4.32672e-05
4.3267e-05
4.32668e-05
4.32666e-05
4.32664e-05
4.32662e-05
4.32661e-05
4.32659e-05
4.32657e-05
4.32656e-05
4.32654e-05
4.32652e-05
4.32651e-05
4.32649e-05
4.32647e-05
4.32646e-05
4.32644e-05
4.32643e-05
4.32641e-05
4.3264e-05
4.32638e-05
4.32637e-05
4.32635e-05
4.32633e-05
4.32632e-05
4.3263e-05
4.32627e-05
4.32632e-05
4.32643e-05
4.32653e-05
4.32661e-05
4.32666e-05
4.3267e-05
4.32672e-05
4.32673e-05
4.32674e-05
4.32674e-05
4.32674e-05
4.32673e-05
4.32672e-05
4.32671e-05
4.32669e-05
4.32668e-05
4.32666e-05
4.32664e-05
4.32662e-05
4.3266e-05
4.32658e-05
4.32656e-05
4.32653e-05
4.3265e-05
4.32648e-05
4.32645e-05
4.32642e-05
4.32639e-05
4.32636e-05
4.32633e-05
4.32629e-05
4.32626e-05
4.32622e-05
4.32619e-05
4.32615e-05
4.32612e-05
4.32608e-05
4.32604e-05
4.326e-05
4.32596e-05
4.32592e-05
4.32588e-05
4.32584e-05
4.3258e-05
4.32575e-05
4.32571e-05
4.32567e-05
4.32563e-05
4.32558e-05
4.32554e-05
4.32549e-05
4.32545e-05
4.3254e-05
4.32536e-05
4.32531e-05
4.32527e-05
4.32522e-05
4.32518e-05
4.32512e-05
4.32514e-05
4.32521e-05
4.32529e-05
4.32534e-05
4.32537e-05
4.32538e-05
4.32538e-05
4.32537e-05
4.32535e-05
4.32533e-05
4.32531e-05
4.32528e-05
4.32525e-05
4.32523e-05
4.3252e-05
4.32515e-05
4.3316e-05
4.33192e-05
4.33198e-05
4.33198e-05
4.33196e-05
4.33195e-05
4.33193e-05
4.33191e-05
4.33189e-05
4.33187e-05
4.33185e-05
4.33183e-05
4.33181e-05
4.33179e-05
4.33177e-05
4.33175e-05
4.33173e-05
4.33171e-05
4.33169e-05
4.33168e-05
4.33166e-05
4.33164e-05
4.33163e-05
4.33161e-05
4.3316e-05
4.33158e-05
4.33157e-05
4.33156e-05
4.33154e-05
4.33153e-05
4.33152e-05
4.3315e-05
4.33149e-05
4.33148e-05
4.33146e-05
4.33145e-05
4.33144e-05
4.33143e-05
4.33141e-05
4.3314e-05
4.33139e-05
4.33137e-05
4.33136e-05
4.33135e-05
4.33133e-05
4.33132e-05
4.33135e-05
4.33139e-05
4.33143e-05
4.33147e-05
4.33151e-05
4.33154e-05
4.33156e-05
4.33157e-05
4.33158e-05
4.33159e-05
4.33159e-05
4.33159e-05
4.33159e-05
4.33158e-05
4.33157e-05
4.33156e-05
4.33155e-05
4.33154e-05
4.33152e-05
4.33151e-05
4.33149e-05
4.33147e-05
4.33145e-05
4.33143e-05
4.3314e-05
4.33138e-05
4.33135e-05
4.33133e-05
4.3313e-05
4.33127e-05
4.33124e-05
4.33121e-05
4.33118e-05
4.33115e-05
4.33111e-05
4.33108e-05
4.33104e-05
4.33101e-05
4.33097e-05
4.33093e-05
4.3309e-05
4.33086e-05
4.33082e-05
4.33078e-05
4.33074e-05
4.3307e-05
4.33066e-05
4.33062e-05
4.33058e-05
4.33054e-05
4.3305e-05
4.33045e-05
4.33041e-05
4.33037e-05
4.33032e-05
4.33028e-05
4.33024e-05
4.33019e-05
4.33016e-05
4.33016e-05
4.33017e-05
4.33019e-05
4.3302e-05
4.33021e-05
4.33022e-05
4.33021e-05
4.33021e-05
4.33019e-05
4.33018e-05
4.33016e-05
4.33014e-05
4.33012e-05
4.3301e-05
4.33006e-05
4.33828e-05
4.33859e-05
4.33865e-05
4.33865e-05
4.33864e-05
4.33863e-05
4.33861e-05
4.3386e-05
4.33858e-05
4.33857e-05
4.33855e-05
4.33854e-05
4.33852e-05
4.3385e-05
4.33849e-05
4.33847e-05
4.33846e-05
4.33845e-05
4.33843e-05
4.33842e-05
4.33841e-05
4.33839e-05
4.33838e-05
4.33837e-05
4.33836e-05
4.33835e-05
4.33833e-05
4.33832e-05
4.33831e-05
4.3383e-05
4.33829e-05
4.33828e-05
4.33827e-05
4.33826e-05
4.33825e-05
4.33824e-05
4.33823e-05
4.33822e-05
4.33821e-05
4.3382e-05
4.33819e-05
4.33818e-05
4.33817e-05
4.33815e-05
4.33814e-05
4.33813e-05
4.33813e-05
4.33813e-05
4.33815e-05
4.33817e-05
4.33819e-05
4.33821e-05
4.33823e-05
4.33824e-05
4.33825e-05
4.33826e-05
4.33827e-05
4.33827e-05
4.33827e-05
4.33827e-05
4.33826e-05
4.33826e-05
4.33825e-05
4.33824e-05
4.33823e-05
4.33822e-05
4.3382e-05
4.33819e-05
4.33817e-05
4.33815e-05
4.33813e-05
4.33811e-05
4.33809e-05
4.33807e-05
4.33804e-05
4.33802e-05
4.33799e-05
4.33796e-05
4.33794e-05
4.33791e-05
4.33788e-05
4.33785e-05
4.33781e-05
4.33778e-05
4.33775e-05
4.33771e-05
4.33768e-05
4.33764e-05
4.33761e-05
4.33757e-05
4.33754e-05
4.3375e-05
4.33746e-05
4.33742e-05
4.33738e-05
4.33734e-05
4.33731e-05
4.33727e-05
4.33723e-05
4.33719e-05
4.33714e-05
4.3371e-05
4.33706e-05
4.33702e-05
4.33698e-05
4.33695e-05
4.33693e-05
4.33692e-05
4.33692e-05
4.33691e-05
4.33691e-05
4.3369e-05
4.33689e-05
4.33688e-05
4.33687e-05
4.33685e-05
4.33684e-05
4.33682e-05
4.33681e-05
4.33677e-05
4.34665e-05
4.34696e-05
4.34701e-05
4.34702e-05
4.34701e-05
4.347e-05
4.34698e-05
4.34697e-05
4.34696e-05
4.34695e-05
4.34694e-05
4.34692e-05
4.34691e-05
4.3469e-05
4.34689e-05
4.34688e-05
4.34686e-05
4.34685e-05
4.34684e-05
4.34683e-05
4.34682e-05
4.34681e-05
4.3468e-05
4.34679e-05
4.34679e-05
4.34678e-05
4.34677e-05
4.34676e-05
4.34675e-05
4.34674e-05
4.34674e-05
4.34673e-05
4.34672e-05
4.34671e-05
4.34671e-05
4.3467e-05
4.34669e-05
4.34668e-05
4.34667e-05
4.34667e-05
4.34666e-05
4.34665e-05
4.34664e-05
4.34663e-05
4.34662e-05
4.34661e-05
4.3466e-05
4.3466e-05
4.3466e-05
4.3466e-05
4.34661e-05
4.34662e-05
4.34663e-05
4.34663e-05
4.34664e-05
4.34665e-05
4.34665e-05
4.34665e-05
4.34665e-05
4.34665e-05
4.34665e-05
4.34665e-05
4.34664e-05
4.34663e-05
4.34662e-05
4.34661e-05
4.3466e-05
4.34659e-05
4.34658e-05
4.34656e-05
4.34654e-05
4.34652e-05
4.34651e-05
4.34648e-05
4.34646e-05
4.34644e-05
4.34642e-05
4.34639e-05
4.34637e-05
4.34634e-05
4.34631e-05
4.34629e-05
4.34626e-05
4.34623e-05
4.3462e-05
4.34616e-05
4.34613e-05
4.3461e-05
4.34607e-05
4.34603e-05
4.346e-05
4.34596e-05
4.34593e-05
4.34589e-05
4.34586e-05
4.34582e-05
4.34578e-05
4.34575e-05
4.34571e-05
4.34567e-05
4.34563e-05
4.34559e-05
4.34556e-05
4.34552e-05
4.34548e-05
4.34544e-05
4.34541e-05
4.34539e-05
4.34536e-05
4.34535e-05
4.34533e-05
4.34532e-05
4.3453e-05
4.34529e-05
4.34527e-05
4.34526e-05
4.34524e-05
4.34523e-05
4.34521e-05
4.34517e-05
4.35666e-05
4.35696e-05
4.35701e-05
4.35701e-05
4.35701e-05
4.357e-05
4.35699e-05
4.35697e-05
4.35696e-05
4.35695e-05
4.35694e-05
4.35693e-05
4.35692e-05
4.35691e-05
4.35691e-05
4.3569e-05
4.35689e-05
4.35688e-05
4.35687e-05
4.35686e-05
4.35686e-05
4.35685e-05
4.35684e-05
4.35684e-05
4.35683e-05
4.35682e-05
4.35682e-05
4.35681e-05
4.35681e-05
4.3568e-05
4.3568e-05
4.35679e-05
4.35679e-05
4.35678e-05
4.35677e-05
4.35677e-05
4.35676e-05
4.35676e-05
4.35675e-05
4.35675e-05
4.35674e-05
4.35673e-05
4.35672e-05
4.35672e-05
4.35671e-05
4.3567e-05
4.35669e-05
4.35669e-05
4.35668e-05
4.35668e-05
4.35668e-05
4.35668e-05
4.35668e-05
4.35668e-05
4.35668e-05
4.35668e-05
4.35668e-05
4.35668e-05
4.35668e-05
4.35668e-05
4.35668e-05
4.35667e-05
4.35667e-05
4.35666e-05
4.35665e-05
4.35664e-05
4.35663e-05
4.35662e-05
4.35661e-05
4.35659e-05
4.35658e-05
4.35656e-05
4.35655e-05
4.35653e-05
4.35651e-05
4.35649e-05
4.35646e-05
4.35644e-05
4.35642e-05
4.35639e-05
4.35637e-05
4.35634e-05
4.35632e-05
4.35629e-05
4.35626e-05
4.35623e-05
4.3562e-05
4.35617e-05
4.35614e-05
4.35611e-05
4.35607e-05
4.35604e-05
4.35601e-05
4.35598e-05
4.35594e-05
4.35591e-05
4.35587e-05
4.35584e-05
4.3558e-05
4.35577e-05
4.35573e-05
4.35569e-05
4.35566e-05
4.35562e-05
4.35559e-05
4.35555e-05
4.35552e-05
4.35549e-05
4.35546e-05
4.35543e-05
4.35541e-05
4.35539e-05
4.35537e-05
4.35535e-05
4.35533e-05
4.35531e-05
4.35529e-05
4.35528e-05
4.35526e-05
4.35522e-05
4.36827e-05
4.36857e-05
4.36862e-05
4.36862e-05
4.36861e-05
4.3686e-05
4.36859e-05
4.36858e-05
4.36857e-05
4.36857e-05
4.36856e-05
4.36855e-05
4.36854e-05
4.36853e-05
4.36853e-05
4.36852e-05
4.36851e-05
4.36851e-05
4.3685e-05
4.3685e-05
4.36849e-05
4.36848e-05
4.36848e-05
4.36848e-05
4.36847e-05
4.36847e-05
4.36846e-05
4.36846e-05
4.36846e-05
4.36845e-05
4.36845e-05
4.36845e-05
4.36844e-05
4.36844e-05
4.36844e-05
4.36843e-05
4.36843e-05
4.36843e-05
4.36842e-05
4.36842e-05
4.36841e-05
4.36841e-05
4.3684e-05
4.3684e-05
4.36839e-05
4.36838e-05
4.36838e-05
4.36837e-05
4.36836e-05
4.36836e-05
4.36835e-05
4.36835e-05
4.36835e-05
4.36834e-05
4.36834e-05
4.36834e-05
4.36834e-05
4.36833e-05
4.36833e-05
4.36833e-05
4.36832e-05
4.36832e-05
4.36831e-05
4.3683e-05
4.36829e-05
4.36829e-05
4.36827e-05
4.36826e-05
4.36825e-05
4.36824e-05
4.36822e-05
4.36821e-05
4.36819e-05
4.36817e-05
4.36815e-05
4.36814e-05
4.36811e-05
4.36809e-05
4.36807e-05
4.36805e-05
4.36802e-05
4.368e-05
4.36797e-05
4.36795e-05
4.36792e-05
4.36789e-05
4.36787e-05
4.36784e-05
4.36781e-05
4.36778e-05
4.36775e-05
4.36772e-05
4.36768e-05
4.36765e-05
4.36762e-05
4.36759e-05
4.36756e-05
4.36752e-05
4.36749e-05
4.36746e-05
4.36742e-05
4.36739e-05
4.36735e-05
4.36732e-05
4.36729e-05
4.36725e-05
4.36722e-05
4.36719e-05
4.36716e-05
4.36713e-05
4.3671e-05
4.36708e-05
4.36705e-05
4.36703e-05
4.36701e-05
4.36699e-05
4.36697e-05
4.36695e-05
4.36693e-05
4.36689e-05
4.38152e-05
4.3818e-05
4.38185e-05
4.38185e-05
4.38184e-05
4.38183e-05
4.38182e-05
4.38181e-05
4.38181e-05
4.3818e-05
4.38179e-05
4.38178e-05
4.38178e-05
4.38177e-05
4.38176e-05
4.38176e-05
4.38175e-05
4.38175e-05
4.38174e-05
4.38174e-05
4.38174e-05
4.38173e-05
4.38173e-05
4.38173e-05
4.38173e-05
4.38172e-05
4.38172e-05
4.38172e-05
4.38172e-05
4.38172e-05
4.38172e-05
4.38171e-05
4.38171e-05
4.38171e-05
4.38171e-05
4.38171e-05
4.38171e-05
4.3817e-05
4.3817e-05
4.3817e-05
4.3817e-05
4.38169e-05
4.38169e-05
4.38168e-05
4.38168e-05
4.38167e-05
4.38167e-05
4.38166e-05
4.38166e-05
4.38165e-05
4.38165e-05
4.38164e-05
4.38164e-05
4.38163e-05
4.38163e-05
4.38162e-05
4.38162e-05
4.38161e-05
4.3816e-05
4.3816e-05
4.38159e-05
4.38159e-05
4.38158e-05
4.38157e-05
4.38156e-05
4.38155e-05
4.38154e-05
4.38153e-05
4.38151e-05
4.3815e-05
4.38149e-05
4.38147e-05
4.38146e-05
4.38144e-05
4.38142e-05
4.3814e-05
4.38138e-05
4.38136e-05
4.38134e-05
4.38132e-05
4.3813e-05
4.38127e-05
4.38125e-05
4.38122e-05
4.3812e-05
4.38117e-05
4.38114e-05
4.38112e-05
4.38109e-05
4.38106e-05
4.38103e-05
4.381e-05
4.38097e-05
4.38094e-05
4.38091e-05
4.38088e-05
4.38085e-05
4.38082e-05
4.38079e-05
4.38075e-05
4.38072e-05
4.38069e-05
4.38066e-05
4.38063e-05
4.38059e-05
4.38056e-05
4.38053e-05
4.3805e-05
4.38047e-05
4.38044e-05
4.38041e-05
4.38039e-05
4.38036e-05
4.38034e-05
4.38031e-05
4.38029e-05
4.38027e-05
4.38025e-05
4.38023e-05
4.38018e-05
4.39642e-05
4.39669e-05
4.39674e-05
4.39674e-05
4.39674e-05
4.39673e-05
4.39672e-05
4.39671e-05
4.3967e-05
4.39669e-05
4.39669e-05
4.39668e-05
4.39667e-05
4.39667e-05
4.39667e-05
4.39666e-05
4.39666e-05
4.39665e-05
4.39665e-05
4.39665e-05
4.39665e-05
4.39665e-05
4.39664e-05
4.39664e-05
4.39664e-05
4.39664e-05
4.39664e-05
4.39664e-05
4.39664e-05
4.39664e-05
4.39664e-05
4.39664e-05
4.39664e-05
4.39664e-05
4.39664e-05
4.39664e-05
4.39664e-05
4.39664e-05
4.39664e-05
4.39664e-05
4.39664e-05
4.39663e-05
4.39663e-05
4.39663e-05
4.39663e-05
4.39662e-05
4.39662e-05
4.39661e-05
4.39661e-05
4.3966e-05
4.3966e-05
4.39659e-05
4.39659e-05
4.39658e-05
4.39657e-05
4.39657e-05
4.39656e-05
4.39655e-05
4.39655e-05
4.39654e-05
4.39653e-05
4.39652e-05
4.39651e-05
4.3965e-05
4.39649e-05
4.39648e-05
4.39647e-05
4.39646e-05
4.39645e-05
4.39643e-05
4.39642e-05
4.3964e-05
4.39639e-05
4.39637e-05
4.39635e-05
4.39633e-05
4.39631e-05
4.39629e-05
4.39627e-05
4.39625e-05
4.39623e-05
4.39621e-05
4.39618e-05
4.39616e-05
4.39613e-05
4.39611e-05
4.39608e-05
4.39606e-05
4.39603e-05
4.396e-05
4.39597e-05
4.39595e-05
4.39592e-05
4.39589e-05
4.39586e-05
4.39583e-05
4.3958e-05
4.39577e-05
4.39574e-05
4.39571e-05
4.39568e-05
4.39565e-05
4.39562e-05
4.39559e-05
4.39556e-05
4.39553e-05
4.3955e-05
4.39547e-05
4.39544e-05
4.39541e-05
4.39539e-05
4.39536e-05
4.39533e-05
4.39531e-05
4.39528e-05
4.39526e-05
4.39524e-05
4.39522e-05
4.3952e-05
4.39515e-05
4.41307e-05
4.41333e-05
4.41337e-05
4.41338e-05
4.41337e-05
4.41336e-05
4.41335e-05
4.41334e-05
4.41334e-05
4.41333e-05
4.41332e-05
4.41332e-05
4.41331e-05
4.41331e-05
4.4133e-05
4.4133e-05
4.4133e-05
4.4133e-05
4.4133e-05
4.41329e-05
4.41329e-05
4.41329e-05
4.41329e-05
4.41329e-05
4.41329e-05
4.4133e-05
4.4133e-05
4.4133e-05
4.4133e-05
4.4133e-05
4.4133e-05
4.4133e-05
4.4133e-05
4.41331e-05
4.41331e-05
4.41331e-05
4.41331e-05
4.41331e-05
4.41331e-05
4.41331e-05
4.41331e-05
4.41331e-05
4.41331e-05
4.41331e-05
4.4133e-05
4.4133e-05
4.4133e-05
4.41329e-05
4.41329e-05
4.41329e-05
4.41328e-05
4.41328e-05
4.41327e-05
4.41326e-05
4.41326e-05
4.41325e-05
4.41324e-05
4.41324e-05
4.41323e-05
4.41322e-05
4.41321e-05
4.4132e-05
4.41319e-05
4.41318e-05
4.41317e-05
4.41316e-05
4.41314e-05
4.41313e-05
4.41312e-05
4.4131e-05
4.41309e-05
4.41307e-05
4.41306e-05
4.41304e-05
4.41302e-05
4.413e-05
4.41298e-05
4.41296e-05
4.41294e-05
4.41292e-05
4.4129e-05
4.41288e-05
4.41285e-05
4.41283e-05
4.41281e-05
4.41278e-05
4.41276e-05
4.41273e-05
4.41271e-05
4.41268e-05
4.41265e-05
4.41263e-05
4.4126e-05
4.41257e-05
4.41254e-05
4.41252e-05
4.41249e-05
4.41246e-05
4.41243e-05
4.4124e-05
4.41237e-05
4.41234e-05
4.41232e-05
4.41229e-05
4.41226e-05
4.41223e-05
4.4122e-05
4.41218e-05
4.41215e-05
4.41212e-05
4.4121e-05
4.41207e-05
4.41204e-05
4.41202e-05
4.412e-05
4.41197e-05
4.41195e-05
4.41193e-05
4.41191e-05
4.41186e-05
4.43156e-05
4.4318e-05
4.43184e-05
4.43185e-05
4.43184e-05
4.43183e-05
4.43182e-05
4.43182e-05
4.43181e-05
4.4318e-05
4.4318e-05
4.4318e-05
4.43179e-05
4.43179e-05
4.43179e-05
4.43178e-05
4.43178e-05
4.43178e-05
4.43178e-05
4.43178e-05
4.43178e-05
4.43178e-05
4.43178e-05
4.43179e-05
4.43179e-05
4.43179e-05
4.43179e-05
4.43179e-05
4.4318e-05
4.4318e-05
4.4318e-05
4.4318e-05
4.43181e-05
4.43181e-05
4.43181e-05
4.43181e-05
4.43182e-05
4.43182e-05
4.43182e-05
4.43182e-05
4.43182e-05
4.43182e-05
4.43182e-05
4.43182e-05
4.43182e-05
4.43182e-05
4.43182e-05
4.43181e-05
4.43181e-05
4.43181e-05
4.4318e-05
4.4318e-05
4.43179e-05
4.43179e-05
4.43178e-05
4.43177e-05
4.43176e-05
4.43176e-05
4.43175e-05
4.43174e-05
4.43173e-05
4.43172e-05
4.43171e-05
4.4317e-05
4.43169e-05
4.43167e-05
4.43166e-05
4.43165e-05
4.43163e-05
4.43162e-05
4.4316e-05
4.43159e-05
4.43157e-05
4.43155e-05
4.43153e-05
4.43151e-05
4.4315e-05
4.43148e-05
4.43146e-05
4.43143e-05
4.43141e-05
4.43139e-05
4.43137e-05
4.43135e-05
4.43132e-05
4.4313e-05
4.43127e-05
4.43125e-05
4.43122e-05
4.4312e-05
4.43117e-05
4.43115e-05
4.43112e-05
4.43109e-05
4.43107e-05
4.43104e-05
4.43101e-05
4.43099e-05
4.43096e-05
4.43093e-05
4.43091e-05
4.43088e-05
4.43085e-05
4.43082e-05
4.4308e-05
4.43077e-05
4.43074e-05
4.43072e-05
4.43069e-05
4.43067e-05
4.43064e-05
4.43062e-05
4.43059e-05
4.43057e-05
4.43055e-05
4.43053e-05
4.4305e-05
4.43048e-05
4.43047e-05
4.43041e-05
4.45201e-05
4.45224e-05
4.45228e-05
4.45229e-05
4.45228e-05
4.45227e-05
4.45227e-05
4.45226e-05
4.45226e-05
4.45225e-05
4.45225e-05
4.45224e-05
4.45224e-05
4.45224e-05
4.45224e-05
4.45224e-05
4.45224e-05
4.45224e-05
4.45224e-05
4.45224e-05
4.45224e-05
4.45224e-05
4.45225e-05
4.45225e-05
4.45225e-05
4.45225e-05
4.45226e-05
4.45226e-05
4.45227e-05
4.45227e-05
4.45227e-05
4.45228e-05
4.45228e-05
4.45228e-05
4.45229e-05
4.45229e-05
4.45229e-05
4.4523e-05
4.4523e-05
4.4523e-05
4.4523e-05
4.4523e-05
4.4523e-05
4.4523e-05
4.4523e-05
4.4523e-05
4.4523e-05
4.4523e-05
4.4523e-05
4.45229e-05
4.45229e-05
4.45229e-05
4.45228e-05
4.45228e-05
4.45227e-05
4.45226e-05
4.45226e-05
4.45225e-05
4.45224e-05
4.45223e-05
4.45222e-05
4.45221e-05
4.4522e-05
4.45219e-05
4.45217e-05
4.45216e-05
4.45215e-05
4.45213e-05
4.45212e-05
4.4521e-05
4.45209e-05
4.45207e-05
4.45205e-05
4.45204e-05
4.45202e-05
4.452e-05
4.45198e-05
4.45196e-05
4.45194e-05
4.45192e-05
4.4519e-05
4.45188e-05
4.45185e-05
4.45183e-05
4.45181e-05
4.45179e-05
4.45176e-05
4.45174e-05
4.45171e-05
4.45169e-05
4.45166e-05
4.45164e-05
4.45161e-05
4.45159e-05
4.45156e-05
4.45154e-05
4.45151e-05
4.45149e-05
4.45146e-05
4.45143e-05
4.45141e-05
4.45138e-05
4.45136e-05
4.45133e-05
4.45131e-05
4.45128e-05
4.45126e-05
4.45123e-05
4.45121e-05
4.45118e-05
4.45116e-05
4.45114e-05
4.45112e-05
4.45109e-05
4.45107e-05
4.45105e-05
4.45103e-05
4.45101e-05
4.45099e-05
4.45094e-05
4.47459e-05
4.4748e-05
4.47484e-05
4.47485e-05
4.47484e-05
4.47484e-05
4.47483e-05
4.47483e-05
4.47483e-05
4.47482e-05
4.47482e-05
4.47482e-05
4.47482e-05
4.47482e-05
4.47482e-05
4.47482e-05
4.47482e-05
4.47482e-05
4.47482e-05
4.47482e-05
4.47483e-05
4.47483e-05
4.47483e-05
4.47484e-05
4.47484e-05
4.47485e-05
4.47485e-05
4.47485e-05
4.47486e-05
4.47486e-05
4.47487e-05
4.47487e-05
4.47488e-05
4.47488e-05
4.47489e-05
4.47489e-05
4.47489e-05
4.4749e-05
4.4749e-05
4.4749e-05
4.47491e-05
4.47491e-05
4.47491e-05
4.47491e-05
4.47491e-05
4.47491e-05
4.47491e-05
4.47491e-05
4.47491e-05
4.47491e-05
4.4749e-05
4.4749e-05
4.47489e-05
4.47489e-05
4.47488e-05
4.47488e-05
4.47487e-05
4.47486e-05
4.47485e-05
4.47484e-05
4.47483e-05
4.47482e-05
4.47481e-05
4.4748e-05
4.47479e-05
4.47477e-05
4.47476e-05
4.47475e-05
4.47473e-05
4.47472e-05
4.4747e-05
4.47468e-05
4.47467e-05
4.47465e-05
4.47463e-05
4.47461e-05
4.47459e-05
4.47457e-05
4.47455e-05
4.47453e-05
4.47451e-05
4.47449e-05
4.47447e-05
4.47445e-05
4.47442e-05
4.4744e-05
4.47438e-05
4.47435e-05
4.47433e-05
4.47431e-05
4.47428e-05
4.47426e-05
4.47423e-05
4.47421e-05
4.47418e-05
4.47416e-05
4.47414e-05
4.47411e-05
4.47409e-05
4.47406e-05
4.47404e-05
4.47401e-05
4.47399e-05
4.47396e-05
4.47394e-05
4.47392e-05
4.47389e-05
4.47387e-05
4.47385e-05
4.47383e-05
4.47381e-05
4.47378e-05
4.47376e-05
4.47374e-05
4.47372e-05
4.4737e-05
4.47368e-05
4.47366e-05
4.47365e-05
4.47359e-05
4.49947e-05
4.49967e-05
4.49971e-05
4.49971e-05
4.49971e-05
4.49971e-05
4.4997e-05
4.4997e-05
4.4997e-05
4.4997e-05
4.4997e-05
4.4997e-05
4.4997e-05
4.4997e-05
4.4997e-05
4.4997e-05
4.4997e-05
4.49971e-05
4.49971e-05
4.49971e-05
4.49972e-05
4.49972e-05
4.49973e-05
4.49973e-05
4.49974e-05
4.49974e-05
4.49975e-05
4.49975e-05
4.49976e-05
4.49976e-05
4.49977e-05
4.49978e-05
4.49978e-05
4.49979e-05
4.49979e-05
4.4998e-05
4.4998e-05
4.49981e-05
4.49981e-05
4.49981e-05
4.49982e-05
4.49982e-05
4.49982e-05
4.49982e-05
4.49982e-05
4.49982e-05
4.49982e-05
4.49982e-05
4.49982e-05
4.49982e-05
4.49982e-05
4.49981e-05
4.49981e-05
4.49981e-05
4.4998e-05
4.49979e-05
4.49979e-05
4.49978e-05
4.49977e-05
4.49976e-05
4.49975e-05
4.49974e-05
4.49973e-05
4.49972e-05
4.49971e-05
4.49969e-05
4.49968e-05
4.49966e-05
4.49965e-05
4.49963e-05
4.49962e-05
4.4996e-05
4.49958e-05
4.49957e-05
4.49955e-05
4.49953e-05
4.49951e-05
4.49949e-05
4.49947e-05
4.49945e-05
4.49943e-05
4.49941e-05
4.49939e-05
4.49937e-05
4.49934e-05
4.49932e-05
4.4993e-05
4.49928e-05
4.49925e-05
4.49923e-05
4.49921e-05
4.49918e-05
4.49916e-05
4.49914e-05
4.49911e-05
4.49909e-05
4.49907e-05
4.49904e-05
4.49902e-05
4.499e-05
4.49897e-05
4.49895e-05
4.49893e-05
4.4989e-05
4.49888e-05
4.49886e-05
4.49884e-05
4.49882e-05
4.4988e-05
4.49878e-05
4.49876e-05
4.49874e-05
4.49872e-05
4.4987e-05
4.49868e-05
4.49866e-05
4.49864e-05
4.49862e-05
4.49861e-05
4.49855e-05
4.52686e-05
4.52704e-05
4.52708e-05
4.52708e-05
4.52708e-05
4.52708e-05
4.52708e-05
4.52708e-05
4.52708e-05
4.52708e-05
4.52708e-05
4.52708e-05
4.52708e-05
4.52709e-05
4.52709e-05
4.52709e-05
4.5271e-05
4.5271e-05
4.5271e-05
4.52711e-05
4.52711e-05
4.52712e-05
4.52713e-05
4.52713e-05
4.52714e-05
4.52715e-05
4.52715e-05
4.52716e-05
4.52717e-05
4.52717e-05
4.52718e-05
4.52719e-05
4.52719e-05
4.5272e-05
4.5272e-05
4.52721e-05
4.52722e-05
4.52722e-05
4.52723e-05
4.52723e-05
4.52723e-05
4.52724e-05
4.52724e-05
4.52724e-05
4.52724e-05
4.52724e-05
4.52724e-05
4.52724e-05
4.52724e-05
4.52724e-05
4.52724e-05
4.52724e-05
4.52723e-05
4.52723e-05
4.52722e-05
4.52722e-05
4.52721e-05
4.5272e-05
4.5272e-05
4.52719e-05
4.52718e-05
4.52717e-05
4.52716e-05
4.52714e-05
4.52713e-05
4.52712e-05
4.5271e-05
4.52709e-05
4.52708e-05
4.52706e-05
4.52704e-05
4.52703e-05
4.52701e-05
4.52699e-05
4.52698e-05
4.52696e-05
4.52694e-05
4.52692e-05
4.5269e-05
4.52688e-05
4.52686e-05
4.52684e-05
4.52682e-05
4.5268e-05
4.52677e-05
4.52675e-05
4.52673e-05
4.52671e-05
4.52669e-05
4.52666e-05
4.52664e-05
4.52662e-05
4.5266e-05
4.52657e-05
4.52655e-05
4.52653e-05
4.52651e-05
4.52649e-05
4.52646e-05
4.52644e-05
4.52642e-05
4.5264e-05
4.52638e-05
4.52636e-05
4.52633e-05
4.52631e-05
4.52629e-05
4.52627e-05
4.52625e-05
4.52624e-05
4.52622e-05
4.5262e-05
4.52618e-05
4.52616e-05
4.52615e-05
4.52613e-05
4.52611e-05
4.52609e-05
4.52608e-05
4.52603e-05
4.55698e-05
4.55714e-05
4.55718e-05
4.55719e-05
4.55719e-05
4.55719e-05
4.55719e-05
4.55719e-05
4.55719e-05
4.55719e-05
4.5572e-05
4.5572e-05
4.5572e-05
4.55721e-05
4.55721e-05
4.55722e-05
4.55722e-05
4.55723e-05
4.55723e-05
4.55724e-05
4.55725e-05
4.55725e-05
4.55726e-05
4.55727e-05
4.55727e-05
4.55728e-05
4.55729e-05
4.5573e-05
4.55731e-05
4.55731e-05
4.55732e-05
4.55733e-05
4.55734e-05
4.55734e-05
4.55735e-05
4.55736e-05
4.55736e-05
4.55737e-05
4.55737e-05
4.55738e-05
4.55738e-05
4.55739e-05
4.55739e-05
4.55739e-05
4.55739e-05
4.5574e-05
4.5574e-05
4.5574e-05
4.5574e-05
4.55739e-05
4.55739e-05
4.55739e-05
4.55739e-05
4.55738e-05
4.55738e-05
4.55737e-05
4.55737e-05
4.55736e-05
4.55735e-05
4.55734e-05
4.55733e-05
4.55732e-05
4.55731e-05
4.5573e-05
4.55729e-05
4.55728e-05
4.55726e-05
4.55725e-05
4.55724e-05
4.55722e-05
4.5572e-05
4.55719e-05
4.55717e-05
4.55715e-05
4.55714e-05
4.55712e-05
4.5571e-05
4.55708e-05
4.55706e-05
4.55704e-05
4.55702e-05
4.557e-05
4.55698e-05
4.55696e-05
4.55694e-05
4.55692e-05
4.5569e-05
4.55688e-05
4.55686e-05
4.55683e-05
4.55681e-05
4.55679e-05
4.55677e-05
4.55675e-05
4.55673e-05
4.55671e-05
4.55669e-05
4.55666e-05
4.55664e-05
4.55662e-05
4.5566e-05
4.55658e-05
4.55656e-05
4.55654e-05
4.55652e-05
4.5565e-05
4.55649e-05
4.55647e-05
4.55645e-05
4.55643e-05
4.55641e-05
4.5564e-05
4.55638e-05
4.55636e-05
4.55635e-05
4.55633e-05
4.55632e-05
4.5563e-05
4.55629e-05
4.55624e-05
4.59008e-05
4.59022e-05
4.59026e-05
4.59027e-05
4.59027e-05
4.59027e-05
4.59027e-05
4.59028e-05
4.59028e-05
4.59029e-05
4.59029e-05
4.5903e-05
4.5903e-05
4.59031e-05
4.59031e-05
4.59032e-05
4.59033e-05
4.59033e-05
4.59034e-05
4.59035e-05
4.59036e-05
4.59036e-05
4.59037e-05
4.59038e-05
4.59039e-05
4.5904e-05
4.59041e-05
4.59042e-05
4.59043e-05
4.59043e-05
4.59044e-05
4.59045e-05
4.59046e-05
4.59047e-05
4.59047e-05
4.59048e-05
4.59049e-05
4.5905e-05
4.5905e-05
4.59051e-05
4.59051e-05
4.59052e-05
4.59052e-05
4.59052e-05
4.59052e-05
4.59053e-05
4.59053e-05
4.59053e-05
4.59053e-05
4.59053e-05
4.59053e-05
4.59052e-05
4.59052e-05
4.59052e-05
4.59051e-05
4.59051e-05
4.5905e-05
4.5905e-05
4.59049e-05
4.59048e-05
4.59047e-05
4.59046e-05
4.59045e-05
4.59044e-05
4.59043e-05
4.59042e-05
4.5904e-05
4.59039e-05
4.59038e-05
4.59036e-05
4.59035e-05
4.59033e-05
4.59031e-05
4.5903e-05
4.59028e-05
4.59026e-05
4.59024e-05
4.59023e-05
4.59021e-05
4.59019e-05
4.59017e-05
4.59015e-05
4.59013e-05
4.59011e-05
4.59009e-05
4.59007e-05
4.59005e-05
4.59003e-05
4.59001e-05
4.58999e-05
4.58997e-05
4.58995e-05
4.58993e-05
4.58991e-05
4.58989e-05
4.58987e-05
4.58985e-05
4.58983e-05
4.58981e-05
4.58979e-05
4.58977e-05
4.58975e-05
4.58973e-05
4.58971e-05
4.5897e-05
4.58968e-05
4.58966e-05
4.58964e-05
4.58963e-05
4.58961e-05
4.5896e-05
4.58958e-05
4.58957e-05
4.58955e-05
4.58954e-05
4.58952e-05
4.58951e-05
4.58949e-05
4.58949e-05
4.58943e-05
4.62643e-05
4.62655e-05
4.62658e-05
4.62659e-05
4.6266e-05
4.6266e-05
4.62661e-05
4.62661e-05
4.62662e-05
4.62663e-05
4.62663e-05
4.62664e-05
4.62665e-05
4.62665e-05
4.62666e-05
4.62667e-05
4.62668e-05
4.62669e-05
4.6267e-05
4.6267e-05
4.62671e-05
4.62672e-05
4.62673e-05
4.62674e-05
4.62675e-05
4.62676e-05
4.62677e-05
4.62678e-05
4.62679e-05
4.6268e-05
4.62681e-05
4.62682e-05
4.62683e-05
4.62684e-05
4.62685e-05
4.62686e-05
4.62686e-05
4.62687e-05
4.62688e-05
4.62688e-05
4.62689e-05
4.62689e-05
4.6269e-05
4.6269e-05
4.6269e-05
4.62691e-05
4.62691e-05
4.62691e-05
4.62691e-05
4.62691e-05
4.62691e-05
4.62691e-05
4.62691e-05
4.6269e-05
4.6269e-05
4.62689e-05
4.62689e-05
4.62688e-05
4.62688e-05
4.62687e-05
4.62686e-05
4.62685e-05
4.62684e-05
4.62683e-05
4.62682e-05
4.62681e-05
4.62679e-05
4.62678e-05
4.62677e-05
4.62675e-05
4.62674e-05
4.62672e-05
4.62671e-05
4.62669e-05
4.62668e-05
4.62666e-05
4.62664e-05
4.62662e-05
4.62661e-05
4.62659e-05
4.62657e-05
4.62655e-05
4.62653e-05
4.62651e-05
4.62649e-05
4.62647e-05
4.62645e-05
4.62643e-05
4.62642e-05
4.6264e-05
4.62638e-05
4.62636e-05
4.62634e-05
4.62632e-05
4.6263e-05
4.62628e-05
4.62626e-05
4.62624e-05
4.62623e-05
4.62621e-05
4.62619e-05
4.62617e-05
4.62616e-05
4.62614e-05
4.62612e-05
4.62611e-05
4.62609e-05
4.62608e-05
4.62606e-05
4.62605e-05
4.62603e-05
4.62602e-05
4.626e-05
4.62599e-05
4.62598e-05
4.62597e-05
4.62595e-05
4.62594e-05
4.62593e-05
4.62588e-05
4.66632e-05
4.66642e-05
4.66645e-05
4.66646e-05
4.66646e-05
4.66647e-05
4.66648e-05
4.66649e-05
4.66649e-05
4.6665e-05
4.66651e-05
4.66652e-05
4.66653e-05
4.66654e-05
4.66655e-05
4.66655e-05
4.66656e-05
4.66658e-05
4.66659e-05
4.6666e-05
4.66661e-05
4.66662e-05
4.66663e-05
4.66664e-05
4.66665e-05
4.66666e-05
4.66667e-05
4.66669e-05
4.6667e-05
4.66671e-05
4.66672e-05
4.66673e-05
4.66674e-05
4.66675e-05
4.66676e-05
4.66677e-05
4.66677e-05
4.66678e-05
4.66679e-05
4.6668e-05
4.6668e-05
4.66681e-05
4.66681e-05
4.66682e-05
4.66682e-05
4.66682e-05
4.66683e-05
4.66683e-05
4.66683e-05
4.66683e-05
4.66683e-05
4.66683e-05
4.66683e-05
4.66683e-05
4.66682e-05
4.66682e-05
4.66681e-05
4.66681e-05
4.6668e-05
4.6668e-05
4.66679e-05
4.66678e-05
4.66677e-05
4.66676e-05
4.66675e-05
4.66674e-05
4.66673e-05
4.66671e-05
4.6667e-05
4.66669e-05
4.66667e-05
4.66666e-05
4.66664e-05
4.66663e-05
4.66661e-05
4.6666e-05
4.66658e-05
4.66656e-05
4.66654e-05
4.66653e-05
4.66651e-05
4.66649e-05
4.66647e-05
4.66646e-05
4.66644e-05
4.66642e-05
4.6664e-05
4.66638e-05
4.66636e-05
4.66635e-05
4.66633e-05
4.66631e-05
4.66629e-05
4.66628e-05
4.66626e-05
4.66624e-05
4.66622e-05
4.66621e-05
4.66619e-05
4.66617e-05
4.66616e-05
4.66614e-05
4.66613e-05
4.66611e-05
4.6661e-05
4.66608e-05
4.66607e-05
4.66605e-05
4.66604e-05
4.66603e-05
4.66601e-05
4.666e-05
4.66599e-05
4.66598e-05
4.66596e-05
4.66595e-05
4.66594e-05
4.66593e-05
4.66592e-05
4.66588e-05
4.71005e-05
4.71013e-05
4.71016e-05
4.71017e-05
4.71018e-05
4.71018e-05
4.71019e-05
4.7102e-05
4.71021e-05
4.71022e-05
4.71023e-05
4.71024e-05
4.71025e-05
4.71026e-05
4.71027e-05
4.71028e-05
4.7103e-05
4.71031e-05
4.71032e-05
4.71033e-05
4.71035e-05
4.71036e-05
4.71037e-05
4.71038e-05
4.71039e-05
4.71041e-05
4.71042e-05
4.71043e-05
4.71044e-05
4.71046e-05
4.71047e-05
4.71048e-05
4.71049e-05
4.7105e-05
4.71051e-05
4.71052e-05
4.71053e-05
4.71054e-05
4.71055e-05
4.71056e-05
4.71056e-05
4.71057e-05
4.71058e-05
4.71058e-05
4.71059e-05
4.71059e-05
4.71059e-05
4.7106e-05
4.7106e-05
4.7106e-05
4.7106e-05
4.7106e-05
4.7106e-05
4.7106e-05
4.7106e-05
4.71059e-05
4.71059e-05
4.71058e-05
4.71058e-05
4.71057e-05
4.71056e-05
4.71056e-05
4.71055e-05
4.71054e-05
4.71053e-05
4.71052e-05
4.71051e-05
4.7105e-05
4.71048e-05
4.71047e-05
4.71046e-05
4.71044e-05
4.71043e-05
4.71042e-05
4.7104e-05
4.71038e-05
4.71037e-05
4.71035e-05
4.71034e-05
4.71032e-05
4.7103e-05
4.71029e-05
4.71027e-05
4.71025e-05
4.71024e-05
4.71022e-05
4.7102e-05
4.71018e-05
4.71017e-05
4.71015e-05
4.71013e-05
4.71012e-05
4.7101e-05
4.71008e-05
4.71007e-05
4.71005e-05
4.71004e-05
4.71002e-05
4.71001e-05
4.70999e-05
4.70998e-05
4.70996e-05
4.70995e-05
4.70993e-05
4.70992e-05
4.70991e-05
4.7099e-05
4.70988e-05
4.70987e-05
4.70986e-05
4.70985e-05
4.70984e-05
4.70982e-05
4.70981e-05
4.7098e-05
4.70979e-05
4.70978e-05
4.70977e-05
4.70976e-05
4.70972e-05
4.75796e-05
4.75802e-05
4.75804e-05
4.75805e-05
4.75806e-05
4.75807e-05
4.75808e-05
4.75809e-05
4.7581e-05
4.75811e-05
4.75812e-05
4.75814e-05
4.75815e-05
4.75816e-05
4.75817e-05
4.75819e-05
4.7582e-05
4.75821e-05
4.75823e-05
4.75824e-05
4.75825e-05
4.75827e-05
4.75828e-05
4.75829e-05
4.75831e-05
4.75832e-05
4.75833e-05
4.75835e-05
4.75836e-05
4.75837e-05
4.75839e-05
4.7584e-05
4.75841e-05
4.75843e-05
4.75844e-05
4.75845e-05
4.75846e-05
4.75847e-05
4.75848e-05
4.75849e-05
4.7585e-05
4.75851e-05
4.75851e-05
4.75852e-05
4.75853e-05
4.75853e-05
4.75854e-05
4.75854e-05
4.75854e-05
4.75855e-05
4.75855e-05
4.75855e-05
4.75855e-05
4.75855e-05
4.75855e-05
4.75855e-05
4.75854e-05
4.75854e-05
4.75853e-05
4.75853e-05
4.75852e-05
4.75852e-05
4.75851e-05
4.7585e-05
4.75849e-05
4.75848e-05
4.75847e-05
4.75846e-05
4.75845e-05
4.75844e-05
4.75842e-05
4.75841e-05
4.7584e-05
4.75838e-05
4.75837e-05
4.75836e-05
4.75834e-05
4.75833e-05
4.75831e-05
4.75829e-05
4.75828e-05
4.75826e-05
4.75825e-05
4.75823e-05
4.75822e-05
4.7582e-05
4.75818e-05
4.75817e-05
4.75815e-05
4.75814e-05
4.75812e-05
4.75811e-05
4.75809e-05
4.75808e-05
4.75806e-05
4.75805e-05
4.75803e-05
4.75802e-05
4.75801e-05
4.75799e-05
4.75798e-05
4.75797e-05
4.75795e-05
4.75794e-05
4.75793e-05
4.75792e-05
4.75791e-05
4.7579e-05
4.75789e-05
4.75788e-05
4.75786e-05
4.75785e-05
4.75784e-05
4.75783e-05
4.75782e-05
4.75781e-05
4.7578e-05
4.75779e-05
4.75778e-05
4.75775e-05
4.81039e-05
4.81042e-05
4.81043e-05
4.81045e-05
4.81046e-05
4.81047e-05
4.81048e-05
4.81049e-05
4.81051e-05
4.81052e-05
4.81053e-05
4.81054e-05
4.81056e-05
4.81057e-05
4.81059e-05
4.8106e-05
4.81061e-05
4.81063e-05
4.81064e-05
4.81066e-05
4.81068e-05
4.81069e-05
4.81071e-05
4.81072e-05
4.81074e-05
4.81075e-05
4.81077e-05
4.81078e-05
4.8108e-05
4.81081e-05
4.81082e-05
4.81084e-05
4.81085e-05
4.81087e-05
4.81088e-05
4.8109e-05
4.81091e-05
4.81092e-05
4.81093e-05
4.81095e-05
4.81096e-05
4.81097e-05
4.81098e-05
4.81099e-05
4.81099e-05
4.811e-05
4.81101e-05
4.81101e-05
4.81102e-05
4.81102e-05
4.81102e-05
4.81103e-05
4.81103e-05
4.81103e-05
4.81103e-05
4.81103e-05
4.81102e-05
4.81102e-05
4.81102e-05
4.81101e-05
4.81101e-05
4.811e-05
4.81099e-05
4.81099e-05
4.81098e-05
4.81097e-05
4.81096e-05
4.81095e-05
4.81094e-05
4.81093e-05
4.81092e-05
4.81091e-05
4.81089e-05
4.81088e-05
4.81087e-05
4.81085e-05
4.81084e-05
4.81083e-05
4.81081e-05
4.8108e-05
4.81078e-05
4.81077e-05
4.81076e-05
4.81074e-05
4.81073e-05
4.81071e-05
4.8107e-05
4.81068e-05
4.81067e-05
4.81065e-05
4.81064e-05
4.81063e-05
4.81061e-05
4.8106e-05
4.81059e-05
4.81057e-05
4.81056e-05
4.81055e-05
4.81054e-05
4.81053e-05
4.81051e-05
4.8105e-05
4.81049e-05
4.81048e-05
4.81047e-05
4.81046e-05
4.81045e-05
4.81044e-05
4.81043e-05
4.81042e-05
4.81041e-05
4.8104e-05
4.81039e-05
4.81038e-05
4.81037e-05
4.81035e-05
4.81034e-05
4.81033e-05
4.81032e-05
4.81029e-05
4.86769e-05
4.8677e-05
4.86771e-05
4.86772e-05
4.86773e-05
4.86774e-05
4.86776e-05
4.86777e-05
4.86778e-05
4.8678e-05
4.86781e-05
4.86783e-05
4.86784e-05
4.86786e-05
4.86787e-05
4.86789e-05
4.86791e-05
4.86792e-05
4.86794e-05
4.86796e-05
4.86797e-05
4.86799e-05
4.86801e-05
4.86802e-05
4.86804e-05
4.86806e-05
4.86807e-05
4.86809e-05
4.86811e-05
4.86812e-05
4.86814e-05
4.86816e-05
4.86818e-05
4.86819e-05
4.86821e-05
4.86823e-05
4.86824e-05
4.86826e-05
4.86828e-05
4.86829e-05
4.8683e-05
4.86832e-05
4.86833e-05
4.86834e-05
4.86835e-05
4.86836e-05
4.86836e-05
4.86837e-05
4.86838e-05
4.86838e-05
4.86839e-05
4.86839e-05
4.86839e-05
4.8684e-05
4.8684e-05
4.8684e-05
4.8684e-05
4.86839e-05
4.86839e-05
4.86839e-05
4.86838e-05
4.86838e-05
4.86837e-05
4.86837e-05
4.86836e-05
4.86835e-05
4.86834e-05
4.86834e-05
4.86833e-05
4.86832e-05
4.86831e-05
4.86829e-05
4.86828e-05
4.86827e-05
4.86826e-05
4.86825e-05
4.86823e-05
4.86822e-05
4.86821e-05
4.8682e-05
4.86818e-05
4.86817e-05
4.86816e-05
4.86814e-05
4.86813e-05
4.86812e-05
4.8681e-05
4.86809e-05
4.86808e-05
4.86807e-05
4.86805e-05
4.86804e-05
4.86803e-05
4.86802e-05
4.86801e-05
4.868e-05
4.86798e-05
4.86797e-05
4.86796e-05
4.86795e-05
4.86794e-05
4.86793e-05
4.86792e-05
4.86792e-05
4.86791e-05
4.8679e-05
4.86789e-05
4.86788e-05
4.86787e-05
4.86786e-05
4.86785e-05
4.86783e-05
4.86782e-05
4.86781e-05
4.8678e-05
4.86778e-05
4.86777e-05
4.86775e-05
4.86774e-05
4.86772e-05
4.93025e-05
4.93022e-05
4.93023e-05
4.93024e-05
4.93025e-05
4.93027e-05
4.93028e-05
4.9303e-05
4.93031e-05
4.93033e-05
4.93034e-05
4.93036e-05
4.93038e-05
4.93039e-05
4.93041e-05
4.93043e-05
4.93045e-05
4.93047e-05
4.93048e-05
4.9305e-05
4.93052e-05
4.93054e-05
4.93056e-05
4.93058e-05
4.93059e-05
4.93061e-05
4.93063e-05
4.93065e-05
4.93067e-05
4.93069e-05
4.93072e-05
4.93074e-05
4.93076e-05
4.93078e-05
4.9308e-05
4.93082e-05
4.93084e-05
4.93086e-05
4.93088e-05
4.9309e-05
4.93092e-05
4.93093e-05
4.93095e-05
4.93096e-05
4.93097e-05
4.93098e-05
4.93099e-05
4.931e-05
4.93101e-05
4.93102e-05
4.93102e-05
4.93103e-05
4.93103e-05
4.93104e-05
4.93104e-05
4.93104e-05
4.93104e-05
4.93104e-05
4.93104e-05
4.93104e-05
4.93103e-05
4.93103e-05
4.93103e-05
4.93102e-05
4.93101e-05
4.93101e-05
4.931e-05
4.93099e-05
4.93098e-05
4.93098e-05
4.93097e-05
4.93096e-05
4.93095e-05
4.93094e-05
4.93092e-05
4.93091e-05
4.9309e-05
4.93089e-05
4.93088e-05
4.93087e-05
4.93086e-05
4.93084e-05
4.93083e-05
4.93082e-05
4.93081e-05
4.9308e-05
4.93078e-05
4.93077e-05
4.93076e-05
4.93075e-05
4.93074e-05
4.93073e-05
4.93072e-05
4.93071e-05
4.9307e-05
4.93069e-05
4.93068e-05
4.93067e-05
4.93066e-05
4.93065e-05
4.93065e-05
4.93064e-05
4.93063e-05
4.93062e-05
4.93062e-05
4.93061e-05
4.9306e-05
4.93059e-05
4.93058e-05
4.93056e-05
4.93055e-05
4.93053e-05
4.93051e-05
4.9305e-05
4.93048e-05
4.93047e-05
4.93045e-05
4.93043e-05
4.93042e-05
4.93041e-05
4.99844e-05
4.99838e-05
4.99838e-05
4.99839e-05
4.99841e-05
4.99842e-05
4.99844e-05
4.99846e-05
4.99847e-05
4.99849e-05
4.99851e-05
4.99853e-05
4.99855e-05
4.99857e-05
4.99859e-05
4.99861e-05
4.99863e-05
4.99865e-05
4.99867e-05
4.99869e-05
4.99871e-05
4.99873e-05
4.99875e-05
4.99877e-05
4.99879e-05
4.99881e-05
4.99884e-05
4.99886e-05
4.99889e-05
4.99892e-05
4.99894e-05
4.99897e-05
4.999e-05
4.99903e-05
4.99905e-05
4.99908e-05
4.99911e-05
4.99913e-05
4.99915e-05
4.99917e-05
4.99919e-05
4.99921e-05
4.99923e-05
4.99925e-05
4.99926e-05
4.99928e-05
4.99929e-05
4.9993e-05
4.99931e-05
4.99932e-05
4.99933e-05
4.99933e-05
4.99934e-05
4.99934e-05
4.99935e-05
4.99935e-05
4.99935e-05
4.99935e-05
4.99935e-05
4.99935e-05
4.99935e-05
4.99935e-05
4.99934e-05
4.99934e-05
4.99933e-05
4.99933e-05
4.99932e-05
4.99932e-05
4.99931e-05
4.9993e-05
4.99929e-05
4.99928e-05
4.99927e-05
4.99926e-05
4.99925e-05
4.99924e-05
4.99923e-05
4.99922e-05
4.99921e-05
4.9992e-05
4.99919e-05
4.99918e-05
4.99917e-05
4.99916e-05
4.99915e-05
4.99914e-05
4.99913e-05
4.99912e-05
4.99911e-05
4.9991e-05
4.99909e-05
4.99908e-05
4.99908e-05
4.99907e-05
4.99906e-05
4.99905e-05
4.99904e-05
4.99904e-05
4.99903e-05
4.99902e-05
4.99902e-05
4.99901e-05
4.999e-05
4.999e-05
4.99899e-05
4.99898e-05
4.99897e-05
4.99895e-05
4.99893e-05
4.99892e-05
4.99889e-05
4.99887e-05
4.99885e-05
4.99883e-05
4.99881e-05
4.99879e-05
4.99877e-05
4.99875e-05
4.99873e-05
4.99873e-05
5.07266e-05
5.07257e-05
5.07257e-05
5.07258e-05
5.07259e-05
5.07261e-05
5.07263e-05
5.07265e-05
5.07267e-05
5.07269e-05
5.07271e-05
5.07273e-05
5.07275e-05
5.07277e-05
5.07279e-05
5.07282e-05
5.07284e-05
5.07286e-05
5.07288e-05
5.07291e-05
5.07293e-05
5.07295e-05
5.07298e-05
5.073e-05
5.07303e-05
5.07306e-05
5.07309e-05
5.07312e-05
5.07316e-05
5.07319e-05
5.07323e-05
5.07327e-05
5.0733e-05
5.07334e-05
5.07337e-05
5.0734e-05
5.07343e-05
5.07346e-05
5.07349e-05
5.07352e-05
5.07354e-05
5.07356e-05
5.07358e-05
5.0736e-05
5.07362e-05
5.07364e-05
5.07365e-05
5.07367e-05
5.07368e-05
5.07369e-05
5.0737e-05
5.07371e-05
5.07371e-05
5.07372e-05
5.07373e-05
5.07373e-05
5.07373e-05
5.07374e-05
5.07374e-05
5.07374e-05
5.07374e-05
5.07373e-05
5.07373e-05
5.07373e-05
5.07372e-05
5.07372e-05
5.07371e-05
5.07371e-05
5.0737e-05
5.07369e-05
5.07369e-05
5.07368e-05
5.07367e-05
5.07366e-05
5.07365e-05
5.07365e-05
5.07364e-05
5.07363e-05
5.07362e-05
5.07361e-05
5.0736e-05
5.07359e-05
5.07358e-05
5.07357e-05
5.07356e-05
5.07355e-05
5.07355e-05
5.07354e-05
5.07353e-05
5.07352e-05
5.07351e-05
5.07351e-05
5.0735e-05
5.07349e-05
5.07349e-05
5.07348e-05
5.07348e-05
5.07347e-05
5.07346e-05
5.07346e-05
5.07345e-05
5.07345e-05
5.07344e-05
5.07344e-05
5.07343e-05
5.07341e-05
5.07339e-05
5.07337e-05
5.07334e-05
5.07331e-05
5.07328e-05
5.07325e-05
5.07322e-05
5.07319e-05
5.07317e-05
5.07314e-05
5.07312e-05
5.0731e-05
5.07308e-05
5.07309e-05
5.15331e-05
5.1532e-05
5.15318e-05
5.15319e-05
5.15321e-05
5.15323e-05
5.15325e-05
5.15327e-05
5.1533e-05
5.15332e-05
5.15334e-05
5.15337e-05
5.15339e-05
5.15342e-05
5.15344e-05
5.15347e-05
5.15349e-05
5.15352e-05
5.15355e-05
5.15357e-05
5.1536e-05
5.15362e-05
5.15365e-05
5.15368e-05
5.15371e-05
5.15376e-05
5.1538e-05
5.15385e-05
5.1539e-05
5.15394e-05
5.15399e-05
5.15404e-05
5.15409e-05
5.15413e-05
5.15417e-05
5.15421e-05
5.15425e-05
5.15428e-05
5.15431e-05
5.15434e-05
5.15437e-05
5.1544e-05
5.15442e-05
5.15444e-05
5.15446e-05
5.15448e-05
5.1545e-05
5.15452e-05
5.15453e-05
5.15454e-05
5.15455e-05
5.15456e-05
5.15457e-05
5.15458e-05
5.15459e-05
5.15459e-05
5.1546e-05
5.1546e-05
5.1546e-05
5.1546e-05
5.1546e-05
5.1546e-05
5.1546e-05
5.1546e-05
5.15459e-05
5.15459e-05
5.15459e-05
5.15458e-05
5.15457e-05
5.15457e-05
5.15456e-05
5.15456e-05
5.15455e-05
5.15454e-05
5.15453e-05
5.15453e-05
5.15452e-05
5.15451e-05
5.1545e-05
5.15449e-05
5.15449e-05
5.15448e-05
5.15447e-05
5.15446e-05
5.15445e-05
5.15445e-05
5.15444e-05
5.15443e-05
5.15443e-05
5.15442e-05
5.15442e-05
5.15441e-05
5.1544e-05
5.1544e-05
5.15439e-05
5.15439e-05
5.15439e-05
5.15438e-05
5.15438e-05
5.15438e-05
5.15437e-05
5.15437e-05
5.15436e-05
5.15435e-05
5.15433e-05
5.1543e-05
5.15427e-05
5.15422e-05
5.15418e-05
5.15413e-05
5.15409e-05
5.15405e-05
5.15401e-05
5.15398e-05
5.15395e-05
5.15393e-05
5.1539e-05
5.15388e-05
5.15385e-05
5.15387e-05
5.24079e-05
5.24065e-05
5.24063e-05
5.24064e-05
5.24066e-05
5.24069e-05
5.24071e-05
5.24074e-05
5.24077e-05
5.2408e-05
5.24082e-05
5.24085e-05
5.24088e-05
5.24091e-05
5.24094e-05
5.24097e-05
5.241e-05
5.24103e-05
5.24106e-05
5.24109e-05
5.24111e-05
5.24114e-05
5.24118e-05
5.24122e-05
5.24128e-05
5.24134e-05
5.2414e-05
5.24147e-05
5.24153e-05
5.2416e-05
5.24166e-05
5.24172e-05
5.24178e-05
5.24183e-05
5.24188e-05
5.24193e-05
5.24197e-05
5.24201e-05
5.24204e-05
5.24208e-05
5.24211e-05
5.24214e-05
5.24216e-05
5.24219e-05
5.24221e-05
5.24223e-05
5.24225e-05
5.24227e-05
5.24228e-05
5.2423e-05
5.24231e-05
5.24232e-05
5.24233e-05
5.24234e-05
5.24235e-05
5.24235e-05
5.24236e-05
5.24236e-05
5.24236e-05
5.24236e-05
5.24237e-05
5.24236e-05
5.24236e-05
5.24236e-05
5.24236e-05
5.24236e-05
5.24235e-05
5.24235e-05
5.24234e-05
5.24234e-05
5.24233e-05
5.24233e-05
5.24232e-05
5.24231e-05
5.24231e-05
5.2423e-05
5.24229e-05
5.24229e-05
5.24228e-05
5.24227e-05
5.24226e-05
5.24226e-05
5.24225e-05
5.24225e-05
5.24224e-05
5.24223e-05
5.24223e-05
5.24222e-05
5.24222e-05
5.24221e-05
5.24221e-05
5.24221e-05
5.2422e-05
5.2422e-05
5.2422e-05
5.24219e-05
5.24219e-05
5.24219e-05
5.24219e-05
5.24218e-05
5.24218e-05
5.24217e-05
5.24216e-05
5.24213e-05
5.2421e-05
5.24205e-05
5.24198e-05
5.24191e-05
5.24184e-05
5.24178e-05
5.24172e-05
5.24167e-05
5.24163e-05
5.2416e-05
5.24156e-05
5.24154e-05
5.24151e-05
5.24149e-05
5.24146e-05
5.2415e-05
5.33552e-05
5.33535e-05
5.33532e-05
5.33534e-05
5.33536e-05
5.33539e-05
5.33543e-05
5.33546e-05
5.33549e-05
5.33553e-05
5.33556e-05
5.3356e-05
5.33563e-05
5.33566e-05
5.3357e-05
5.33573e-05
5.33576e-05
5.3358e-05
5.33583e-05
5.33586e-05
5.33589e-05
5.33593e-05
5.33599e-05
5.33606e-05
5.33614e-05
5.33623e-05
5.33633e-05
5.33642e-05
5.33651e-05
5.33659e-05
5.33667e-05
5.33674e-05
5.33681e-05
5.33687e-05
5.33692e-05
5.33697e-05
5.33702e-05
5.33706e-05
5.3371e-05
5.33714e-05
5.33717e-05
5.3372e-05
5.33723e-05
5.33725e-05
5.33728e-05
5.3373e-05
5.33732e-05
5.33734e-05
5.33735e-05
5.33737e-05
5.33738e-05
5.33739e-05
5.3374e-05
5.33741e-05
5.33742e-05
5.33742e-05
5.33743e-05
5.33743e-05
5.33744e-05
5.33744e-05
5.33744e-05
5.33744e-05
5.33744e-05
5.33744e-05
5.33744e-05
5.33743e-05
5.33743e-05
5.33743e-05
5.33742e-05
5.33742e-05
5.33741e-05
5.33741e-05
5.3374e-05
5.33739e-05
5.33739e-05
5.33738e-05
5.33738e-05
5.33737e-05
5.33736e-05
5.33736e-05
5.33735e-05
5.33735e-05
5.33734e-05
5.33734e-05
5.33733e-05
5.33733e-05
5.33732e-05
5.33732e-05
5.33732e-05
5.33731e-05
5.33731e-05
5.33731e-05
5.33731e-05
5.33731e-05
5.3373e-05
5.3373e-05
5.3373e-05
5.3373e-05
5.3373e-05
5.3373e-05
5.3373e-05
5.33728e-05
5.33723e-05
5.33719e-05
5.33712e-05
5.33702e-05
5.3369e-05
5.33679e-05
5.33669e-05
5.33662e-05
5.33656e-05
5.33651e-05
5.33647e-05
5.33643e-05
5.3364e-05
5.33638e-05
5.33636e-05
5.33634e-05
5.33631e-05
5.33637e-05
5.43789e-05
5.43768e-05
5.43765e-05
5.43768e-05
5.43771e-05
5.43776e-05
5.4378e-05
5.43784e-05
5.43788e-05
5.43792e-05
5.43796e-05
5.438e-05
5.43804e-05
5.43808e-05
5.43812e-05
5.43816e-05
5.43819e-05
5.43823e-05
5.43827e-05
5.43831e-05
5.43833e-05
5.43841e-05
5.43851e-05
5.43862e-05
5.43876e-05
5.43889e-05
5.43902e-05
5.43914e-05
5.43925e-05
5.43935e-05
5.43944e-05
5.43952e-05
5.43959e-05
5.43965e-05
5.43971e-05
5.43977e-05
5.43981e-05
5.43986e-05
5.4399e-05
5.43993e-05
5.43997e-05
5.44e-05
5.44003e-05
5.44005e-05
5.44008e-05
5.4401e-05
5.44012e-05
5.44013e-05
5.44015e-05
5.44016e-05
5.44018e-05
5.44019e-05
5.4402e-05
5.44021e-05
5.44022e-05
5.44022e-05
5.44023e-05
5.44023e-05
5.44023e-05
5.44024e-05
5.44024e-05
5.44024e-05
5.44024e-05
5.44024e-05
5.44023e-05
5.44023e-05
5.44023e-05
5.44022e-05
5.44022e-05
5.44021e-05
5.44021e-05
5.4402e-05
5.4402e-05
5.44019e-05
5.44019e-05
5.44018e-05
5.44018e-05
5.44017e-05
5.44017e-05
5.44016e-05
5.44016e-05
5.44015e-05
5.44015e-05
5.44014e-05
5.44014e-05
5.44014e-05
5.44014e-05
5.44013e-05
5.44013e-05
5.44013e-05
5.44013e-05
5.44013e-05
5.44013e-05
5.44013e-05
5.44013e-05
5.44013e-05
5.44013e-05
5.44013e-05
5.44013e-05
5.44014e-05
5.44012e-05
5.44005e-05
5.43996e-05
5.4399e-05
5.43974e-05
5.43954e-05
5.43935e-05
5.43921e-05
5.43911e-05
5.43904e-05
5.43899e-05
5.43895e-05
5.43891e-05
5.43889e-05
5.43887e-05
5.43885e-05
5.43884e-05
5.43883e-05
5.4388e-05
5.43889e-05
5.54826e-05
5.54802e-05
5.54802e-05
5.54806e-05
5.54811e-05
5.54817e-05
5.54822e-05
5.54827e-05
5.54832e-05
5.54837e-05
5.54842e-05
5.54846e-05
5.54851e-05
5.54855e-05
5.5486e-05
5.54864e-05
5.54869e-05
5.54873e-05
5.54877e-05
5.54881e-05
5.54883e-05
5.54902e-05
5.54918e-05
5.54937e-05
5.54958e-05
5.54976e-05
5.54993e-05
5.55007e-05
5.55019e-05
5.5503e-05
5.55039e-05
5.55047e-05
5.55054e-05
5.55061e-05
5.55066e-05
5.55071e-05
5.55076e-05
5.5508e-05
5.55084e-05
5.55087e-05
5.55091e-05
5.55093e-05
5.55096e-05
5.55099e-05
5.55101e-05
5.55103e-05
5.55105e-05
5.55106e-05
5.55108e-05
5.55109e-05
5.5511e-05
5.55111e-05
5.55112e-05
5.55113e-05
5.55114e-05
5.55114e-05
5.55115e-05
5.55115e-05
5.55115e-05
5.55115e-05
5.55116e-05
5.55115e-05
5.55115e-05
5.55115e-05
5.55115e-05
5.55115e-05
5.55114e-05
5.55114e-05
5.55113e-05
5.55113e-05
5.55113e-05
5.55112e-05
5.55111e-05
5.55111e-05
5.5511e-05
5.5511e-05
5.55109e-05
5.55109e-05
5.55109e-05
5.55108e-05
5.55108e-05
5.55107e-05
5.55107e-05
5.55107e-05
5.55107e-05
5.55106e-05
5.55106e-05
5.55106e-05
5.55106e-05
5.55106e-05
5.55106e-05
5.55106e-05
5.55106e-05
5.55107e-05
5.55107e-05
5.55107e-05
5.55107e-05
5.55107e-05
5.55107e-05
5.5511e-05
5.55101e-05
5.55085e-05
5.55068e-05
5.55062e-05
5.55023e-05
5.54988e-05
5.54966e-05
5.54954e-05
5.54947e-05
5.54943e-05
5.5494e-05
5.54938e-05
5.54937e-05
5.54936e-05
5.54936e-05
5.54935e-05
5.54935e-05
5.54935e-05
5.54933e-05
5.54945e-05
5.66696e-05
5.66678e-05
5.66681e-05
5.66688e-05
5.66695e-05
5.66702e-05
5.66708e-05
5.66714e-05
5.6672e-05
5.66725e-05
5.66731e-05
5.66736e-05
5.66741e-05
5.66747e-05
5.66752e-05
5.66757e-05
5.66762e-05
5.66766e-05
5.66771e-05
5.66776e-05
5.66778e-05
5.66828e-05
5.66846e-05
5.66878e-05
5.66906e-05
5.66929e-05
5.66947e-05
5.66962e-05
5.66973e-05
5.66983e-05
5.66992e-05
5.66999e-05
5.67005e-05
5.67011e-05
5.67015e-05
5.6702e-05
5.67024e-05
5.67028e-05
5.67031e-05
5.67034e-05
5.67037e-05
5.67039e-05
5.67042e-05
5.67044e-05
5.67046e-05
5.67047e-05
5.67049e-05
5.6705e-05
5.67052e-05
5.67053e-05
5.67054e-05
5.67055e-05
5.67055e-05
5.67056e-05
5.67057e-05
5.67057e-05
5.67057e-05
5.67058e-05
5.67058e-05
5.67058e-05
5.67058e-05
5.67058e-05
5.67057e-05
5.67057e-05
5.67057e-05
5.67056e-05
5.67056e-05
5.67056e-05
5.67055e-05
5.67055e-05
5.67054e-05
5.67054e-05
5.67053e-05
5.67053e-05
5.67052e-05
5.67052e-05
5.67051e-05
5.67051e-05
5.6705e-05
5.6705e-05
5.6705e-05
5.67049e-05
5.67049e-05
5.67049e-05
5.67049e-05
5.67049e-05
5.67049e-05
5.67049e-05
5.67049e-05
5.67049e-05
5.67049e-05
5.67049e-05
5.6705e-05
5.6705e-05
5.6705e-05
5.67051e-05
5.67051e-05
5.67052e-05
5.67051e-05
5.67058e-05
5.67023e-05
5.6699e-05
5.6697e-05
5.66969e-05
5.66863e-05
5.66826e-05
5.66817e-05
5.66816e-05
5.66817e-05
5.66818e-05
5.66819e-05
5.6682e-05
5.66822e-05
5.66823e-05
5.66825e-05
5.66826e-05
5.66827e-05
5.66829e-05
5.66828e-05
5.66844e-05
5.79639e-05
5.79665e-05
5.79738e-05
5.79767e-05
5.79787e-05
5.79803e-05
5.79815e-05
5.79824e-05
5.79831e-05
5.79837e-05
5.79843e-05
5.79847e-05
5.79851e-05
5.79855e-05
5.79858e-05
5.79861e-05
5.79864e-05
5.79867e-05
5.79869e-05
5.79871e-05
5.79873e-05
5.79875e-05
5.79876e-05
5.79878e-05
5.79879e-05
5.7988e-05
5.79882e-05
5.79883e-05
5.79883e-05
5.79884e-05
5.79885e-05
5.79885e-05
5.79886e-05
5.79886e-05
5.79886e-05
5.79886e-05
5.79886e-05
5.79886e-05
5.79886e-05
5.79886e-05
5.79886e-05
5.79885e-05
5.79885e-05
5.79885e-05
5.79884e-05
5.79884e-05
5.79883e-05
5.79883e-05
5.79882e-05
5.79881e-05
5.79881e-05
5.7988e-05
5.7988e-05
5.79879e-05
5.79879e-05
5.79878e-05
5.79878e-05
5.79878e-05
5.79877e-05
5.79877e-05
5.79877e-05
5.79877e-05
5.79877e-05
5.79877e-05
5.79877e-05
5.79877e-05
5.79877e-05
5.79877e-05
5.79878e-05
5.79878e-05
5.79878e-05
5.79879e-05
5.79879e-05
5.7988e-05
5.7988e-05
5.79881e-05
5.79881e-05
5.79881e-05
5.79892e-05
5.7978e-05
5.79743e-05
5.79734e-05
5.79738e-05
5.93537e-05
5.93564e-05
5.93584e-05
5.93593e-05
5.93598e-05
5.93602e-05
5.93605e-05
5.93607e-05
5.9361e-05
5.93612e-05
5.93614e-05
5.93616e-05
5.93618e-05
5.9362e-05
5.93621e-05
5.93623e-05
5.93624e-05
5.93626e-05
5.93627e-05
5.93628e-05
5.93629e-05
5.9363e-05
5.93631e-05
5.93631e-05
5.93632e-05
5.93633e-05
5.93633e-05
5.93634e-05
5.93634e-05
5.93634e-05
5.93634e-05
5.93634e-05
5.93634e-05
5.93634e-05
5.93634e-05
5.93634e-05
5.93633e-05
5.93633e-05
5.93632e-05
5.93632e-05
5.93631e-05
5.93631e-05
5.9363e-05
5.9363e-05
5.93629e-05
5.93628e-05
5.93628e-05
5.93627e-05
5.93626e-05
5.93626e-05
5.93625e-05
5.93625e-05
5.93624e-05
5.93624e-05
5.93623e-05
5.93623e-05
5.93623e-05
5.93623e-05
5.93623e-05
5.93622e-05
5.93622e-05
5.93623e-05
5.93623e-05
5.93623e-05
5.93623e-05
5.93624e-05
5.93624e-05
5.93625e-05
5.93625e-05
5.93626e-05
5.93626e-05
5.93627e-05
5.93628e-05
5.93628e-05
5.93629e-05
5.93629e-05
5.93634e-05
)
;

boundaryField
{
    bottomWall
    {
        type            fixedValue;
        value           nonuniform 0();
    }
    topWall
    {
        type            fixedValue;
        value           nonuniform 0();
    }
    sides1_half0
    {
        type            cyclic;
    }
    sides1_half1
    {
        type            cyclic;
    }
    sides2_half0
    {
        type            cyclic;
    }
    sides2_half1
    {
        type            cyclic;
    }
    inout1_half0
    {
        type            cyclic;
    }
    inout1_half1
    {
        type            cyclic;
    }
    inout2_half0
    {
        type            cyclic;
    }
    inout2_half1
    {
        type            cyclic;
    }
    procBoundary2to1
    {
        type            processor;
        value           nonuniform List<scalar> 
124
(
5.79632e-05
5.79604e-05
5.79605e-05
5.79612e-05
5.79619e-05
5.79627e-05
5.79634e-05
5.79641e-05
5.79648e-05
5.79654e-05
5.7966e-05
5.79666e-05
5.79672e-05
5.79678e-05
5.79684e-05
5.7969e-05
5.79695e-05
5.79701e-05
5.79706e-05
5.79711e-05
5.7972e-05
5.7966e-05
5.79679e-05
5.79699e-05
5.79712e-05
5.79721e-05
5.79728e-05
5.79734e-05
5.7974e-05
5.79744e-05
5.79748e-05
5.79752e-05
5.79755e-05
5.79758e-05
5.79762e-05
5.79761e-05
5.79779e-05
5.7972e-05
5.93683e-05
5.93641e-05
5.93546e-05
5.93565e-05
5.93586e-05
5.7966e-05
5.93596e-05
5.93641e-05
6.08632e-05
6.08565e-05
6.08541e-05
6.08533e-05
6.08528e-05
6.08526e-05
6.08524e-05
6.08522e-05
6.08521e-05
6.08521e-05
6.08521e-05
6.08521e-05
6.08521e-05
6.08521e-05
6.08522e-05
6.08522e-05
6.08523e-05
6.08523e-05
6.08523e-05
6.08524e-05
6.08524e-05
6.08525e-05
6.08525e-05
6.08525e-05
6.08525e-05
6.08525e-05
6.08525e-05
6.08525e-05
6.08525e-05
6.08525e-05
6.08525e-05
6.08525e-05
6.08524e-05
6.08524e-05
6.08523e-05
6.08523e-05
6.08522e-05
6.08522e-05
6.08521e-05
6.0852e-05
6.0852e-05
6.08519e-05
6.08518e-05
6.08517e-05
6.08516e-05
6.08516e-05
6.08515e-05
6.08514e-05
6.08513e-05
6.08513e-05
6.08512e-05
6.08512e-05
6.08511e-05
6.08511e-05
6.0851e-05
6.0851e-05
6.0851e-05
6.0851e-05
6.0851e-05
6.0851e-05
6.0851e-05
6.0851e-05
6.0851e-05
6.0851e-05
6.08511e-05
6.08511e-05
6.08512e-05
6.08512e-05
6.08513e-05
6.08514e-05
6.08514e-05
6.08515e-05
6.08516e-05
6.08517e-05
6.08518e-05
6.08519e-05
5.93546e-05
6.08517e-05
)
;
    }
    procBoundary2to4
    {
        type            processor;
        value           nonuniform List<scalar> 
59
(
4.32171e-05
4.32176e-05
4.32162e-05
4.32152e-05
4.32144e-05
4.32138e-05
4.32133e-05
4.32129e-05
4.32124e-05
4.32121e-05
4.32117e-05
4.32113e-05
4.3211e-05
4.32106e-05
4.32103e-05
4.32099e-05
4.32095e-05
4.32092e-05
4.32088e-05
4.32085e-05
4.32081e-05
4.32077e-05
4.32073e-05
4.32069e-05
4.32066e-05
4.32062e-05
4.32058e-05
4.32054e-05
4.3205e-05
4.32045e-05
4.32041e-05
4.32037e-05
4.32033e-05
4.32028e-05
4.32024e-05
4.32019e-05
4.32015e-05
4.3201e-05
4.32006e-05
4.32001e-05
4.31996e-05
4.31991e-05
4.31987e-05
4.31982e-05
4.31977e-05
4.31972e-05
4.31967e-05
4.31962e-05
4.31957e-05
4.31952e-05
4.31947e-05
4.31942e-05
4.31937e-05
4.31932e-05
4.31927e-05
4.31922e-05
4.31917e-05
4.31912e-05
4.31906e-05
)
;
    }
    procBoundary2to5
    {
        type            processor;
        value           nonuniform List<scalar> 
61
(
4.32118e-05
4.32145e-05
4.32145e-05
4.3214e-05
4.32135e-05
4.3213e-05
4.32125e-05
4.32121e-05
4.32117e-05
4.32113e-05
4.32109e-05
4.32105e-05
4.32102e-05
4.32099e-05
4.32095e-05
4.32092e-05
4.32089e-05
4.32086e-05
4.32083e-05
4.3208e-05
4.32078e-05
4.32075e-05
4.32072e-05
4.3207e-05
4.32068e-05
4.32065e-05
4.32063e-05
4.32061e-05
4.32058e-05
4.32056e-05
4.32054e-05
4.32052e-05
4.3205e-05
4.32048e-05
4.32045e-05
4.32043e-05
4.32041e-05
4.32039e-05
4.32037e-05
4.32035e-05
4.32033e-05
4.32031e-05
4.32029e-05
4.32027e-05
4.32023e-05
4.32049e-05
4.32051e-05
4.32035e-05
4.32022e-05
4.32012e-05
4.32003e-05
4.31996e-05
4.3199e-05
4.31983e-05
4.31978e-05
4.31972e-05
4.31966e-05
4.31961e-05
4.31956e-05
4.31951e-05
4.31944e-05
)
;
    }
}


// ************************************************************************* //
