/*--------------------------------*- C++ -*----------------------------------*\
  =========                 |
  \\      /  F ield         | OpenFOAM: The Open Source CFD Toolbox
   \\    /   O peration     | Website:  https://openfoam.org
    \\  /    A nd           | Version:  7
     \\/     M anipulation  |
\*---------------------------------------------------------------------------*/
FoamFile
{
    version     2.0;
    format      ascii;
    class       volScalarField;
    location    "2500";
    object      nut;
}
// * * * * * * * * * * * * * * * * * * * * * * * * * * * * * * * * * * * * * //

dimensions      [0 2 -1 0 0 0 0];

internalField   nonuniform List<scalar> 
4000
(
7.85152e-12
7.85134e-12
7.85114e-12
7.85098e-12
7.85087e-12
7.85081e-12
7.85076e-12
7.85072e-12
7.85069e-12
7.85067e-12
7.85068e-12
7.85072e-12
7.85076e-12
7.8508e-12
7.85083e-12
7.85087e-12
7.85091e-12
7.85097e-12
7.85102e-12
7.85108e-12
7.85114e-12
7.85119e-12
7.85124e-12
7.8513e-12
7.85136e-12
7.85142e-12
7.85147e-12
7.85152e-12
7.85158e-12
7.85163e-12
7.85168e-12
7.85173e-12
7.85178e-12
7.85183e-12
7.85188e-12
7.85192e-12
7.85197e-12
7.85201e-12
7.85205e-12
7.8521e-12
7.85213e-12
7.85217e-12
7.85219e-12
7.85221e-12
7.85221e-12
7.8522e-12
7.85222e-12
7.85224e-12
7.85227e-12
7.8523e-12
7.85233e-12
7.85236e-12
7.85238e-12
7.8524e-12
7.85242e-12
7.85244e-12
7.85246e-12
7.85247e-12
7.85248e-12
7.85249e-12
7.8525e-12
7.85251e-12
7.85251e-12
7.8525e-12
7.85249e-12
7.85248e-12
7.85247e-12
7.85245e-12
7.85243e-12
7.85241e-12
7.85238e-12
7.85236e-12
7.85234e-12
7.85231e-12
7.85229e-12
7.85226e-12
7.85224e-12
7.85221e-12
7.85219e-12
7.85217e-12
7.85215e-12
7.85213e-12
7.85211e-12
7.85208e-12
7.85206e-12
7.85205e-12
7.85203e-12
7.85201e-12
7.85199e-12
7.85197e-12
7.85196e-12
7.85194e-12
7.85192e-12
7.85191e-12
7.85189e-12
7.85187e-12
7.85185e-12
7.85183e-12
7.85181e-12
7.85179e-12
7.85177e-12
7.85174e-12
7.85172e-12
7.85168e-12
7.85164e-12
7.85162e-12
7.85162e-12
7.85163e-12
7.85164e-12
7.85165e-12
7.85166e-12
7.85168e-12
7.85169e-12
7.8517e-12
7.85171e-12
7.85172e-12
7.85172e-12
7.85171e-12
7.85169e-12
7.85166e-12
1.45684e-09
1.45681e-09
1.45678e-09
1.45674e-09
1.45672e-09
1.45671e-09
1.4567e-09
1.4567e-09
1.45669e-09
1.45669e-09
1.45669e-09
1.4567e-09
1.4567e-09
1.45671e-09
1.45672e-09
1.45672e-09
1.45673e-09
1.45674e-09
1.45675e-09
1.45676e-09
1.45677e-09
1.45678e-09
1.45679e-09
1.4568e-09
1.45681e-09
1.45683e-09
1.45684e-09
1.45685e-09
1.45686e-09
1.45686e-09
1.45687e-09
1.45688e-09
1.45689e-09
1.4569e-09
1.45691e-09
1.45692e-09
1.45693e-09
1.45694e-09
1.45694e-09
1.45695e-09
1.45696e-09
1.45696e-09
1.45697e-09
1.45697e-09
1.45697e-09
1.45697e-09
1.45697e-09
1.45698e-09
1.45698e-09
1.45699e-09
1.45699e-09
1.457e-09
1.457e-09
1.45701e-09
1.45701e-09
1.45702e-09
1.45702e-09
1.45702e-09
1.45702e-09
1.45703e-09
1.45703e-09
1.45703e-09
1.45703e-09
1.45703e-09
1.45702e-09
1.45702e-09
1.45702e-09
1.45702e-09
1.45701e-09
1.45701e-09
1.457e-09
1.457e-09
1.457e-09
1.45699e-09
1.45699e-09
1.45698e-09
1.45698e-09
1.45697e-09
1.45697e-09
1.45696e-09
1.45696e-09
1.45696e-09
1.45695e-09
1.45695e-09
1.45695e-09
1.45694e-09
1.45694e-09
1.45693e-09
1.45693e-09
1.45693e-09
1.45693e-09
1.45692e-09
1.45692e-09
1.45692e-09
1.45691e-09
1.45691e-09
1.45691e-09
1.4569e-09
1.4569e-09
1.45689e-09
1.45689e-09
1.45689e-09
1.45688e-09
1.45687e-09
1.45687e-09
1.45686e-09
1.45686e-09
1.45686e-09
1.45687e-09
1.45687e-09
1.45687e-09
1.45687e-09
1.45688e-09
1.45688e-09
1.45688e-09
1.45688e-09
1.45688e-09
1.45688e-09
1.45688e-09
1.45687e-09
3.11198e-08
3.11191e-08
3.11183e-08
3.11176e-08
3.11172e-08
3.11169e-08
3.11168e-08
3.11166e-08
3.11165e-08
3.11164e-08
3.11164e-08
3.11166e-08
3.11167e-08
3.11169e-08
3.1117e-08
3.11172e-08
3.11174e-08
3.11176e-08
3.11178e-08
3.1118e-08
3.11182e-08
3.11185e-08
3.11187e-08
3.11189e-08
3.11191e-08
3.11193e-08
3.11196e-08
3.11198e-08
3.112e-08
3.11202e-08
3.11204e-08
3.11206e-08
3.11208e-08
3.1121e-08
3.11212e-08
3.11213e-08
3.11215e-08
3.11217e-08
3.11219e-08
3.1122e-08
3.11222e-08
3.11223e-08
3.11224e-08
3.11225e-08
3.11225e-08
3.11224e-08
3.11225e-08
3.11226e-08
3.11227e-08
3.11228e-08
3.11229e-08
3.1123e-08
3.11231e-08
3.11232e-08
3.11233e-08
3.11234e-08
3.11234e-08
3.11235e-08
3.11235e-08
3.11236e-08
3.11236e-08
3.11236e-08
3.11236e-08
3.11236e-08
3.11236e-08
3.11235e-08
3.11235e-08
3.11234e-08
3.11233e-08
3.11232e-08
3.11231e-08
3.1123e-08
3.11229e-08
3.11228e-08
3.11228e-08
3.11227e-08
3.11226e-08
3.11225e-08
3.11224e-08
3.11223e-08
3.11222e-08
3.11221e-08
3.1122e-08
3.1122e-08
3.11219e-08
3.11218e-08
3.11217e-08
3.11216e-08
3.11216e-08
3.11215e-08
3.11215e-08
3.11214e-08
3.11213e-08
3.11213e-08
3.11212e-08
3.11211e-08
3.1121e-08
3.1121e-08
3.11209e-08
3.11208e-08
3.11207e-08
3.11206e-08
3.11205e-08
3.11204e-08
3.11202e-08
3.11201e-08
3.11201e-08
3.11202e-08
3.11202e-08
3.11203e-08
3.11203e-08
3.11204e-08
3.11204e-08
3.11205e-08
3.11205e-08
3.11205e-08
3.11205e-08
3.11205e-08
3.11204e-08
3.11203e-08
2.37136e-07
2.37131e-07
2.37126e-07
2.3712e-07
2.37117e-07
2.37115e-07
2.37114e-07
2.37113e-07
2.37112e-07
2.37112e-07
2.37112e-07
2.37113e-07
2.37114e-07
2.37115e-07
2.37117e-07
2.37118e-07
2.37119e-07
2.37121e-07
2.37122e-07
2.37124e-07
2.37126e-07
2.37127e-07
2.37129e-07
2.3713e-07
2.37132e-07
2.37134e-07
2.37136e-07
2.37137e-07
2.37139e-07
2.3714e-07
2.37142e-07
2.37143e-07
2.37145e-07
2.37146e-07
2.37147e-07
2.37149e-07
2.3715e-07
2.37151e-07
2.37153e-07
2.37154e-07
2.37155e-07
2.37156e-07
2.37156e-07
2.37157e-07
2.37157e-07
2.37157e-07
2.37157e-07
2.37158e-07
2.37159e-07
2.3716e-07
2.37161e-07
2.37161e-07
2.37162e-07
2.37163e-07
2.37163e-07
2.37164e-07
2.37164e-07
2.37165e-07
2.37165e-07
2.37165e-07
2.37166e-07
2.37166e-07
2.37166e-07
2.37165e-07
2.37165e-07
2.37165e-07
2.37164e-07
2.37164e-07
2.37163e-07
2.37163e-07
2.37162e-07
2.37161e-07
2.3716e-07
2.3716e-07
2.37159e-07
2.37158e-07
2.37157e-07
2.37157e-07
2.37156e-07
2.37155e-07
2.37155e-07
2.37154e-07
2.37154e-07
2.37153e-07
2.37152e-07
2.37152e-07
2.37151e-07
2.37151e-07
2.3715e-07
2.3715e-07
2.37149e-07
2.37149e-07
2.37148e-07
2.37148e-07
2.37147e-07
2.37147e-07
2.37146e-07
2.37145e-07
2.37145e-07
2.37144e-07
2.37144e-07
2.37143e-07
2.37142e-07
2.37141e-07
2.3714e-07
2.37139e-07
2.37139e-07
2.3714e-07
2.3714e-07
2.3714e-07
2.37141e-07
2.37141e-07
2.37142e-07
2.37142e-07
2.37142e-07
2.37142e-07
2.37142e-07
2.37142e-07
2.37142e-07
2.37141e-07
9.98467e-07
9.98448e-07
9.98427e-07
9.98407e-07
9.98394e-07
9.98386e-07
9.98383e-07
9.9838e-07
9.98377e-07
9.98375e-07
9.98376e-07
9.98379e-07
9.98385e-07
9.9839e-07
9.98395e-07
9.984e-07
9.98405e-07
9.98412e-07
9.98418e-07
9.98426e-07
9.98433e-07
9.98439e-07
9.98446e-07
9.98452e-07
9.98459e-07
9.98466e-07
9.98473e-07
9.98479e-07
9.98485e-07
9.98491e-07
9.98498e-07
9.98504e-07
9.98509e-07
9.98515e-07
9.98521e-07
9.98526e-07
9.98531e-07
9.98536e-07
9.98541e-07
9.98545e-07
9.98549e-07
9.98553e-07
9.98556e-07
9.98558e-07
9.98558e-07
9.98557e-07
9.98559e-07
9.98562e-07
9.98566e-07
9.98569e-07
9.98573e-07
9.98576e-07
9.98579e-07
9.98582e-07
9.98584e-07
9.98586e-07
9.98588e-07
9.98589e-07
9.98591e-07
9.98592e-07
9.98592e-07
9.98593e-07
9.98592e-07
9.98592e-07
9.9859e-07
9.98589e-07
9.98587e-07
9.98585e-07
9.98582e-07
9.98579e-07
9.98576e-07
9.98573e-07
9.9857e-07
9.98567e-07
9.98564e-07
9.98561e-07
9.98558e-07
9.98555e-07
9.98552e-07
9.9855e-07
9.98547e-07
9.98544e-07
9.98542e-07
9.98539e-07
9.98537e-07
9.98535e-07
9.98532e-07
9.9853e-07
9.98528e-07
9.98526e-07
9.98524e-07
9.98522e-07
9.9852e-07
9.98518e-07
9.98516e-07
9.98513e-07
9.98511e-07
9.98509e-07
9.98506e-07
9.98504e-07
9.98501e-07
9.98498e-07
9.98495e-07
9.98491e-07
9.98486e-07
9.98484e-07
9.98485e-07
9.98486e-07
9.98488e-07
9.9849e-07
9.98491e-07
9.98493e-07
9.98494e-07
9.98496e-07
9.98497e-07
9.98498e-07
9.98498e-07
9.98497e-07
9.98495e-07
9.98493e-07
2.81802e-06
2.81797e-06
2.81792e-06
2.81788e-06
2.81784e-06
2.81783e-06
2.81782e-06
2.81781e-06
2.81781e-06
2.8178e-06
2.81781e-06
2.81782e-06
2.81783e-06
2.81785e-06
2.81786e-06
2.81788e-06
2.81789e-06
2.81791e-06
2.81793e-06
2.81795e-06
2.81796e-06
2.81798e-06
2.818e-06
2.81802e-06
2.81804e-06
2.81805e-06
2.81807e-06
2.81809e-06
2.81811e-06
2.81812e-06
2.81814e-06
2.81815e-06
2.81817e-06
2.81818e-06
2.8182e-06
2.81821e-06
2.81823e-06
2.81824e-06
2.81825e-06
2.81826e-06
2.81827e-06
2.81828e-06
2.81829e-06
2.81829e-06
2.81829e-06
2.81829e-06
2.8183e-06
2.8183e-06
2.81831e-06
2.81832e-06
2.81833e-06
2.81834e-06
2.81835e-06
2.81836e-06
2.81836e-06
2.81837e-06
2.81837e-06
2.81838e-06
2.81838e-06
2.81838e-06
2.81838e-06
2.81838e-06
2.81838e-06
2.81838e-06
2.81838e-06
2.81837e-06
2.81837e-06
2.81836e-06
2.81835e-06
2.81834e-06
2.81834e-06
2.81833e-06
2.81832e-06
2.81831e-06
2.8183e-06
2.8183e-06
2.81829e-06
2.81828e-06
2.81827e-06
2.81826e-06
2.81826e-06
2.81825e-06
2.81824e-06
2.81824e-06
2.81823e-06
2.81822e-06
2.81822e-06
2.81821e-06
2.81821e-06
2.8182e-06
2.81819e-06
2.81819e-06
2.81818e-06
2.81818e-06
2.81817e-06
2.81817e-06
2.81816e-06
2.81815e-06
2.81815e-06
2.81814e-06
2.81813e-06
2.81812e-06
2.81812e-06
2.81811e-06
2.81809e-06
2.81809e-06
2.81809e-06
2.81809e-06
2.8181e-06
2.81811e-06
2.81811e-06
2.81812e-06
2.81812e-06
2.81812e-06
2.81813e-06
2.81813e-06
2.81813e-06
2.81813e-06
2.81812e-06
2.81812e-06
5.98977e-06
5.98967e-06
5.98959e-06
5.98952e-06
5.98946e-06
5.98944e-06
5.98943e-06
5.98943e-06
5.98942e-06
5.98942e-06
5.98942e-06
5.98944e-06
5.98947e-06
5.98951e-06
5.98954e-06
5.98957e-06
5.9896e-06
5.98963e-06
5.98967e-06
5.98971e-06
5.98975e-06
5.98979e-06
5.98982e-06
5.98986e-06
5.98989e-06
5.98993e-06
5.98997e-06
5.99e-06
5.99003e-06
5.99007e-06
5.9901e-06
5.99013e-06
5.99016e-06
5.99019e-06
5.99022e-06
5.99024e-06
5.99027e-06
5.9903e-06
5.99032e-06
5.99034e-06
5.99036e-06
5.99038e-06
5.99039e-06
5.9904e-06
5.9904e-06
5.9904e-06
5.9904e-06
5.99042e-06
5.99044e-06
5.99046e-06
5.99048e-06
5.9905e-06
5.99051e-06
5.99053e-06
5.99054e-06
5.99055e-06
5.99056e-06
5.99056e-06
5.99057e-06
5.99057e-06
5.99058e-06
5.99058e-06
5.99057e-06
5.99057e-06
5.99056e-06
5.99055e-06
5.99054e-06
5.99052e-06
5.99051e-06
5.99049e-06
5.99047e-06
5.99046e-06
5.99044e-06
5.99042e-06
5.99041e-06
5.99039e-06
5.99037e-06
5.99036e-06
5.99034e-06
5.99033e-06
5.99031e-06
5.9903e-06
5.99028e-06
5.99027e-06
5.99026e-06
5.99024e-06
5.99023e-06
5.99022e-06
5.99021e-06
5.99019e-06
5.99018e-06
5.99017e-06
5.99016e-06
5.99015e-06
5.99014e-06
5.99013e-06
5.99011e-06
5.9901e-06
5.99009e-06
5.99007e-06
5.99006e-06
5.99004e-06
5.99003e-06
5.99e-06
5.98998e-06
5.98997e-06
5.98997e-06
5.98998e-06
5.99e-06
5.99001e-06
5.99002e-06
5.99003e-06
5.99004e-06
5.99005e-06
5.99006e-06
5.99006e-06
5.99006e-06
5.99006e-06
5.99004e-06
5.99006e-06
1.04588e-05
1.04586e-05
1.04585e-05
1.04584e-05
1.04583e-05
1.04583e-05
1.04583e-05
1.04583e-05
1.04583e-05
1.04583e-05
1.04583e-05
1.04583e-05
1.04584e-05
1.04584e-05
1.04585e-05
1.04586e-05
1.04586e-05
1.04587e-05
1.04587e-05
1.04588e-05
1.04589e-05
1.04589e-05
1.0459e-05
1.0459e-05
1.04591e-05
1.04592e-05
1.04592e-05
1.04593e-05
1.04593e-05
1.04594e-05
1.04594e-05
1.04595e-05
1.04595e-05
1.04596e-05
1.04596e-05
1.04597e-05
1.04597e-05
1.04598e-05
1.04598e-05
1.04598e-05
1.04599e-05
1.04599e-05
1.04599e-05
1.04599e-05
1.04599e-05
1.04599e-05
1.04599e-05
1.046e-05
1.046e-05
1.046e-05
1.04601e-05
1.04601e-05
1.04601e-05
1.04601e-05
1.04602e-05
1.04602e-05
1.04602e-05
1.04602e-05
1.04602e-05
1.04602e-05
1.04602e-05
1.04602e-05
1.04602e-05
1.04602e-05
1.04602e-05
1.04602e-05
1.04601e-05
1.04601e-05
1.04601e-05
1.04601e-05
1.046e-05
1.046e-05
1.046e-05
1.046e-05
1.04599e-05
1.04599e-05
1.04599e-05
1.04598e-05
1.04598e-05
1.04598e-05
1.04598e-05
1.04597e-05
1.04597e-05
1.04597e-05
1.04597e-05
1.04596e-05
1.04596e-05
1.04596e-05
1.04596e-05
1.04596e-05
1.04596e-05
1.04595e-05
1.04595e-05
1.04595e-05
1.04595e-05
1.04595e-05
1.04594e-05
1.04594e-05
1.04594e-05
1.04594e-05
1.04593e-05
1.04593e-05
1.04593e-05
1.04593e-05
1.04592e-05
1.04592e-05
1.04592e-05
1.04592e-05
1.04592e-05
1.04593e-05
1.04593e-05
1.04593e-05
1.04593e-05
1.04593e-05
1.04593e-05
1.04594e-05
1.04594e-05
1.04594e-05
1.04593e-05
1.04594e-05
1.59903e-05
1.599e-05
1.59898e-05
1.59897e-05
1.59897e-05
1.59897e-05
1.59897e-05
1.59897e-05
1.59897e-05
1.59898e-05
1.59898e-05
1.59898e-05
1.59899e-05
1.599e-05
1.59901e-05
1.59902e-05
1.59903e-05
1.59903e-05
1.59904e-05
1.59905e-05
1.59906e-05
1.59907e-05
1.59908e-05
1.59909e-05
1.5991e-05
1.59911e-05
1.59912e-05
1.59913e-05
1.59914e-05
1.59914e-05
1.59915e-05
1.59916e-05
1.59917e-05
1.59917e-05
1.59918e-05
1.59919e-05
1.59919e-05
1.5992e-05
1.59921e-05
1.59921e-05
1.59922e-05
1.59922e-05
1.59922e-05
1.59923e-05
1.59923e-05
1.59922e-05
1.59922e-05
1.59923e-05
1.59923e-05
1.59923e-05
1.59924e-05
1.59924e-05
1.59925e-05
1.59925e-05
1.59926e-05
1.59926e-05
1.59926e-05
1.59926e-05
1.59926e-05
1.59926e-05
1.59926e-05
1.59926e-05
1.59926e-05
1.59926e-05
1.59926e-05
1.59926e-05
1.59925e-05
1.59925e-05
1.59925e-05
1.59924e-05
1.59924e-05
1.59923e-05
1.59923e-05
1.59922e-05
1.59922e-05
1.59922e-05
1.59921e-05
1.59921e-05
1.5992e-05
1.5992e-05
1.5992e-05
1.59919e-05
1.59919e-05
1.59918e-05
1.59918e-05
1.59918e-05
1.59917e-05
1.59917e-05
1.59917e-05
1.59917e-05
1.59916e-05
1.59916e-05
1.59916e-05
1.59915e-05
1.59915e-05
1.59915e-05
1.59914e-05
1.59914e-05
1.59914e-05
1.59913e-05
1.59913e-05
1.59913e-05
1.59912e-05
1.59912e-05
1.59911e-05
1.59911e-05
1.59911e-05
1.59911e-05
1.59912e-05
1.59912e-05
1.59912e-05
1.59913e-05
1.59913e-05
1.59913e-05
1.59913e-05
1.59913e-05
1.59914e-05
1.59914e-05
1.59913e-05
1.59915e-05
2.23465e-05
2.2346e-05
2.23458e-05
2.23457e-05
2.23456e-05
2.23457e-05
2.23457e-05
2.23458e-05
2.23459e-05
2.23459e-05
2.23459e-05
2.2346e-05
2.23461e-05
2.23463e-05
2.23464e-05
2.23465e-05
2.23466e-05
2.23467e-05
2.23469e-05
2.2347e-05
2.23472e-05
2.23473e-05
2.23474e-05
2.23475e-05
2.23477e-05
2.23478e-05
2.23479e-05
2.2348e-05
2.23482e-05
2.23483e-05
2.23484e-05
2.23485e-05
2.23486e-05
2.23487e-05
2.23488e-05
2.23489e-05
2.2349e-05
2.2349e-05
2.23491e-05
2.23492e-05
2.23493e-05
2.23493e-05
2.23494e-05
2.23494e-05
2.23494e-05
2.23494e-05
2.23494e-05
2.23494e-05
2.23495e-05
2.23495e-05
2.23496e-05
2.23496e-05
2.23497e-05
2.23498e-05
2.23498e-05
2.23498e-05
2.23499e-05
2.23499e-05
2.23499e-05
2.23499e-05
2.23499e-05
2.23499e-05
2.23499e-05
2.23499e-05
2.23498e-05
2.23498e-05
2.23498e-05
2.23497e-05
2.23497e-05
2.23496e-05
2.23495e-05
2.23495e-05
2.23494e-05
2.23494e-05
2.23493e-05
2.23492e-05
2.23492e-05
2.23491e-05
2.23491e-05
2.2349e-05
2.2349e-05
2.23489e-05
2.23489e-05
2.23488e-05
2.23488e-05
2.23487e-05
2.23487e-05
2.23486e-05
2.23486e-05
2.23485e-05
2.23485e-05
2.23485e-05
2.23484e-05
2.23484e-05
2.23483e-05
2.23483e-05
2.23483e-05
2.23482e-05
2.23482e-05
2.23481e-05
2.23481e-05
2.2348e-05
2.2348e-05
2.23479e-05
2.23479e-05
2.23478e-05
2.23478e-05
2.23478e-05
2.23479e-05
2.23479e-05
2.23479e-05
2.2348e-05
2.2348e-05
2.23481e-05
2.23481e-05
2.23481e-05
2.23481e-05
2.23482e-05
2.23481e-05
2.23484e-05
2.93451e-05
2.93443e-05
2.93441e-05
2.9344e-05
2.93439e-05
2.9344e-05
2.93441e-05
2.93443e-05
2.93444e-05
2.93444e-05
2.93445e-05
2.93446e-05
2.93448e-05
2.93449e-05
2.93451e-05
2.93453e-05
2.93454e-05
2.93456e-05
2.93458e-05
2.93459e-05
2.93461e-05
2.93463e-05
2.93465e-05
2.93466e-05
2.93468e-05
2.9347e-05
2.93471e-05
2.93473e-05
2.93475e-05
2.93476e-05
2.93477e-05
2.93479e-05
2.9348e-05
2.93482e-05
2.93483e-05
2.93484e-05
2.93485e-05
2.93486e-05
2.93487e-05
2.93488e-05
2.93489e-05
2.9349e-05
2.93491e-05
2.93491e-05
2.93491e-05
2.93491e-05
2.93491e-05
2.93492e-05
2.93492e-05
2.93493e-05
2.93493e-05
2.93494e-05
2.93495e-05
2.93496e-05
2.93496e-05
2.93497e-05
2.93497e-05
2.93498e-05
2.93498e-05
2.93498e-05
2.93498e-05
2.93498e-05
2.93498e-05
2.93497e-05
2.93497e-05
2.93496e-05
2.93496e-05
2.93495e-05
2.93494e-05
2.93493e-05
2.93493e-05
2.93492e-05
2.93491e-05
2.9349e-05
2.9349e-05
2.93489e-05
2.93488e-05
2.93487e-05
2.93487e-05
2.93486e-05
2.93485e-05
2.93484e-05
2.93484e-05
2.93483e-05
2.93483e-05
2.93482e-05
2.93481e-05
2.93481e-05
2.9348e-05
2.9348e-05
2.93479e-05
2.93479e-05
2.93478e-05
2.93477e-05
2.93477e-05
2.93476e-05
2.93476e-05
2.93475e-05
2.93475e-05
2.93474e-05
2.93474e-05
2.93473e-05
2.93473e-05
2.93472e-05
2.93471e-05
2.9347e-05
2.9347e-05
2.9347e-05
2.93471e-05
2.93471e-05
2.93472e-05
2.93472e-05
2.93473e-05
2.93473e-05
2.93474e-05
2.93474e-05
2.93474e-05
2.93475e-05
2.93473e-05
2.93478e-05
3.68571e-05
3.6856e-05
3.68557e-05
3.68556e-05
3.68555e-05
3.68557e-05
3.68559e-05
3.6856e-05
3.68562e-05
3.68563e-05
3.68564e-05
3.68565e-05
3.68568e-05
3.6857e-05
3.68572e-05
3.68574e-05
3.68576e-05
3.68578e-05
3.6858e-05
3.68583e-05
3.68585e-05
3.68587e-05
3.6859e-05
3.68592e-05
3.68594e-05
3.68596e-05
3.68598e-05
3.686e-05
3.68602e-05
3.68604e-05
3.68606e-05
3.68608e-05
3.68609e-05
3.68611e-05
3.68613e-05
3.68614e-05
3.68616e-05
3.68617e-05
3.68619e-05
3.6862e-05
3.68621e-05
3.68622e-05
3.68623e-05
3.68624e-05
3.68624e-05
3.68624e-05
3.68624e-05
3.68624e-05
3.68625e-05
3.68625e-05
3.68626e-05
3.68627e-05
3.68628e-05
3.68629e-05
3.6863e-05
3.68631e-05
3.68631e-05
3.68632e-05
3.68632e-05
3.68632e-05
3.68632e-05
3.68632e-05
3.68631e-05
3.68631e-05
3.6863e-05
3.6863e-05
3.68629e-05
3.68628e-05
3.68627e-05
3.68626e-05
3.68625e-05
3.68624e-05
3.68623e-05
3.68622e-05
3.68621e-05
3.6862e-05
3.68619e-05
3.68618e-05
3.68617e-05
3.68617e-05
3.68616e-05
3.68615e-05
3.68614e-05
3.68613e-05
3.68612e-05
3.68612e-05
3.68611e-05
3.6861e-05
3.68609e-05
3.68609e-05
3.68608e-05
3.68607e-05
3.68607e-05
3.68606e-05
3.68605e-05
3.68604e-05
3.68604e-05
3.68603e-05
3.68602e-05
3.68602e-05
3.68601e-05
3.68601e-05
3.686e-05
3.68599e-05
3.68598e-05
3.68597e-05
3.68597e-05
3.68597e-05
3.68597e-05
3.68598e-05
3.68599e-05
3.68599e-05
3.686e-05
3.68601e-05
3.68601e-05
3.68602e-05
3.68602e-05
3.68603e-05
3.68601e-05
3.68608e-05
4.47918e-05
4.47904e-05
4.47899e-05
4.47898e-05
4.47898e-05
4.47899e-05
4.47902e-05
4.47905e-05
4.47907e-05
4.47908e-05
4.4791e-05
4.47912e-05
4.47914e-05
4.47917e-05
4.4792e-05
4.47923e-05
4.47925e-05
4.47928e-05
4.4793e-05
4.47933e-05
4.47936e-05
4.47939e-05
4.47942e-05
4.47944e-05
4.47947e-05
4.4795e-05
4.47952e-05
4.47955e-05
4.47957e-05
4.4796e-05
4.47962e-05
4.47964e-05
4.47966e-05
4.47969e-05
4.47971e-05
4.47973e-05
4.47974e-05
4.47976e-05
4.47978e-05
4.4798e-05
4.47981e-05
4.47983e-05
4.47984e-05
4.47985e-05
4.47985e-05
4.47985e-05
4.47985e-05
4.47986e-05
4.47986e-05
4.47987e-05
4.47988e-05
4.47989e-05
4.4799e-05
4.47991e-05
4.47992e-05
4.47993e-05
4.47994e-05
4.47994e-05
4.47994e-05
4.47994e-05
4.47994e-05
4.47994e-05
4.47994e-05
4.47993e-05
4.47992e-05
4.47991e-05
4.4799e-05
4.47989e-05
4.47988e-05
4.47987e-05
4.47986e-05
4.47985e-05
4.47983e-05
4.47982e-05
4.47981e-05
4.4798e-05
4.47979e-05
4.47978e-05
4.47976e-05
4.47975e-05
4.47974e-05
4.47973e-05
4.47972e-05
4.47971e-05
4.4797e-05
4.47969e-05
4.47968e-05
4.47967e-05
4.47966e-05
4.47965e-05
4.47965e-05
4.47964e-05
4.47963e-05
4.47962e-05
4.47961e-05
4.4796e-05
4.47959e-05
4.47959e-05
4.47958e-05
4.47957e-05
4.47957e-05
4.47956e-05
4.47955e-05
4.47955e-05
4.47953e-05
4.47952e-05
4.47952e-05
4.47952e-05
4.47952e-05
4.47953e-05
4.47954e-05
4.47954e-05
4.47955e-05
4.47956e-05
4.47957e-05
4.47957e-05
4.47958e-05
4.47959e-05
4.47957e-05
4.47966e-05
5.30843e-05
5.30825e-05
5.3082e-05
5.30818e-05
5.30818e-05
5.3082e-05
5.30824e-05
5.30827e-05
5.3083e-05
5.30832e-05
5.30834e-05
5.30836e-05
5.30839e-05
5.30843e-05
5.30847e-05
5.3085e-05
5.30853e-05
5.30856e-05
5.30859e-05
5.30863e-05
5.30866e-05
5.3087e-05
5.30873e-05
5.30876e-05
5.30879e-05
5.30882e-05
5.30886e-05
5.30889e-05
5.30892e-05
5.30895e-05
5.30897e-05
5.309e-05
5.30903e-05
5.30905e-05
5.30908e-05
5.3091e-05
5.30913e-05
5.30915e-05
5.30917e-05
5.30919e-05
5.30921e-05
5.30923e-05
5.30924e-05
5.30925e-05
5.30926e-05
5.30926e-05
5.30927e-05
5.30927e-05
5.30928e-05
5.30928e-05
5.30929e-05
5.30931e-05
5.30932e-05
5.30933e-05
5.30934e-05
5.30935e-05
5.30936e-05
5.30936e-05
5.30937e-05
5.30937e-05
5.30937e-05
5.30936e-05
5.30936e-05
5.30935e-05
5.30934e-05
5.30933e-05
5.30931e-05
5.3093e-05
5.30929e-05
5.30927e-05
5.30926e-05
5.30925e-05
5.30923e-05
5.30922e-05
5.3092e-05
5.30919e-05
5.30918e-05
5.30916e-05
5.30915e-05
5.30914e-05
5.30912e-05
5.30911e-05
5.3091e-05
5.30909e-05
5.30907e-05
5.30906e-05
5.30905e-05
5.30904e-05
5.30903e-05
5.30902e-05
5.30901e-05
5.30899e-05
5.30898e-05
5.30897e-05
5.30896e-05
5.30895e-05
5.30894e-05
5.30893e-05
5.30893e-05
5.30892e-05
5.30891e-05
5.30891e-05
5.3089e-05
5.30889e-05
5.30888e-05
5.30887e-05
5.30887e-05
5.30887e-05
5.30887e-05
5.30887e-05
5.30888e-05
5.30889e-05
5.3089e-05
5.30891e-05
5.30892e-05
5.30893e-05
5.30893e-05
5.30894e-05
5.30892e-05
5.30904e-05
6.16872e-05
6.16851e-05
6.16845e-05
6.16843e-05
6.16843e-05
6.16845e-05
6.16849e-05
6.16853e-05
6.16857e-05
6.16859e-05
6.16862e-05
6.16865e-05
6.16869e-05
6.16873e-05
6.16877e-05
6.16881e-05
6.16885e-05
6.16888e-05
6.16892e-05
6.16896e-05
6.16901e-05
6.16905e-05
6.16909e-05
6.16912e-05
6.16916e-05
6.1692e-05
6.16924e-05
6.16927e-05
6.16931e-05
6.16934e-05
6.16938e-05
6.16941e-05
6.16944e-05
6.16947e-05
6.1695e-05
6.16953e-05
6.16956e-05
6.16959e-05
6.16961e-05
6.16964e-05
6.16966e-05
6.16968e-05
6.1697e-05
6.16971e-05
6.16973e-05
6.16973e-05
6.16973e-05
6.16974e-05
6.16975e-05
6.16976e-05
6.16977e-05
6.16978e-05
6.16979e-05
6.16981e-05
6.16982e-05
6.16983e-05
6.16984e-05
6.16985e-05
6.16985e-05
6.16985e-05
6.16984e-05
6.16984e-05
6.16983e-05
6.16982e-05
6.16981e-05
6.16979e-05
6.16978e-05
6.16976e-05
6.16975e-05
6.16973e-05
6.16971e-05
6.1697e-05
6.16968e-05
6.16966e-05
6.16965e-05
6.16963e-05
6.16961e-05
6.1696e-05
6.16958e-05
6.16957e-05
6.16955e-05
6.16954e-05
6.16952e-05
6.16951e-05
6.16949e-05
6.16948e-05
6.16947e-05
6.16945e-05
6.16944e-05
6.16943e-05
6.16941e-05
6.1694e-05
6.16939e-05
6.16937e-05
6.16936e-05
6.16935e-05
6.16934e-05
6.16933e-05
6.16932e-05
6.16931e-05
6.16931e-05
6.1693e-05
6.1693e-05
6.16929e-05
6.16928e-05
6.16927e-05
6.16927e-05
6.16927e-05
6.16927e-05
6.16927e-05
6.16928e-05
6.16929e-05
6.1693e-05
6.16931e-05
6.16932e-05
6.16933e-05
6.16934e-05
6.16935e-05
6.16932e-05
6.16948e-05
7.05652e-05
7.05628e-05
7.05621e-05
7.05618e-05
7.05618e-05
7.05621e-05
7.05625e-05
7.0563e-05
7.05634e-05
7.05637e-05
7.05641e-05
7.05644e-05
7.05649e-05
7.05654e-05
7.05659e-05
7.05663e-05
7.05668e-05
7.05672e-05
7.05676e-05
7.05681e-05
7.05686e-05
7.05691e-05
7.05695e-05
7.057e-05
7.05704e-05
7.05708e-05
7.05713e-05
7.05717e-05
7.05721e-05
7.05725e-05
7.05729e-05
7.05733e-05
7.05737e-05
7.05741e-05
7.05744e-05
7.05747e-05
7.05751e-05
7.05754e-05
7.05757e-05
7.0576e-05
7.05763e-05
7.05765e-05
7.05767e-05
7.05769e-05
7.05771e-05
7.05772e-05
7.05772e-05
7.05773e-05
7.05774e-05
7.05775e-05
7.05776e-05
7.05778e-05
7.05779e-05
7.05781e-05
7.05782e-05
7.05783e-05
7.05784e-05
7.05784e-05
7.05784e-05
7.05784e-05
7.05784e-05
7.05783e-05
7.05781e-05
7.0578e-05
7.05779e-05
7.05777e-05
7.05775e-05
7.05773e-05
7.05771e-05
7.05769e-05
7.05767e-05
7.05766e-05
7.05764e-05
7.05762e-05
7.0576e-05
7.05758e-05
7.05756e-05
7.05754e-05
7.05752e-05
7.0575e-05
7.05749e-05
7.05747e-05
7.05745e-05
7.05744e-05
7.05742e-05
7.05741e-05
7.05739e-05
7.05737e-05
7.05736e-05
7.05734e-05
7.05733e-05
7.05731e-05
7.0573e-05
7.05728e-05
7.05727e-05
7.05725e-05
7.05724e-05
7.05723e-05
7.05723e-05
7.05722e-05
7.05722e-05
7.05721e-05
7.05721e-05
7.05721e-05
7.0572e-05
7.05719e-05
7.05718e-05
7.05718e-05
7.05719e-05
7.05719e-05
7.0572e-05
7.05721e-05
7.05722e-05
7.05723e-05
7.05724e-05
7.05726e-05
7.05726e-05
7.05728e-05
7.05724e-05
7.05743e-05
7.96916e-05
7.96888e-05
7.9688e-05
7.96877e-05
7.96878e-05
7.96881e-05
7.96885e-05
7.96891e-05
7.96895e-05
7.96899e-05
7.96903e-05
7.96907e-05
7.96913e-05
7.96918e-05
7.96924e-05
7.96929e-05
7.96934e-05
7.96939e-05
7.96944e-05
7.9695e-05
7.96955e-05
7.96961e-05
7.96966e-05
7.96971e-05
7.96976e-05
7.96981e-05
7.96986e-05
7.96991e-05
7.96996e-05
7.97001e-05
7.97005e-05
7.97009e-05
7.97014e-05
7.97018e-05
7.97022e-05
7.97026e-05
7.9703e-05
7.97034e-05
7.97037e-05
7.9704e-05
7.97044e-05
7.97047e-05
7.97049e-05
7.97052e-05
7.97054e-05
7.97055e-05
7.97056e-05
7.97057e-05
7.97058e-05
7.97059e-05
7.97061e-05
7.97062e-05
7.97064e-05
7.97066e-05
7.97067e-05
7.97068e-05
7.97068e-05
7.97069e-05
7.97068e-05
7.97068e-05
7.97067e-05
7.97065e-05
7.97064e-05
7.97062e-05
7.9706e-05
7.97058e-05
7.97056e-05
7.97054e-05
7.97052e-05
7.97049e-05
7.97047e-05
7.97045e-05
7.97043e-05
7.9704e-05
7.97038e-05
7.97036e-05
7.97034e-05
7.97032e-05
7.9703e-05
7.97028e-05
7.97026e-05
7.97024e-05
7.97022e-05
7.9702e-05
7.97018e-05
7.97016e-05
7.97014e-05
7.97013e-05
7.97011e-05
7.97009e-05
7.97007e-05
7.97005e-05
7.97004e-05
7.97002e-05
7.97e-05
7.96999e-05
7.96998e-05
7.96997e-05
7.96997e-05
7.96996e-05
7.96996e-05
7.96996e-05
7.96996e-05
7.96996e-05
7.96995e-05
7.96995e-05
7.96994e-05
7.96994e-05
7.96995e-05
7.96996e-05
7.96996e-05
7.96998e-05
7.96999e-05
7.97e-05
7.97001e-05
7.97003e-05
7.97003e-05
7.97005e-05
7.97001e-05
7.97024e-05
8.90461e-05
8.90429e-05
8.9042e-05
8.90418e-05
8.90418e-05
8.90421e-05
8.90427e-05
8.90432e-05
8.90438e-05
8.90442e-05
8.90447e-05
8.90451e-05
8.90457e-05
8.90464e-05
8.9047e-05
8.90476e-05
8.90482e-05
8.90488e-05
8.90493e-05
8.90499e-05
8.90506e-05
8.90512e-05
8.90518e-05
8.90524e-05
8.90529e-05
8.90535e-05
8.90541e-05
8.90546e-05
8.90552e-05
8.90557e-05
8.90562e-05
8.90567e-05
8.90572e-05
8.90577e-05
8.90582e-05
8.90586e-05
8.9059e-05
8.90595e-05
8.90599e-05
8.90603e-05
8.90606e-05
8.9061e-05
8.90613e-05
8.90616e-05
8.90618e-05
8.9062e-05
8.90621e-05
8.90622e-05
8.90624e-05
8.90625e-05
8.90627e-05
8.90629e-05
8.9063e-05
8.90632e-05
8.90633e-05
8.90634e-05
8.90634e-05
8.90634e-05
8.90633e-05
8.90632e-05
8.9063e-05
8.90629e-05
8.90627e-05
8.90624e-05
8.90622e-05
8.9062e-05
8.90617e-05
8.90614e-05
8.90612e-05
8.90609e-05
8.90607e-05
8.90604e-05
8.90601e-05
8.90599e-05
8.90596e-05
8.90594e-05
8.90592e-05
8.90589e-05
8.90587e-05
8.90585e-05
8.90582e-05
8.9058e-05
8.90578e-05
8.90576e-05
8.90574e-05
8.90572e-05
8.9057e-05
8.90568e-05
8.90565e-05
8.90563e-05
8.90561e-05
8.90559e-05
8.90557e-05
8.90556e-05
8.90554e-05
8.90553e-05
8.90552e-05
8.90551e-05
8.90551e-05
8.90551e-05
8.90551e-05
8.90552e-05
8.90552e-05
8.90552e-05
8.90552e-05
8.90551e-05
8.90551e-05
8.90552e-05
8.90552e-05
8.90553e-05
8.90554e-05
8.90555e-05
8.90557e-05
8.90558e-05
8.9056e-05
8.90561e-05
8.90562e-05
8.90564e-05
8.9056e-05
8.90586e-05
9.86133e-05
9.86097e-05
9.86088e-05
9.86085e-05
9.86086e-05
9.86089e-05
9.86095e-05
9.86102e-05
9.86107e-05
9.86112e-05
9.86117e-05
9.86123e-05
9.8613e-05
9.86137e-05
9.86144e-05
9.86151e-05
9.86157e-05
9.86163e-05
9.8617e-05
9.86177e-05
9.86184e-05
9.86191e-05
9.86197e-05
9.86204e-05
9.8621e-05
9.86216e-05
9.86223e-05
9.86229e-05
9.86235e-05
9.86241e-05
9.86247e-05
9.86252e-05
9.86258e-05
9.86263e-05
9.86269e-05
9.86274e-05
9.86279e-05
9.86283e-05
9.86288e-05
9.86292e-05
9.86297e-05
9.86301e-05
9.86304e-05
9.86308e-05
9.86311e-05
9.86312e-05
9.86314e-05
9.86315e-05
9.86317e-05
9.86319e-05
9.86321e-05
9.86323e-05
9.86325e-05
9.86326e-05
9.86327e-05
9.86327e-05
9.86327e-05
9.86326e-05
9.86325e-05
9.86323e-05
9.8632e-05
9.86318e-05
9.86315e-05
9.86313e-05
9.8631e-05
9.86307e-05
9.86304e-05
9.86301e-05
9.86298e-05
9.86295e-05
9.86292e-05
9.86289e-05
9.86286e-05
9.86283e-05
9.8628e-05
9.86277e-05
9.86275e-05
9.86272e-05
9.86269e-05
9.86267e-05
9.86264e-05
9.86262e-05
9.86259e-05
9.86257e-05
9.86255e-05
9.86252e-05
9.8625e-05
9.86248e-05
9.86245e-05
9.86243e-05
9.86241e-05
9.86238e-05
9.86236e-05
9.86235e-05
9.86233e-05
9.86232e-05
9.86232e-05
9.86232e-05
9.86232e-05
9.86232e-05
9.86233e-05
9.86234e-05
9.86235e-05
9.86236e-05
9.86236e-05
9.86236e-05
9.86236e-05
9.86237e-05
9.86237e-05
9.86238e-05
9.8624e-05
9.86241e-05
9.86243e-05
9.86244e-05
9.86246e-05
9.86247e-05
9.86248e-05
9.86251e-05
9.86246e-05
9.86276e-05
0.000108382
0.000108378
0.000108377
0.000108377
0.000108377
0.000108377
0.000108378
0.000108378
0.000108379
0.00010838
0.00010838
0.000108381
0.000108381
0.000108382
0.000108383
0.000108384
0.000108385
0.000108385
0.000108386
0.000108387
0.000108387
0.000108388
0.000108389
0.00010839
0.00010839
0.000108391
0.000108392
0.000108392
0.000108393
0.000108394
0.000108394
0.000108395
0.000108396
0.000108396
0.000108397
0.000108397
0.000108398
0.000108399
0.000108399
0.0001084
0.0001084
0.0001084
0.000108401
0.000108401
0.000108402
0.000108402
0.000108402
0.000108402
0.000108402
0.000108403
0.000108403
0.000108403
0.000108403
0.000108403
0.000108403
0.000108403
0.000108403
0.000108403
0.000108403
0.000108402
0.000108402
0.000108402
0.000108401
0.000108401
0.000108401
0.0001084
0.0001084
0.0001084
0.000108399
0.000108399
0.000108399
0.000108398
0.000108398
0.000108398
0.000108397
0.000108397
0.000108397
0.000108396
0.000108396
0.000108396
0.000108396
0.000108395
0.000108395
0.000108395
0.000108395
0.000108394
0.000108394
0.000108394
0.000108394
0.000108393
0.000108393
0.000108393
0.000108393
0.000108392
0.000108392
0.000108392
0.000108392
0.000108392
0.000108392
0.000108393
0.000108393
0.000108393
0.000108393
0.000108393
0.000108393
0.000108393
0.000108393
0.000108393
0.000108394
0.000108394
0.000108394
0.000108394
0.000108394
0.000108394
0.000108394
0.000108395
0.000108395
0.000108395
0.000108395
0.000108398
0.000118343
0.000118339
0.000118338
0.000118338
0.000118338
0.000118338
0.000118339
0.00011834
0.00011834
0.000118341
0.000118342
0.000118342
0.000118343
0.000118344
0.000118345
0.000118346
0.000118346
0.000118347
0.000118348
0.000118349
0.00011835
0.00011835
0.000118351
0.000118352
0.000118353
0.000118354
0.000118354
0.000118355
0.000118356
0.000118357
0.000118357
0.000118358
0.000118359
0.000118359
0.00011836
0.000118361
0.000118361
0.000118362
0.000118362
0.000118363
0.000118363
0.000118364
0.000118364
0.000118365
0.000118365
0.000118365
0.000118366
0.000118366
0.000118366
0.000118366
0.000118367
0.000118367
0.000118367
0.000118367
0.000118367
0.000118367
0.000118366
0.000118366
0.000118366
0.000118365
0.000118365
0.000118365
0.000118364
0.000118364
0.000118363
0.000118363
0.000118362
0.000118362
0.000118362
0.000118361
0.000118361
0.00011836
0.00011836
0.00011836
0.000118359
0.000118359
0.000118359
0.000118358
0.000118358
0.000118358
0.000118357
0.000118357
0.000118357
0.000118357
0.000118356
0.000118356
0.000118356
0.000118355
0.000118355
0.000118355
0.000118355
0.000118354
0.000118354
0.000118354
0.000118354
0.000118354
0.000118354
0.000118354
0.000118355
0.000118355
0.000118355
0.000118355
0.000118356
0.000118356
0.000118356
0.000118356
0.000118356
0.000118356
0.000118356
0.000118357
0.000118357
0.000118357
0.000118357
0.000118357
0.000118357
0.000118358
0.000118358
0.000118358
0.000118358
0.000118361
0.000128493
0.000128488
0.000128487
0.000128487
0.000128487
0.000128487
0.000128488
0.000128489
0.000128489
0.00012849
0.000128491
0.000128491
0.000128492
0.000128493
0.000128494
0.000128495
0.000128496
0.000128497
0.000128498
0.000128498
0.000128499
0.0001285
0.000128501
0.000128502
0.000128503
0.000128504
0.000128505
0.000128505
0.000128506
0.000128507
0.000128508
0.000128508
0.000128509
0.00012851
0.000128511
0.000128511
0.000128512
0.000128513
0.000128513
0.000128514
0.000128514
0.000128515
0.000128515
0.000128516
0.000128516
0.000128517
0.000128517
0.000128517
0.000128517
0.000128518
0.000128518
0.000128518
0.000128518
0.000128518
0.000128518
0.000128517
0.000128517
0.000128516
0.000128516
0.000128515
0.000128515
0.000128514
0.000128514
0.000128513
0.000128513
0.000128512
0.000128512
0.000128511
0.000128511
0.00012851
0.00012851
0.00012851
0.000128509
0.000128509
0.000128508
0.000128508
0.000128508
0.000128507
0.000128507
0.000128507
0.000128506
0.000128506
0.000128506
0.000128505
0.000128505
0.000128505
0.000128504
0.000128504
0.000128504
0.000128503
0.000128503
0.000128503
0.000128503
0.000128503
0.000128503
0.000128503
0.000128503
0.000128504
0.000128504
0.000128504
0.000128505
0.000128505
0.000128505
0.000128506
0.000128506
0.000128506
0.000128506
0.000128506
0.000128507
0.000128507
0.000128507
0.000128507
0.000128507
0.000128508
0.000128508
0.000128508
0.000128508
0.000128509
0.000128508
0.000128512
0.000138826
0.000138821
0.00013882
0.00013882
0.00013882
0.00013882
0.000138821
0.000138822
0.000138823
0.000138823
0.000138824
0.000138825
0.000138826
0.000138827
0.000138828
0.000138829
0.00013883
0.000138831
0.000138832
0.000138833
0.000138833
0.000138834
0.000138835
0.000138836
0.000138837
0.000138838
0.000138839
0.00013884
0.000138841
0.000138842
0.000138842
0.000138843
0.000138844
0.000138845
0.000138846
0.000138846
0.000138847
0.000138848
0.000138848
0.000138849
0.00013885
0.00013885
0.000138851
0.000138851
0.000138852
0.000138852
0.000138852
0.000138853
0.000138853
0.000138853
0.000138854
0.000138854
0.000138853
0.000138853
0.000138853
0.000138852
0.000138851
0.000138851
0.00013885
0.000138849
0.000138849
0.000138848
0.000138847
0.000138847
0.000138846
0.000138846
0.000138845
0.000138844
0.000138844
0.000138843
0.000138843
0.000138842
0.000138842
0.000138842
0.000138841
0.000138841
0.00013884
0.00013884
0.00013884
0.000138839
0.000138839
0.000138839
0.000138838
0.000138838
0.000138837
0.000138837
0.000138837
0.000138836
0.000138836
0.000138836
0.000138835
0.000138835
0.000138835
0.000138836
0.000138836
0.000138836
0.000138837
0.000138837
0.000138838
0.000138838
0.000138839
0.000138839
0.00013884
0.00013884
0.00013884
0.00013884
0.000138841
0.000138841
0.000138841
0.000138841
0.000138842
0.000138842
0.000138842
0.000138842
0.000138843
0.000138843
0.000138843
0.000138844
0.000138843
0.000138847
0.000149343
0.000149337
0.000149336
0.000149336
0.000149336
0.000149337
0.000149338
0.000149338
0.000149339
0.00014934
0.000149341
0.000149342
0.000149343
0.000149344
0.000149345
0.000149346
0.000149347
0.000149348
0.000149349
0.00014935
0.000149351
0.000149352
0.000149353
0.000149354
0.000149355
0.000149356
0.000149357
0.000149358
0.000149358
0.000149359
0.00014936
0.000149361
0.000149362
0.000149363
0.000149364
0.000149364
0.000149365
0.000149366
0.000149367
0.000149367
0.000149368
0.000149369
0.000149369
0.00014937
0.00014937
0.000149371
0.000149371
0.000149371
0.000149372
0.000149372
0.000149372
0.000149372
0.000149371
0.000149371
0.00014937
0.000149369
0.000149368
0.000149367
0.000149366
0.000149365
0.000149365
0.000149364
0.000149363
0.000149362
0.000149362
0.000149361
0.00014936
0.00014936
0.000149359
0.000149359
0.000149358
0.000149358
0.000149357
0.000149357
0.000149356
0.000149356
0.000149355
0.000149355
0.000149355
0.000149354
0.000149354
0.000149353
0.000149353
0.000149353
0.000149352
0.000149352
0.000149351
0.000149351
0.000149351
0.00014935
0.00014935
0.00014935
0.00014935
0.000149351
0.000149351
0.000149352
0.000149353
0.000149353
0.000149354
0.000149355
0.000149355
0.000149356
0.000149357
0.000149357
0.000149357
0.000149358
0.000149358
0.000149358
0.000149359
0.000149359
0.000149359
0.00014936
0.00014936
0.00014936
0.00014936
0.000149361
0.000149361
0.000149361
0.000149361
0.000149365
0.000160043
0.000160037
0.000160036
0.000160036
0.000160037
0.000160037
0.000160038
0.000160039
0.00016004
0.000160041
0.000160041
0.000160042
0.000160043
0.000160045
0.000160046
0.000160047
0.000160048
0.000160049
0.00016005
0.000160051
0.000160052
0.000160053
0.000160054
0.000160055
0.000160056
0.000160057
0.000160058
0.000160059
0.00016006
0.000160061
0.000160062
0.000160063
0.000160064
0.000160065
0.000160065
0.000160066
0.000160067
0.000160068
0.000160069
0.000160069
0.00016007
0.000160071
0.000160072
0.000160072
0.000160073
0.000160073
0.000160073
0.000160074
0.000160074
0.000160074
0.000160074
0.000160073
0.000160072
0.000160071
0.00016007
0.000160069
0.000160068
0.000160066
0.000160065
0.000160064
0.000160063
0.000160062
0.000160062
0.000160061
0.00016006
0.000160059
0.000160059
0.000160058
0.000160057
0.000160057
0.000160056
0.000160056
0.000160055
0.000160055
0.000160054
0.000160054
0.000160053
0.000160053
0.000160052
0.000160052
0.000160051
0.000160051
0.000160051
0.00016005
0.00016005
0.000160049
0.000160049
0.000160048
0.000160048
0.000160048
0.000160048
0.000160048
0.000160049
0.00016005
0.00016005
0.000160051
0.000160052
0.000160053
0.000160054
0.000160055
0.000160056
0.000160057
0.000160057
0.000160058
0.000160058
0.000160059
0.000160059
0.00016006
0.00016006
0.00016006
0.000160061
0.000160061
0.000160061
0.000160062
0.000160062
0.000160062
0.000160062
0.000160063
0.000160062
0.000160067
0.00017093
0.000170924
0.000170923
0.000170923
0.000170923
0.000170924
0.000170925
0.000170926
0.000170927
0.000170928
0.000170928
0.000170929
0.00017093
0.000170932
0.000170933
0.000170934
0.000170935
0.000170936
0.000170937
0.000170938
0.000170939
0.000170941
0.000170942
0.000170943
0.000170944
0.000170945
0.000170946
0.000170947
0.000170948
0.000170949
0.00017095
0.000170951
0.000170952
0.000170953
0.000170954
0.000170954
0.000170955
0.000170956
0.000170957
0.000170958
0.000170958
0.000170959
0.00017096
0.000170961
0.000170961
0.000170962
0.000170962
0.000170962
0.000170963
0.000170963
0.000170962
0.00017096
0.000170959
0.000170957
0.000170955
0.000170954
0.000170952
0.000170951
0.000170949
0.000170948
0.000170947
0.000170946
0.000170945
0.000170944
0.000170943
0.000170943
0.000170942
0.000170941
0.00017094
0.00017094
0.000170939
0.000170939
0.000170938
0.000170937
0.000170937
0.000170936
0.000170936
0.000170935
0.000170935
0.000170934
0.000170934
0.000170934
0.000170933
0.000170933
0.000170932
0.000170932
0.000170931
0.000170931
0.000170931
0.000170931
0.000170931
0.000170932
0.000170933
0.000170934
0.000170935
0.000170937
0.000170938
0.000170939
0.00017094
0.000170941
0.000170942
0.000170943
0.000170944
0.000170945
0.000170946
0.000170946
0.000170946
0.000170947
0.000170947
0.000170948
0.000170948
0.000170948
0.000170949
0.000170949
0.000170949
0.00017095
0.00017095
0.000170951
0.00017095
0.000170955
0.000182006
0.000182
0.000181999
0.000181999
0.000182
0.000182001
0.000182002
0.000182003
0.000182004
0.000182005
0.000182006
0.000182007
0.000182008
0.000182009
0.00018201
0.000182011
0.000182013
0.000182014
0.000182015
0.000182016
0.000182017
0.000182018
0.000182019
0.000182021
0.000182022
0.000182023
0.000182024
0.000182025
0.000182026
0.000182027
0.000182028
0.000182029
0.00018203
0.000182031
0.000182032
0.000182033
0.000182034
0.000182034
0.000182035
0.000182036
0.000182037
0.000182038
0.000182038
0.000182039
0.00018204
0.00018204
0.000182041
0.000182041
0.000182041
0.00018204
0.000182039
0.000182036
0.000182034
0.000182031
0.000182029
0.000182027
0.000182025
0.000182024
0.000182022
0.000182021
0.000182019
0.000182018
0.000182017
0.000182016
0.000182015
0.000182015
0.000182014
0.000182013
0.000182012
0.000182012
0.000182011
0.00018201
0.00018201
0.000182009
0.000182008
0.000182008
0.000182007
0.000182007
0.000182006
0.000182006
0.000182005
0.000182005
0.000182004
0.000182004
0.000182003
0.000182003
0.000182002
0.000182002
0.000182002
0.000182003
0.000182004
0.000182005
0.000182007
0.000182008
0.00018201
0.000182012
0.000182014
0.000182015
0.000182016
0.000182018
0.000182019
0.00018202
0.000182021
0.000182022
0.000182023
0.000182023
0.000182024
0.000182024
0.000182024
0.000182025
0.000182025
0.000182025
0.000182026
0.000182026
0.000182027
0.000182027
0.000182028
0.000182028
0.000182027
0.000182033
0.000193279
0.000193273
0.000193272
0.000193272
0.000193272
0.000193273
0.000193274
0.000193275
0.000193276
0.000193278
0.000193279
0.00019328
0.000193281
0.000193282
0.000193283
0.000193285
0.000193286
0.000193287
0.000193288
0.000193289
0.000193291
0.000193292
0.000193293
0.000193294
0.000193295
0.000193296
0.000193297
0.000193299
0.0001933
0.000193301
0.000193302
0.000193303
0.000193304
0.000193305
0.000193306
0.000193307
0.000193307
0.000193308
0.000193309
0.00019331
0.000193311
0.000193312
0.000193312
0.000193313
0.000193314
0.000193314
0.000193315
0.000193315
0.000193314
0.000193313
0.000193309
0.000193305
0.000193302
0.000193299
0.000193296
0.000193294
0.000193292
0.00019329
0.000193288
0.000193287
0.000193285
0.000193284
0.000193283
0.000193282
0.000193281
0.00019328
0.000193279
0.000193278
0.000193278
0.000193277
0.000193276
0.000193276
0.000193275
0.000193274
0.000193274
0.000193273
0.000193273
0.000193272
0.000193272
0.000193271
0.000193271
0.00019327
0.000193269
0.000193269
0.000193268
0.000193268
0.000193267
0.000193267
0.000193268
0.000193269
0.000193271
0.000193273
0.000193276
0.000193278
0.000193281
0.000193283
0.000193285
0.000193286
0.000193288
0.00019329
0.000193291
0.000193292
0.000193293
0.000193294
0.000193295
0.000193296
0.000193296
0.000193296
0.000193297
0.000193297
0.000193298
0.000193298
0.000193299
0.000193299
0.0001933
0.0001933
0.0001933
0.000193301
0.0001933
0.000193306
0.000204753
0.000204747
0.000204746
0.000204747
0.000204747
0.000204748
0.000204749
0.000204751
0.000204752
0.000204753
0.000204754
0.000204755
0.000204756
0.000204758
0.000204759
0.00020476
0.000204761
0.000204763
0.000204764
0.000204765
0.000204766
0.000204768
0.000204769
0.00020477
0.000204771
0.000204772
0.000204773
0.000204775
0.000204776
0.000204777
0.000204778
0.000204779
0.00020478
0.000204781
0.000204782
0.000204783
0.000204784
0.000204784
0.000204785
0.000204786
0.000204787
0.000204788
0.000204789
0.000204789
0.00020479
0.00020479
0.000204791
0.00020479
0.000204789
0.000204785
0.000204779
0.000204774
0.000204769
0.000204766
0.000204763
0.00020476
0.000204758
0.000204756
0.000204754
0.000204753
0.000204751
0.00020475
0.000204749
0.000204748
0.000204747
0.000204746
0.000204745
0.000204744
0.000204743
0.000204743
0.000204742
0.000204741
0.000204741
0.00020474
0.000204739
0.000204739
0.000204738
0.000204738
0.000204737
0.000204736
0.000204736
0.000204735
0.000204735
0.000204734
0.000204734
0.000204733
0.000204732
0.000204733
0.000204734
0.000204737
0.00020474
0.000204744
0.000204747
0.000204751
0.000204753
0.000204756
0.000204758
0.00020476
0.000204762
0.000204764
0.000204765
0.000204767
0.000204768
0.000204769
0.00020477
0.00020477
0.000204771
0.000204771
0.000204771
0.000204772
0.000204772
0.000204773
0.000204773
0.000204774
0.000204774
0.000204775
0.000204776
0.000204776
0.000204776
0.000204782
0.000216439
0.000216433
0.000216432
0.000216432
0.000216433
0.000216434
0.000216435
0.000216437
0.000216438
0.000216439
0.00021644
0.000216441
0.000216443
0.000216444
0.000216445
0.000216447
0.000216448
0.000216449
0.00021645
0.000216452
0.000216453
0.000216454
0.000216455
0.000216457
0.000216458
0.000216459
0.00021646
0.000216461
0.000216462
0.000216463
0.000216464
0.000216465
0.000216466
0.000216467
0.000216468
0.000216469
0.00021647
0.000216471
0.000216472
0.000216473
0.000216474
0.000216474
0.000216475
0.000216476
0.000216477
0.000216477
0.000216478
0.000216476
0.000216473
0.000216465
0.000216456
0.000216449
0.000216444
0.00021644
0.000216437
0.000216434
0.000216432
0.00021643
0.000216428
0.000216427
0.000216425
0.000216424
0.000216423
0.000216422
0.000216421
0.00021642
0.000216419
0.000216418
0.000216417
0.000216416
0.000216416
0.000216415
0.000216414
0.000216414
0.000216413
0.000216412
0.000216412
0.000216411
0.00021641
0.00021641
0.000216409
0.000216409
0.000216408
0.000216408
0.000216407
0.000216406
0.000216405
0.000216407
0.000216411
0.000216415
0.000216421
0.000216426
0.00021643
0.000216434
0.000216437
0.00021644
0.000216443
0.000216445
0.000216447
0.000216449
0.00021645
0.000216452
0.000216453
0.000216454
0.000216455
0.000216455
0.000216455
0.000216456
0.000216456
0.000216456
0.000216457
0.000216458
0.000216458
0.000216459
0.00021646
0.00021646
0.000216461
0.000216462
0.000216461
0.000216467
0.000228344
0.000228338
0.000228337
0.000228338
0.000228339
0.00022834
0.000228341
0.000228343
0.000228344
0.000228345
0.000228347
0.000228348
0.000228349
0.000228351
0.000228352
0.000228353
0.000228354
0.000228356
0.000228357
0.000228358
0.000228359
0.000228361
0.000228362
0.000228363
0.000228364
0.000228365
0.000228367
0.000228368
0.000228369
0.00022837
0.000228371
0.000228372
0.000228373
0.000228374
0.000228375
0.000228376
0.000228377
0.000228378
0.000228378
0.000228379
0.00022838
0.000228381
0.000228382
0.000228382
0.000228383
0.000228383
0.000228384
0.000228379
0.000228375
0.000228358
0.000228345
0.000228338
0.000228333
0.00022833
0.000228327
0.000228324
0.000228322
0.00022832
0.000228319
0.000228317
0.000228316
0.000228315
0.000228313
0.000228312
0.000228311
0.00022831
0.000228309
0.000228309
0.000228308
0.000228307
0.000228306
0.000228306
0.000228305
0.000228304
0.000228303
0.000228303
0.000228302
0.000228302
0.000228301
0.0002283
0.0002283
0.000228299
0.000228298
0.000228298
0.000228297
0.000228297
0.000228295
0.000228302
0.000228307
0.000228314
0.000228322
0.000228328
0.000228334
0.000228338
0.000228342
0.000228345
0.000228347
0.00022835
0.000228352
0.000228353
0.000228355
0.000228356
0.000228358
0.000228359
0.00022836
0.000228359
0.000228359
0.00022836
0.00022836
0.000228361
0.000228361
0.000228362
0.000228363
0.000228364
0.000228364
0.000228365
0.000228366
0.000228367
0.000228366
0.000228372
0.00024048
0.000240474
0.000240474
0.000240475
0.000240476
0.000240477
0.000240478
0.00024048
0.000240481
0.000240483
0.000240484
0.000240485
0.000240486
0.000240488
0.000240489
0.00024049
0.000240492
0.000240493
0.000240494
0.000240496
0.000240497
0.000240498
0.000240499
0.0002405
0.000240502
0.000240503
0.000240504
0.000240505
0.000240506
0.000240507
0.000240508
0.000240509
0.00024051
0.000240511
0.000240512
0.000240513
0.000240514
0.000240515
0.000240515
0.000240516
0.000240517
0.000240518
0.000240519
0.000240519
0.00024052
0.000240519
0.00024052
0.000240508
0.000240502
0.00024047
0.000240457
0.000240452
0.000240448
0.000240446
0.000240443
0.000240441
0.000240439
0.000240438
0.000240436
0.000240435
0.000240433
0.000240432
0.000240431
0.00024043
0.000240429
0.000240428
0.000240427
0.000240426
0.000240426
0.000240425
0.000240424
0.000240423
0.000240423
0.000240422
0.000240421
0.000240421
0.00024042
0.000240419
0.000240419
0.000240418
0.000240417
0.000240417
0.000240416
0.000240415
0.000240414
0.000240414
0.000240412
0.000240428
0.000240434
0.000240446
0.000240456
0.000240463
0.000240469
0.000240474
0.000240477
0.00024048
0.000240483
0.000240485
0.000240487
0.000240489
0.00024049
0.000240492
0.000240493
0.000240495
0.000240494
0.000240494
0.000240493
0.000240494
0.000240494
0.000240495
0.000240496
0.000240497
0.000240498
0.000240499
0.0002405
0.000240501
0.000240501
0.000240502
0.000240502
0.000240508
0.000252858
0.000252853
0.000252853
0.000252854
0.000252855
0.000252857
0.000252858
0.00025286
0.000252861
0.000252862
0.000252864
0.000252865
0.000252866
0.000252868
0.000252869
0.00025287
0.000252872
0.000252873
0.000252874
0.000252875
0.000252877
0.000252878
0.000252879
0.00025288
0.000252881
0.000252883
0.000252884
0.000252885
0.000252886
0.000252887
0.000252888
0.000252889
0.00025289
0.000252891
0.000252891
0.000252892
0.000252893
0.000252894
0.000252895
0.000252895
0.000252896
0.000252897
0.000252898
0.000252898
0.000252899
0.000252897
0.000252898
0.000252871
0.000252865
0.000252798
0.000252805
0.000252825
0.000252836
0.000252843
0.000252849
0.000252853
0.000252856
0.000252859
0.000252861
0.000252863
0.000252865
0.000252867
0.000252868
0.00025287
0.000252871
0.000252872
0.000252871
0.000252869
0.000252869
0.00025287
0.000252871
0.000252872
0.000252873
0.000252874
0.000252875
0.000252876
0.000252877
0.000252878
0.000252879
0.00025288
0.00025288
0.000252886
0.000265491
0.000265487
0.000265488
0.000265489
0.000265491
0.000265492
0.000265494
0.000265495
0.000265497
0.000265498
0.0002655
0.000265501
0.000265502
0.000265504
0.000265505
0.000265506
0.000265508
0.000265509
0.00026551
0.000265511
0.000265512
0.000265514
0.000265515
0.000265516
0.000265517
0.000265518
0.000265519
0.00026552
0.000265521
0.000265522
0.000265523
0.000265524
0.000265525
0.000265526
0.000265526
0.000265527
0.000265528
0.000265529
0.000265529
0.00026553
0.000265531
0.000265531
0.000265532
0.000265533
0.000265534
0.000265528
0.000265528
0.000265465
0.000265475
0.000265481
0.000265486
0.000265489
0.000265492
0.000265494
0.000265496
0.000265498
0.000265499
0.000265501
0.000265502
0.000265503
0.000265504
0.000265506
0.0002655
0.000265499
0.000265499
0.000265501
0.000265502
0.000265504
0.000265505
0.000265506
0.000265508
0.000265509
0.00026551
0.000265511
0.000265512
0.000265513
0.000265513
0.000265518
)
;

boundaryField
{
    bottomWall
    {
        type            nutUWallFunction;
        Cmu             0.09;
        kappa           0.41;
        E               9.8;
        value           uniform 0;
    }
    topWall
    {
        type            nutUWallFunction;
        Cmu             0.09;
        kappa           0.41;
        E               9.8;
        value           nonuniform 0();
    }
    sides1_half0
    {
        type            cyclic;
    }
    sides1_half1
    {
        type            cyclic;
    }
    sides2_half0
    {
        type            cyclic;
    }
    sides2_half1
    {
        type            cyclic;
    }
    inout1_half0
    {
        type            cyclic;
    }
    inout1_half1
    {
        type            cyclic;
    }
    inout2_half0
    {
        type            cyclic;
    }
    inout2_half1
    {
        type            cyclic;
    }
    procBoundary3to4
    {
        type            processor;
        value           nonuniform List<scalar> 
63
(
0.000252842
0.000252839
0.000252837
0.000252835
0.000252833
0.000252831
0.000252829
0.000252828
0.000252827
0.000252825
0.000252824
0.000252823
0.000252822
0.000252821
0.00025282
0.000252819
0.000252818
0.000252817
0.000252817
0.000252816
0.000252815
0.000252814
0.000252814
0.000252813
0.000252812
0.000252811
0.000252811
0.00025281
0.000252809
0.000252809
0.000252808
0.000252807
0.000252806
0.000252806
0.000252805
0.000252804
0.000252803
0.000252803
0.00026551
0.000252842
0.000265509
0.000252803
0.000265473
0.000265467
0.000278453
0.00026551
0.000278455
0.000265467
0.000278423
0.000278418
0.00027842
0.000278422
0.000278424
0.000278426
0.000278427
0.000278429
0.00027843
0.000278431
0.000278432
0.000278433
0.000278434
0.000278435
0.000278437
)
;
    }
    procBoundary3to5
    {
        type            processor;
        value           nonuniform List<scalar> 
61
(
0.000278425
0.000278421
0.000278422
0.000278423
0.000278425
0.000278426
0.000278428
0.00027843
0.000278431
0.000278432
0.000278434
0.000278435
0.000278437
0.000278438
0.000278439
0.00027844
0.000278442
0.000278443
0.000278444
0.000278445
0.000278446
0.000278448
0.000278449
0.00027845
0.000278451
0.000278452
0.000278453
0.000278454
0.000278455
0.000278455
0.000278456
0.000278457
0.000278458
0.000278459
0.000278459
0.00027846
0.000278461
0.000278462
0.000278462
0.000278463
0.000278463
0.000278464
0.000278464
0.000278465
0.000278467
0.000278424
0.000278425
0.000278428
0.00027843
0.000278432
0.000278434
0.000278435
0.000278437
0.000278438
0.000278439
0.00027844
0.000278442
0.000278443
0.000278444
0.000278444
0.000278449
)
;
    }
}


// ************************************************************************* //
