/*--------------------------------*- C++ -*----------------------------------*\
  =========                 |
  \\      /  F ield         | OpenFOAM: The Open Source CFD Toolbox
   \\    /   O peration     | Website:  https://openfoam.org
    \\  /    A nd           | Version:  7
     \\/     M anipulation  |
\*---------------------------------------------------------------------------*/
FoamFile
{
    version     2.0;
    format      ascii;
    class       volScalarField;
    location    "4500";
    object      k;
}
// * * * * * * * * * * * * * * * * * * * * * * * * * * * * * * * * * * * * * //

dimensions      [0 2 -2 0 0 0 0];

internalField   nonuniform List<scalar> 
3974
(
0.000167968
0.000167968
0.000167967
0.000167967
0.000167967
0.000167967
0.000167967
0.000167967
0.000167967
0.000167967
0.000167966
0.000167966
0.000167966
0.000167966
0.000167966
0.000167966
0.000167965
0.000167965
0.000167965
0.000167965
0.000167965
0.000167964
0.000167964
0.000167964
0.000167964
0.000167963
0.000167963
0.000167963
0.000167962
0.000167962
0.000167962
0.000167961
0.000167961
0.00016796
0.00016796
0.000167959
0.000167959
0.000167959
0.000167547
0.000167547
0.000167547
0.000167547
0.000167547
0.000167546
0.000167546
0.000167546
0.000167546
0.000167546
0.000167546
0.000167546
0.000167546
0.000167546
0.000167546
0.000167545
0.000167545
0.000167545
0.000167545
0.000167545
0.000167545
0.000167544
0.000167544
0.000167544
0.000167544
0.000167543
0.000167543
0.000167543
0.000167543
0.000167542
0.000167542
0.000167542
0.000167541
0.000167541
0.00016754
0.00016754
0.000167539
0.000167539
0.000167538
0.000167538
0.000167538
0.000167537
0.000167041
0.000167041
0.000167041
0.000167041
0.000167041
0.000167041
0.000167041
0.00016704
0.00016704
0.00016704
0.00016704
0.00016704
0.00016704
0.00016704
0.00016704
0.00016704
0.00016704
0.00016704
0.00016704
0.00016704
0.000167039
0.000167039
0.000167039
0.000167039
0.000167039
0.000167038
0.000167038
0.000167038
0.000167038
0.000167037
0.000167037
0.000167037
0.000167036
0.000167036
0.000167036
0.000167035
0.000167035
0.000167034
0.000167034
0.000167033
0.000167033
0.000167032
0.000167032
0.000167031
0.000167031
0.000167031
0.000167031
0.00016703
0.00016703
0.000167029
0.000167029
0.000167029
0.000167028
0.000167028
0.000167028
0.000167028
0.000167027
0.000167027
0.000167027
0.000166454
0.000166454
0.000166454
0.000166454
0.000166454
0.000166454
0.000166454
0.000166454
0.000166454
0.000166454
0.000166454
0.000166454
0.000166454
0.000166454
0.000166454
0.000166454
0.000166454
0.000166454
0.000166454
0.000166454
0.000166453
0.000166453
0.000166453
0.000166453
0.000166453
0.000166452
0.000166452
0.000166452
0.000166452
0.000166451
0.000166451
0.000166451
0.00016645
0.00016645
0.00016645
0.000166449
0.000166449
0.000166448
0.000166448
0.000166447
0.000166447
0.000166446
0.000166446
0.000166445
0.000166445
0.000166444
0.000166444
0.000166443
0.000166443
0.000166443
0.000166442
0.000166442
0.000166441
0.000166441
0.000166441
0.00016644
0.00016644
0.00016644
0.000166439
0.000165791
0.000165791
0.000165791
0.000165791
0.000165791
0.000165791
0.000165791
0.000165791
0.000165791
0.000165791
0.000165791
0.000165791
0.000165791
0.000165792
0.000165791
0.000165791
0.000165791
0.000165791
0.000165791
0.000165791
0.000165791
0.000165791
0.000165791
0.000165791
0.00016579
0.00016579
0.00016579
0.00016579
0.000165789
0.000165789
0.000165789
0.000165788
0.000165788
0.000165788
0.000165787
0.000165787
0.000165786
0.000165786
0.000165785
0.000165785
0.000165784
0.000165784
0.000165783
0.000165782
0.000165782
0.000165781
0.000165781
0.00016578
0.00016578
0.000165779
0.000165779
0.000165778
0.000165778
0.000165778
0.000165777
0.000165777
0.000165776
0.000165776
0.000165776
0.000165055
0.000165055
0.000165055
0.000165055
0.000165055
0.000165055
0.000165056
0.000165056
0.000165056
0.000165056
0.000165056
0.000165056
0.000165056
0.000165056
0.000165056
0.000165056
0.000165056
0.000165056
0.000165056
0.000165056
0.000165056
0.000165056
0.000165056
0.000165056
0.000165055
0.000165055
0.000165055
0.000165055
0.000165054
0.000165054
0.000165054
0.000165053
0.000165053
0.000165053
0.000165052
0.000165052
0.000165051
0.000165051
0.00016505
0.00016505
0.000165049
0.000165048
0.000165048
0.000165047
0.000165047
0.000165046
0.000165045
0.000165045
0.000165044
0.000165044
0.000165043
0.000165043
0.000165042
0.000165042
0.000165041
0.000165041
0.00016504
0.00016504
0.000165039
0.00016425
0.00016425
0.00016425
0.00016425
0.00016425
0.00016425
0.00016425
0.000164251
0.000164251
0.000164251
0.000164251
0.000164251
0.000164251
0.000164251
0.000164252
0.000164252
0.000164252
0.000164252
0.000164252
0.000164251
0.000164251
0.000164251
0.000164251
0.000164251
0.000164251
0.000164251
0.00016425
0.00016425
0.00016425
0.000164249
0.000164249
0.000164249
0.000164248
0.000164248
0.000164248
0.000164247
0.000164247
0.000164246
0.000164246
0.000164245
0.000164244
0.000164244
0.000164243
0.000164242
0.000164242
0.000164241
0.00016424
0.00016424
0.000164239
0.000164238
0.000164238
0.000164237
0.000164237
0.000164236
0.000164236
0.000164235
0.000164235
0.000164234
0.000164233
0.000163378
0.000163378
0.000163378
0.000163378
0.000163378
0.000163379
0.000163379
0.000163379
0.000163379
0.000163379
0.00016338
0.00016338
0.00016338
0.00016338
0.00016338
0.00016338
0.00016338
0.00016338
0.00016338
0.00016338
0.00016338
0.00016338
0.00016338
0.00016338
0.00016338
0.000163379
0.000163379
0.000163379
0.000163379
0.000163378
0.000163378
0.000163378
0.000163377
0.000163377
0.000163376
0.000163376
0.000163375
0.000163375
0.000163374
0.000163374
0.000163373
0.000163373
0.000163372
0.000163371
0.00016337
0.00016337
0.000163369
0.000163368
0.000163367
0.000163367
0.000163366
0.000163365
0.000163365
0.000163364
0.000163364
0.000163363
0.000163362
0.000163362
0.000163361
0.000162442
0.000162442
0.000162442
0.000162442
0.000162443
0.000162443
0.000162443
0.000162443
0.000162444
0.000162444
0.000162444
0.000162444
0.000162445
0.000162445
0.000162445
0.000162445
0.000162445
0.000162445
0.000162445
0.000162445
0.000162445
0.000162445
0.000162445
0.000162445
0.000162445
0.000162445
0.000162444
0.000162444
0.000162444
0.000162443
0.000162443
0.000162443
0.000162442
0.000162442
0.000162441
0.000162441
0.00016244
0.00016244
0.000162439
0.000162439
0.000162438
0.000162437
0.000162437
0.000162436
0.000162435
0.000162435
0.000162434
0.000162433
0.000162432
0.000162431
0.000162431
0.00016243
0.000162429
0.000162429
0.000162428
0.000162427
0.000162427
0.000162426
0.000162425
0.000161445
0.000161445
0.000161445
0.000161445
0.000161446
0.000161446
0.000161446
0.000161447
0.000161447
0.000161447
0.000161448
0.000161448
0.000161448
0.000161448
0.000161448
0.000161449
0.000161449
0.000161449
0.000161449
0.000161449
0.000161449
0.000161449
0.000161449
0.000161449
0.000161448
0.000161448
0.000161448
0.000161448
0.000161447
0.000161447
0.000161447
0.000161446
0.000161446
0.000161446
0.000161445
0.000161445
0.000161444
0.000161444
0.000161443
0.000161442
0.000161442
0.000161441
0.00016144
0.00016144
0.000161439
0.000161438
0.000161437
0.000161437
0.000161436
0.000161435
0.000161434
0.000161433
0.000161432
0.000161432
0.000161431
0.00016143
0.00016143
0.000161429
0.000161428
0.000160389
0.000160389
0.000160389
0.00016039
0.00016039
0.00016039
0.00016039
0.000160391
0.000160391
0.000160392
0.000160392
0.000160392
0.000160392
0.000160393
0.000160393
0.000160393
0.000160393
0.000160393
0.000160393
0.000160393
0.000160393
0.000160393
0.000160393
0.000160393
0.000160393
0.000160393
0.000160393
0.000160392
0.000160392
0.000160392
0.000160392
0.000160391
0.000160391
0.00016039
0.00016039
0.000160389
0.000160389
0.000160388
0.000160388
0.000160387
0.000160386
0.000160386
0.000160385
0.000160384
0.000160384
0.000160383
0.000160382
0.000160381
0.00016038
0.000160379
0.000160379
0.000160378
0.000160377
0.000160376
0.000160375
0.000160375
0.000160374
0.000160373
0.000160372
0.000159276
0.000159277
0.000159277
0.000159277
0.000159277
0.000159278
0.000159278
0.000159278
0.000159279
0.000159279
0.00015928
0.00015928
0.00015928
0.000159281
0.000159281
0.000159281
0.000159281
0.000159281
0.000159281
0.000159281
0.000159281
0.000159281
0.000159281
0.000159281
0.000159281
0.000159281
0.000159281
0.000159281
0.00015928
0.00015928
0.00015928
0.000159279
0.000159279
0.000159278
0.000159278
0.000159278
0.000159277
0.000159276
0.000159276
0.000159275
0.000159275
0.000159274
0.000159273
0.000159273
0.000159272
0.000159271
0.00015927
0.000159269
0.000159268
0.000159267
0.000159267
0.000159266
0.000159265
0.000159264
0.000159263
0.000159262
0.000159261
0.000159261
0.00015926
0.000158109
0.00015811
0.00015811
0.00015811
0.000158111
0.000158111
0.000158111
0.000158112
0.000158112
0.000158113
0.000158113
0.000158113
0.000158114
0.000158114
0.000158114
0.000158115
0.000158115
0.000158115
0.000158115
0.000158115
0.000158115
0.000158115
0.000158115
0.000158115
0.000158115
0.000158115
0.000158115
0.000158114
0.000158114
0.000158114
0.000158113
0.000158113
0.000158113
0.000158112
0.000158112
0.000158111
0.000158111
0.00015811
0.00015811
0.000158109
0.000158108
0.000158108
0.000158107
0.000158106
0.000158106
0.000158105
0.000158104
0.000158103
0.000158102
0.000158101
0.0001581
0.000158099
0.000158098
0.000158097
0.000158097
0.000158096
0.000158095
0.000158094
0.000158093
0.00015689
0.000156891
0.000156891
0.000156892
0.000156892
0.000156892
0.000156893
0.000156893
0.000156894
0.000156894
0.000156894
0.000156895
0.000156895
0.000156895
0.000156896
0.000156896
0.000156896
0.000156896
0.000156897
0.000156897
0.000156897
0.000156897
0.000156897
0.000156897
0.000156897
0.000156896
0.000156896
0.000156896
0.000156896
0.000156895
0.000156895
0.000156895
0.000156894
0.000156894
0.000156894
0.000156893
0.000156893
0.000156892
0.000156891
0.000156891
0.00015689
0.000156889
0.000156889
0.000156888
0.000156887
0.000156886
0.000156886
0.000156885
0.000156884
0.000156883
0.000156882
0.000156881
0.00015688
0.000156879
0.000156878
0.000156877
0.000156876
0.000156875
0.000156874
0.000155622
0.000155622
0.000155623
0.000155623
0.000155624
0.000155624
0.000155624
0.000155625
0.000155625
0.000155626
0.000155626
0.000155626
0.000155627
0.000155627
0.000155627
0.000155628
0.000155628
0.000155628
0.000155628
0.000155628
0.000155628
0.000155629
0.000155629
0.000155628
0.000155628
0.000155628
0.000155628
0.000155628
0.000155628
0.000155627
0.000155627
0.000155627
0.000155626
0.000155626
0.000155625
0.000155625
0.000155624
0.000155624
0.000155623
0.000155623
0.000155622
0.000155621
0.000155621
0.00015562
0.000155619
0.000155618
0.000155618
0.000155617
0.000155616
0.000155615
0.000155614
0.000155613
0.000155612
0.000155611
0.00015561
0.000155609
0.000155608
0.000155607
0.000155606
0.000154306
0.000154307
0.000154307
0.000154307
0.000154308
0.000154308
0.000154309
0.000154309
0.000154309
0.00015431
0.00015431
0.000154311
0.000154311
0.000154311
0.000154312
0.000154312
0.000154312
0.000154312
0.000154313
0.000154313
0.000154313
0.000154313
0.000154313
0.000154313
0.000154313
0.000154313
0.000154313
0.000154312
0.000154312
0.000154312
0.000154312
0.000154311
0.000154311
0.00015431
0.00015431
0.00015431
0.000154309
0.000154308
0.000154308
0.000154307
0.000154307
0.000154306
0.000154305
0.000154305
0.000154304
0.000154303
0.000154302
0.000154301
0.0001543
0.0001543
0.000154299
0.000154298
0.000154297
0.000154296
0.000154295
0.000154294
0.000154293
0.000154292
0.000154291
0.000152945
0.000152946
0.000152946
0.000152947
0.000152947
0.000152947
0.000152948
0.000152948
0.000152949
0.000152949
0.00015295
0.00015295
0.00015295
0.000152951
0.000152951
0.000152951
0.000152952
0.000152952
0.000152952
0.000152952
0.000152952
0.000152952
0.000152952
0.000152952
0.000152952
0.000152952
0.000152952
0.000152952
0.000152952
0.000152951
0.000152951
0.000152951
0.00015295
0.00015295
0.00015295
0.000152949
0.000152949
0.000152948
0.000152948
0.000152947
0.000152946
0.000152946
0.000152945
0.000152944
0.000152943
0.000152943
0.000152942
0.000152941
0.00015294
0.000152939
0.000152938
0.000152937
0.000152936
0.000152935
0.000152934
0.000152933
0.000152932
0.000152931
0.00015293
0.000151542
0.000151542
0.000151543
0.000151543
0.000151544
0.000151544
0.000151545
0.000151545
0.000151546
0.000151546
0.000151546
0.000151547
0.000151547
0.000151548
0.000151548
0.000151548
0.000151548
0.000151549
0.000151549
0.000151549
0.000151549
0.000151549
0.000151549
0.000151549
0.000151549
0.000151549
0.000151549
0.000151549
0.000151549
0.000151548
0.000151548
0.000151548
0.000151547
0.000151547
0.000151547
0.000151546
0.000151546
0.000151545
0.000151545
0.000151544
0.000151543
0.000151543
0.000151542
0.000151541
0.000151541
0.00015154
0.000151539
0.000151538
0.000151537
0.000151536
0.000151536
0.000151535
0.000151534
0.000151533
0.000151532
0.000151531
0.00015153
0.000151529
0.000151527
0.000150099
0.000150099
0.0001501
0.0001501
0.000150101
0.000150101
0.000150102
0.000150102
0.000150103
0.000150103
0.000150103
0.000150104
0.000150104
0.000150105
0.000150105
0.000150105
0.000150106
0.000150106
0.000150106
0.000150106
0.000150106
0.000150106
0.000150106
0.000150106
0.000150106
0.000150106
0.000150106
0.000150106
0.000150106
0.000150106
0.000150105
0.000150105
0.000150105
0.000150104
0.000150104
0.000150103
0.000150103
0.000150102
0.000150102
0.000150101
0.000150101
0.0001501
0.000150099
0.000150099
0.000150098
0.000150097
0.000150096
0.000150096
0.000150095
0.000150094
0.000150093
0.000150092
0.000150091
0.00015009
0.000150089
0.000150088
0.000150087
0.000150086
0.000150085
0.000148619
0.000148619
0.00014862
0.00014862
0.000148621
0.000148621
0.000148622
0.000148622
0.000148623
0.000148623
0.000148623
0.000148624
0.000148624
0.000148625
0.000148625
0.000148625
0.000148625
0.000148626
0.000148626
0.000148626
0.000148626
0.000148626
0.000148626
0.000148626
0.000148626
0.000148626
0.000148626
0.000148626
0.000148626
0.000148626
0.000148625
0.000148625
0.000148625
0.000148624
0.000148624
0.000148624
0.000148623
0.000148623
0.000148622
0.000148621
0.000148621
0.00014862
0.00014862
0.000148619
0.000148618
0.000148617
0.000148617
0.000148616
0.000148615
0.000148614
0.000148613
0.000148612
0.000148611
0.00014861
0.000148609
0.000148608
0.000148607
0.000148606
0.000148605
0.000147104
0.000147105
0.000147105
0.000147106
0.000147106
0.000147107
0.000147107
0.000147108
0.000147108
0.000147109
0.000147109
0.000147109
0.00014711
0.00014711
0.000147111
0.000147111
0.000147111
0.000147111
0.000147112
0.000147112
0.000147112
0.000147112
0.000147112
0.000147112
0.000147112
0.000147112
0.000147112
0.000147112
0.000147112
0.000147111
0.000147111
0.000147111
0.00014711
0.00014711
0.00014711
0.000147109
0.000147109
0.000147108
0.000147108
0.000147107
0.000147107
0.000147106
0.000147105
0.000147105
0.000147104
0.000147103
0.000147103
0.000147102
0.000147101
0.0001471
0.000147099
0.000147098
0.000147097
0.000147096
0.000147095
0.000147094
0.000147093
0.000147092
0.000147091
0.000145559
0.000145559
0.00014556
0.00014556
0.000145561
0.000145561
0.000145562
0.000145562
0.000145563
0.000145563
0.000145563
0.000145564
0.000145564
0.000145565
0.000145565
0.000145565
0.000145565
0.000145566
0.000145566
0.000145566
0.000145566
0.000145566
0.000145566
0.000145566
0.000145566
0.000145566
0.000145566
0.000145566
0.000145566
0.000145566
0.000145565
0.000145565
0.000145565
0.000145565
0.000145564
0.000145564
0.000145563
0.000145563
0.000145562
0.000145562
0.000145561
0.000145561
0.00014556
0.000145559
0.000145559
0.000145558
0.000145557
0.000145556
0.000145556
0.000145555
0.000145554
0.000145553
0.000145552
0.000145551
0.00014555
0.000145549
0.000145548
0.000145547
0.000145546
0.000143985
0.000143985
0.000143986
0.000143986
0.000143987
0.000143987
0.000143988
0.000143988
0.000143989
0.000143989
0.00014399
0.00014399
0.00014399
0.000143991
0.000143991
0.000143991
0.000143992
0.000143992
0.000143992
0.000143992
0.000143992
0.000143992
0.000143992
0.000143992
0.000143992
0.000143992
0.000143992
0.000143992
0.000143992
0.000143992
0.000143992
0.000143991
0.000143991
0.000143991
0.00014399
0.00014399
0.00014399
0.000143989
0.000143989
0.000143988
0.000143987
0.000143987
0.000143986
0.000143986
0.000143985
0.000143984
0.000143984
0.000143983
0.000143982
0.000143981
0.00014398
0.000143979
0.000143979
0.000143978
0.000143977
0.000143976
0.000143975
0.000143974
0.000143973
0.000142386
0.000142386
0.000142387
0.000142388
0.000142388
0.000142388
0.000142389
0.000142389
0.00014239
0.00014239
0.000142391
0.000142391
0.000142391
0.000142392
0.000142392
0.000142392
0.000142393
0.000142393
0.000142393
0.000142393
0.000142393
0.000142393
0.000142393
0.000142393
0.000142393
0.000142393
0.000142393
0.000142393
0.000142393
0.000142393
0.000142393
0.000142392
0.000142392
0.000142392
0.000142391
0.000142391
0.000142391
0.00014239
0.00014239
0.000142389
0.000142389
0.000142388
0.000142387
0.000142387
0.000142386
0.000142386
0.000142385
0.000142384
0.000142383
0.000142383
0.000142382
0.000142381
0.00014238
0.000142379
0.000142378
0.000142377
0.000142376
0.000142375
0.000142374
0.000140765
0.000140766
0.000140766
0.000140767
0.000140767
0.000140768
0.000140768
0.000140769
0.000140769
0.000140769
0.00014077
0.00014077
0.000140771
0.000140771
0.000140771
0.000140771
0.000140772
0.000140772
0.000140772
0.000140772
0.000140772
0.000140772
0.000140773
0.000140773
0.000140773
0.000140772
0.000140772
0.000140772
0.000140772
0.000140772
0.000140772
0.000140772
0.000140771
0.000140771
0.000140771
0.00014077
0.00014077
0.000140769
0.000140769
0.000140768
0.000140768
0.000140767
0.000140767
0.000140766
0.000140766
0.000140765
0.000140764
0.000140764
0.000140763
0.000140762
0.000140761
0.00014076
0.00014076
0.000140759
0.000140758
0.000140757
0.000140756
0.000140755
0.000140754
0.000139126
0.000139126
0.000139127
0.000139128
0.000139128
0.000139129
0.000139129
0.000139129
0.00013913
0.00013913
0.000139131
0.000139131
0.000139131
0.000139132
0.000139132
0.000139132
0.000139132
0.000139133
0.000139133
0.000139133
0.000139133
0.000139133
0.000139133
0.000139133
0.000139133
0.000139133
0.000139133
0.000139133
0.000139133
0.000139133
0.000139133
0.000139132
0.000139132
0.000139132
0.000139131
0.000139131
0.000139131
0.00013913
0.00013913
0.000139129
0.000139129
0.000139128
0.000139128
0.000139127
0.000139127
0.000139126
0.000139125
0.000139125
0.000139124
0.000139123
0.000139122
0.000139121
0.000139121
0.00013912
0.000139119
0.000139118
0.000139117
0.000139116
0.000139115
0.000137472
0.000137472
0.000137473
0.000137473
0.000137474
0.000137474
0.000137475
0.000137475
0.000137476
0.000137476
0.000137476
0.000137477
0.000137477
0.000137477
0.000137478
0.000137478
0.000137478
0.000137478
0.000137479
0.000137479
0.000137479
0.000137479
0.000137479
0.000137479
0.000137479
0.000137479
0.000137479
0.000137479
0.000137479
0.000137478
0.000137478
0.000137478
0.000137478
0.000137477
0.000137477
0.000137477
0.000137476
0.000137476
0.000137476
0.000137475
0.000137475
0.000137474
0.000137474
0.000137473
0.000137472
0.000137472
0.000137471
0.00013747
0.00013747
0.000137469
0.000137468
0.000137468
0.000137467
0.000137466
0.000137465
0.000137464
0.000137463
0.000137462
0.000137461
0.000135806
0.000135807
0.000135807
0.000135808
0.000135808
0.000135809
0.000135809
0.000135809
0.00013581
0.00013581
0.000135811
0.000135811
0.000135811
0.000135812
0.000135812
0.000135812
0.000135812
0.000135813
0.000135813
0.000135813
0.000135813
0.000135813
0.000135813
0.000135813
0.000135813
0.000135813
0.000135813
0.000135813
0.000135813
0.000135813
0.000135812
0.000135812
0.000135812
0.000135812
0.000135811
0.000135811
0.000135811
0.00013581
0.00013581
0.000135809
0.000135809
0.000135808
0.000135808
0.000135807
0.000135807
0.000135806
0.000135806
0.000135805
0.000135804
0.000135804
0.000135803
0.000135802
0.000135801
0.0001358
0.0001358
0.000135799
0.000135798
0.000135797
0.000135796
0.000134132
0.000134133
0.000134133
0.000134134
0.000134134
0.000134135
0.000134135
0.000134136
0.000134136
0.000134136
0.000134137
0.000134137
0.000134137
0.000134138
0.000134138
0.000134138
0.000134138
0.000134139
0.000134139
0.000134139
0.000134139
0.000134139
0.000134139
0.000134139
0.000134139
0.000134139
0.000134139
0.000134139
0.000134139
0.000134139
0.000134138
0.000134138
0.000134138
0.000134138
0.000134137
0.000134137
0.000134137
0.000134136
0.000134136
0.000134136
0.000134135
0.000134135
0.000134134
0.000134134
0.000134133
0.000134132
0.000134132
0.000134131
0.000134131
0.00013413
0.000134129
0.000134129
0.000134128
0.000134127
0.000134126
0.000134125
0.000134125
0.000134124
0.000134123
0.000132454
0.000132455
0.000132455
0.000132456
0.000132456
0.000132456
0.000132457
0.000132457
0.000132458
0.000132458
0.000132458
0.000132459
0.000132459
0.000132459
0.00013246
0.00013246
0.00013246
0.00013246
0.00013246
0.000132461
0.000132461
0.000132461
0.000132461
0.000132461
0.000132461
0.000132461
0.000132461
0.000132461
0.00013246
0.00013246
0.00013246
0.00013246
0.00013246
0.000132459
0.000132459
0.000132459
0.000132458
0.000132458
0.000132458
0.000132457
0.000132457
0.000132456
0.000132456
0.000132455
0.000132455
0.000132454
0.000132454
0.000132453
0.000132453
0.000132452
0.000132451
0.000132451
0.00013245
0.000132449
0.000132448
0.000132447
0.000132447
0.000132446
0.000132445
0.000130775
0.000130775
0.000130776
0.000130776
0.000130777
0.000130777
0.000130778
0.000130778
0.000130778
0.000130779
0.000130779
0.000130779
0.00013078
0.00013078
0.00013078
0.000130781
0.000130781
0.000130781
0.000130781
0.000130781
0.000130781
0.000130781
0.000130781
0.000130781
0.000130781
0.000130781
0.000130781
0.000130781
0.000130781
0.000130781
0.000130781
0.000130781
0.00013078
0.00013078
0.00013078
0.00013078
0.000130779
0.000130779
0.000130778
0.000130778
0.000130778
0.000130777
0.000130777
0.000130776
0.000130776
0.000130775
0.000130775
0.000130774
0.000130773
0.000130773
0.000130772
0.000130772
0.000130771
0.00013077
0.000130769
0.000130769
0.000130768
0.000130767
0.000130766
0.000129098
0.000129099
0.000129099
0.0001291
0.0001291
0.000129101
0.000129101
0.000129101
0.000129102
0.000129102
0.000129102
0.000129103
0.000129103
0.000129103
0.000129104
0.000129104
0.000129104
0.000129104
0.000129104
0.000129104
0.000129105
0.000129105
0.000129105
0.000129105
0.000129105
0.000129105
0.000129105
0.000129104
0.000129104
0.000129104
0.000129104
0.000129104
0.000129104
0.000129103
0.000129103
0.000129103
0.000129103
0.000129102
0.000129102
0.000129101
0.000129101
0.000129101
0.0001291
0.0001291
0.000129099
0.000129099
0.000129098
0.000129098
0.000129097
0.000129096
0.000129096
0.000129095
0.000129094
0.000129094
0.000129093
0.000129092
0.000129092
0.000129091
0.00012909
0.000127428
0.000127428
0.000127429
0.000127429
0.00012743
0.00012743
0.00012743
0.000127431
0.000127431
0.000127431
0.000127432
0.000127432
0.000127432
0.000127433
0.000127433
0.000127433
0.000127433
0.000127433
0.000127434
0.000127434
0.000127434
0.000127434
0.000127434
0.000127434
0.000127434
0.000127434
0.000127434
0.000127434
0.000127434
0.000127433
0.000127433
0.000127433
0.000127433
0.000127433
0.000127432
0.000127432
0.000127432
0.000127432
0.000127431
0.000127431
0.00012743
0.00012743
0.00012743
0.000127429
0.000127429
0.000127428
0.000127428
0.000127427
0.000127427
0.000127426
0.000127425
0.000127425
0.000127424
0.000127423
0.000127423
0.000127422
0.000127421
0.000127421
0.00012742
0.000125766
0.000125767
0.000125767
0.000125768
0.000125768
0.000125769
0.000125769
0.000125769
0.00012577
0.00012577
0.00012577
0.000125771
0.000125771
0.000125771
0.000125772
0.000125772
0.000125772
0.000125772
0.000125772
0.000125772
0.000125773
0.000125773
0.000125773
0.000125773
0.000125773
0.000125773
0.000125772
0.000125772
0.000125772
0.000125772
0.000125772
0.000125772
0.000125772
0.000125771
0.000125771
0.000125771
0.000125771
0.00012577
0.00012577
0.00012577
0.000125769
0.000125769
0.000125768
0.000125768
0.000125768
0.000125767
0.000125767
0.000125766
0.000125766
0.000125765
0.000125764
0.000125764
0.000125763
0.000125762
0.000125762
0.000125761
0.00012576
0.00012576
0.000125759
0.000124118
0.000124119
0.000124119
0.000124119
0.00012412
0.00012412
0.000124121
0.000124121
0.000124121
0.000124122
0.000124122
0.000124122
0.000124123
0.000124123
0.000124123
0.000124123
0.000124123
0.000124124
0.000124124
0.000124124
0.000124124
0.000124124
0.000124124
0.000124124
0.000124124
0.000124124
0.000124124
0.000124124
0.000124124
0.000124124
0.000124123
0.000124123
0.000124123
0.000124123
0.000124123
0.000124122
0.000124122
0.000124122
0.000124122
0.000124121
0.000124121
0.00012412
0.00012412
0.00012412
0.000124119
0.000124119
0.000124118
0.000124118
0.000124117
0.000124117
0.000124116
0.000124116
0.000124115
0.000124114
0.000124114
0.000124113
0.000124112
0.000124112
0.000124111
0.000122486
0.000122486
0.000122487
0.000122487
0.000122487
0.000122488
0.000122488
0.000122489
0.000122489
0.000122489
0.000122489
0.00012249
0.00012249
0.00012249
0.00012249
0.000122491
0.000122491
0.000122491
0.000122491
0.000122491
0.000122491
0.000122491
0.000122491
0.000122491
0.000122491
0.000122491
0.000122491
0.000122491
0.000122491
0.000122491
0.000122491
0.000122491
0.000122491
0.00012249
0.00012249
0.00012249
0.00012249
0.000122489
0.000122489
0.000122489
0.000122488
0.000122488
0.000122488
0.000122487
0.000122487
0.000122486
0.000122486
0.000122485
0.000122485
0.000122484
0.000122484
0.000122483
0.000122483
0.000122482
0.000122482
0.000122481
0.00012248
0.00012248
0.000122479
0.000120872
0.000120873
0.000120873
0.000120874
0.000120874
0.000120874
0.000120875
0.000120875
0.000120875
0.000120876
0.000120876
0.000120876
0.000120877
0.000120877
0.000120877
0.000120877
0.000120877
0.000120878
0.000120878
0.000120878
0.000120878
0.000120878
0.000120878
0.000120878
0.000120878
0.000120878
0.000120878
0.000120878
0.000120878
0.000120878
0.000120877
0.000120877
0.000120877
0.000120877
0.000120877
0.000120876
0.000120876
0.000120876
0.000120876
0.000120875
0.000120875
0.000120875
0.000120874
0.000120874
0.000120873
0.000120873
0.000120873
0.000120872
0.000120872
0.000120871
0.000120871
0.00012087
0.00012087
0.000120869
0.000120868
0.000120868
0.000120867
0.000120867
0.000120866
0.000119281
0.000119282
0.000119282
0.000119282
0.000119283
0.000119283
0.000119283
0.000119284
0.000119284
0.000119284
0.000119285
0.000119285
0.000119285
0.000119285
0.000119286
0.000119286
0.000119286
0.000119286
0.000119286
0.000119286
0.000119286
0.000119287
0.000119287
0.000119287
0.000119287
0.000119287
0.000119286
0.000119286
0.000119286
0.000119286
0.000119286
0.000119286
0.000119286
0.000119286
0.000119285
0.000119285
0.000119285
0.000119285
0.000119284
0.000119284
0.000119284
0.000119283
0.000119283
0.000119283
0.000119282
0.000119282
0.000119281
0.000119281
0.000119281
0.00011928
0.00011928
0.000119279
0.000119278
0.000119278
0.000119277
0.000119277
0.000119276
0.000119276
0.000119275
0.000117715
0.000117715
0.000117716
0.000117716
0.000117716
0.000117717
0.000117717
0.000117717
0.000117718
0.000117718
0.000117718
0.000117718
0.000117719
0.000117719
0.000117719
0.000117719
0.000117719
0.00011772
0.00011772
0.00011772
0.00011772
0.00011772
0.00011772
0.00011772
0.00011772
0.00011772
0.00011772
0.00011772
0.00011772
0.00011772
0.00011772
0.000117719
0.000117719
0.000117719
0.000117719
0.000117719
0.000117718
0.000117718
0.000117718
0.000117718
0.000117717
0.000117717
0.000117717
0.000117716
0.000117716
0.000117716
0.000117715
0.000117715
0.000117714
0.000117714
0.000117713
0.000117713
0.000117712
0.000117712
0.000117711
0.000117711
0.00011771
0.000117709
0.000117709
0.000116176
0.000116176
0.000116177
0.000116177
0.000116177
0.000116178
0.000116178
0.000116178
0.000116179
0.000116179
0.000116179
0.00011618
0.00011618
0.00011618
0.00011618
0.00011618
0.000116181
0.000116181
0.000116181
0.000116181
0.000116181
0.000116181
0.000116181
0.000116181
0.000116181
0.000116181
0.000116181
0.000116181
0.000116181
0.000116181
0.000116181
0.000116181
0.00011618
0.00011618
0.00011618
0.00011618
0.00011618
0.000116179
0.000116179
0.000116179
0.000116179
0.000116178
0.000116178
0.000116178
0.000116177
0.000116177
0.000116176
0.000116176
0.000116176
0.000116175
0.000116175
0.000116174
0.000116174
0.000116173
0.000116173
0.000116172
0.000116172
0.000116171
0.00011617
0.000114667
0.000114668
0.000114668
0.000114668
0.000114669
0.000114669
0.000114669
0.00011467
0.00011467
0.00011467
0.000114671
0.000114671
0.000114671
0.000114671
0.000114671
0.000114672
0.000114672
0.000114672
0.000114672
0.000114672
0.000114672
0.000114672
0.000114672
0.000114672
0.000114672
0.000114672
0.000114672
0.000114672
0.000114672
0.000114672
0.000114672
0.000114672
0.000114672
0.000114671
0.000114671
0.000114671
0.000114671
0.000114671
0.00011467
0.00011467
0.00011467
0.00011467
0.000114669
0.000114669
0.000114669
0.000114668
0.000114668
0.000114667
0.000114667
0.000114667
0.000114666
0.000114666
0.000114665
0.000114665
0.000114664
0.000114664
0.000114663
0.000114663
0.000114662
0.000113191
0.000113192
0.000113192
0.000113192
0.000113193
0.000113193
0.000113193
0.000113194
0.000113194
0.000113194
0.000113194
0.000113195
0.000113195
0.000113195
0.000113195
0.000113195
0.000113196
0.000113196
0.000113196
0.000113196
0.000113196
0.000113196
0.000113196
0.000113196
0.000113196
0.000113196
0.000113196
0.000113196
0.000113196
0.000113196
0.000113196
0.000113196
0.000113195
0.000113195
0.000113195
0.000113195
0.000113195
0.000113195
0.000113194
0.000113194
0.000113194
0.000113194
0.000113193
0.000113193
0.000113193
0.000113192
0.000113192
0.000113191
0.000113191
0.000113191
0.00011319
0.00011319
0.000113189
0.000113189
0.000113188
0.000113188
0.000113187
0.000113187
0.000113186
0.00011175
0.00011175
0.000111751
0.000111751
0.000111751
0.000111751
0.000111752
0.000111752
0.000111752
0.000111753
0.000111753
0.000111753
0.000111753
0.000111754
0.000111754
0.000111754
0.000111754
0.000111754
0.000111754
0.000111754
0.000111755
0.000111755
0.000111755
0.000111755
0.000111755
0.000111755
0.000111755
0.000111755
0.000111755
0.000111754
0.000111754
0.000111754
0.000111754
0.000111754
0.000111754
0.000111754
0.000111753
0.000111753
0.000111753
0.000111753
0.000111752
0.000111752
0.000111752
0.000111752
0.000111751
0.000111751
0.000111751
0.00011175
0.00011175
0.00011175
0.000111749
0.000111749
0.000111748
0.000111748
0.000111747
0.000111747
0.000111746
0.000111746
0.000111745
0.000110345
0.000110346
0.000110346
0.000110346
0.000110347
0.000110347
0.000110347
0.000110348
0.000110348
0.000110348
0.000110348
0.000110349
0.000110349
0.000110349
0.000110349
0.000110349
0.000110349
0.00011035
0.00011035
0.00011035
0.00011035
0.00011035
0.00011035
0.00011035
0.00011035
0.00011035
0.00011035
0.00011035
0.00011035
0.00011035
0.00011035
0.00011035
0.00011035
0.000110349
0.000110349
0.000110349
0.000110349
0.000110349
0.000110348
0.000110348
0.000110348
0.000110348
0.000110347
0.000110347
0.000110347
0.000110347
0.000110346
0.000110346
0.000110346
0.000110345
0.000110345
0.000110344
0.000110344
0.000110344
0.000110343
0.000110343
0.000110342
0.000110342
0.000110341
0.00010898
0.00010898
0.00010898
0.000108981
0.000108981
0.000108981
0.000108981
0.000108982
0.000108982
0.000108982
0.000108983
0.000108983
0.000108983
0.000108983
0.000108983
0.000108984
0.000108984
0.000108984
0.000108984
0.000108984
0.000108984
0.000108984
0.000108984
0.000108984
0.000108984
0.000108984
0.000108984
0.000108984
0.000108984
0.000108984
0.000108984
0.000108984
0.000108984
0.000108984
0.000108984
0.000108983
0.000108983
0.000108983
0.000108983
0.000108983
0.000108982
0.000108982
0.000108982
0.000108982
0.000108981
0.000108981
0.000108981
0.00010898
0.00010898
0.00010898
0.000108979
0.000108979
0.000108979
0.000108978
0.000108978
0.000108977
0.000108977
0.000108976
0.000108976
0.000107655
0.000107655
0.000107655
0.000107655
0.000107656
0.000107656
0.000107656
0.000107657
0.000107657
0.000107657
0.000107657
0.000107658
0.000107658
0.000107658
0.000107658
0.000107658
0.000107659
0.000107659
0.000107659
0.000107659
0.000107659
0.000107659
0.000107659
0.000107659
0.000107659
0.000107659
0.000107659
0.000107659
0.000107659
0.000107659
0.000107659
0.000107659
0.000107659
0.000107659
0.000107658
0.000107658
0.000107658
0.000107658
0.000107658
0.000107658
0.000107657
0.000107657
0.000107657
0.000107657
0.000107656
0.000107656
0.000107656
0.000107655
0.000107655
0.000107655
0.000107654
0.000107654
0.000107654
0.000107653
0.000107653
0.000107652
0.000107652
0.000107652
0.000107651
0.000106372
0.000106372
0.000106372
0.000106373
0.000106373
0.000106373
0.000106373
0.000106374
0.000106374
0.000106374
0.000106374
0.000106375
0.000106375
0.000106375
0.000106375
0.000106375
0.000106376
0.000106376
0.000106376
0.000106376
0.000106376
0.000106376
0.000106376
0.000106376
0.000106376
0.000106376
0.000106376
0.000106376
0.000106376
0.000106376
0.000106376
0.000106376
0.000106376
0.000106376
0.000106376
0.000106375
0.000106375
0.000106375
0.000106375
0.000106375
0.000106375
0.000106374
0.000106374
0.000106374
0.000106374
0.000106373
0.000106373
0.000106373
0.000106372
0.000106372
0.000106372
0.000106371
0.000106371
0.000106371
0.00010637
0.00010637
0.000106369
0.000106369
0.000106369
0.000105133
0.000105133
0.000105133
0.000105134
0.000105134
0.000105134
0.000105134
0.000105135
0.000105135
0.000105135
0.000105135
0.000105136
0.000105136
0.000105136
0.000105136
0.000105136
0.000105137
0.000105137
0.000105137
0.000105137
0.000105137
0.000105137
0.000105137
0.000105137
0.000105137
0.000105137
0.000105137
0.000105137
0.000105137
0.000105137
0.000105137
0.000105137
0.000105137
0.000105137
0.000105137
0.000105137
0.000105136
0.000105136
0.000105136
0.000105136
0.000105136
0.000105135
0.000105135
0.000105135
0.000105135
0.000105135
0.000105134
0.000105134
0.000105134
0.000105133
0.000105133
0.000105133
0.000105132
0.000105132
0.000105132
0.000105131
0.000105131
0.00010513
0.00010513
0.000103939
0.000103939
0.00010394
0.00010394
0.00010394
0.00010394
0.000103941
0.000103941
0.000103941
0.000103941
0.000103942
0.000103942
0.000103942
0.000103942
0.000103942
0.000103943
0.000103943
0.000103943
0.000103943
0.000103943
0.000103943
0.000103943
0.000103943
0.000103943
0.000103943
0.000103943
0.000103943
0.000103943
0.000103943
0.000103943
0.000103943
0.000103943
0.000103943
0.000103943
0.000103943
0.000103943
0.000103943
0.000103943
0.000103942
0.000103942
0.000103942
0.000103942
0.000103942
0.000103941
0.000103941
0.000103941
0.000103941
0.00010394
0.00010394
0.00010394
0.00010394
0.000103939
0.000103939
0.000103939
0.000103938
0.000103938
0.000103937
0.000103937
0.000103937
0.000102792
0.000102792
0.000102792
0.000102793
0.000102793
0.000102793
0.000102794
0.000102794
0.000102794
0.000102794
0.000102794
0.000102795
0.000102795
0.000102795
0.000102795
0.000102795
0.000102796
0.000102796
0.000102796
0.000102796
0.000102796
0.000102796
0.000102796
0.000102796
0.000102796
0.000102796
0.000102796
0.000102796
0.000102796
0.000102796
0.000102796
0.000102796
0.000102796
0.000102796
0.000102796
0.000102796
0.000102796
0.000102796
0.000102795
0.000102795
0.000102795
0.000102795
0.000102795
0.000102794
0.000102794
0.000102794
0.000102794
0.000102794
0.000102793
0.000102793
0.000102793
0.000102792
0.000102792
0.000102792
0.000102791
0.000102791
0.000102791
0.00010279
0.00010279
0.000101693
0.000101693
0.000101693
0.000101694
0.000101694
0.000101694
0.000101694
0.000101695
0.000101695
0.000101695
0.000101695
0.000101695
0.000101696
0.000101696
0.000101696
0.000101696
0.000101696
0.000101696
0.000101697
0.000101697
0.000101697
0.000101697
0.000101697
0.000101697
0.000101697
0.000101697
0.000101697
0.000101697
0.000101697
0.000101697
0.000101697
0.000101697
0.000101697
0.000101697
0.000101697
0.000101697
0.000101697
0.000101696
0.000101696
0.000101696
0.000101696
0.000101696
0.000101696
0.000101695
0.000101695
0.000101695
0.000101695
0.000101695
0.000101694
0.000101694
0.000101694
0.000101694
0.000101693
0.000101693
0.000101693
0.000101692
0.000101692
0.000101692
0.000101691
0.000100643
0.000100643
0.000100643
0.000100643
0.000100644
0.000100644
0.000100644
0.000100645
0.000100645
0.000100645
0.000100645
0.000100645
0.000100646
0.000100646
0.000100646
0.000100646
0.000100646
0.000100646
0.000100647
0.000100647
0.000100647
0.000100647
0.000100647
0.000100647
0.000100647
0.000100647
0.000100647
0.000100647
0.000100647
0.000100647
0.000100647
0.000100647
0.000100647
0.000100647
0.000100647
0.000100647
0.000100647
0.000100647
0.000100646
0.000100646
0.000100646
0.000100646
0.000100646
0.000100646
0.000100645
0.000100645
0.000100645
0.000100645
0.000100645
0.000100644
0.000100644
0.000100644
0.000100644
0.000100643
0.000100643
0.000100643
0.000100642
0.000100642
0.000100642
9.96434e-05
9.96434e-05
9.96436e-05
9.96438e-05
9.96441e-05
9.96443e-05
9.96446e-05
9.96448e-05
9.9645e-05
9.96453e-05
9.96455e-05
9.96457e-05
9.96459e-05
9.96461e-05
9.96462e-05
9.96464e-05
9.96466e-05
9.96467e-05
9.96468e-05
9.9647e-05
9.96471e-05
9.96472e-05
9.96473e-05
9.96473e-05
9.96474e-05
9.96474e-05
9.96474e-05
9.96475e-05
9.96475e-05
9.96475e-05
9.96474e-05
9.96474e-05
9.96474e-05
9.96473e-05
9.96472e-05
9.96472e-05
9.96471e-05
9.9647e-05
9.96469e-05
9.96467e-05
9.96466e-05
9.96465e-05
9.96463e-05
9.96461e-05
9.9646e-05
9.96458e-05
9.96456e-05
9.96454e-05
9.96452e-05
9.96449e-05
9.96447e-05
9.96444e-05
9.96442e-05
9.96439e-05
9.96436e-05
9.96433e-05
9.9643e-05
9.96427e-05
9.96423e-05
9.86953e-05
9.86952e-05
9.86954e-05
9.86957e-05
9.86959e-05
9.86962e-05
9.86964e-05
9.86967e-05
9.86969e-05
9.86971e-05
9.86973e-05
9.86975e-05
9.86977e-05
9.86979e-05
9.86981e-05
9.86982e-05
9.86984e-05
9.86986e-05
9.86987e-05
9.86988e-05
9.86989e-05
9.8699e-05
9.86991e-05
9.86992e-05
9.86992e-05
9.86993e-05
9.86993e-05
9.86994e-05
9.86994e-05
9.86994e-05
9.86994e-05
9.86993e-05
9.86993e-05
9.86993e-05
9.86992e-05
9.86991e-05
9.86991e-05
9.8699e-05
9.86989e-05
9.86988e-05
9.86986e-05
9.86985e-05
9.86984e-05
9.86982e-05
9.8698e-05
9.86979e-05
9.86977e-05
9.86975e-05
9.86973e-05
9.86971e-05
9.86969e-05
9.86966e-05
9.86964e-05
9.86961e-05
9.86959e-05
9.86956e-05
9.86953e-05
9.8695e-05
9.86946e-05
9.77999e-05
9.77998e-05
9.78e-05
9.78003e-05
9.78005e-05
9.78008e-05
9.7801e-05
9.78012e-05
9.78015e-05
9.78017e-05
9.78019e-05
9.78021e-05
9.78023e-05
9.78025e-05
9.78026e-05
9.78028e-05
9.7803e-05
9.78031e-05
9.78033e-05
9.78034e-05
9.78035e-05
9.78036e-05
9.78037e-05
9.78038e-05
9.78039e-05
9.78039e-05
9.7804e-05
9.7804e-05
9.7804e-05
9.7804e-05
9.7804e-05
9.7804e-05
9.7804e-05
9.78039e-05
9.78039e-05
9.78038e-05
9.78038e-05
9.78037e-05
9.78036e-05
9.78035e-05
9.78034e-05
9.78033e-05
9.78031e-05
9.7803e-05
9.78029e-05
9.78027e-05
9.78025e-05
9.78023e-05
9.78022e-05
9.7802e-05
9.78017e-05
9.78015e-05
9.78013e-05
9.78011e-05
9.78008e-05
9.78006e-05
9.78003e-05
9.78e-05
9.77996e-05
9.69585e-05
9.69584e-05
9.69586e-05
9.69588e-05
9.6959e-05
9.69593e-05
9.69595e-05
9.69598e-05
9.696e-05
9.69602e-05
9.69604e-05
9.69606e-05
9.69608e-05
9.6961e-05
9.69612e-05
9.69613e-05
9.69615e-05
9.69616e-05
9.69618e-05
9.69619e-05
9.6962e-05
9.69621e-05
9.69622e-05
9.69623e-05
9.69624e-05
9.69625e-05
9.69625e-05
9.69625e-05
9.69626e-05
9.69626e-05
9.69626e-05
9.69626e-05
9.69626e-05
9.69625e-05
9.69625e-05
9.69625e-05
9.69624e-05
9.69623e-05
9.69623e-05
9.69622e-05
9.69621e-05
9.6962e-05
9.69619e-05
9.69617e-05
9.69616e-05
9.69614e-05
9.69613e-05
9.69611e-05
9.6961e-05
9.69608e-05
9.69606e-05
9.69604e-05
9.69602e-05
9.69599e-05
9.69597e-05
9.69595e-05
9.69592e-05
9.6959e-05
9.69585e-05
9.61722e-05
9.61721e-05
9.61723e-05
9.61725e-05
9.61728e-05
9.6173e-05
9.61732e-05
9.61735e-05
9.61737e-05
9.61739e-05
9.61741e-05
9.61743e-05
9.61745e-05
9.61747e-05
9.61749e-05
9.6175e-05
9.61752e-05
9.61754e-05
9.61755e-05
9.61756e-05
9.61758e-05
9.61759e-05
9.6176e-05
9.61761e-05
9.61761e-05
9.61762e-05
9.61763e-05
9.61763e-05
9.61763e-05
9.61764e-05
9.61764e-05
9.61764e-05
9.61764e-05
9.61764e-05
9.61763e-05
9.61763e-05
9.61762e-05
9.61762e-05
9.61761e-05
9.6176e-05
9.6176e-05
9.61759e-05
9.61758e-05
9.61756e-05
9.61755e-05
9.61754e-05
9.61753e-05
9.61751e-05
9.61749e-05
9.61748e-05
9.61746e-05
9.61744e-05
9.61742e-05
9.6174e-05
9.61738e-05
9.61736e-05
9.61733e-05
9.61731e-05
9.61727e-05
9.54425e-05
9.54424e-05
9.54426e-05
9.54428e-05
9.5443e-05
9.54433e-05
9.54435e-05
9.54437e-05
9.5444e-05
9.54442e-05
9.54444e-05
9.54446e-05
9.54448e-05
9.5445e-05
9.54452e-05
9.54453e-05
9.54455e-05
9.54456e-05
9.54458e-05
9.54459e-05
9.54461e-05
9.54462e-05
9.54463e-05
9.54464e-05
9.54464e-05
9.54465e-05
9.54466e-05
9.54466e-05
9.54467e-05
9.54467e-05
9.54467e-05
9.54467e-05
9.54467e-05
9.54467e-05
9.54467e-05
9.54467e-05
9.54466e-05
9.54466e-05
9.54465e-05
9.54465e-05
9.54464e-05
9.54463e-05
9.54462e-05
9.54461e-05
9.5446e-05
9.54459e-05
9.54458e-05
9.54456e-05
9.54455e-05
9.54453e-05
9.54452e-05
9.5445e-05
9.54448e-05
9.54446e-05
9.54444e-05
9.54442e-05
9.5444e-05
9.54438e-05
9.54433e-05
9.47709e-05
9.47707e-05
9.47708e-05
9.47711e-05
9.47713e-05
9.47716e-05
9.47718e-05
9.4772e-05
9.47722e-05
9.47725e-05
9.47727e-05
9.47729e-05
9.47731e-05
9.47733e-05
9.47734e-05
9.47736e-05
9.47738e-05
9.47739e-05
9.47741e-05
9.47742e-05
9.47743e-05
9.47745e-05
9.47746e-05
9.47747e-05
9.47748e-05
9.47748e-05
9.47749e-05
9.47749e-05
9.4775e-05
9.4775e-05
9.4775e-05
9.47751e-05
9.47751e-05
9.47751e-05
9.47751e-05
9.4775e-05
9.4775e-05
9.4775e-05
9.47749e-05
9.47749e-05
9.47748e-05
9.47747e-05
9.47747e-05
9.47746e-05
9.47745e-05
9.47744e-05
9.47743e-05
9.47741e-05
9.4774e-05
9.47739e-05
9.47737e-05
9.47736e-05
9.47734e-05
9.47732e-05
9.47731e-05
9.47729e-05
9.47727e-05
9.47725e-05
9.4772e-05
9.41587e-05
9.41586e-05
9.41587e-05
9.4159e-05
9.41592e-05
9.41594e-05
9.41597e-05
9.41599e-05
9.41601e-05
9.41604e-05
9.41606e-05
9.41608e-05
9.4161e-05
9.41612e-05
9.41613e-05
9.41615e-05
9.41617e-05
9.41618e-05
9.4162e-05
9.41621e-05
9.41622e-05
9.41624e-05
9.41625e-05
9.41626e-05
9.41627e-05
9.41627e-05
9.41628e-05
9.41629e-05
9.41629e-05
9.41629e-05
9.4163e-05
9.4163e-05
9.4163e-05
9.4163e-05
9.4163e-05
9.4163e-05
9.4163e-05
9.4163e-05
9.41629e-05
9.41629e-05
9.41628e-05
9.41628e-05
9.41627e-05
9.41626e-05
9.41625e-05
9.41624e-05
9.41623e-05
9.41622e-05
9.41621e-05
9.4162e-05
9.41619e-05
9.41617e-05
9.41616e-05
9.41614e-05
9.41613e-05
9.41611e-05
9.41609e-05
9.41607e-05
9.41603e-05
9.3608e-05
9.36078e-05
9.3608e-05
9.36082e-05
9.36085e-05
9.36087e-05
9.36089e-05
9.36092e-05
9.36094e-05
9.36096e-05
9.36098e-05
9.361e-05
9.36102e-05
9.36104e-05
9.36106e-05
9.36108e-05
9.36109e-05
9.36111e-05
9.36112e-05
9.36114e-05
9.36115e-05
9.36116e-05
9.36117e-05
9.36118e-05
9.36119e-05
9.3612e-05
9.36121e-05
9.36121e-05
9.36122e-05
9.36122e-05
9.36123e-05
9.36123e-05
9.36123e-05
9.36123e-05
9.36123e-05
9.36123e-05
9.36123e-05
9.36123e-05
9.36123e-05
9.36122e-05
9.36122e-05
9.36121e-05
9.36121e-05
9.3612e-05
9.3612e-05
9.36119e-05
9.36118e-05
9.36117e-05
9.36116e-05
9.36115e-05
9.36114e-05
9.36112e-05
9.36111e-05
9.3611e-05
9.36108e-05
9.36107e-05
9.36105e-05
9.36103e-05
9.36098e-05
9.31206e-05
9.31204e-05
9.31206e-05
9.31208e-05
9.31211e-05
9.31213e-05
9.31216e-05
9.31218e-05
9.31221e-05
9.31223e-05
9.31225e-05
9.31227e-05
9.31229e-05
9.31231e-05
9.31233e-05
9.31234e-05
9.31236e-05
9.31237e-05
9.31239e-05
9.3124e-05
9.31241e-05
9.31243e-05
9.31244e-05
9.31245e-05
9.31246e-05
9.31246e-05
9.31247e-05
9.31248e-05
9.31248e-05
9.31249e-05
9.31249e-05
9.31249e-05
9.3125e-05
9.3125e-05
9.3125e-05
9.3125e-05
9.3125e-05
9.3125e-05
9.3125e-05
9.31249e-05
9.31249e-05
9.31249e-05
9.31248e-05
9.31248e-05
9.31247e-05
9.31246e-05
9.31246e-05
9.31245e-05
9.31244e-05
9.31243e-05
9.31242e-05
9.31241e-05
9.3124e-05
9.31238e-05
9.31237e-05
9.31236e-05
9.31234e-05
9.31233e-05
9.31228e-05
9.26988e-05
9.26986e-05
9.26988e-05
9.2699e-05
9.26993e-05
9.26996e-05
9.26998e-05
9.27001e-05
9.27003e-05
9.27005e-05
9.27008e-05
9.2701e-05
9.27011e-05
9.27013e-05
9.27015e-05
9.27017e-05
9.27018e-05
9.2702e-05
9.27021e-05
9.27022e-05
9.27024e-05
9.27025e-05
9.27026e-05
9.27027e-05
9.27028e-05
9.27028e-05
9.27029e-05
9.2703e-05
9.2703e-05
9.27031e-05
9.27031e-05
9.27032e-05
9.27032e-05
9.27032e-05
9.27032e-05
9.27033e-05
9.27033e-05
9.27033e-05
9.27032e-05
9.27032e-05
9.27032e-05
9.27032e-05
9.27031e-05
9.27031e-05
9.2703e-05
9.2703e-05
9.27029e-05
9.27028e-05
9.27028e-05
9.27027e-05
9.27026e-05
9.27025e-05
9.27024e-05
9.27023e-05
9.27021e-05
9.2702e-05
9.27019e-05
9.27018e-05
9.27013e-05
9.23452e-05
9.2345e-05
9.23452e-05
9.23454e-05
9.23457e-05
9.2346e-05
9.23463e-05
9.23465e-05
9.23467e-05
9.2347e-05
9.23472e-05
9.23474e-05
9.23475e-05
9.23477e-05
9.23479e-05
9.2348e-05
9.23482e-05
9.23483e-05
9.23485e-05
9.23486e-05
9.23487e-05
9.23488e-05
9.23489e-05
9.2349e-05
9.23491e-05
9.23492e-05
9.23493e-05
9.23493e-05
9.23494e-05
9.23495e-05
9.23495e-05
9.23495e-05
9.23496e-05
9.23496e-05
9.23496e-05
9.23496e-05
9.23496e-05
9.23496e-05
9.23496e-05
9.23496e-05
9.23496e-05
9.23496e-05
9.23496e-05
9.23495e-05
9.23495e-05
9.23494e-05
9.23494e-05
9.23493e-05
9.23492e-05
9.23492e-05
9.23491e-05
9.2349e-05
9.23489e-05
9.23488e-05
9.23487e-05
9.23486e-05
9.23485e-05
9.23484e-05
9.23478e-05
9.20626e-05
9.20624e-05
9.20626e-05
9.20629e-05
9.20632e-05
9.20635e-05
9.20638e-05
9.2064e-05
9.20642e-05
9.20644e-05
9.20646e-05
9.20648e-05
9.2065e-05
9.20652e-05
9.20653e-05
9.20655e-05
9.20656e-05
9.20657e-05
9.20659e-05
9.2066e-05
9.20661e-05
9.20662e-05
9.20663e-05
9.20664e-05
9.20665e-05
9.20666e-05
9.20667e-05
9.20667e-05
9.20668e-05
9.20668e-05
9.20669e-05
9.20669e-05
9.2067e-05
9.2067e-05
9.2067e-05
9.2067e-05
9.2067e-05
9.20671e-05
9.20671e-05
9.2067e-05
9.2067e-05
9.2067e-05
9.2067e-05
9.2067e-05
9.20669e-05
9.20669e-05
9.20669e-05
9.20668e-05
9.20667e-05
9.20667e-05
9.20666e-05
9.20665e-05
9.20664e-05
9.20664e-05
9.20663e-05
9.20662e-05
9.20661e-05
9.20659e-05
9.20654e-05
9.18543e-05
9.18542e-05
9.18545e-05
9.18548e-05
9.18551e-05
9.18554e-05
9.18556e-05
9.18559e-05
9.18561e-05
9.18563e-05
9.18565e-05
9.18566e-05
9.18568e-05
9.1857e-05
9.18571e-05
9.18572e-05
9.18574e-05
9.18575e-05
9.18576e-05
9.18577e-05
9.18578e-05
9.1858e-05
9.18581e-05
9.18581e-05
9.18582e-05
9.18583e-05
9.18584e-05
9.18584e-05
9.18585e-05
9.18586e-05
9.18586e-05
9.18587e-05
9.18587e-05
9.18587e-05
9.18587e-05
9.18588e-05
9.18588e-05
9.18588e-05
9.18588e-05
9.18588e-05
9.18588e-05
9.18588e-05
9.18588e-05
9.18588e-05
9.18587e-05
9.18587e-05
9.18587e-05
9.18586e-05
9.18586e-05
9.18585e-05
9.18584e-05
9.18584e-05
9.18583e-05
9.18582e-05
9.18581e-05
9.1858e-05
9.18579e-05
9.18578e-05
9.18573e-05
9.17243e-05
9.17243e-05
9.17246e-05
9.1725e-05
9.17252e-05
9.17255e-05
9.17257e-05
9.17259e-05
9.17261e-05
9.17263e-05
9.17264e-05
9.17266e-05
9.17267e-05
9.17269e-05
9.1727e-05
9.17272e-05
9.17273e-05
9.17274e-05
9.17275e-05
9.17276e-05
9.17277e-05
9.17278e-05
9.17279e-05
9.1728e-05
9.17281e-05
9.17282e-05
9.17282e-05
9.17283e-05
9.17284e-05
9.17284e-05
9.17285e-05
9.17285e-05
9.17285e-05
9.17286e-05
9.17286e-05
9.17286e-05
9.17286e-05
9.17287e-05
9.17287e-05
9.17287e-05
9.17287e-05
9.17287e-05
9.17286e-05
9.17286e-05
9.17286e-05
9.17286e-05
9.17285e-05
9.17285e-05
9.17285e-05
9.17284e-05
9.17284e-05
9.17283e-05
9.17282e-05
9.17282e-05
9.17281e-05
9.1728e-05
9.17279e-05
9.17278e-05
9.17273e-05
9.16769e-05
9.16771e-05
9.16774e-05
9.16777e-05
9.16779e-05
9.16781e-05
9.16783e-05
9.16784e-05
9.16786e-05
9.16787e-05
9.16789e-05
9.1679e-05
9.16792e-05
9.16793e-05
9.16794e-05
9.16795e-05
9.16796e-05
9.16798e-05
9.16799e-05
9.168e-05
9.16801e-05
9.16802e-05
9.16802e-05
9.16803e-05
9.16804e-05
9.16805e-05
9.16805e-05
9.16806e-05
9.16807e-05
9.16807e-05
9.16808e-05
9.16808e-05
9.16808e-05
9.16809e-05
9.16809e-05
9.16809e-05
9.16809e-05
9.16809e-05
9.1681e-05
9.1681e-05
9.1681e-05
9.1681e-05
9.16809e-05
9.16809e-05
9.16809e-05
9.16809e-05
9.16809e-05
9.16808e-05
9.16808e-05
9.16807e-05
9.16807e-05
9.16806e-05
9.16806e-05
9.16805e-05
9.16804e-05
9.16803e-05
9.16803e-05
9.16802e-05
9.16798e-05
)
;

boundaryField
{
    bottomWall
    {
        type            kqRWallFunction;
        value           nonuniform 0();
    }
    topWall
    {
        type            kqRWallFunction;
        value           nonuniform 0();
    }
    sides1_half0
    {
        type            cyclic;
    }
    sides1_half1
    {
        type            cyclic;
    }
    sides2_half0
    {
        type            cyclic;
    }
    sides2_half1
    {
        type            cyclic;
    }
    inout1_half0
    {
        type            cyclic;
    }
    inout1_half1
    {
        type            cyclic;
    }
    inout2_half0
    {
        type            cyclic;
    }
    inout2_half1
    {
        type            cyclic;
    }
    procBoundary4to2
    {
        type            processor;
        value           nonuniform List<scalar> 
59
(
9.17199e-05
9.17196e-05
9.17195e-05
9.17196e-05
9.17197e-05
9.17198e-05
9.172e-05
9.17201e-05
9.17202e-05
9.17204e-05
9.17205e-05
9.17206e-05
9.17207e-05
9.17208e-05
9.17209e-05
9.1721e-05
9.17211e-05
9.17212e-05
9.17213e-05
9.17214e-05
9.17215e-05
9.17216e-05
9.17217e-05
9.17218e-05
9.17218e-05
9.17219e-05
9.1722e-05
9.1722e-05
9.17221e-05
9.17221e-05
9.17222e-05
9.17222e-05
9.17222e-05
9.17223e-05
9.17223e-05
9.17223e-05
9.17223e-05
9.17223e-05
9.17223e-05
9.17223e-05
9.17223e-05
9.17223e-05
9.17223e-05
9.17223e-05
9.17223e-05
9.17223e-05
9.17222e-05
9.17222e-05
9.17222e-05
9.17221e-05
9.17221e-05
9.1722e-05
9.1722e-05
9.17219e-05
9.17218e-05
9.17217e-05
9.17217e-05
9.17216e-05
9.17214e-05
)
;
    }
    procBoundary4to3
    {
        type            processor;
        value           nonuniform List<scalar> 
63
(
0.000168297
0.000168297
0.000168297
0.000168297
0.000168297
0.000168297
0.000168296
0.000168296
0.000168296
0.000168296
0.000168296
0.000168296
0.000168295
0.000168295
0.000168295
0.000168295
0.000168295
0.000168294
0.000168294
0.000168294
0.000168294
0.000168294
0.000168293
0.000168293
0.000168293
0.000168292
0.000168292
0.000168292
0.000168291
0.000168291
0.000168291
0.00016829
0.00016829
0.00016829
0.000168289
0.000168289
0.000168288
0.000168288
0.000167968
0.000167968
0.000167968
0.000167958
0.000167958
0.000167958
0.000167547
0.000167547
0.000167547
0.000167537
0.000167537
0.000167537
0.000167536
0.000167536
0.000167535
0.000167535
0.000167535
0.000167534
0.000167534
0.000167534
0.000167534
0.000167533
0.000167533
0.000167533
0.000167533
)
;
    }
    procBoundary4to5
    {
        type            processor;
        value           nonuniform List<scalar> 
132
(
0.000167041
0.000167027
0.000166454
0.000166439
0.00016579
0.000165776
0.000165054
0.000165039
0.000164249
0.000164234
0.000163377
0.000163362
0.000162441
0.000162426
0.000161444
0.000161428
0.000160388
0.000160372
0.000159275
0.00015926
0.000158108
0.000158093
0.000156889
0.000156875
0.000155621
0.000155606
0.000154305
0.000154291
0.000152944
0.000152931
0.000151541
0.000151528
0.000150098
0.000150085
0.000148617
0.000148605
0.000147103
0.000147092
0.000145557
0.000145546
0.000143984
0.000143973
0.000142385
0.000142375
0.000140764
0.000140754
0.000139125
0.000139116
0.000137471
0.000137462
0.000135805
0.000135796
0.000134131
0.000134123
0.000132453
0.000132445
0.000130774
0.000130766
0.000129097
0.00012909
0.000127427
0.00012742
0.000125766
0.000125759
0.000124117
0.000124111
0.000122485
0.000122479
0.000120872
0.000120866
0.000119281
0.000119275
0.000117714
0.000117709
0.000116176
0.00011617
0.000114667
0.000114662
0.000113191
0.000113186
0.00011175
0.000111745
0.000110346
0.000110341
0.00010898
0.000108975
0.000107655
0.00010765
0.000106372
0.000106368
0.000105133
0.000105129
0.00010394
0.000103936
0.000102793
0.000102789
0.000101694
0.00010169
0.000100644
0.00010064
9.96445e-05
9.96409e-05
9.86965e-05
9.86931e-05
9.78013e-05
9.7798e-05
9.69599e-05
9.69569e-05
9.61738e-05
9.61709e-05
9.54442e-05
9.54415e-05
9.47726e-05
9.47701e-05
9.41606e-05
9.41583e-05
9.361e-05
9.36078e-05
9.31226e-05
9.31206e-05
9.27009e-05
9.26991e-05
9.23473e-05
9.23456e-05
9.20648e-05
9.20631e-05
9.18565e-05
9.1855e-05
9.17265e-05
9.17251e-05
9.16789e-05
9.16777e-05
)
;
    }
}


// ************************************************************************* //
