/*--------------------------------*- C++ -*----------------------------------*\
  =========                 |
  \\      /  F ield         | OpenFOAM: The Open Source CFD Toolbox
   \\    /   O peration     | Website:  https://openfoam.org
    \\  /    A nd           | Version:  7
     \\/     M anipulation  |
\*---------------------------------------------------------------------------*/
FoamFile
{
    version     2.0;
    format      ascii;
    class       volScalarField;
    location    "2000";
    object      nut;
}
// * * * * * * * * * * * * * * * * * * * * * * * * * * * * * * * * * * * * * //

dimensions      [0 2 -1 0 0 0 0];

internalField   nonuniform List<scalar> 
4037
(
0.000252448
0.000252455
0.000252461
0.000252465
0.000252469
0.000252472
0.000252475
0.000252478
0.00025248
0.000252483
0.000252485
0.000252487
0.000252489
0.000252491
0.000252493
0.000252495
0.000252497
0.000252499
0.0002525
0.000252502
0.000252504
0.000252505
0.000252507
0.000252508
0.00025251
0.000252511
0.000252512
0.000252514
0.000252515
0.000252516
0.000252517
0.000252518
0.000252519
0.00025252
0.000252521
0.000252522
0.000252523
0.000252524
0.000252524
0.000252525
0.000252525
0.000252525
0.000252526
0.000252526
0.000252526
0.000252526
0.000252526
0.000252525
0.000252525
0.000252525
0.000252524
0.000252524
0.000252523
0.000252522
0.000252521
0.000252521
0.00025252
0.000252519
0.000252518
0.000252517
0.000252516
0.000252515
0.000252514
0.000252513
0.000252512
0.000252511
0.00025251
0.000252509
0.000252509
0.000252508
0.000252507
0.000252506
0.000252506
0.000252505
0.000252505
0.000252504
0.000252505
0.000241116
0.000241112
0.000241111
0.000241111
0.000241111
0.000241111
0.000241112
0.000241112
0.000241112
0.000241113
0.000241113
0.000241113
0.000241114
0.000241114
0.000241115
0.000241115
0.000241116
0.000241116
0.000241117
0.000241117
0.000241118
0.000241118
0.000241119
0.000241118
0.00024113
0.000241138
0.000241144
0.000241148
0.000241152
0.000241155
0.000241158
0.000241161
0.000241164
0.000241166
0.000241168
0.00024117
0.000241173
0.000241175
0.000241177
0.000241178
0.00024118
0.000241182
0.000241184
0.000241185
0.000241187
0.000241188
0.00024119
0.000241191
0.000241193
0.000241194
0.000241195
0.000241197
0.000241198
0.000241199
0.0002412
0.000241201
0.000241202
0.000241203
0.000241204
0.000241205
0.000241206
0.000241206
0.000241207
0.000241207
0.000241208
0.000241208
0.000241208
0.000241209
0.000241209
0.000241209
0.000241209
0.000241208
0.000241208
0.000241208
0.000241207
0.000241207
0.000241206
0.000241206
0.000241205
0.000241204
0.000241203
0.000241202
0.000241202
0.000241201
0.0002412
0.000241199
0.000241198
0.000241197
0.000241196
0.000241196
0.000241195
0.000241194
0.000241193
0.000241193
0.000241192
0.000241191
0.000241191
0.00024119
0.00024119
0.000241189
0.000241191
0.000241173
0.000241164
0.00024116
0.000241157
0.000241154
0.000241152
0.00024115
0.000241148
0.000241146
0.000241144
0.000241143
0.000241141
0.00024114
0.000241139
0.000241137
0.000241136
0.000241135
0.000241134
0.000241136
0.000229988
0.000229983
0.000229981
0.000229981
0.000229981
0.000229981
0.000229982
0.000229982
0.000229982
0.000229982
0.000229983
0.000229983
0.000229983
0.000229984
0.000229984
0.000229985
0.000229985
0.000229986
0.000229986
0.000229987
0.000229987
0.000229988
0.000229989
0.000229988
0.000229994
0.000229999
0.000230004
0.000230009
0.000230012
0.000230016
0.000230018
0.000230021
0.000230024
0.000230026
0.000230028
0.00023003
0.000230032
0.000230034
0.000230036
0.000230038
0.00023004
0.000230042
0.000230043
0.000230045
0.000230046
0.000230048
0.000230049
0.000230051
0.000230052
0.000230053
0.000230055
0.000230056
0.000230057
0.000230058
0.000230059
0.00023006
0.000230061
0.000230062
0.000230063
0.000230064
0.000230064
0.000230065
0.000230066
0.000230066
0.000230067
0.000230067
0.000230067
0.000230067
0.000230067
0.000230067
0.000230067
0.000230067
0.000230067
0.000230067
0.000230066
0.000230066
0.000230065
0.000230065
0.000230064
0.000230063
0.000230063
0.000230062
0.000230061
0.00023006
0.00023006
0.000230059
0.000230058
0.000230057
0.000230057
0.000230056
0.000230055
0.000230054
0.000230054
0.000230053
0.000230053
0.000230052
0.000230052
0.000230051
0.000230051
0.00023005
0.000230052
0.000230044
0.000230037
0.000230032
0.000230028
0.000230026
0.000230023
0.000230021
0.000230019
0.000230018
0.000230016
0.000230014
0.000230013
0.000230012
0.000230011
0.00023001
0.000230009
0.000230008
0.000230006
0.000230009
0.000219022
0.000219016
0.000219015
0.000219014
0.000219014
0.000219014
0.000219014
0.000219015
0.000219015
0.000219015
0.000219015
0.000219016
0.000219016
0.000219017
0.000219017
0.000219018
0.000219018
0.000219019
0.000219019
0.00021902
0.00021902
0.000219021
0.000219021
0.000219021
0.000219024
0.000219027
0.000219031
0.000219034
0.000219038
0.000219041
0.000219043
0.000219046
0.000219048
0.00021905
0.000219052
0.000219054
0.000219056
0.000219058
0.00021906
0.000219062
0.000219063
0.000219065
0.000219067
0.000219068
0.00021907
0.000219071
0.000219072
0.000219074
0.000219075
0.000219076
0.000219078
0.000219079
0.00021908
0.000219081
0.000219082
0.000219083
0.000219084
0.000219085
0.000219086
0.000219086
0.000219087
0.000219088
0.000219088
0.000219089
0.000219089
0.000219089
0.00021909
0.00021909
0.00021909
0.00021909
0.00021909
0.00021909
0.00021909
0.000219089
0.000219089
0.000219089
0.000219088
0.000219088
0.000219087
0.000219087
0.000219086
0.000219085
0.000219085
0.000219084
0.000219083
0.000219082
0.000219082
0.000219081
0.00021908
0.00021908
0.000219079
0.000219079
0.000219078
0.000219077
0.000219077
0.000219077
0.000219076
0.000219076
0.000219076
0.000219075
0.000219076
0.000219073
0.000219068
0.000219064
0.000219061
0.000219059
0.000219057
0.000219055
0.000219053
0.000219051
0.00021905
0.000219049
0.000219047
0.000219046
0.000219045
0.000219044
0.000219043
0.000219042
0.000219041
0.000219044
0.000208208
0.000208202
0.0002082
0.0002082
0.000208199
0.000208199
0.0002082
0.0002082
0.0002082
0.0002082
0.000208201
0.000208201
0.000208201
0.000208202
0.000208202
0.000208203
0.000208203
0.000208204
0.000208204
0.000208205
0.000208205
0.000208206
0.000208206
0.000208207
0.000208208
0.00020821
0.000208212
0.000208215
0.000208218
0.00020822
0.000208222
0.000208225
0.000208227
0.000208229
0.000208231
0.000208233
0.000208234
0.000208236
0.000208238
0.00020824
0.000208241
0.000208243
0.000208244
0.000208246
0.000208247
0.000208248
0.00020825
0.000208251
0.000208252
0.000208253
0.000208254
0.000208256
0.000208257
0.000208258
0.000208259
0.00020826
0.00020826
0.000208261
0.000208262
0.000208263
0.000208263
0.000208264
0.000208264
0.000208265
0.000208265
0.000208266
0.000208266
0.000208266
0.000208266
0.000208266
0.000208266
0.000208266
0.000208266
0.000208266
0.000208265
0.000208265
0.000208265
0.000208264
0.000208264
0.000208263
0.000208263
0.000208262
0.000208262
0.000208261
0.00020826
0.00020826
0.000208259
0.000208258
0.000208258
0.000208257
0.000208257
0.000208256
0.000208256
0.000208255
0.000208255
0.000208255
0.000208254
0.000208254
0.000208254
0.000208253
0.000208254
0.000208253
0.00020825
0.000208248
0.000208245
0.000208243
0.000208241
0.00020824
0.000208238
0.000208237
0.000208235
0.000208234
0.000208233
0.000208232
0.000208231
0.00020823
0.000208229
0.000208229
0.000208227
0.00020823
0.000197537
0.000197531
0.000197529
0.000197529
0.000197529
0.000197529
0.000197529
0.000197529
0.000197529
0.000197529
0.00019753
0.00019753
0.00019753
0.000197531
0.000197531
0.000197532
0.000197532
0.000197533
0.000197533
0.000197534
0.000197534
0.000197535
0.000197535
0.000197536
0.000197536
0.000197538
0.000197539
0.000197541
0.000197543
0.000197545
0.000197547
0.000197549
0.000197551
0.000197553
0.000197554
0.000197556
0.000197558
0.000197559
0.000197561
0.000197562
0.000197564
0.000197565
0.000197567
0.000197568
0.000197569
0.000197571
0.000197572
0.000197573
0.000197574
0.000197575
0.000197576
0.000197577
0.000197578
0.000197579
0.00019758
0.000197581
0.000197582
0.000197583
0.000197583
0.000197584
0.000197585
0.000197585
0.000197586
0.000197586
0.000197587
0.000197587
0.000197587
0.000197587
0.000197587
0.000197587
0.000197587
0.000197587
0.000197587
0.000197587
0.000197587
0.000197587
0.000197586
0.000197586
0.000197585
0.000197585
0.000197584
0.000197584
0.000197583
0.000197583
0.000197582
0.000197582
0.000197581
0.000197581
0.00019758
0.00019758
0.000197579
0.000197579
0.000197578
0.000197578
0.000197578
0.000197577
0.000197577
0.000197577
0.000197577
0.000197576
0.000197576
0.000197576
0.000197575
0.000197574
0.000197572
0.00019757
0.000197569
0.000197568
0.000197566
0.000197565
0.000197564
0.000197563
0.000197562
0.000197561
0.00019756
0.000197559
0.000197559
0.000197558
0.000197556
0.00019756
0.000187002
0.000186996
0.000186995
0.000186994
0.000186994
0.000186994
0.000186994
0.000186994
0.000186994
0.000186995
0.000186995
0.000186995
0.000186996
0.000186996
0.000186997
0.000186997
0.000186998
0.000186998
0.000186999
0.000186999
0.000187
0.000187
0.000187001
0.000187001
0.000187002
0.000187002
0.000187003
0.000187005
0.000187006
0.000187008
0.000187009
0.000187011
0.000187012
0.000187014
0.000187016
0.000187017
0.000187019
0.00018702
0.000187021
0.000187023
0.000187024
0.000187025
0.000187027
0.000187028
0.000187029
0.00018703
0.000187031
0.000187033
0.000187034
0.000187035
0.000187036
0.000187037
0.000187037
0.000187038
0.000187039
0.00018704
0.000187041
0.000187041
0.000187042
0.000187043
0.000187043
0.000187044
0.000187044
0.000187045
0.000187045
0.000187045
0.000187046
0.000187046
0.000187046
0.000187046
0.000187046
0.000187046
0.000187046
0.000187046
0.000187046
0.000187045
0.000187045
0.000187045
0.000187044
0.000187044
0.000187044
0.000187043
0.000187043
0.000187042
0.000187042
0.000187041
0.000187041
0.00018704
0.00018704
0.000187039
0.000187039
0.000187038
0.000187038
0.000187038
0.000187038
0.000187037
0.000187037
0.000187037
0.000187037
0.000187037
0.000187037
0.000187036
0.000187036
0.000187035
0.000187034
0.000187033
0.000187032
0.000187031
0.00018703
0.000187029
0.000187028
0.000187027
0.000187027
0.000187026
0.000187025
0.000187024
0.000187024
0.000187023
0.000187022
0.000187025
0.000176598
0.000176592
0.00017659
0.00017659
0.00017659
0.00017659
0.00017659
0.00017659
0.00017659
0.00017659
0.000176591
0.000176591
0.000176591
0.000176592
0.000176592
0.000176593
0.000176593
0.000176594
0.000176594
0.000176595
0.000176595
0.000176596
0.000176596
0.000176597
0.000176597
0.000176598
0.000176598
0.000176599
0.0001766
0.000176601
0.000176603
0.000176604
0.000176605
0.000176607
0.000176608
0.000176609
0.000176611
0.000176612
0.000176613
0.000176614
0.000176616
0.000176617
0.000176618
0.000176619
0.00017662
0.000176621
0.000176622
0.000176623
0.000176624
0.000176625
0.000176626
0.000176627
0.000176628
0.000176629
0.000176629
0.00017663
0.000176631
0.000176631
0.000176632
0.000176633
0.000176633
0.000176634
0.000176634
0.000176634
0.000176635
0.000176635
0.000176635
0.000176636
0.000176636
0.000176636
0.000176636
0.000176636
0.000176636
0.000176636
0.000176635
0.000176635
0.000176635
0.000176635
0.000176634
0.000176634
0.000176634
0.000176633
0.000176633
0.000176632
0.000176632
0.000176632
0.000176631
0.000176631
0.00017663
0.00017663
0.00017663
0.000176629
0.000176629
0.000176629
0.000176628
0.000176628
0.000176628
0.000176628
0.000176628
0.000176628
0.000176628
0.000176628
0.000176628
0.000176627
0.000176627
0.000176626
0.000176625
0.000176625
0.000176624
0.000176623
0.000176623
0.000176622
0.000176621
0.000176621
0.00017662
0.000176619
0.000176619
0.000176618
0.000176617
0.000176621
0.000166319
0.000166313
0.000166312
0.000166311
0.000166311
0.000166311
0.000166311
0.000166311
0.000166311
0.000166311
0.000166312
0.000166312
0.000166313
0.000166313
0.000166313
0.000166314
0.000166314
0.000166315
0.000166315
0.000166316
0.000166316
0.000166317
0.000166317
0.000166318
0.000166318
0.000166319
0.000166319
0.00016632
0.000166321
0.000166321
0.000166322
0.000166323
0.000166324
0.000166326
0.000166327
0.000166328
0.000166329
0.00016633
0.000166331
0.000166332
0.000166333
0.000166334
0.000166335
0.000166336
0.000166337
0.000166338
0.000166339
0.00016634
0.000166341
0.000166342
0.000166343
0.000166344
0.000166344
0.000166345
0.000166346
0.000166346
0.000166347
0.000166348
0.000166348
0.000166349
0.000166349
0.00016635
0.00016635
0.000166351
0.000166351
0.000166351
0.000166351
0.000166352
0.000166352
0.000166352
0.000166352
0.000166352
0.000166352
0.000166352
0.000166352
0.000166351
0.000166351
0.000166351
0.000166351
0.00016635
0.00016635
0.00016635
0.000166349
0.000166349
0.000166349
0.000166348
0.000166348
0.000166347
0.000166347
0.000166347
0.000166347
0.000166346
0.000166346
0.000166346
0.000166345
0.000166345
0.000166345
0.000166345
0.000166345
0.000166345
0.000166345
0.000166345
0.000166345
0.000166345
0.000166345
0.000166344
0.000166344
0.000166344
0.000166343
0.000166343
0.000166342
0.000166342
0.000166341
0.000166341
0.00016634
0.00016634
0.000166339
0.000166339
0.000166337
0.000166341
0.000156162
0.000156156
0.000156155
0.000156154
0.000156154
0.000156154
0.000156154
0.000156154
0.000156155
0.000156155
0.000156155
0.000156156
0.000156156
0.000156157
0.000156157
0.000156157
0.000156158
0.000156158
0.000156159
0.000156159
0.00015616
0.00015616
0.000156161
0.000156161
0.000156162
0.000156162
0.000156162
0.000156163
0.000156163
0.000156164
0.000156165
0.000156166
0.000156166
0.000156167
0.000156168
0.000156169
0.00015617
0.000156171
0.000156172
0.000156173
0.000156174
0.000156175
0.000156176
0.000156177
0.000156178
0.000156178
0.000156179
0.00015618
0.000156181
0.000156182
0.000156182
0.000156183
0.000156184
0.000156184
0.000156185
0.000156186
0.000156186
0.000156187
0.000156187
0.000156188
0.000156188
0.000156189
0.000156189
0.000156189
0.00015619
0.00015619
0.00015619
0.00015619
0.000156191
0.000156191
0.000156191
0.000156191
0.000156191
0.000156191
0.00015619
0.00015619
0.00015619
0.00015619
0.00015619
0.000156189
0.000156189
0.000156189
0.000156189
0.000156188
0.000156188
0.000156188
0.000156187
0.000156187
0.000156187
0.000156186
0.000156186
0.000156186
0.000156186
0.000156185
0.000156185
0.000156185
0.000156185
0.000156185
0.000156185
0.000156185
0.000156185
0.000156185
0.000156185
0.000156185
0.000156185
0.000156185
0.000156185
0.000156184
0.000156184
0.000156184
0.000156184
0.000156183
0.000156183
0.000156182
0.000156182
0.000156182
0.000156181
0.000156181
0.00015618
0.000156183
0.000146125
0.00014612
0.000146119
0.000146118
0.000146118
0.000146118
0.000146118
0.000146118
0.000146119
0.000146119
0.000146119
0.00014612
0.00014612
0.00014612
0.000146121
0.000146121
0.000146122
0.000146122
0.000146123
0.000146123
0.000146124
0.000146124
0.000146124
0.000146125
0.000146125
0.000146126
0.000146126
0.000146126
0.000146127
0.000146127
0.000146128
0.000146129
0.000146129
0.00014613
0.000146131
0.000146131
0.000146132
0.000146133
0.000146134
0.000146135
0.000146135
0.000146136
0.000146137
0.000146138
0.000146139
0.000146139
0.00014614
0.000146141
0.000146142
0.000146142
0.000146143
0.000146144
0.000146144
0.000146145
0.000146145
0.000146146
0.000146146
0.000146147
0.000146147
0.000146148
0.000146148
0.000146149
0.000146149
0.000146149
0.00014615
0.00014615
0.00014615
0.00014615
0.00014615
0.00014615
0.000146151
0.000146151
0.000146151
0.00014615
0.00014615
0.00014615
0.00014615
0.00014615
0.00014615
0.00014615
0.000146149
0.000146149
0.000146149
0.000146149
0.000146148
0.000146148
0.000146148
0.000146147
0.000146147
0.000146147
0.000146147
0.000146146
0.000146146
0.000146146
0.000146146
0.000146146
0.000146146
0.000146146
0.000146146
0.000146146
0.000146146
0.000146146
0.000146146
0.000146146
0.000146146
0.000146146
0.000146146
0.000146146
0.000146146
0.000146145
0.000146145
0.000146145
0.000146145
0.000146145
0.000146144
0.000146144
0.000146144
0.000146143
0.000146142
0.000146146
0.000136209
0.000136204
0.000136203
0.000136202
0.000136202
0.000136202
0.000136202
0.000136203
0.000136203
0.000136203
0.000136203
0.000136204
0.000136204
0.000136205
0.000136205
0.000136205
0.000136206
0.000136206
0.000136207
0.000136207
0.000136207
0.000136208
0.000136208
0.000136209
0.000136209
0.00013621
0.00013621
0.00013621
0.000136211
0.000136211
0.000136211
0.000136212
0.000136212
0.000136213
0.000136214
0.000136214
0.000136215
0.000136215
0.000136216
0.000136217
0.000136218
0.000136218
0.000136219
0.00013622
0.00013622
0.000136221
0.000136222
0.000136222
0.000136223
0.000136224
0.000136224
0.000136225
0.000136225
0.000136226
0.000136226
0.000136227
0.000136227
0.000136228
0.000136228
0.000136229
0.000136229
0.000136229
0.00013623
0.00013623
0.00013623
0.00013623
0.000136231
0.000136231
0.000136231
0.000136231
0.000136231
0.000136231
0.000136231
0.000136231
0.000136231
0.000136231
0.000136231
0.000136231
0.00013623
0.00013623
0.00013623
0.00013623
0.00013623
0.000136229
0.000136229
0.000136229
0.000136229
0.000136228
0.000136228
0.000136228
0.000136228
0.000136228
0.000136227
0.000136227
0.000136227
0.000136227
0.000136227
0.000136227
0.000136227
0.000136227
0.000136227
0.000136227
0.000136227
0.000136227
0.000136227
0.000136227
0.000136227
0.000136227
0.000136227
0.000136227
0.000136227
0.000136227
0.000136227
0.000136227
0.000136227
0.000136226
0.000136226
0.000136226
0.000136225
0.000136228
0.000126414
0.00012641
0.000126408
0.000126408
0.000126408
0.000126408
0.000126408
0.000126408
0.000126409
0.000126409
0.000126409
0.00012641
0.00012641
0.00012641
0.000126411
0.000126411
0.000126412
0.000126412
0.000126412
0.000126413
0.000126413
0.000126413
0.000126414
0.000126414
0.000126415
0.000126415
0.000126415
0.000126416
0.000126416
0.000126416
0.000126417
0.000126417
0.000126417
0.000126418
0.000126418
0.000126419
0.000126419
0.00012642
0.00012642
0.000126421
0.000126422
0.000126422
0.000126423
0.000126423
0.000126424
0.000126425
0.000126425
0.000126426
0.000126426
0.000126427
0.000126427
0.000126428
0.000126428
0.000126429
0.000126429
0.00012643
0.00012643
0.000126431
0.000126431
0.000126431
0.000126432
0.000126432
0.000126432
0.000126432
0.000126433
0.000126433
0.000126433
0.000126433
0.000126433
0.000126433
0.000126434
0.000126434
0.000126434
0.000126434
0.000126434
0.000126433
0.000126433
0.000126433
0.000126433
0.000126433
0.000126433
0.000126433
0.000126432
0.000126432
0.000126432
0.000126432
0.000126432
0.000126431
0.000126431
0.000126431
0.000126431
0.000126431
0.000126431
0.00012643
0.00012643
0.00012643
0.00012643
0.00012643
0.00012643
0.00012643
0.00012643
0.00012643
0.00012643
0.00012643
0.00012643
0.00012643
0.00012643
0.000126431
0.000126431
0.000126431
0.000126431
0.000126431
0.000126431
0.000126431
0.00012643
0.00012643
0.00012643
0.00012643
0.000126429
0.000126432
0.000116745
0.00011674
0.000116739
0.000116739
0.000116739
0.000116739
0.000116739
0.000116739
0.000116739
0.00011674
0.00011674
0.00011674
0.000116741
0.000116741
0.000116742
0.000116742
0.000116742
0.000116743
0.000116743
0.000116743
0.000116744
0.000116744
0.000116744
0.000116745
0.000116745
0.000116745
0.000116746
0.000116746
0.000116746
0.000116747
0.000116747
0.000116747
0.000116747
0.000116748
0.000116748
0.000116749
0.000116749
0.00011675
0.00011675
0.00011675
0.000116751
0.000116751
0.000116752
0.000116753
0.000116753
0.000116754
0.000116754
0.000116754
0.000116755
0.000116755
0.000116756
0.000116756
0.000116757
0.000116757
0.000116758
0.000116758
0.000116758
0.000116759
0.000116759
0.000116759
0.00011676
0.00011676
0.00011676
0.00011676
0.000116761
0.000116761
0.000116761
0.000116761
0.000116761
0.000116761
0.000116761
0.000116761
0.000116761
0.000116761
0.000116761
0.000116761
0.000116761
0.000116761
0.000116761
0.000116761
0.000116761
0.000116761
0.000116761
0.00011676
0.00011676
0.00011676
0.00011676
0.00011676
0.000116759
0.000116759
0.000116759
0.000116759
0.000116759
0.000116759
0.000116759
0.000116759
0.000116759
0.000116758
0.000116758
0.000116758
0.000116758
0.000116758
0.000116758
0.000116758
0.000116759
0.000116759
0.000116759
0.000116759
0.000116759
0.000116759
0.000116759
0.000116759
0.000116759
0.000116759
0.000116759
0.000116759
0.000116759
0.000116759
0.000116758
0.000116761
0.000107205
0.000107201
0.0001072
0.0001072
0.0001072
0.0001072
0.0001072
0.0001072
0.000107201
0.000107201
0.000107201
0.000107202
0.000107202
0.000107202
0.000107203
0.000107203
0.000107203
0.000107204
0.000107204
0.000107204
0.000107205
0.000107205
0.000107205
0.000107206
0.000107206
0.000107206
0.000107207
0.000107207
0.000107207
0.000107207
0.000107208
0.000107208
0.000107208
0.000107208
0.000107209
0.000107209
0.000107209
0.00010721
0.00010721
0.00010721
0.000107211
0.000107211
0.000107212
0.000107212
0.000107213
0.000107213
0.000107213
0.000107214
0.000107214
0.000107215
0.000107215
0.000107215
0.000107216
0.000107216
0.000107217
0.000107217
0.000107217
0.000107218
0.000107218
0.000107218
0.000107218
0.000107219
0.000107219
0.000107219
0.000107219
0.000107219
0.00010722
0.00010722
0.00010722
0.00010722
0.00010722
0.00010722
0.00010722
0.00010722
0.00010722
0.00010722
0.00010722
0.00010722
0.00010722
0.00010722
0.00010722
0.000107219
0.000107219
0.000107219
0.000107219
0.000107219
0.000107219
0.000107219
0.000107218
0.000107218
0.000107218
0.000107218
0.000107218
0.000107218
0.000107218
0.000107218
0.000107218
0.000107217
0.000107217
0.000107217
0.000107217
0.000107217
0.000107217
0.000107217
0.000107218
0.000107218
0.000107218
0.000107218
0.000107218
0.000107218
0.000107218
0.000107218
0.000107218
0.000107218
0.000107218
0.000107218
0.000107218
0.000107218
0.000107218
0.00010722
9.78041e-05
9.78005e-05
9.77996e-05
9.77993e-05
9.77993e-05
9.77994e-05
9.77997e-05
9.77999e-05
9.78002e-05
9.78005e-05
9.78008e-05
9.78011e-05
9.78015e-05
9.78018e-05
9.78021e-05
9.78024e-05
9.78027e-05
9.7803e-05
9.78033e-05
9.78036e-05
9.78039e-05
9.78041e-05
9.78044e-05
9.78047e-05
9.7805e-05
9.78052e-05
9.78055e-05
9.78058e-05
9.7806e-05
9.78062e-05
9.78065e-05
9.78067e-05
9.78069e-05
9.78071e-05
9.78074e-05
9.78076e-05
9.78079e-05
9.78082e-05
9.78085e-05
9.78089e-05
9.78092e-05
9.78095e-05
9.78099e-05
9.78103e-05
9.78106e-05
9.7811e-05
9.78113e-05
9.78117e-05
9.7812e-05
9.78124e-05
9.78127e-05
9.7813e-05
9.78134e-05
9.78137e-05
9.7814e-05
9.78143e-05
9.78146e-05
9.78148e-05
9.78151e-05
9.78153e-05
9.78156e-05
9.78158e-05
9.7816e-05
9.78162e-05
9.78163e-05
9.78165e-05
9.78166e-05
9.78168e-05
9.78169e-05
9.78169e-05
9.7817e-05
9.78171e-05
9.78171e-05
9.78171e-05
9.78171e-05
9.78171e-05
9.7817e-05
9.7817e-05
9.78169e-05
9.78168e-05
9.78167e-05
9.78166e-05
9.78165e-05
9.78164e-05
9.78163e-05
9.78161e-05
9.7816e-05
9.78159e-05
9.78157e-05
9.78156e-05
9.78155e-05
9.78154e-05
9.78153e-05
9.78152e-05
9.78151e-05
9.7815e-05
9.7815e-05
9.78149e-05
9.78149e-05
9.78149e-05
9.78149e-05
9.78149e-05
9.78149e-05
9.78149e-05
9.78149e-05
9.7815e-05
9.78152e-05
9.78153e-05
9.78154e-05
9.78156e-05
9.78157e-05
9.78158e-05
9.78158e-05
9.78159e-05
9.78159e-05
9.78159e-05
9.78158e-05
9.78159e-05
9.78152e-05
9.78176e-05
8.85518e-05
8.85486e-05
8.85477e-05
8.85475e-05
8.85475e-05
8.85477e-05
8.85479e-05
8.85482e-05
8.85485e-05
8.85488e-05
8.85491e-05
8.85494e-05
8.85496e-05
8.85499e-05
8.85502e-05
8.85505e-05
8.85507e-05
8.8551e-05
8.85512e-05
8.85515e-05
8.85518e-05
8.8552e-05
8.85523e-05
8.85525e-05
8.85527e-05
8.8553e-05
8.85532e-05
8.85535e-05
8.85537e-05
8.85539e-05
8.85541e-05
8.85543e-05
8.85545e-05
8.85547e-05
8.85549e-05
8.85551e-05
8.85553e-05
8.85555e-05
8.85558e-05
8.8556e-05
8.85563e-05
8.85566e-05
8.85569e-05
8.85572e-05
8.85575e-05
8.85578e-05
8.85581e-05
8.85584e-05
8.85587e-05
8.8559e-05
8.85593e-05
8.85595e-05
8.85598e-05
8.85601e-05
8.85603e-05
8.85606e-05
8.85608e-05
8.85611e-05
8.85613e-05
8.85615e-05
8.85617e-05
8.85619e-05
8.85621e-05
8.85623e-05
8.85624e-05
8.85625e-05
8.85627e-05
8.85628e-05
8.85629e-05
8.8563e-05
8.8563e-05
8.85631e-05
8.85631e-05
8.85631e-05
8.85631e-05
8.85631e-05
8.85631e-05
8.8563e-05
8.8563e-05
8.85629e-05
8.85628e-05
8.85627e-05
8.85626e-05
8.85625e-05
8.85624e-05
8.85623e-05
8.85622e-05
8.85621e-05
8.8562e-05
8.85619e-05
8.85618e-05
8.85617e-05
8.85616e-05
8.85615e-05
8.85614e-05
8.85614e-05
8.85613e-05
8.85613e-05
8.85612e-05
8.85612e-05
8.85612e-05
8.85612e-05
8.85612e-05
8.85612e-05
8.85612e-05
8.85613e-05
8.85614e-05
8.85615e-05
8.85616e-05
8.85618e-05
8.85619e-05
8.8562e-05
8.85621e-05
8.85621e-05
8.85622e-05
8.85622e-05
8.85622e-05
8.85622e-05
8.85616e-05
8.85637e-05
7.9462e-05
7.94591e-05
7.94584e-05
7.94582e-05
7.94583e-05
7.94585e-05
7.94588e-05
7.9459e-05
7.94593e-05
7.94596e-05
7.94599e-05
7.94601e-05
7.94604e-05
7.94606e-05
7.94608e-05
7.94611e-05
7.94613e-05
7.94615e-05
7.94617e-05
7.94619e-05
7.94622e-05
7.94624e-05
7.94626e-05
7.94628e-05
7.9463e-05
7.94632e-05
7.94634e-05
7.94637e-05
7.94639e-05
7.94641e-05
7.94642e-05
7.94644e-05
7.94646e-05
7.94647e-05
7.94649e-05
7.94651e-05
7.94652e-05
7.94654e-05
7.94656e-05
7.94659e-05
7.94661e-05
7.94663e-05
7.94665e-05
7.94668e-05
7.9467e-05
7.94673e-05
7.94675e-05
7.94678e-05
7.9468e-05
7.94683e-05
7.94685e-05
7.94687e-05
7.9469e-05
7.94692e-05
7.94694e-05
7.94696e-05
7.94699e-05
7.94701e-05
7.94702e-05
7.94704e-05
7.94706e-05
7.94708e-05
7.94709e-05
7.94711e-05
7.94712e-05
7.94713e-05
7.94714e-05
7.94715e-05
7.94716e-05
7.94717e-05
7.94718e-05
7.94718e-05
7.94718e-05
7.94719e-05
7.94719e-05
7.94719e-05
7.94718e-05
7.94718e-05
7.94718e-05
7.94717e-05
7.94716e-05
7.94716e-05
7.94715e-05
7.94714e-05
7.94713e-05
7.94712e-05
7.94711e-05
7.9471e-05
7.94709e-05
7.94708e-05
7.94707e-05
7.94706e-05
7.94706e-05
7.94705e-05
7.94704e-05
7.94704e-05
7.94703e-05
7.94703e-05
7.94702e-05
7.94702e-05
7.94702e-05
7.94702e-05
7.94702e-05
7.94702e-05
7.94702e-05
7.94703e-05
7.94703e-05
7.94704e-05
7.94705e-05
7.94707e-05
7.94708e-05
7.94709e-05
7.9471e-05
7.9471e-05
7.94711e-05
7.94711e-05
7.94711e-05
7.94711e-05
7.94706e-05
7.94725e-05
7.05525e-05
7.05501e-05
7.05494e-05
7.05493e-05
7.05494e-05
7.05497e-05
7.05499e-05
7.05502e-05
7.05505e-05
7.05507e-05
7.05509e-05
7.05511e-05
7.05513e-05
7.05515e-05
7.05517e-05
7.05519e-05
7.05521e-05
7.05523e-05
7.05525e-05
7.05527e-05
7.05529e-05
7.0553e-05
7.05532e-05
7.05534e-05
7.05536e-05
7.05538e-05
7.0554e-05
7.05542e-05
7.05543e-05
7.05545e-05
7.05547e-05
7.05548e-05
7.0555e-05
7.05551e-05
7.05552e-05
7.05554e-05
7.05555e-05
7.05557e-05
7.05558e-05
7.0556e-05
7.05562e-05
7.05564e-05
7.05566e-05
7.05567e-05
7.05569e-05
7.05571e-05
7.05574e-05
7.05576e-05
7.05578e-05
7.0558e-05
7.05582e-05
7.05584e-05
7.05586e-05
7.05588e-05
7.05589e-05
7.05591e-05
7.05593e-05
7.05595e-05
7.05596e-05
7.05598e-05
7.056e-05
7.05601e-05
7.05602e-05
7.05604e-05
7.05605e-05
7.05606e-05
7.05607e-05
7.05608e-05
7.05609e-05
7.05609e-05
7.0561e-05
7.0561e-05
7.05611e-05
7.05611e-05
7.05611e-05
7.05611e-05
7.05611e-05
7.0561e-05
7.0561e-05
7.0561e-05
7.05609e-05
7.05608e-05
7.05608e-05
7.05607e-05
7.05606e-05
7.05605e-05
7.05605e-05
7.05604e-05
7.05603e-05
7.05602e-05
7.05601e-05
7.056e-05
7.056e-05
7.05599e-05
7.05598e-05
7.05598e-05
7.05597e-05
7.05597e-05
7.05597e-05
7.05597e-05
7.05596e-05
7.05596e-05
7.05596e-05
7.05596e-05
7.05596e-05
7.05596e-05
7.05597e-05
7.05598e-05
7.05599e-05
7.056e-05
7.05601e-05
7.05602e-05
7.05602e-05
7.05603e-05
7.05604e-05
7.05604e-05
7.05604e-05
7.05605e-05
7.056e-05
7.05616e-05
6.18462e-05
6.1844e-05
6.18435e-05
6.18435e-05
6.18436e-05
6.18439e-05
6.18442e-05
6.18444e-05
6.18446e-05
6.18448e-05
6.1845e-05
6.18452e-05
6.18453e-05
6.18455e-05
6.18456e-05
6.18458e-05
6.1846e-05
6.18461e-05
6.18463e-05
6.18464e-05
6.18466e-05
6.18467e-05
6.18469e-05
6.1847e-05
6.18472e-05
6.18473e-05
6.18475e-05
6.18477e-05
6.18478e-05
6.1848e-05
6.18482e-05
6.18483e-05
6.18484e-05
6.18485e-05
6.18486e-05
6.18488e-05
6.18489e-05
6.1849e-05
6.18491e-05
6.18492e-05
6.18494e-05
6.18495e-05
6.18497e-05
6.18498e-05
6.185e-05
6.18502e-05
6.18503e-05
6.18505e-05
6.18507e-05
6.18508e-05
6.1851e-05
6.18511e-05
6.18513e-05
6.18515e-05
6.18516e-05
6.18518e-05
6.18519e-05
6.18521e-05
6.18522e-05
6.18524e-05
6.18525e-05
6.18526e-05
6.18527e-05
6.18528e-05
6.1853e-05
6.1853e-05
6.18531e-05
6.18532e-05
6.18533e-05
6.18533e-05
6.18534e-05
6.18534e-05
6.18535e-05
6.18535e-05
6.18535e-05
6.18535e-05
6.18535e-05
6.18535e-05
6.18534e-05
6.18534e-05
6.18534e-05
6.18533e-05
6.18532e-05
6.18532e-05
6.18531e-05
6.1853e-05
6.1853e-05
6.18529e-05
6.18528e-05
6.18527e-05
6.18527e-05
6.18526e-05
6.18525e-05
6.18525e-05
6.18524e-05
6.18524e-05
6.18523e-05
6.18523e-05
6.18523e-05
6.18522e-05
6.18522e-05
6.18522e-05
6.18522e-05
6.18522e-05
6.18522e-05
6.18522e-05
6.18522e-05
6.18523e-05
6.18524e-05
6.18524e-05
6.18525e-05
6.18526e-05
6.18527e-05
6.18528e-05
6.18528e-05
6.18529e-05
6.18529e-05
6.18529e-05
6.18525e-05
6.18538e-05
5.33721e-05
5.33703e-05
5.33699e-05
5.337e-05
5.33701e-05
5.33704e-05
5.33706e-05
5.33709e-05
5.3371e-05
5.33712e-05
5.33713e-05
5.33715e-05
5.33716e-05
5.33717e-05
5.33718e-05
5.33719e-05
5.3372e-05
5.33722e-05
5.33723e-05
5.33724e-05
5.33725e-05
5.33727e-05
5.33728e-05
5.33729e-05
5.3373e-05
5.33732e-05
5.33733e-05
5.33735e-05
5.33736e-05
5.33738e-05
5.33739e-05
5.3374e-05
5.33741e-05
5.33742e-05
5.33743e-05
5.33744e-05
5.33745e-05
5.33746e-05
5.33747e-05
5.33748e-05
5.33749e-05
5.3375e-05
5.33751e-05
5.33753e-05
5.33754e-05
5.33755e-05
5.33756e-05
5.33758e-05
5.33759e-05
5.3376e-05
5.33762e-05
5.33763e-05
5.33765e-05
5.33766e-05
5.33767e-05
5.33769e-05
5.3377e-05
5.33771e-05
5.33772e-05
5.33773e-05
5.33774e-05
5.33775e-05
5.33776e-05
5.33777e-05
5.33778e-05
5.33779e-05
5.3378e-05
5.33781e-05
5.33781e-05
5.33782e-05
5.33782e-05
5.33782e-05
5.33783e-05
5.33783e-05
5.33783e-05
5.33783e-05
5.33783e-05
5.33783e-05
5.33783e-05
5.33782e-05
5.33782e-05
5.33782e-05
5.33781e-05
5.33781e-05
5.3378e-05
5.33779e-05
5.33779e-05
5.33778e-05
5.33777e-05
5.33777e-05
5.33776e-05
5.33776e-05
5.33775e-05
5.33774e-05
5.33774e-05
5.33774e-05
5.33773e-05
5.33773e-05
5.33772e-05
5.33772e-05
5.33772e-05
5.33772e-05
5.33772e-05
5.33771e-05
5.33771e-05
5.33772e-05
5.33772e-05
5.33772e-05
5.33773e-05
5.33773e-05
5.33774e-05
5.33775e-05
5.33775e-05
5.33776e-05
5.33777e-05
5.33777e-05
5.33777e-05
5.33777e-05
5.33774e-05
5.33784e-05
4.51683e-05
4.51668e-05
4.51666e-05
4.51666e-05
4.51668e-05
4.51671e-05
4.51673e-05
4.51675e-05
4.51676e-05
4.51677e-05
4.51678e-05
4.51679e-05
4.5168e-05
4.5168e-05
4.51681e-05
4.51682e-05
4.51683e-05
4.51684e-05
4.51685e-05
4.51686e-05
4.51687e-05
4.51688e-05
4.51689e-05
4.5169e-05
4.51691e-05
4.51692e-05
4.51694e-05
4.51695e-05
4.51696e-05
4.51697e-05
4.51699e-05
4.517e-05
4.517e-05
4.51701e-05
4.51702e-05
4.51703e-05
4.51704e-05
4.51704e-05
4.51705e-05
4.51706e-05
4.51707e-05
4.51707e-05
4.51708e-05
4.51709e-05
4.5171e-05
4.51711e-05
4.51712e-05
4.51713e-05
4.51714e-05
4.51716e-05
4.51717e-05
4.51718e-05
4.51719e-05
4.5172e-05
4.51721e-05
4.51722e-05
4.51723e-05
4.51724e-05
4.51725e-05
4.51726e-05
4.51727e-05
4.51728e-05
4.51729e-05
4.5173e-05
4.5173e-05
4.51731e-05
4.51732e-05
4.51732e-05
4.51733e-05
4.51733e-05
4.51734e-05
4.51734e-05
4.51734e-05
4.51734e-05
4.51734e-05
4.51734e-05
4.51734e-05
4.51734e-05
4.51734e-05
4.51734e-05
4.51734e-05
4.51733e-05
4.51733e-05
4.51732e-05
4.51732e-05
4.51731e-05
4.51731e-05
4.5173e-05
4.5173e-05
4.51729e-05
4.51729e-05
4.51728e-05
4.51728e-05
4.51727e-05
4.51727e-05
4.51726e-05
4.51726e-05
4.51726e-05
4.51725e-05
4.51725e-05
4.51725e-05
4.51725e-05
4.51724e-05
4.51724e-05
4.51724e-05
4.51724e-05
4.51724e-05
4.51725e-05
4.51725e-05
4.51726e-05
4.51726e-05
4.51727e-05
4.51727e-05
4.51728e-05
4.51728e-05
4.51729e-05
4.51729e-05
4.51729e-05
4.51726e-05
4.51734e-05
3.72847e-05
3.72836e-05
3.72834e-05
3.72835e-05
3.72837e-05
3.72839e-05
3.72841e-05
3.72842e-05
3.72843e-05
3.72844e-05
3.72844e-05
3.72845e-05
3.72845e-05
3.72846e-05
3.72846e-05
3.72847e-05
3.72848e-05
3.72848e-05
3.72849e-05
3.7285e-05
3.72851e-05
3.72852e-05
3.72852e-05
3.72853e-05
3.72854e-05
3.72855e-05
3.72856e-05
3.72857e-05
3.72858e-05
3.72859e-05
3.7286e-05
3.72861e-05
3.72862e-05
3.72863e-05
3.72863e-05
3.72864e-05
3.72864e-05
3.72865e-05
3.72865e-05
3.72866e-05
3.72867e-05
3.72867e-05
3.72868e-05
3.72869e-05
3.72869e-05
3.7287e-05
3.72871e-05
3.72872e-05
3.72873e-05
3.72873e-05
3.72874e-05
3.72875e-05
3.72876e-05
3.72877e-05
3.72878e-05
3.72879e-05
3.7288e-05
3.72881e-05
3.72881e-05
3.72882e-05
3.72883e-05
3.72884e-05
3.72884e-05
3.72885e-05
3.72886e-05
3.72886e-05
3.72887e-05
3.72887e-05
3.72888e-05
3.72888e-05
3.72888e-05
3.72889e-05
3.72889e-05
3.72889e-05
3.72889e-05
3.72889e-05
3.72889e-05
3.72889e-05
3.72889e-05
3.72889e-05
3.72888e-05
3.72888e-05
3.72888e-05
3.72887e-05
3.72887e-05
3.72887e-05
3.72886e-05
3.72886e-05
3.72885e-05
3.72885e-05
3.72884e-05
3.72884e-05
3.72883e-05
3.72883e-05
3.72883e-05
3.72882e-05
3.72882e-05
3.72882e-05
3.72881e-05
3.72881e-05
3.72881e-05
3.72881e-05
3.7288e-05
3.7288e-05
3.7288e-05
3.7288e-05
3.7288e-05
3.7288e-05
3.72881e-05
3.72881e-05
3.72881e-05
3.72882e-05
3.72882e-05
3.72883e-05
3.72883e-05
3.72883e-05
3.72883e-05
3.72883e-05
3.72882e-05
3.72887e-05
2.97887e-05
2.97879e-05
2.97879e-05
2.97881e-05
2.97882e-05
2.97884e-05
2.97885e-05
2.97886e-05
2.97886e-05
2.97886e-05
2.97886e-05
2.97887e-05
2.97887e-05
2.97887e-05
2.97887e-05
2.97888e-05
2.97888e-05
2.97889e-05
2.9789e-05
2.9789e-05
2.97891e-05
2.97891e-05
2.97892e-05
2.97893e-05
2.97893e-05
2.97894e-05
2.97895e-05
2.97896e-05
2.97897e-05
2.97898e-05
2.97898e-05
2.97899e-05
2.979e-05
2.979e-05
2.97901e-05
2.97901e-05
2.97902e-05
2.97902e-05
2.97903e-05
2.97903e-05
2.97903e-05
2.97904e-05
2.97904e-05
2.97905e-05
2.97905e-05
2.97906e-05
2.97907e-05
2.97907e-05
2.97908e-05
2.97909e-05
2.97909e-05
2.9791e-05
2.97911e-05
2.97911e-05
2.97912e-05
2.97913e-05
2.97913e-05
2.97914e-05
2.97915e-05
2.97915e-05
2.97916e-05
2.97917e-05
2.97917e-05
2.97918e-05
2.97918e-05
2.97919e-05
2.97919e-05
2.97919e-05
2.9792e-05
2.9792e-05
2.9792e-05
2.97921e-05
2.97921e-05
2.97921e-05
2.97921e-05
2.97921e-05
2.97921e-05
2.97921e-05
2.97921e-05
2.97921e-05
2.97921e-05
2.9792e-05
2.9792e-05
2.9792e-05
2.97919e-05
2.97919e-05
2.97919e-05
2.97918e-05
2.97918e-05
2.97918e-05
2.97917e-05
2.97917e-05
2.97916e-05
2.97916e-05
2.97916e-05
2.97915e-05
2.97915e-05
2.97915e-05
2.97915e-05
2.97914e-05
2.97914e-05
2.97914e-05
2.97914e-05
2.97914e-05
2.97914e-05
2.97913e-05
2.97914e-05
2.97914e-05
2.97914e-05
2.97914e-05
2.97914e-05
2.97915e-05
2.97915e-05
2.97915e-05
2.97916e-05
2.97916e-05
2.97916e-05
2.97916e-05
2.97914e-05
2.97918e-05
2.27738e-05
2.27732e-05
2.27733e-05
2.27734e-05
2.27736e-05
2.27736e-05
2.27737e-05
2.27737e-05
2.27737e-05
2.27737e-05
2.27737e-05
2.27737e-05
2.27737e-05
2.27737e-05
2.27737e-05
2.27738e-05
2.27738e-05
2.27738e-05
2.27739e-05
2.27739e-05
2.2774e-05
2.2774e-05
2.27741e-05
2.27741e-05
2.27742e-05
2.27742e-05
2.27743e-05
2.27744e-05
2.27745e-05
2.27745e-05
2.27746e-05
2.27746e-05
2.27747e-05
2.27747e-05
2.27748e-05
2.27748e-05
2.27748e-05
2.27749e-05
2.27749e-05
2.27749e-05
2.2775e-05
2.2775e-05
2.2775e-05
2.27751e-05
2.27751e-05
2.27751e-05
2.27752e-05
2.27752e-05
2.27753e-05
2.27753e-05
2.27754e-05
2.27754e-05
2.27755e-05
2.27755e-05
2.27756e-05
2.27757e-05
2.27757e-05
2.27758e-05
2.27758e-05
2.27759e-05
2.27759e-05
2.2776e-05
2.2776e-05
2.2776e-05
2.27761e-05
2.27761e-05
2.27761e-05
2.27762e-05
2.27762e-05
2.27762e-05
2.27763e-05
2.27763e-05
2.27763e-05
2.27763e-05
2.27763e-05
2.27763e-05
2.27763e-05
2.27763e-05
2.27763e-05
2.27763e-05
2.27763e-05
2.27763e-05
2.27762e-05
2.27762e-05
2.27762e-05
2.27762e-05
2.27761e-05
2.27761e-05
2.27761e-05
2.2776e-05
2.2776e-05
2.2776e-05
2.27759e-05
2.27759e-05
2.27759e-05
2.27759e-05
2.27758e-05
2.27758e-05
2.27758e-05
2.27758e-05
2.27758e-05
2.27757e-05
2.27757e-05
2.27757e-05
2.27757e-05
2.27757e-05
2.27757e-05
2.27757e-05
2.27757e-05
2.27757e-05
2.27757e-05
2.27758e-05
2.27758e-05
2.27758e-05
2.27758e-05
2.27758e-05
2.27758e-05
2.27758e-05
2.27757e-05
2.27759e-05
1.63714e-05
1.63711e-05
1.63712e-05
1.63713e-05
1.63714e-05
1.63714e-05
1.63714e-05
1.63714e-05
1.63714e-05
1.63714e-05
1.63714e-05
1.63714e-05
1.63713e-05
1.63714e-05
1.63714e-05
1.63714e-05
1.63714e-05
1.63714e-05
1.63715e-05
1.63715e-05
1.63715e-05
1.63716e-05
1.63716e-05
1.63716e-05
1.63717e-05
1.63717e-05
1.63718e-05
1.63718e-05
1.63719e-05
1.63719e-05
1.6372e-05
1.6372e-05
1.63721e-05
1.63721e-05
1.63721e-05
1.63721e-05
1.63722e-05
1.63722e-05
1.63722e-05
1.63722e-05
1.63722e-05
1.63723e-05
1.63723e-05
1.63723e-05
1.63723e-05
1.63724e-05
1.63724e-05
1.63724e-05
1.63725e-05
1.63725e-05
1.63726e-05
1.63726e-05
1.63726e-05
1.63727e-05
1.63727e-05
1.63728e-05
1.63728e-05
1.63728e-05
1.63729e-05
1.63729e-05
1.63729e-05
1.6373e-05
1.6373e-05
1.6373e-05
1.63731e-05
1.63731e-05
1.63731e-05
1.63731e-05
1.63732e-05
1.63732e-05
1.63732e-05
1.63732e-05
1.63732e-05
1.63732e-05
1.63732e-05
1.63732e-05
1.63732e-05
1.63732e-05
1.63732e-05
1.63732e-05
1.63732e-05
1.63732e-05
1.63732e-05
1.63732e-05
1.63731e-05
1.63731e-05
1.63731e-05
1.63731e-05
1.63731e-05
1.6373e-05
1.6373e-05
1.6373e-05
1.6373e-05
1.63729e-05
1.63729e-05
1.63729e-05
1.63729e-05
1.63729e-05
1.63728e-05
1.63728e-05
1.63728e-05
1.63728e-05
1.63728e-05
1.63728e-05
1.63728e-05
1.63728e-05
1.63728e-05
1.63728e-05
1.63728e-05
1.63728e-05
1.63728e-05
1.63728e-05
1.63728e-05
1.63728e-05
1.63728e-05
1.63729e-05
1.63729e-05
1.63728e-05
1.63728e-05
1.63728e-05
1.07677e-05
1.07676e-05
1.07677e-05
1.07677e-05
1.07677e-05
1.07677e-05
1.07677e-05
1.07677e-05
1.07676e-05
1.07676e-05
1.07676e-05
1.07676e-05
1.07676e-05
1.07676e-05
1.07676e-05
1.07676e-05
1.07676e-05
1.07676e-05
1.07677e-05
1.07677e-05
1.07677e-05
1.07677e-05
1.07678e-05
1.07678e-05
1.07678e-05
1.07678e-05
1.07679e-05
1.07679e-05
1.07679e-05
1.0768e-05
1.0768e-05
1.0768e-05
1.07681e-05
1.07681e-05
1.07681e-05
1.07681e-05
1.07681e-05
1.07681e-05
1.07682e-05
1.07682e-05
1.07682e-05
1.07682e-05
1.07682e-05
1.07682e-05
1.07682e-05
1.07683e-05
1.07683e-05
1.07683e-05
1.07683e-05
1.07684e-05
1.07684e-05
1.07684e-05
1.07684e-05
1.07685e-05
1.07685e-05
1.07685e-05
1.07686e-05
1.07686e-05
1.07686e-05
1.07686e-05
1.07687e-05
1.07687e-05
1.07687e-05
1.07687e-05
1.07688e-05
1.07688e-05
1.07688e-05
1.07688e-05
1.07688e-05
1.07688e-05
1.07688e-05
1.07689e-05
1.07689e-05
1.07689e-05
1.07689e-05
1.07689e-05
1.07689e-05
1.07689e-05
1.07689e-05
1.07689e-05
1.07689e-05
1.07688e-05
1.07688e-05
1.07688e-05
1.07688e-05
1.07688e-05
1.07688e-05
1.07688e-05
1.07688e-05
1.07687e-05
1.07687e-05
1.07687e-05
1.07687e-05
1.07687e-05
1.07687e-05
1.07686e-05
1.07686e-05
1.07686e-05
1.07686e-05
1.07686e-05
1.07686e-05
1.07686e-05
1.07685e-05
1.07685e-05
1.07685e-05
1.07685e-05
1.07685e-05
1.07685e-05
1.07685e-05
1.07685e-05
1.07685e-05
1.07685e-05
1.07686e-05
1.07686e-05
1.07686e-05
1.07686e-05
1.07686e-05
1.07686e-05
1.07685e-05
1.07685e-05
6.20779e-06
6.20777e-06
6.20782e-06
6.20783e-06
6.20782e-06
6.20779e-06
6.20777e-06
6.20774e-06
6.20771e-06
6.20769e-06
6.20768e-06
6.20767e-06
6.20767e-06
6.20767e-06
6.20767e-06
6.20768e-06
6.20769e-06
6.2077e-06
6.20771e-06
6.20772e-06
6.20774e-06
6.20775e-06
6.20777e-06
6.20778e-06
6.2078e-06
6.20781e-06
6.20784e-06
6.20786e-06
6.20788e-06
6.20789e-06
6.20791e-06
6.20793e-06
6.20794e-06
6.20796e-06
6.20797e-06
6.20798e-06
6.20799e-06
6.208e-06
6.20801e-06
6.20801e-06
6.20802e-06
6.20803e-06
6.20804e-06
6.20805e-06
6.20806e-06
6.20807e-06
6.20809e-06
6.2081e-06
6.20811e-06
6.20813e-06
6.20815e-06
6.20816e-06
6.20818e-06
6.2082e-06
6.20822e-06
6.20823e-06
6.20825e-06
6.20827e-06
6.20828e-06
6.2083e-06
6.20831e-06
6.20833e-06
6.20834e-06
6.20836e-06
6.20837e-06
6.20838e-06
6.20839e-06
6.2084e-06
6.20841e-06
6.20842e-06
6.20843e-06
6.20844e-06
6.20844e-06
6.20845e-06
6.20845e-06
6.20845e-06
6.20845e-06
6.20845e-06
6.20845e-06
6.20844e-06
6.20844e-06
6.20844e-06
6.20843e-06
6.20842e-06
6.20841e-06
6.2084e-06
6.2084e-06
6.20839e-06
6.20838e-06
6.20836e-06
6.20835e-06
6.20834e-06
6.20833e-06
6.20832e-06
6.20831e-06
6.2083e-06
6.20829e-06
6.20828e-06
6.20827e-06
6.20827e-06
6.20826e-06
6.20824e-06
6.20824e-06
6.20823e-06
6.20823e-06
6.20823e-06
6.20822e-06
6.20822e-06
6.20822e-06
6.20822e-06
6.20823e-06
6.20823e-06
6.20824e-06
6.20825e-06
6.20825e-06
6.20826e-06
6.20826e-06
6.20824e-06
6.20824e-06
6.20818e-06
2.94218e-06
2.94219e-06
2.9422e-06
2.94219e-06
2.94218e-06
2.94216e-06
2.94214e-06
2.94212e-06
2.94211e-06
2.94209e-06
2.94209e-06
2.94208e-06
2.94208e-06
2.94208e-06
2.94208e-06
2.94208e-06
2.94209e-06
2.94209e-06
2.9421e-06
2.9421e-06
2.94211e-06
2.94212e-06
2.94213e-06
2.94213e-06
2.94214e-06
2.94215e-06
2.94216e-06
2.94217e-06
2.94218e-06
2.94219e-06
2.9422e-06
2.94221e-06
2.94221e-06
2.94222e-06
2.94223e-06
2.94223e-06
2.94224e-06
2.94224e-06
2.94225e-06
2.94225e-06
2.94225e-06
2.94226e-06
2.94226e-06
2.94227e-06
2.94227e-06
2.94228e-06
2.94229e-06
2.94229e-06
2.9423e-06
2.94231e-06
2.94232e-06
2.94233e-06
2.94233e-06
2.94234e-06
2.94235e-06
2.94236e-06
2.94237e-06
2.94238e-06
2.94239e-06
2.9424e-06
2.9424e-06
2.94241e-06
2.94242e-06
2.94243e-06
2.94243e-06
2.94244e-06
2.94245e-06
2.94245e-06
2.94246e-06
2.94246e-06
2.94246e-06
2.94247e-06
2.94247e-06
2.94247e-06
2.94247e-06
2.94248e-06
2.94248e-06
2.94248e-06
2.94247e-06
2.94247e-06
2.94247e-06
2.94247e-06
2.94246e-06
2.94246e-06
2.94246e-06
2.94245e-06
2.94245e-06
2.94244e-06
2.94244e-06
2.94243e-06
2.94243e-06
2.94242e-06
2.94241e-06
2.94241e-06
2.9424e-06
2.9424e-06
2.94239e-06
2.94239e-06
2.94238e-06
2.94238e-06
2.94237e-06
2.94237e-06
2.94236e-06
2.94236e-06
2.94236e-06
2.94236e-06
2.94236e-06
2.94236e-06
2.94236e-06
2.94236e-06
2.94236e-06
2.94236e-06
2.94236e-06
2.94237e-06
2.94237e-06
2.94237e-06
2.94238e-06
2.94237e-06
2.94237e-06
2.94232e-06
1.04966e-06
1.04966e-06
1.04966e-06
1.04966e-06
1.04965e-06
1.04964e-06
1.04963e-06
1.04962e-06
1.04962e-06
1.04961e-06
1.04961e-06
1.04961e-06
1.04961e-06
1.04961e-06
1.04961e-06
1.04961e-06
1.04961e-06
1.04961e-06
1.04961e-06
1.04962e-06
1.04962e-06
1.04962e-06
1.04962e-06
1.04963e-06
1.04963e-06
1.04963e-06
1.04964e-06
1.04964e-06
1.04964e-06
1.04965e-06
1.04965e-06
1.04965e-06
1.04966e-06
1.04966e-06
1.04966e-06
1.04966e-06
1.04966e-06
1.04967e-06
1.04967e-06
1.04967e-06
1.04967e-06
1.04967e-06
1.04967e-06
1.04968e-06
1.04968e-06
1.04968e-06
1.04968e-06
1.04969e-06
1.04969e-06
1.04969e-06
1.0497e-06
1.0497e-06
1.0497e-06
1.04971e-06
1.04971e-06
1.04971e-06
1.04972e-06
1.04972e-06
1.04972e-06
1.04973e-06
1.04973e-06
1.04973e-06
1.04973e-06
1.04974e-06
1.04974e-06
1.04974e-06
1.04974e-06
1.04975e-06
1.04975e-06
1.04975e-06
1.04975e-06
1.04975e-06
1.04975e-06
1.04976e-06
1.04976e-06
1.04976e-06
1.04976e-06
1.04976e-06
1.04976e-06
1.04976e-06
1.04976e-06
1.04975e-06
1.04975e-06
1.04975e-06
1.04975e-06
1.04975e-06
1.04975e-06
1.04974e-06
1.04974e-06
1.04974e-06
1.04974e-06
1.04974e-06
1.04973e-06
1.04973e-06
1.04973e-06
1.04973e-06
1.04973e-06
1.04972e-06
1.04972e-06
1.04972e-06
1.04972e-06
1.04972e-06
1.04971e-06
1.04971e-06
1.04971e-06
1.04971e-06
1.04971e-06
1.04971e-06
1.04971e-06
1.04971e-06
1.04971e-06
1.04971e-06
1.04971e-06
1.04972e-06
1.04972e-06
1.04972e-06
1.04972e-06
1.04972e-06
1.04972e-06
1.04969e-06
2.5053e-07
2.5053e-07
2.50529e-07
2.50526e-07
2.50524e-07
2.50521e-07
2.50519e-07
2.50518e-07
2.50516e-07
2.50515e-07
2.50514e-07
2.50514e-07
2.50514e-07
2.50514e-07
2.50514e-07
2.50514e-07
2.50514e-07
2.50515e-07
2.50515e-07
2.50516e-07
2.50516e-07
2.50517e-07
2.50518e-07
2.50518e-07
2.50519e-07
2.5052e-07
2.50521e-07
2.50521e-07
2.50522e-07
2.50523e-07
2.50524e-07
2.50525e-07
2.50526e-07
2.50526e-07
2.50527e-07
2.50527e-07
2.50528e-07
2.50528e-07
2.50529e-07
2.50529e-07
2.50529e-07
2.5053e-07
2.5053e-07
2.50531e-07
2.50531e-07
2.50532e-07
2.50532e-07
2.50533e-07
2.50534e-07
2.50535e-07
2.50535e-07
2.50536e-07
2.50537e-07
2.50538e-07
2.50539e-07
2.5054e-07
2.5054e-07
2.50541e-07
2.50542e-07
2.50543e-07
2.50544e-07
2.50544e-07
2.50545e-07
2.50546e-07
2.50547e-07
2.50547e-07
2.50548e-07
2.50548e-07
2.50549e-07
2.50549e-07
2.5055e-07
2.5055e-07
2.5055e-07
2.50551e-07
2.50551e-07
2.50551e-07
2.50551e-07
2.50551e-07
2.50551e-07
2.50551e-07
2.50551e-07
2.5055e-07
2.5055e-07
2.5055e-07
2.50549e-07
2.50549e-07
2.50548e-07
2.50548e-07
2.50547e-07
2.50547e-07
2.50546e-07
2.50546e-07
2.50545e-07
2.50545e-07
2.50544e-07
2.50544e-07
2.50543e-07
2.50543e-07
2.50542e-07
2.50542e-07
2.50541e-07
2.50541e-07
2.5054e-07
2.5054e-07
2.5054e-07
2.5054e-07
2.50539e-07
2.50539e-07
2.50539e-07
2.50539e-07
2.5054e-07
2.5054e-07
2.5054e-07
2.50541e-07
2.50541e-07
2.50541e-07
2.50542e-07
2.50541e-07
2.50541e-07
2.50535e-07
3.2961e-08
3.29608e-08
3.29606e-08
3.29602e-08
3.29599e-08
3.29596e-08
3.29593e-08
3.29591e-08
3.29589e-08
3.29588e-08
3.29587e-08
3.29586e-08
3.29585e-08
3.29585e-08
3.29585e-08
3.29586e-08
3.29586e-08
3.29587e-08
3.29587e-08
3.29588e-08
3.29589e-08
3.2959e-08
3.2959e-08
3.29591e-08
3.29592e-08
3.29593e-08
3.29594e-08
3.29596e-08
3.29597e-08
3.29598e-08
3.29599e-08
3.296e-08
3.29601e-08
3.29602e-08
3.29603e-08
3.29603e-08
3.29604e-08
3.29605e-08
3.29605e-08
3.29606e-08
3.29606e-08
3.29607e-08
3.29607e-08
3.29608e-08
3.29609e-08
3.29609e-08
3.2961e-08
3.29611e-08
3.29612e-08
3.29613e-08
3.29614e-08
3.29615e-08
3.29616e-08
3.29618e-08
3.29619e-08
3.2962e-08
3.29621e-08
3.29622e-08
3.29623e-08
3.29624e-08
3.29625e-08
3.29627e-08
3.29628e-08
3.29628e-08
3.29629e-08
3.2963e-08
3.29631e-08
3.29632e-08
3.29632e-08
3.29633e-08
3.29634e-08
3.29634e-08
3.29634e-08
3.29635e-08
3.29635e-08
3.29635e-08
3.29635e-08
3.29635e-08
3.29635e-08
3.29635e-08
3.29635e-08
3.29634e-08
3.29634e-08
3.29634e-08
3.29633e-08
3.29633e-08
3.29632e-08
3.29631e-08
3.29631e-08
3.2963e-08
3.29629e-08
3.29628e-08
3.29628e-08
3.29627e-08
3.29626e-08
3.29625e-08
3.29625e-08
3.29624e-08
3.29623e-08
3.29623e-08
3.29622e-08
3.29621e-08
3.29621e-08
3.2962e-08
3.2962e-08
3.2962e-08
3.2962e-08
3.2962e-08
3.2962e-08
3.2962e-08
3.2962e-08
3.2962e-08
3.29621e-08
3.29621e-08
3.29622e-08
3.29622e-08
3.29623e-08
3.29622e-08
3.29622e-08
3.29614e-08
1.54442e-09
1.54442e-09
1.54441e-09
1.54439e-09
1.54437e-09
1.54436e-09
1.54435e-09
1.54433e-09
1.54433e-09
1.54432e-09
1.54431e-09
1.54431e-09
1.54431e-09
1.54431e-09
1.54431e-09
1.54431e-09
1.54431e-09
1.54431e-09
1.54432e-09
1.54432e-09
1.54432e-09
1.54433e-09
1.54433e-09
1.54434e-09
1.54434e-09
1.54435e-09
1.54435e-09
1.54436e-09
1.54436e-09
1.54437e-09
1.54437e-09
1.54438e-09
1.54438e-09
1.54439e-09
1.54439e-09
1.54439e-09
1.5444e-09
1.5444e-09
1.5444e-09
1.5444e-09
1.54441e-09
1.54441e-09
1.54441e-09
1.54441e-09
1.54442e-09
1.54442e-09
1.54443e-09
1.54443e-09
1.54443e-09
1.54444e-09
1.54444e-09
1.54445e-09
1.54445e-09
1.54446e-09
1.54447e-09
1.54447e-09
1.54448e-09
1.54448e-09
1.54449e-09
1.54449e-09
1.5445e-09
1.5445e-09
1.54451e-09
1.54451e-09
1.54452e-09
1.54452e-09
1.54452e-09
1.54453e-09
1.54453e-09
1.54453e-09
1.54454e-09
1.54454e-09
1.54454e-09
1.54454e-09
1.54454e-09
1.54454e-09
1.54454e-09
1.54454e-09
1.54454e-09
1.54454e-09
1.54454e-09
1.54454e-09
1.54454e-09
1.54454e-09
1.54453e-09
1.54453e-09
1.54453e-09
1.54452e-09
1.54452e-09
1.54452e-09
1.54451e-09
1.54451e-09
1.54451e-09
1.5445e-09
1.5445e-09
1.5445e-09
1.54449e-09
1.54449e-09
1.54449e-09
1.54448e-09
1.54448e-09
1.54448e-09
1.54448e-09
1.54447e-09
1.54447e-09
1.54447e-09
1.54447e-09
1.54447e-09
1.54447e-09
1.54447e-09
1.54447e-09
1.54447e-09
1.54448e-09
1.54448e-09
1.54448e-09
1.54448e-09
1.54449e-09
1.54448e-09
1.54448e-09
1.54444e-09
8.32521e-12
8.32517e-12
8.32511e-12
8.32502e-12
8.32494e-12
8.32486e-12
8.3248e-12
8.32474e-12
8.32469e-12
8.32466e-12
8.32463e-12
8.32461e-12
8.3246e-12
8.3246e-12
8.3246e-12
8.3246e-12
8.32462e-12
8.32463e-12
8.32465e-12
8.32467e-12
8.32469e-12
8.32471e-12
8.32473e-12
8.32475e-12
8.32477e-12
8.3248e-12
8.32483e-12
8.32486e-12
8.32488e-12
8.32491e-12
8.32494e-12
8.32497e-12
8.32499e-12
8.32502e-12
8.32504e-12
8.32506e-12
8.32507e-12
8.32508e-12
8.3251e-12
8.32511e-12
8.32512e-12
8.32513e-12
8.32515e-12
8.32517e-12
8.32518e-12
8.3252e-12
8.32523e-12
8.32525e-12
8.32527e-12
8.3253e-12
8.32533e-12
8.32536e-12
8.32539e-12
8.32541e-12
8.32544e-12
8.32547e-12
8.3255e-12
8.32553e-12
8.32556e-12
8.32559e-12
8.32561e-12
8.32564e-12
8.32567e-12
8.32569e-12
8.32571e-12
8.32574e-12
8.32576e-12
8.32577e-12
8.32579e-12
8.32581e-12
8.32582e-12
8.32583e-12
8.32584e-12
8.32585e-12
8.32586e-12
8.32586e-12
8.32587e-12
8.32587e-12
8.32586e-12
8.32586e-12
8.32585e-12
8.32584e-12
8.32583e-12
8.32582e-12
8.32581e-12
8.3258e-12
8.32578e-12
8.32576e-12
8.32574e-12
8.32573e-12
8.32571e-12
8.32569e-12
8.32567e-12
8.32565e-12
8.32563e-12
8.32561e-12
8.32559e-12
8.32558e-12
8.32556e-12
8.32555e-12
8.32553e-12
8.32551e-12
8.3255e-12
8.32549e-12
8.32548e-12
8.32548e-12
8.32547e-12
8.32547e-12
8.32547e-12
8.32547e-12
8.32548e-12
8.32549e-12
8.3255e-12
8.32551e-12
8.32553e-12
8.32554e-12
8.32555e-12
8.32552e-12
8.32553e-12
8.32532e-12
)
;

boundaryField
{
    bottomWall
    {
        type            nutUWallFunction;
        Cmu             0.09;
        kappa           0.41;
        E               9.8;
        value           nonuniform 0();
    }
    topWall
    {
        type            nutUWallFunction;
        Cmu             0.09;
        kappa           0.41;
        E               9.8;
        value           uniform 0;
    }
    sides1_half0
    {
        type            cyclic;
    }
    sides1_half1
    {
        type            cyclic;
    }
    sides2_half0
    {
        type            cyclic;
    }
    sides2_half1
    {
        type            cyclic;
    }
    inout1_half0
    {
        type            cyclic;
    }
    inout1_half1
    {
        type            cyclic;
    }
    inout2_half0
    {
        type            cyclic;
    }
    inout2_half1
    {
        type            cyclic;
    }
    procBoundary0to1
    {
        type            processor;
        value           nonuniform List<scalar> 
122
(
0.000263987
0.000263987
0.00026399
0.000263994
0.000263997
0.000264
0.000264002
0.000264005
0.000264007
0.000264009
0.000264012
0.000264014
0.000264016
0.000264018
0.00026402
0.000264022
0.000264023
0.000264025
0.000264027
0.000264029
0.00026403
0.000264032
0.000264033
0.000264035
0.000264036
0.000264038
0.000264039
0.00026404
0.000264042
0.000264043
0.000264044
0.000264045
0.000264046
0.000264047
0.000264048
0.000264049
0.00026405
0.000264051
0.000264051
0.000264052
0.000264052
0.000264053
0.000264053
0.000264053
0.000264053
0.000264053
0.000264053
0.000264053
0.000264052
0.000264052
0.000264051
0.000264051
0.00026405
0.000264049
0.000264048
0.000264047
0.000264047
0.000264046
0.000264044
0.000264043
0.000264042
0.000264041
0.00026404
0.000264039
0.000264038
0.000264037
0.000264036
0.000264035
0.000264034
0.000264033
0.000264032
0.000264032
0.000264031
0.00026403
0.000264029
0.000264029
0.000264028
0.000252444
0.000252441
0.000252441
0.000252441
0.000252441
0.000252442
0.000252442
0.000252442
0.000252443
0.000252443
0.000252443
0.000252444
0.000252444
0.000252445
0.000252445
0.000252445
0.000252446
0.000252446
0.000252447
0.000252447
0.000252448
0.000252448
0.000252449
0.000252449
0.000252449
0.000252492
0.000252492
0.000252489
0.000252487
0.000252484
0.000252482
0.000252479
0.000252477
0.000252475
0.000252473
0.000252472
0.00025247
0.000252469
0.000252467
0.000252466
0.000252465
0.000252464
0.000252463
0.000252461
0.000252463
)
;
    }
}


// ************************************************************************* //
