/*--------------------------------*- C++ -*----------------------------------*\
  =========                 |
  \\      /  F ield         | OpenFOAM: The Open Source CFD Toolbox
   \\    /   O peration     | Website:  https://openfoam.org
    \\  /    A nd           | Version:  7
     \\/     M anipulation  |
\*---------------------------------------------------------------------------*/
FoamFile
{
    version     2.0;
    format      ascii;
    class       volScalarField;
    location    "500";
    object      omega;
}
// * * * * * * * * * * * * * * * * * * * * * * * * * * * * * * * * * * * * * //

dimensions      [0 0 -1 0 0 0 0];

internalField   nonuniform List<scalar> 
4037
(
0.434259
0.434307
0.434364
0.434402
0.434428
0.43445
0.434468
0.434484
0.4345
0.434514
0.434527
0.434541
0.434554
0.434567
0.434579
0.434592
0.434605
0.434618
0.434631
0.434644
0.434657
0.43467
0.434683
0.434696
0.434708
0.43472
0.434732
0.434743
0.434753
0.434763
0.434773
0.434781
0.43479
0.434797
0.434805
0.434812
0.434818
0.434824
0.43483
0.434836
0.434842
0.434847
0.434853
0.434859
0.434864
0.434869
0.434875
0.43488
0.434885
0.434891
0.434896
0.4349
0.434905
0.43491
0.434914
0.434918
0.434922
0.434925
0.434929
0.434932
0.434934
0.434937
0.434939
0.434941
0.434942
0.434943
0.434944
0.434944
0.434944
0.434944
0.434943
0.434942
0.434941
0.434939
0.434938
0.434931
0.434954
0.483245
0.483122
0.483099
0.483099
0.483104
0.483111
0.48312
0.483129
0.483139
0.483149
0.48316
0.483172
0.483184
0.483197
0.483209
0.483221
0.483234
0.483246
0.483257
0.483268
0.483279
0.48329
0.483298
0.483304
0.483485
0.483596
0.483669
0.48372
0.483758
0.483787
0.483812
0.483832
0.483851
0.483868
0.483884
0.483899
0.483913
0.483927
0.483941
0.483954
0.483968
0.483982
0.483995
0.484009
0.484022
0.484036
0.48405
0.484063
0.484076
0.484089
0.484101
0.484113
0.484125
0.484135
0.484145
0.484155
0.484164
0.484172
0.48418
0.484187
0.484194
0.484201
0.484208
0.484214
0.48422
0.484226
0.484232
0.484238
0.484244
0.48425
0.484256
0.484261
0.484267
0.484273
0.484278
0.484284
0.484289
0.484294
0.484299
0.484304
0.484308
0.484312
0.484316
0.48432
0.484323
0.484326
0.484329
0.484331
0.484333
0.484335
0.484337
0.484338
0.484339
0.484339
0.484339
0.484338
0.484338
0.484336
0.484336
0.484327
0.484372
0.483995
0.483833
0.483787
0.483772
0.483763
0.483756
0.483749
0.483743
0.483738
0.483733
0.483729
0.483724
0.48372
0.483715
0.48371
0.483704
0.483702
0.483673
0.483765
0.537542
0.537413
0.537381
0.537376
0.537379
0.537385
0.537393
0.537401
0.537411
0.537421
0.537433
0.537444
0.537456
0.537468
0.537481
0.537493
0.537505
0.537517
0.537528
0.537538
0.537548
0.537558
0.537567
0.537567
0.537642
0.537724
0.537791
0.537843
0.537884
0.537917
0.537944
0.537967
0.537988
0.538006
0.538023
0.538039
0.538054
0.538069
0.538083
0.538097
0.538111
0.538125
0.538138
0.538152
0.538166
0.538181
0.538195
0.538209
0.538222
0.538236
0.538249
0.538261
0.538273
0.538284
0.538295
0.538305
0.538315
0.538323
0.538332
0.53834
0.538347
0.538354
0.538361
0.538368
0.538374
0.538381
0.538387
0.538393
0.5384
0.538406
0.538412
0.538418
0.538425
0.538431
0.538437
0.538443
0.538448
0.538454
0.538459
0.538465
0.53847
0.538474
0.538479
0.538483
0.538487
0.538491
0.538494
0.538497
0.5385
0.538502
0.538504
0.538506
0.538507
0.538508
0.538509
0.538509
0.538509
0.538508
0.538508
0.538501
0.538531
0.538393
0.538252
0.538167
0.538122
0.538095
0.538077
0.538063
0.538052
0.538042
0.538034
0.538026
0.538019
0.538013
0.538006
0.538
0.537992
0.537988
0.537958
0.538046
0.596815
0.596689
0.596656
0.596647
0.596648
0.596652
0.596659
0.596667
0.596676
0.596686
0.596697
0.596709
0.59672
0.596732
0.596744
0.596756
0.596768
0.596779
0.596789
0.596799
0.596808
0.596817
0.596825
0.596827
0.596855
0.5969
0.596947
0.59699
0.597026
0.597057
0.597083
0.597106
0.597126
0.597145
0.597161
0.597177
0.597192
0.597207
0.597221
0.597235
0.597248
0.597262
0.597276
0.59729
0.597304
0.597319
0.597333
0.597347
0.597361
0.597375
0.597389
0.597402
0.597414
0.597426
0.597437
0.597448
0.597457
0.597467
0.597475
0.597484
0.597491
0.597499
0.597506
0.597513
0.59752
0.597526
0.597533
0.59754
0.597546
0.597553
0.597559
0.597566
0.597573
0.597579
0.597586
0.597592
0.597598
0.597604
0.59761
0.597616
0.597621
0.597627
0.597632
0.597636
0.597641
0.597645
0.597649
0.597653
0.597656
0.597659
0.597661
0.597664
0.597666
0.597667
0.597668
0.597669
0.597669
0.597669
0.597669
0.597665
0.59768
0.597637
0.597559
0.597487
0.597435
0.597399
0.597374
0.597354
0.597339
0.597326
0.597315
0.597305
0.597296
0.597288
0.59728
0.597272
0.597262
0.597257
0.597225
0.59731
0.661303
0.661182
0.661149
0.66114
0.661139
0.661142
0.661147
0.661155
0.661164
0.661173
0.661184
0.661195
0.661207
0.661218
0.66123
0.661241
0.661252
0.661263
0.661272
0.661281
0.661289
0.661297
0.661303
0.661307
0.661317
0.661338
0.661365
0.661394
0.661421
0.661446
0.661468
0.661488
0.661506
0.661523
0.661538
0.661553
0.661567
0.661581
0.661594
0.661608
0.661621
0.661635
0.661648
0.661662
0.661677
0.661691
0.661705
0.66172
0.661734
0.661748
0.661762
0.661775
0.661788
0.6618
0.661811
0.661822
0.661832
0.661842
0.661851
0.661859
0.661867
0.661875
0.661882
0.661889
0.661896
0.661903
0.66191
0.661917
0.661924
0.661931
0.661938
0.661945
0.661952
0.661958
0.661965
0.661972
0.661979
0.661985
0.661991
0.661997
0.662003
0.662009
0.662014
0.662019
0.662024
0.662029
0.662033
0.662037
0.662041
0.662045
0.662048
0.662051
0.662053
0.662055
0.662057
0.662058
0.662059
0.662059
0.662059
0.662057
0.662063
0.662052
0.662018
0.661973
0.661931
0.661897
0.66187
0.661849
0.661832
0.661818
0.661805
0.661794
0.661784
0.661774
0.661765
0.661755
0.661745
0.661738
0.661706
0.661786
0.731287
0.731171
0.731139
0.73113
0.731128
0.731131
0.731136
0.731143
0.731151
0.731161
0.731171
0.731182
0.731193
0.731205
0.731216
0.731227
0.731237
0.731246
0.731255
0.731263
0.73127
0.731275
0.73128
0.731284
0.731288
0.731296
0.731308
0.731324
0.731341
0.731358
0.731374
0.73139
0.731404
0.731418
0.731431
0.731444
0.731457
0.731469
0.731482
0.731494
0.731507
0.73152
0.731534
0.731547
0.731561
0.731575
0.73159
0.731604
0.731619
0.731633
0.731647
0.73166
0.731673
0.731685
0.731697
0.731708
0.731718
0.731728
0.731737
0.731745
0.731754
0.731761
0.731769
0.731776
0.731783
0.73179
0.731797
0.731804
0.731811
0.731818
0.731825
0.731832
0.731839
0.731846
0.731854
0.731861
0.731867
0.731874
0.731881
0.731887
0.731893
0.731899
0.731905
0.73191
0.731916
0.731921
0.731925
0.73193
0.731934
0.731938
0.731941
0.731944
0.731947
0.73195
0.731952
0.731953
0.731954
0.731955
0.731956
0.731954
0.731957
0.731956
0.731943
0.73192
0.731893
0.731867
0.731845
0.731825
0.731809
0.731794
0.731782
0.73177
0.731759
0.731749
0.731739
0.731729
0.731718
0.73171
0.731677
0.731753
0.807107
0.806997
0.806967
0.806959
0.806957
0.806959
0.806964
0.80697
0.806978
0.806988
0.806998
0.807009
0.80702
0.807031
0.807041
0.807052
0.807061
0.80707
0.807077
0.807084
0.807089
0.807093
0.807096
0.807098
0.807099
0.807101
0.807104
0.807111
0.807119
0.807128
0.807138
0.807148
0.807158
0.807169
0.807179
0.80719
0.8072
0.807211
0.807222
0.807234
0.807246
0.807258
0.807271
0.807284
0.807298
0.807312
0.807326
0.807341
0.807355
0.807369
0.807383
0.807397
0.80741
0.807422
0.807433
0.807444
0.807455
0.807464
0.807473
0.807482
0.80749
0.807497
0.807505
0.807512
0.807519
0.807526
0.807533
0.80754
0.807547
0.807554
0.807561
0.807569
0.807576
0.807583
0.807591
0.807598
0.807605
0.807612
0.807619
0.807625
0.807632
0.807638
0.807644
0.807649
0.807655
0.80766
0.807665
0.80767
0.807674
0.807678
0.807682
0.807685
0.807688
0.807691
0.807693
0.807695
0.807696
0.807697
0.807698
0.807698
0.807698
0.807699
0.807696
0.807687
0.807672
0.807656
0.807639
0.807624
0.80761
0.807597
0.807585
0.807574
0.807564
0.807554
0.807543
0.807533
0.807521
0.807513
0.80748
0.80755
0.889192
0.889089
0.889061
0.889053
0.889051
0.889053
0.889058
0.889064
0.889072
0.889082
0.889092
0.889102
0.889113
0.889124
0.889134
0.889143
0.889152
0.88916
0.889166
0.889171
0.889174
0.889177
0.889178
0.889178
0.889177
0.889175
0.889173
0.889173
0.889174
0.889177
0.889181
0.889186
0.889192
0.889199
0.889206
0.889214
0.889223
0.889232
0.889242
0.889252
0.889263
0.889275
0.889287
0.8893
0.889314
0.889327
0.889342
0.889356
0.88937
0.889384
0.889398
0.889411
0.889424
0.889436
0.889448
0.889458
0.889468
0.889478
0.889487
0.889495
0.889503
0.88951
0.889517
0.889524
0.889531
0.889538
0.889545
0.889552
0.889559
0.889566
0.889574
0.889581
0.889588
0.889596
0.889603
0.88961
0.889617
0.889625
0.889631
0.889638
0.889645
0.889651
0.889657
0.889663
0.889668
0.889673
0.889678
0.889683
0.889688
0.889692
0.889696
0.889699
0.889702
0.889705
0.889708
0.889709
0.889711
0.889712
0.889713
0.889713
0.889713
0.889714
0.889714
0.889711
0.889705
0.889696
0.889686
0.889675
0.889664
0.889654
0.889644
0.889634
0.889625
0.889615
0.889605
0.889595
0.889582
0.889573
0.889542
0.889605
0.978083
0.977988
0.977962
0.977954
0.977953
0.977955
0.97796
0.977966
0.977975
0.977984
0.977994
0.978005
0.978015
0.978025
0.978035
0.978044
0.978051
0.978057
0.978062
0.978066
0.978068
0.978068
0.978067
0.978065
0.978062
0.978058
0.978053
0.978048
0.978045
0.978042
0.978042
0.978042
0.978044
0.978048
0.978052
0.978058
0.978065
0.978073
0.978081
0.978091
0.978101
0.978112
0.978124
0.978136
0.97815
0.978163
0.978177
0.978191
0.978205
0.978219
0.978233
0.978246
0.978258
0.97827
0.978281
0.978292
0.978301
0.97831
0.978319
0.978326
0.978334
0.978341
0.978348
0.978355
0.978361
0.978368
0.978375
0.978381
0.978388
0.978396
0.978403
0.97841
0.978417
0.978425
0.978432
0.978439
0.978447
0.978454
0.978461
0.978467
0.978474
0.97848
0.978486
0.978492
0.978497
0.978502
0.978507
0.978512
0.978517
0.978521
0.978525
0.978528
0.978531
0.978534
0.978536
0.978538
0.97854
0.978541
0.978541
0.978542
0.978542
0.978543
0.978543
0.978543
0.978541
0.978537
0.978532
0.978525
0.978518
0.97851
0.978502
0.978494
0.978486
0.978477
0.978467
0.978457
0.978445
0.978435
0.978405
0.978461
1.07447
1.07438
1.07436
1.07435
1.07435
1.07435
1.07436
1.07437
1.07437
1.07438
1.07439
1.0744
1.07441
1.07442
1.07443
1.07444
1.07445
1.07445
1.07446
1.07446
1.07446
1.07446
1.07445
1.07445
1.07444
1.07444
1.07443
1.07442
1.07441
1.07441
1.0744
1.0744
1.0744
1.0744
1.0744
1.07441
1.07441
1.07442
1.07443
1.07444
1.07445
1.07446
1.07447
1.07448
1.07449
1.07451
1.07452
1.07453
1.07455
1.07456
1.07458
1.07459
1.0746
1.07461
1.07462
1.07463
1.07464
1.07465
1.07466
1.07466
1.07467
1.07468
1.07468
1.07469
1.0747
1.0747
1.07471
1.07472
1.07472
1.07473
1.07474
1.07474
1.07475
1.07476
1.07477
1.07477
1.07478
1.07479
1.07479
1.0748
1.07481
1.07481
1.07482
1.07482
1.07483
1.07483
1.07484
1.07484
1.07485
1.07485
1.07486
1.07486
1.07486
1.07487
1.07487
1.07487
1.07487
1.07487
1.07487
1.07487
1.07487
1.07487
1.07487
1.07487
1.07487
1.07487
1.07487
1.07487
1.07486
1.07486
1.07485
1.07484
1.07484
1.07483
1.07482
1.07481
1.0748
1.07479
1.07476
1.07481
1.17922
1.17915
1.17913
1.17912
1.17912
1.17912
1.17913
1.17913
1.17914
1.17915
1.17916
1.17917
1.17918
1.17919
1.1792
1.17921
1.17921
1.17922
1.17922
1.17922
1.17921
1.17921
1.17921
1.1792
1.17919
1.17918
1.17917
1.17917
1.17916
1.17915
1.17914
1.17914
1.17913
1.17913
1.17913
1.17914
1.17914
1.17915
1.17915
1.17916
1.17917
1.17918
1.17919
1.1792
1.17922
1.17923
1.17924
1.17926
1.17927
1.17928
1.1793
1.17931
1.17932
1.17933
1.17934
1.17935
1.17936
1.17937
1.17937
1.17938
1.17939
1.17939
1.1794
1.1794
1.17941
1.17942
1.17942
1.17943
1.17944
1.17944
1.17945
1.17946
1.17946
1.17947
1.17948
1.17948
1.17949
1.1795
1.1795
1.17951
1.17952
1.17952
1.17953
1.17953
1.17954
1.17954
1.17955
1.17955
1.17956
1.17956
1.17956
1.17957
1.17957
1.17957
1.17957
1.17957
1.17958
1.17958
1.17958
1.17958
1.17958
1.17958
1.17958
1.17958
1.17958
1.17958
1.17958
1.17957
1.17957
1.17957
1.17956
1.17956
1.17955
1.17954
1.17954
1.17953
1.17952
1.1795
1.17948
1.17952
1.29345
1.29338
1.29336
1.29336
1.29336
1.29336
1.29337
1.29337
1.29338
1.29339
1.2934
1.29341
1.29342
1.29343
1.29344
1.29344
1.29345
1.29345
1.29345
1.29345
1.29344
1.29344
1.29343
1.29342
1.29341
1.2934
1.29339
1.29338
1.29337
1.29336
1.29335
1.29335
1.29334
1.29334
1.29334
1.29334
1.29335
1.29335
1.29336
1.29337
1.29338
1.29339
1.2934
1.29341
1.29342
1.29344
1.29345
1.29346
1.29348
1.29349
1.2935
1.29351
1.29352
1.29353
1.29354
1.29355
1.29356
1.29356
1.29357
1.29358
1.29358
1.29359
1.29359
1.2936
1.2936
1.29361
1.29361
1.29362
1.29363
1.29363
1.29364
1.29365
1.29365
1.29366
1.29367
1.29367
1.29368
1.29369
1.29369
1.2937
1.2937
1.29371
1.29371
1.29372
1.29372
1.29373
1.29373
1.29374
1.29374
1.29374
1.29375
1.29375
1.29375
1.29375
1.29375
1.29376
1.29376
1.29376
1.29376
1.29376
1.29376
1.29376
1.29376
1.29376
1.29375
1.29375
1.29375
1.29375
1.29375
1.29375
1.29375
1.29374
1.29374
1.29373
1.29372
1.29371
1.2937
1.29369
1.29366
1.2937
1.41854
1.41849
1.41847
1.41846
1.41846
1.41846
1.41847
1.41848
1.41849
1.4185
1.41851
1.41852
1.41853
1.41853
1.41854
1.41854
1.41855
1.41855
1.41854
1.41854
1.41853
1.41853
1.41852
1.41851
1.4185
1.41848
1.41847
1.41846
1.41845
1.41844
1.41843
1.41842
1.41842
1.41842
1.41842
1.41842
1.41842
1.41843
1.41844
1.41845
1.41846
1.41847
1.41848
1.41849
1.4185
1.41852
1.41853
1.41854
1.41856
1.41857
1.41858
1.41859
1.4186
1.41861
1.41862
1.41862
1.41863
1.41863
1.41864
1.41864
1.41865
1.41865
1.41866
1.41866
1.41867
1.41867
1.41868
1.41868
1.41869
1.41869
1.4187
1.41871
1.41871
1.41872
1.41873
1.41873
1.41874
1.41874
1.41875
1.41876
1.41876
1.41877
1.41877
1.41877
1.41878
1.41878
1.41879
1.41879
1.41879
1.4188
1.4188
1.4188
1.4188
1.4188
1.4188
1.41881
1.41881
1.41881
1.4188
1.4188
1.4188
1.4188
1.4188
1.4188
1.4188
1.4188
1.4188
1.4188
1.4188
1.41879
1.41879
1.41879
1.41878
1.41878
1.41877
1.41876
1.41875
1.41874
1.41871
1.41874
1.55625
1.55621
1.55619
1.55619
1.55619
1.55619
1.5562
1.5562
1.55621
1.55622
1.55623
1.55624
1.55625
1.55626
1.55626
1.55626
1.55627
1.55626
1.55626
1.55625
1.55625
1.55624
1.55623
1.55621
1.5562
1.55619
1.55617
1.55616
1.55615
1.55614
1.55613
1.55612
1.55612
1.55612
1.55612
1.55612
1.55613
1.55613
1.55614
1.55615
1.55616
1.55618
1.55619
1.5562
1.55621
1.55623
1.55624
1.55625
1.55626
1.55628
1.55629
1.5563
1.5563
1.55631
1.55632
1.55632
1.55633
1.55633
1.55634
1.55634
1.55634
1.55635
1.55635
1.55636
1.55636
1.55636
1.55637
1.55637
1.55638
1.55638
1.55639
1.5564
1.5564
1.55641
1.55641
1.55642
1.55642
1.55643
1.55644
1.55644
1.55644
1.55645
1.55645
1.55646
1.55646
1.55646
1.55647
1.55647
1.55647
1.55647
1.55648
1.55648
1.55648
1.55648
1.55648
1.55648
1.55648
1.55648
1.55648
1.55648
1.55647
1.55647
1.55647
1.55647
1.55647
1.55647
1.55647
1.55646
1.55646
1.55646
1.55646
1.55645
1.55645
1.55644
1.55644
1.55643
1.55641
1.5564
1.55638
1.55639
1.70881
1.70878
1.70877
1.70876
1.70876
1.70876
1.70877
1.70878
1.70879
1.7088
1.70881
1.70882
1.70882
1.70883
1.70883
1.70883
1.70883
1.70883
1.70882
1.70881
1.7088
1.70879
1.70878
1.70877
1.70875
1.70874
1.70872
1.70871
1.7087
1.70869
1.70868
1.70868
1.70867
1.70867
1.70868
1.70868
1.70869
1.7087
1.70871
1.70872
1.70873
1.70874
1.70875
1.70877
1.70878
1.70879
1.70881
1.70882
1.70883
1.70884
1.70885
1.70886
1.70886
1.70887
1.70887
1.70888
1.70888
1.70889
1.70889
1.70889
1.70889
1.7089
1.7089
1.7089
1.7089
1.70891
1.70891
1.70892
1.70892
1.70893
1.70893
1.70894
1.70894
1.70895
1.70895
1.70896
1.70896
1.70897
1.70897
1.70898
1.70898
1.70898
1.70899
1.70899
1.70899
1.709
1.709
1.709
1.709
1.709
1.709
1.70901
1.70901
1.70901
1.70901
1.709
1.709
1.709
1.709
1.709
1.709
1.70899
1.70899
1.70899
1.70899
1.70899
1.70898
1.70898
1.70898
1.70898
1.70897
1.70897
1.70896
1.70896
1.70895
1.70894
1.70893
1.70891
1.70889
1.7089
1.87905
1.87904
1.87903
1.87902
1.87902
1.87902
1.87903
1.87904
1.87905
1.87906
1.87906
1.87907
1.87907
1.87908
1.87908
1.87908
1.87907
1.87907
1.87906
1.87905
1.87904
1.87903
1.87901
1.879
1.87898
1.87897
1.87895
1.87894
1.87893
1.87892
1.87892
1.87891
1.87891
1.87891
1.87892
1.87892
1.87893
1.87894
1.87896
1.87897
1.87898
1.87899
1.87901
1.87902
1.87904
1.87905
1.87906
1.87907
1.87908
1.87909
1.8791
1.8791
1.87911
1.87911
1.87912
1.87912
1.87912
1.87912
1.87913
1.87913
1.87913
1.87913
1.87913
1.87913
1.87914
1.87914
1.87914
1.87915
1.87915
1.87916
1.87916
1.87916
1.87917
1.87917
1.87918
1.87918
1.87919
1.87919
1.87919
1.8792
1.8792
1.8792
1.87921
1.87921
1.87921
1.87921
1.87921
1.87921
1.87922
1.87922
1.87922
1.87922
1.87922
1.87922
1.87921
1.87921
1.87921
1.87921
1.87921
1.8792
1.8792
1.8792
1.8792
1.87919
1.87919
1.87919
1.87918
1.87918
1.87918
1.87917
1.87917
1.87917
1.87916
1.87915
1.87914
1.87913
1.87912
1.87911
1.87909
1.87908
2.07061
2.07061
2.0706
2.07059
2.07059
2.0706
2.0706
2.07061
2.07062
2.07062
2.07063
2.07063
2.07064
2.07064
2.07064
2.07063
2.07063
2.07062
2.07061
2.0706
2.07059
2.07058
2.07056
2.07055
2.07053
2.07052
2.0705
2.07049
2.07048
2.07047
2.07047
2.07047
2.07047
2.07047
2.07048
2.07049
2.0705
2.07051
2.07053
2.07054
2.07056
2.07057
2.07059
2.0706
2.07061
2.07062
2.07064
2.07065
2.07065
2.07066
2.07067
2.07067
2.07068
2.07068
2.07068
2.07068
2.07068
2.07068
2.07068
2.07068
2.07068
2.07068
2.07068
2.07068
2.07069
2.07069
2.07069
2.07069
2.0707
2.0707
2.07071
2.07071
2.07071
2.07072
2.07072
2.07072
2.07073
2.07073
2.07073
2.07074
2.07074
2.07074
2.07074
2.07074
2.07074
2.07074
2.07075
2.07075
2.07075
2.07075
2.07075
2.07074
2.07074
2.07074
2.07074
2.07074
2.07073
2.07073
2.07073
2.07072
2.07072
2.07072
2.07072
2.07071
2.07071
2.07071
2.0707
2.0707
2.07069
2.07069
2.07068
2.07068
2.07067
2.07066
2.07065
2.07064
2.07063
2.07061
2.07059
2.07058
2.28819
2.2882
2.28819
2.28819
2.28819
2.28819
2.28819
2.2882
2.2882
2.28821
2.28821
2.28821
2.28821
2.28821
2.28821
2.2882
2.2882
2.28819
2.28818
2.28817
2.28816
2.28814
2.28813
2.28811
2.2881
2.28808
2.28807
2.28805
2.28805
2.28804
2.28804
2.28804
2.28805
2.28805
2.28806
2.28808
2.28809
2.28811
2.28812
2.28814
2.28815
2.28817
2.28819
2.2882
2.28821
2.28822
2.28823
2.28824
2.28825
2.28825
2.28826
2.28826
2.28826
2.28826
2.28826
2.28826
2.28826
2.28826
2.28826
2.28826
2.28825
2.28825
2.28825
2.28825
2.28826
2.28826
2.28826
2.28826
2.28826
2.28827
2.28827
2.28827
2.28828
2.28828
2.28828
2.28829
2.28829
2.28829
2.28829
2.28829
2.28829
2.28829
2.2883
2.2883
2.2883
2.2883
2.2883
2.28829
2.28829
2.28829
2.28829
2.28829
2.28829
2.28829
2.28828
2.28828
2.28828
2.28827
2.28827
2.28826
2.28826
2.28826
2.28825
2.28825
2.28825
2.28824
2.28824
2.28823
2.28823
2.28822
2.28821
2.28821
2.2882
2.28819
2.28818
2.28817
2.28815
2.28813
2.28811
2.2881
2.53794
2.53797
2.53796
2.53796
2.53795
2.53795
2.53795
2.53796
2.53796
2.53796
2.53796
2.53795
2.53795
2.53795
2.53795
2.53794
2.53794
2.53793
2.53792
2.53791
2.53789
2.53788
2.53786
2.53785
2.53783
2.53782
2.5378
2.53779
2.53779
2.53778
2.53778
2.53779
2.5378
2.53781
2.53783
2.53784
2.53786
2.53788
2.5379
2.53791
2.53793
2.53795
2.53796
2.53798
2.53799
2.538
2.53801
2.53801
2.53802
2.53802
2.53802
2.53802
2.53802
2.53802
2.53802
2.53802
2.53801
2.53801
2.53801
2.538
2.538
2.538
2.538
2.538
2.538
2.538
2.538
2.538
2.538
2.53801
2.53801
2.53801
2.53801
2.53801
2.53802
2.53802
2.53802
2.53802
2.53802
2.53802
2.53802
2.53802
2.53802
2.53802
2.53802
2.53802
2.53802
2.53801
2.53801
2.53801
2.53801
2.538
2.538
2.538
2.53799
2.53799
2.53799
2.53798
2.53798
2.53797
2.53797
2.53796
2.53796
2.53796
2.53795
2.53795
2.53794
2.53793
2.53793
2.53792
2.53791
2.53791
2.5379
2.53789
2.53787
2.53786
2.53784
2.53782
2.5378
2.53778
2.82803
2.82807
2.82807
2.82806
2.82805
2.82805
2.82804
2.82804
2.82803
2.82803
2.82802
2.82802
2.82802
2.82801
2.82801
2.82801
2.828
2.82799
2.82798
2.82797
2.82796
2.82794
2.82793
2.82791
2.8279
2.82788
2.82787
2.82786
2.82786
2.82786
2.82787
2.82787
2.82789
2.8279
2.82792
2.82794
2.82796
2.82798
2.828
2.82802
2.82804
2.82806
2.82807
2.82809
2.8281
2.82811
2.82811
2.82812
2.82812
2.82812
2.82812
2.82812
2.82811
2.82811
2.82811
2.8281
2.82809
2.82809
2.82808
2.82808
2.82808
2.82807
2.82807
2.82807
2.82807
2.82807
2.82807
2.82807
2.82807
2.82807
2.82807
2.82808
2.82808
2.82808
2.82808
2.82808
2.82808
2.82808
2.82808
2.82808
2.82808
2.82807
2.82807
2.82807
2.82807
2.82807
2.82806
2.82806
2.82806
2.82805
2.82805
2.82805
2.82804
2.82804
2.82804
2.82803
2.82802
2.82802
2.82801
2.82801
2.828
2.828
2.82799
2.82799
2.82799
2.82798
2.82797
2.82797
2.82796
2.82795
2.82794
2.82793
2.82792
2.82791
2.8279
2.82788
2.82786
2.82784
2.82782
2.82779
3.16943
3.16949
3.16949
3.16948
3.16946
3.16945
3.16943
3.16942
3.16941
3.1694
3.16939
3.16939
3.16939
3.16939
3.16938
3.16938
3.16937
3.16937
3.16936
3.16935
3.16933
3.16932
3.1693
3.16929
3.16928
3.16927
3.16926
3.16925
3.16925
3.16925
3.16926
3.16928
3.16929
3.16931
3.16934
3.16936
3.16939
3.16941
3.16943
3.16945
3.16947
3.16949
3.1695
3.16951
3.16952
3.16953
3.16953
3.16953
3.16953
3.16953
3.16953
3.16952
3.16952
3.16951
3.1695
3.1695
3.16949
3.16948
3.16947
3.16947
3.16946
3.16946
3.16946
3.16946
3.16945
3.16945
3.16945
3.16945
3.16945
3.16945
3.16945
3.16945
3.16945
3.16945
3.16945
3.16945
3.16945
3.16945
3.16944
3.16944
3.16944
3.16944
3.16943
3.16943
3.16943
3.16942
3.16942
3.16942
3.16941
3.16941
3.1694
3.1694
3.16939
3.16939
3.16938
3.16938
3.16937
3.16936
3.16936
3.16935
3.16934
3.16934
3.16934
3.16933
3.16933
3.16932
3.16932
3.16931
3.1693
3.16929
3.16928
3.16927
3.16926
3.16925
3.16923
3.16921
3.16919
3.16916
3.16914
3.16911
3.57718
3.57727
3.57727
3.57724
3.57722
3.57719
3.57716
3.57714
3.57712
3.57711
3.5771
3.5771
3.5771
3.5771
3.5771
3.57709
3.57709
3.57708
3.57707
3.57706
3.57705
3.57704
3.57703
3.57701
3.577
3.57699
3.57699
3.57698
3.57699
3.577
3.57701
3.57703
3.57705
3.57708
3.5771
3.57713
3.57716
3.57718
3.57721
3.57723
3.57725
3.57726
3.57728
3.57729
3.57729
3.5773
3.5773
3.5773
3.57729
3.57729
3.57728
3.57727
3.57726
3.57725
3.57724
3.57723
3.57722
3.57721
3.57721
3.5772
3.57719
3.57719
3.57718
3.57718
3.57718
3.57717
3.57717
3.57717
3.57717
3.57717
3.57717
3.57717
3.57716
3.57716
3.57716
3.57716
3.57715
3.57715
3.57715
3.57714
3.57714
3.57713
3.57713
3.57713
3.57712
3.57712
3.57711
3.57711
3.5771
3.5771
3.57709
3.57709
3.57708
3.57707
3.57707
3.57706
3.57705
3.57705
3.57704
3.57703
3.57703
3.57702
3.57702
3.57701
3.57701
3.577
3.577
3.57699
3.57698
3.57697
3.57696
3.57695
3.57693
3.57692
3.5769
3.57688
3.57685
3.57683
3.57681
3.57678
4.07227
4.07238
4.07237
4.07233
4.07228
4.07223
4.07219
4.07216
4.07213
4.07212
4.07212
4.07212
4.07212
4.07213
4.07213
4.07213
4.07213
4.07212
4.07212
4.07211
4.0721
4.07208
4.07207
4.07206
4.07206
4.07205
4.07205
4.07205
4.07206
4.07207
4.07209
4.07211
4.07214
4.07217
4.0722
4.07223
4.07226
4.07229
4.07232
4.07234
4.07235
4.07237
4.07238
4.07239
4.07239
4.07239
4.07239
4.07238
4.07238
4.07237
4.07236
4.07234
4.07233
4.07232
4.0723
4.07229
4.07228
4.07227
4.07226
4.07225
4.07224
4.07224
4.07223
4.07222
4.07222
4.07222
4.07221
4.07221
4.07221
4.0722
4.0722
4.0722
4.07219
4.07219
4.07219
4.07218
4.07218
4.07217
4.07217
4.07216
4.07216
4.07215
4.07214
4.07214
4.07213
4.07213
4.07212
4.07211
4.07211
4.0721
4.0721
4.07209
4.07208
4.07208
4.07207
4.07206
4.07205
4.07204
4.07204
4.07203
4.07202
4.07202
4.07202
4.07201
4.07201
4.072
4.07199
4.07199
4.07198
4.07197
4.07195
4.07194
4.07192
4.07191
4.07189
4.07187
4.07184
4.07181
4.07179
4.07176
4.68466
4.68481
4.68478
4.6847
4.68462
4.68454
4.68448
4.68445
4.68443
4.68442
4.68443
4.68443
4.68444
4.68445
4.68446
4.68446
4.68446
4.68446
4.68445
4.68444
4.68443
4.68442
4.68442
4.68441
4.68441
4.6844
4.6844
4.68441
4.68443
4.68445
4.68447
4.6845
4.68454
4.68457
4.68461
4.68464
4.68467
4.6847
4.68472
4.68474
4.68476
4.68477
4.68478
4.68478
4.68478
4.68478
4.68477
4.68476
4.68475
4.68473
4.68472
4.6847
4.68469
4.68467
4.68465
4.68464
4.68462
4.68461
4.6846
4.68459
4.68458
4.68457
4.68456
4.68455
4.68455
4.68454
4.68454
4.68453
4.68453
4.68452
4.68452
4.68451
4.68451
4.6845
4.68449
4.68449
4.68448
4.68447
4.68447
4.68446
4.68445
4.68444
4.68444
4.68443
4.68442
4.68442
4.68441
4.6844
4.68439
4.68439
4.68438
4.68437
4.68436
4.68436
4.68435
4.68434
4.68433
4.68432
4.68431
4.68431
4.6843
4.6843
4.6843
4.68429
4.68429
4.68428
4.68427
4.68426
4.68425
4.68424
4.68423
4.68421
4.6842
4.68418
4.68416
4.68413
4.6841
4.68408
4.68405
4.68404
5.45845
5.45862
5.45855
5.45842
5.45829
5.45818
5.45812
5.45809
5.45808
5.45809
5.4581
5.45812
5.45813
5.45815
5.45816
5.45817
5.45817
5.45817
5.45816
5.45816
5.45815
5.45814
5.45814
5.45814
5.45814
5.45814
5.45815
5.45816
5.45818
5.45821
5.45824
5.45828
5.45832
5.45836
5.45839
5.45843
5.45846
5.45849
5.45851
5.45853
5.45854
5.45855
5.45855
5.45855
5.45854
5.45854
5.45852
5.45851
5.45849
5.45847
5.45845
5.45843
5.45841
5.45839
5.45837
5.45835
5.45833
5.45831
5.4583
5.45829
5.45827
5.45826
5.45825
5.45824
5.45824
5.45823
5.45822
5.45821
5.45821
5.4582
5.45819
5.45818
5.45818
5.45817
5.45816
5.45815
5.45814
5.45813
5.45812
5.45811
5.4581
5.45809
5.45808
5.45808
5.45807
5.45806
5.45805
5.45804
5.45803
5.45802
5.45802
5.45801
5.458
5.45799
5.45798
5.45797
5.45796
5.45795
5.45795
5.45794
5.45793
5.45793
5.45793
5.45793
5.45792
5.45792
5.45791
5.4579
5.45789
5.45787
5.45786
5.45784
5.45783
5.45781
5.45778
5.45776
5.45773
5.45771
5.45767
5.45769
6.46132
6.46149
6.46134
6.46113
6.46095
6.46084
6.46078
6.46077
6.46078
6.46081
6.46083
6.46086
6.46089
6.4609
6.46092
6.46093
6.46093
6.46093
6.46093
6.46092
6.46092
6.46092
6.46092
6.46092
6.46093
6.46094
6.46095
6.46098
6.46101
6.46104
6.46108
6.46113
6.46117
6.46121
6.46125
6.46129
6.46132
6.46134
6.46136
6.46138
6.46138
6.46139
6.46138
6.46138
6.46137
6.46135
6.46133
6.46131
6.46129
6.46126
6.46123
6.46121
6.46118
6.46115
6.46113
6.4611
6.46108
6.46106
6.46104
6.46103
6.46101
6.461
6.46098
6.46097
6.46096
6.46095
6.46094
6.46093
6.46092
6.46091
6.4609
6.46089
6.46088
6.46087
6.46085
6.46084
6.46083
6.46082
6.46081
6.4608
6.46078
6.46077
6.46076
6.46075
6.46074
6.46073
6.46072
6.46071
6.4607
6.46069
6.46068
6.46067
6.46066
6.46065
6.46064
6.46063
6.46063
6.46062
6.46061
6.4606
6.46059
6.4606
6.4606
6.46059
6.46059
6.46058
6.46057
6.46056
6.46055
6.46054
6.46052
6.46051
6.46049
6.46047
6.46045
6.46042
6.46039
6.46038
6.46034
6.4604
7.80484
7.80497
7.80469
7.80439
7.80419
7.8041
7.80408
7.8041
7.80413
7.80418
7.80422
7.80425
7.80428
7.8043
7.80432
7.80433
7.80433
7.80434
7.80434
7.80434
7.80434
7.80434
7.80435
7.80436
7.80438
7.8044
7.80442
7.80445
7.80449
7.80454
7.80459
7.80463
7.80468
7.80473
7.80477
7.8048
7.80483
7.80485
7.80486
7.80487
7.80487
7.80487
7.80486
7.80485
7.80483
7.8048
7.80478
7.80475
7.80472
7.80468
7.80465
7.80461
7.80458
7.80455
7.80451
7.80448
7.80446
7.80443
7.80441
7.80439
7.80437
7.80435
7.80433
7.80432
7.8043
7.80429
7.80428
7.80426
7.80425
7.80424
7.80422
7.80421
7.80419
7.80418
7.80416
7.80414
7.80413
7.80411
7.8041
7.80409
7.80407
7.80406
7.80404
7.80403
7.80402
7.80401
7.804
7.80399
7.80398
7.80397
7.80395
7.80394
7.80393
7.80392
7.80391
7.8039
7.80389
7.80388
7.80388
7.80387
7.80387
7.80387
7.80387
7.80387
7.80386
7.80385
7.80384
7.80383
7.80382
7.80381
7.80379
7.80378
7.80377
7.80375
7.80373
7.80371
7.80368
7.80368
7.80363
7.80376
9.69694
9.69695
9.69649
9.69614
9.69598
9.69595
9.69598
9.69604
9.6961
9.69616
9.69621
9.69625
9.69628
9.6963
9.69631
9.69632
9.69633
9.69633
9.69634
9.69634
9.69635
9.69636
9.69638
9.6964
9.69643
9.69646
9.69649
9.69654
9.69659
9.69664
9.6967
9.69675
9.6968
9.69685
9.69688
9.69691
9.69694
9.69695
9.69696
9.69696
9.69696
9.69695
9.69693
9.69691
9.69688
9.69685
9.69681
9.69677
9.69673
9.69669
9.69664
9.6966
9.69655
9.69651
9.69647
9.69644
9.6964
9.69637
9.69634
9.69632
9.69629
9.69627
9.69625
9.69623
9.69621
9.69619
9.69618
9.69616
9.69614
9.69612
9.6961
9.69608
9.69606
9.69604
9.69603
9.69601
9.69599
9.69597
9.69595
9.69593
9.69592
9.6959
9.69589
9.69587
9.69586
9.69585
9.69583
9.69582
9.69581
9.6958
9.69579
9.69578
9.69577
9.69576
9.69574
9.69573
9.69573
9.69572
9.69571
9.6957
9.6957
9.69571
9.69571
9.6957
9.6957
9.69569
9.69568
9.69566
9.69565
9.69564
9.69563
9.69562
9.69561
9.6956
9.69558
9.69557
9.69554
9.69557
9.69551
9.69572
12.5998
12.5996
12.599
12.5987
12.5987
12.5987
12.5988
12.5989
12.599
12.599
12.5991
12.5991
12.5991
12.5992
12.5992
12.5992
12.5992
12.5992
12.5992
12.5992
12.5992
12.5993
12.5993
12.5993
12.5994
12.5994
12.5994
12.5995
12.5996
12.5996
12.5997
12.5997
12.5998
12.5998
12.5999
12.5999
12.5999
12.5999
12.5999
12.5999
12.5999
12.5999
12.5998
12.5998
12.5998
12.5997
12.5997
12.5996
12.5996
12.5995
12.5995
12.5994
12.5994
12.5993
12.5993
12.5992
12.5992
12.5992
12.5991
12.5991
12.5991
12.5991
12.599
12.599
12.599
12.599
12.5989
12.5989
12.5989
12.5989
12.5988
12.5988
12.5988
12.5988
12.5988
12.5987
12.5987
12.5987
12.5987
12.5986
12.5986
12.5986
12.5986
12.5986
12.5986
12.5986
12.5985
12.5985
12.5985
12.5985
12.5985
12.5985
12.5985
12.5985
12.5985
12.5984
12.5984
12.5984
12.5984
12.5984
12.5984
12.5984
12.5984
12.5984
12.5984
12.5984
12.5984
12.5984
12.5984
12.5984
12.5984
12.5983
12.5983
12.5983
12.5983
12.5983
12.5983
12.5984
12.5983
12.5986
17.7332
17.7327
17.7321
17.732
17.7321
17.7322
17.7324
17.7325
17.7325
17.7326
17.7326
17.7326
17.7327
17.7327
17.7327
17.7327
17.7327
17.7327
17.7327
17.7327
17.7328
17.7328
17.7328
17.7329
17.7329
17.7329
17.733
17.7331
17.7331
17.7332
17.7332
17.7333
17.7333
17.7334
17.7334
17.7334
17.7334
17.7334
17.7334
17.7334
17.7334
17.7334
17.7333
17.7333
17.7333
17.7332
17.7332
17.7331
17.7331
17.733
17.7329
17.7329
17.7328
17.7328
17.7327
17.7327
17.7327
17.7326
17.7326
17.7325
17.7325
17.7325
17.7325
17.7324
17.7324
17.7324
17.7324
17.7323
17.7323
17.7323
17.7323
17.7323
17.7322
17.7322
17.7322
17.7322
17.7321
17.7321
17.7321
17.7321
17.7321
17.732
17.732
17.732
17.732
17.732
17.732
17.732
17.7319
17.7319
17.7319
17.7319
17.7319
17.7319
17.7319
17.7319
17.7319
17.7319
17.7319
17.7319
17.7319
17.7319
17.7319
17.7319
17.7318
17.7318
17.7318
17.7318
17.7318
17.7318
17.7318
17.7318
17.7318
17.7318
17.7318
17.7318
17.7318
17.7319
17.7318
17.7322
28.7364
28.7357
28.7352
28.7354
28.7356
28.7358
28.7359
28.736
28.7361
28.7361
28.7362
28.7362
28.7362
28.7362
28.7362
28.7362
28.7362
28.7362
28.7362
28.7362
28.7362
28.7363
28.7363
28.7363
28.7364
28.7364
28.7365
28.7365
28.7366
28.7366
28.7367
28.7367
28.7367
28.7367
28.7368
28.7368
28.7368
28.7368
28.7368
28.7367
28.7367
28.7367
28.7367
28.7366
28.7366
28.7366
28.7365
28.7365
28.7364
28.7364
28.7364
28.7363
28.7363
28.7362
28.7362
28.7361
28.7361
28.7361
28.7361
28.736
28.736
28.736
28.736
28.7359
28.7359
28.7359
28.7359
28.7359
28.7358
28.7358
28.7358
28.7358
28.7358
28.7357
28.7357
28.7357
28.7357
28.7357
28.7356
28.7356
28.7356
28.7356
28.7356
28.7356
28.7356
28.7356
28.7355
28.7355
28.7355
28.7355
28.7355
28.7355
28.7355
28.7355
28.7355
28.7355
28.7355
28.7355
28.7355
28.7355
28.7355
28.7355
28.7355
28.7355
28.7355
28.7354
28.7354
28.7354
28.7354
28.7354
28.7354
28.7354
28.7354
28.7354
28.7355
28.7355
28.7355
28.7355
28.7355
28.7358
58.4361
58.4356
58.4354
58.4358
58.436
58.4361
58.4362
58.4363
58.4363
58.4363
58.4364
58.4364
58.4364
58.4364
58.4364
58.4364
58.4364
58.4364
58.4364
58.4364
58.4364
58.4364
58.4364
58.4364
58.4365
58.4365
58.4365
58.4366
58.4366
58.4366
58.4367
58.4367
58.4367
58.4367
58.4367
58.4367
58.4367
58.4367
58.4367
58.4367
58.4367
58.4367
58.4366
58.4366
58.4366
58.4366
58.4365
58.4365
58.4365
58.4365
58.4364
58.4364
58.4364
58.4364
58.4363
58.4363
58.4363
58.4363
58.4363
58.4362
58.4362
58.4362
58.4362
58.4362
58.4362
58.4362
58.4361
58.4361
58.4361
58.4361
58.4361
58.4361
58.4361
58.4361
58.436
58.436
58.436
58.436
58.436
58.436
58.436
58.436
58.436
58.436
58.436
58.436
58.4359
58.4359
58.4359
58.4359
58.4359
58.4359
58.4359
58.4359
58.4359
58.4359
58.4359
58.4359
58.4359
58.4359
58.4359
58.4359
58.4359
58.4359
58.4359
58.4359
58.4359
58.4359
58.4359
58.4359
58.4359
58.4359
58.4359
58.4359
58.4359
58.4359
58.4359
58.436
58.4359
58.436
171.013
171.011
171.011
171.012
171.012
171.012
171.012
171.012
171.012
171.012
171.012
171.012
171.012
171.012
171.012
171.012
171.012
171.012
171.012
171.012
171.012
171.012
171.012
171.012
171.012
171.012
171.012
171.012
171.012
171.012
171.012
171.012
171.012
171.012
171.012
171.012
171.012
171.012
171.012
171.012
171.012
171.012
171.012
171.012
171.012
171.012
171.012
171.012
171.012
171.012
171.012
171.012
171.012
171.012
171.012
171.012
171.012
171.012
171.012
171.012
171.012
171.012
171.012
171.012
171.012
171.012
171.012
171.012
171.012
171.012
171.012
171.012
171.012
171.012
171.012
171.012
171.012
171.012
171.012
171.012
171.012
171.012
171.012
171.012
171.012
171.012
171.012
171.012
171.012
171.012
171.012
171.012
171.012
171.012
171.012
171.012
171.012
171.012
171.012
171.012
171.012
171.012
171.012
171.012
171.012
171.012
171.012
171.012
171.012
171.012
171.012
171.012
171.012
171.012
171.012
171.012
171.012
171.012
171.012
171.013
985.828
985.828
985.828
985.828
985.828
985.828
985.828
985.828
985.828
985.828
985.828
985.828
985.828
985.828
985.828
985.828
985.828
985.828
985.828
985.828
985.828
985.828
985.828
985.828
985.828
985.828
985.828
985.828
985.828
985.828
985.828
985.828
985.828
985.828
985.828
985.828
985.828
985.828
985.828
985.828
985.828
985.828
985.828
985.828
985.828
985.828
985.828
985.828
985.828
985.828
985.828
985.828
985.828
985.828
985.828
985.828
985.828
985.828
985.828
985.828
985.828
985.828
985.828
985.828
985.828
985.828
985.828
985.828
985.828
985.828
985.828
985.828
985.828
985.828
985.828
985.828
985.828
985.828
985.828
985.828
985.828
985.828
985.828
985.828
985.828
985.828
985.828
985.828
985.828
985.828
985.828
985.828
985.828
985.828
985.828
985.828
985.828
985.828
985.828
985.828
985.828
985.828
985.828
985.828
985.828
985.828
985.828
985.828
985.828
985.828
985.828
985.828
985.828
985.828
985.828
985.828
985.828
985.828
985.828
985.828
)
;

boundaryField
{
    bottomWall
    {
        beta1           0.075;
        blended         0;
        type            omegaWallFunction;
        value           nonuniform 0();
    }
    topWall
    {
        beta1           0.075;
        blended         0;
        type            omegaWallFunction;
        value           nonuniform List<scalar> 
120
(
985.828
985.828
985.828
985.828
985.828
985.828
985.828
985.828
985.828
985.828
985.828
985.828
985.828
985.828
985.828
985.828
985.828
985.828
985.828
985.828
985.828
985.828
985.828
985.828
985.828
985.828
985.828
985.828
985.828
985.828
985.828
985.828
985.828
985.828
985.828
985.828
985.828
985.828
985.828
985.828
985.828
985.828
985.828
985.828
985.828
985.828
985.828
985.828
985.828
985.828
985.828
985.828
985.828
985.828
985.828
985.828
985.828
985.828
985.828
985.828
985.828
985.828
985.828
985.828
985.828
985.828
985.828
985.828
985.828
985.828
985.828
985.828
985.828
985.828
985.828
985.828
985.828
985.828
985.828
985.828
985.828
985.828
985.828
985.828
985.828
985.828
985.828
985.828
985.828
985.828
985.828
985.828
985.828
985.828
985.828
985.828
985.828
985.828
985.828
985.828
985.828
985.828
985.828
985.828
985.828
985.828
985.828
985.828
985.828
985.828
985.828
985.828
985.828
985.828
985.828
985.828
985.828
985.828
985.828
985.828
)
;
    }
    sides1_half0
    {
        type            cyclic;
    }
    sides1_half1
    {
        type            cyclic;
    }
    sides2_half0
    {
        type            cyclic;
    }
    sides2_half1
    {
        type            cyclic;
    }
    inout1_half0
    {
        type            cyclic;
    }
    inout1_half1
    {
        type            cyclic;
    }
    inout2_half0
    {
        type            cyclic;
    }
    inout2_half1
    {
        type            cyclic;
    }
    procBoundary0to1
    {
        type            processor;
        value           nonuniform List<scalar> 
122
(
0.39044
0.390324
0.390305
0.390311
0.390321
0.390331
0.390341
0.390352
0.390362
0.390373
0.390384
0.390395
0.390406
0.390417
0.390429
0.39044
0.390452
0.390464
0.390476
0.390489
0.390501
0.390513
0.390525
0.390537
0.390549
0.39056
0.390571
0.390581
0.390591
0.3906
0.390609
0.390617
0.390624
0.390631
0.390638
0.390644
0.39065
0.390656
0.390662
0.390667
0.390672
0.390678
0.390683
0.390688
0.390693
0.390698
0.390703
0.390707
0.390712
0.390717
0.390721
0.390726
0.39073
0.390734
0.390737
0.390741
0.390744
0.390747
0.39075
0.390752
0.390754
0.390756
0.390758
0.390759
0.39076
0.39076
0.39076
0.39076
0.39076
0.390759
0.390758
0.390756
0.390754
0.390752
0.39075
0.390747
0.390735
0.434387
0.434294
0.434283
0.434286
0.434293
0.4343
0.434308
0.434317
0.434327
0.434337
0.434348
0.43436
0.434372
0.434384
0.434396
0.434409
0.434421
0.434433
0.434445
0.434456
0.434467
0.434479
0.434483
0.434526
0.434526
0.434722
0.434722
0.434808
0.434857
0.434876
0.434883
0.434886
0.434887
0.434887
0.434886
0.434885
0.434883
0.434881
0.434879
0.434877
0.434874
0.434869
0.434869
0.434842
0.434936
)
;
    }
}


// ************************************************************************* //
