/*--------------------------------*- C++ -*----------------------------------*\
  =========                 |
  \\      /  F ield         | OpenFOAM: The Open Source CFD Toolbox
   \\    /   O peration     | Website:  https://openfoam.org
    \\  /    A nd           | Version:  7
     \\/     M anipulation  |
\*---------------------------------------------------------------------------*/
FoamFile
{
    version     2.0;
    format      ascii;
    class       volScalarField;
    location    "19000";
    object      nut;
}
// * * * * * * * * * * * * * * * * * * * * * * * * * * * * * * * * * * * * * //

dimensions      [0 2 -1 0 0 0 0];

internalField   nonuniform List<scalar> 
4026
(
0.000299215
0.00029921
0.00029921
0.000299211
0.000299213
0.000299216
0.000299218
0.00029922
0.000299222
0.000299225
0.000299227
0.000299229
0.00029923
0.000299232
0.000299234
0.000299237
0.000299239
0.000299241
0.000299243
0.000299245
0.000299246
0.000299248
0.00029925
0.000299251
0.000299252
0.000299254
0.000299255
0.000299256
0.000299258
0.000299259
0.00029926
0.000299261
0.000299261
0.000299262
0.000299263
0.000299264
0.000299264
0.000299265
0.000299266
0.000299266
0.000299266
0.000299267
0.000299267
0.000299267
0.000299269
0.000299208
0.000299209
0.000299211
0.000299214
0.000299217
0.000299219
0.000299222
0.000299224
0.000299226
0.000299228
0.000299229
0.000299231
0.000299232
0.000299234
0.000299234
0.00029924
0.000314286
0.00031428
0.00031428
0.000314282
0.000314284
0.000314286
0.000314289
0.000314291
0.000314294
0.000314296
0.000314298
0.0003143
0.000314302
0.000314304
0.000314306
0.000314308
0.00031431
0.000314313
0.000314315
0.000314316
0.000314318
0.00031432
0.000314322
0.000314323
0.000314325
0.000314326
0.000314327
0.000314328
0.00031433
0.000314331
0.000314332
0.000314333
0.000314333
0.000314334
0.000314335
0.000314336
0.000314336
0.000314337
0.000314337
0.000314337
0.000314338
0.000314338
0.000314338
0.000314338
0.000314341
0.000314273
0.000314273
0.000314276
0.000314279
0.000314282
0.000314285
0.000314288
0.00031429
0.000314293
0.000314295
0.000314296
0.000314298
0.0003143
0.000314301
0.000314302
0.000314307
0.000329786
0.000329781
0.000329781
0.000329782
0.000329785
0.000329787
0.00032979
0.000329793
0.000329795
0.000329797
0.0003298
0.000329802
0.000329804
0.000329806
0.000329808
0.00032981
0.000329812
0.000329814
0.000329816
0.000329818
0.00032982
0.000329822
0.000329824
0.000329825
0.000329826
0.000329828
0.000329829
0.00032983
0.000329831
0.000329832
0.000329833
0.000329834
0.000329835
0.000329836
0.000329836
0.000329837
0.000329837
0.000329838
0.000329838
0.000329839
0.000329839
0.000329839
0.000329839
0.000329839
0.000329842
0.000329769
0.000329768
0.000329771
0.000329774
0.000329778
0.000329781
0.000329784
0.000329787
0.000329789
0.000329791
0.000329793
0.000329795
0.000329797
0.000329798
0.000329799
0.000329804
0.000345741
0.000345737
0.000345737
0.000345739
0.000345741
0.000345744
0.000345747
0.000345749
0.000345752
0.000345755
0.000345757
0.000345759
0.000345761
0.000345763
0.000345765
0.000345767
0.00034577
0.000345772
0.000345774
0.000345776
0.000345777
0.000345779
0.000345781
0.000345782
0.000345784
0.000345785
0.000345786
0.000345787
0.000345788
0.000345789
0.00034579
0.000345791
0.000345792
0.000345792
0.000345793
0.000345793
0.000345794
0.000345794
0.000345794
0.000345794
0.000345795
0.000345795
0.000345795
0.000345794
0.000345797
0.000345722
0.00034572
0.000345722
0.000345725
0.000345729
0.000345732
0.000345735
0.000345738
0.000345741
0.000345743
0.000345745
0.000345747
0.000345749
0.00034575
0.000345751
0.000345755
0.000362178
0.000362175
0.000362176
0.000362178
0.000362181
0.000362183
0.000362186
0.000362189
0.000362192
0.000362195
0.000362197
0.000362199
0.000362201
0.000362203
0.000362205
0.000362207
0.00036221
0.000362212
0.000362214
0.000362216
0.000362217
0.000362219
0.00036222
0.000362222
0.000362223
0.000362224
0.000362225
0.000362227
0.000362227
0.000362228
0.000362229
0.00036223
0.00036223
0.000362231
0.000362231
0.000362232
0.000362232
0.000362232
0.000362232
0.000362232
0.000362232
0.000362232
0.000362232
0.000362232
0.000362233
0.000362158
0.000362155
0.000362156
0.000362159
0.000362163
0.000362166
0.000362169
0.000362172
0.000362175
0.000362177
0.000362179
0.000362181
0.000362183
0.000362184
0.000362185
0.000362189
0.000379128
0.000379126
0.000379127
0.00037913
0.000379132
0.000379135
0.000379138
0.000379141
0.000379144
0.000379147
0.000379149
0.000379151
0.000379153
0.000379155
0.000379157
0.000379159
0.000379162
0.000379164
0.000379165
0.000379167
0.000379169
0.000379171
0.000379172
0.000379173
0.000379174
0.000379176
0.000379177
0.000379178
0.000379178
0.000379179
0.00037918
0.00037918
0.000379181
0.000379181
0.000379181
0.000379182
0.000379182
0.000379182
0.000379182
0.000379182
0.000379181
0.000379181
0.000379181
0.00037918
0.000379181
0.000379105
0.000379103
0.000379104
0.000379106
0.000379109
0.000379112
0.000379115
0.000379118
0.000379121
0.000379123
0.000379125
0.000379127
0.000379128
0.00037913
0.000379131
0.000379133
0.000396621
0.00039662
0.000396622
0.000396625
0.000396628
0.000396631
0.000396634
0.000396637
0.00039664
0.000396642
0.000396645
0.000396647
0.000396649
0.000396651
0.000396653
0.000396655
0.000396657
0.000396659
0.000396661
0.000396662
0.000396664
0.000396665
0.000396667
0.000396668
0.000396669
0.00039667
0.000396671
0.000396671
0.000396672
0.000396673
0.000396673
0.000396673
0.000396674
0.000396674
0.000396674
0.000396674
0.000396674
0.000396674
0.000396673
0.000396673
0.000396673
0.000396672
0.000396672
0.000396671
0.000396671
0.000396596
0.000396594
0.000396594
0.000396596
0.000396599
0.000396601
0.000396604
0.000396607
0.00039661
0.000396612
0.000396614
0.000396615
0.000396617
0.000396618
0.000396619
0.00039662
0.00041469
0.000414692
0.000414694
0.000414697
0.0004147
0.000414703
0.000414706
0.000414709
0.000414712
0.000414715
0.000414718
0.00041472
0.000414722
0.000414723
0.000414725
0.000414727
0.000414729
0.00041473
0.000414732
0.000414734
0.000414735
0.000414736
0.000414738
0.000414739
0.000414739
0.00041474
0.000414741
0.000414741
0.000414742
0.000414742
0.000414742
0.000414742
0.000414743
0.000414743
0.000414742
0.000414742
0.000414742
0.000414741
0.000414741
0.00041474
0.00041474
0.000414739
0.000414738
0.000414737
0.000414736
0.000414662
0.000414661
0.000414662
0.000414663
0.000414665
0.000414667
0.00041467
0.000414672
0.000414675
0.000414677
0.000414678
0.00041468
0.000414681
0.000414682
0.000414683
0.000414683
0.000433372
0.000433375
0.000433378
0.000433381
0.000433384
0.000433388
0.000433391
0.000433394
0.000433397
0.0004334
0.000433402
0.000433404
0.000433406
0.000433408
0.000433409
0.000433411
0.000433412
0.000433414
0.000433416
0.000433417
0.000433418
0.000433419
0.00043342
0.000433421
0.000433421
0.000433422
0.000433422
0.000433423
0.000433423
0.000433423
0.000433423
0.000433423
0.000433422
0.000433422
0.000433422
0.000433421
0.000433421
0.00043342
0.000433419
0.000433418
0.000433417
0.000433416
0.000433415
0.000433414
0.000433411
0.00043334
0.00043334
0.000433341
0.000433342
0.000433343
0.000433345
0.000433347
0.000433349
0.000433351
0.000433353
0.000433355
0.000433356
0.000433357
0.000433357
0.000433358
0.000433357
0.000452703
0.000452708
0.000452712
0.000452715
0.000452718
0.000452722
0.000452725
0.000452728
0.000452731
0.000452734
0.000452736
0.000452738
0.00045274
0.000452741
0.000452743
0.000452744
0.000452745
0.000452747
0.000452748
0.000452749
0.00045275
0.000452751
0.000452751
0.000452752
0.000452752
0.000452752
0.000452752
0.000452752
0.000452752
0.000452752
0.000452752
0.000452751
0.000452751
0.00045275
0.000452749
0.000452748
0.000452748
0.000452747
0.000452745
0.000452744
0.000452743
0.000452742
0.00045274
0.000452739
0.000452734
0.000452666
0.000452668
0.000452668
0.000452669
0.00045267
0.000452671
0.000452673
0.000452675
0.000452677
0.000452678
0.000452679
0.00045268
0.000452681
0.000452681
0.000452682
0.000452678
0.000472722
0.00047273
0.000472734
0.000472738
0.000472741
0.000472745
0.000472748
0.000472751
0.000472754
0.000472757
0.000472759
0.000472761
0.000472762
0.000472763
0.000472764
0.000472765
0.000472766
0.000472768
0.000472768
0.000472769
0.00047277
0.00047277
0.000472771
0.000472771
0.000472771
0.000472771
0.00047277
0.00047277
0.000472769
0.000472769
0.000472768
0.000472767
0.000472766
0.000472765
0.000472764
0.000472763
0.000472762
0.00047276
0.000472759
0.000472757
0.000472755
0.000472754
0.000472752
0.000472751
0.000472744
0.00047268
0.000472684
0.000472684
0.000472684
0.000472685
0.000472686
0.000472687
0.000472689
0.00047269
0.000472691
0.000472692
0.000472692
0.000472692
0.000472692
0.000472693
0.000472687
0.000493472
0.000493483
0.000493487
0.000493491
0.000493495
0.000493498
0.000493502
0.000493505
0.000493507
0.00049351
0.000493512
0.000493513
0.000493514
0.000493515
0.000493516
0.000493517
0.000493517
0.000493518
0.000493519
0.000493519
0.000493519
0.00049352
0.00049352
0.000493519
0.000493519
0.000493518
0.000493517
0.000493517
0.000493516
0.000493515
0.000493513
0.000493512
0.000493511
0.000493509
0.000493508
0.000493506
0.000493504
0.000493502
0.0004935
0.000493498
0.000493496
0.000493494
0.000493492
0.000493491
0.000493481
0.000493422
0.000493428
0.000493429
0.000493429
0.000493429
0.00049343
0.000493431
0.000493432
0.000493432
0.000493433
0.000493433
0.000493433
0.000493433
0.000493432
0.000493433
0.000493425
0.000514995
0.000515009
0.000515014
0.000515018
0.000515022
0.000515025
0.000515029
0.000515032
0.000515034
0.000515036
0.000515038
0.000515039
0.00051504
0.000515041
0.000515041
0.000515041
0.000515042
0.000515042
0.000515042
0.000515042
0.000515042
0.000515042
0.000515041
0.00051504
0.000515039
0.000515038
0.000515037
0.000515036
0.000515034
0.000515033
0.000515031
0.000515029
0.000515027
0.000515025
0.000515023
0.000515021
0.000515019
0.000515016
0.000515014
0.000515011
0.000515009
0.000515006
0.000515003
0.000515002
0.00051499
0.000514936
0.000514945
0.000514946
0.000514946
0.000514946
0.000514946
0.000514947
0.000514947
0.000514947
0.000514947
0.000514947
0.000514946
0.000514945
0.000514944
0.000514945
0.000514934
0.000537338
0.000537354
0.000537361
0.000537365
0.000537369
0.000537372
0.000537375
0.000537378
0.00053738
0.000537382
0.000537383
0.000537384
0.000537385
0.000537385
0.000537385
0.000537385
0.000537385
0.000537384
0.000537384
0.000537384
0.000537383
0.000537382
0.000537381
0.000537379
0.000537378
0.000537376
0.000537374
0.000537372
0.00053737
0.000537368
0.000537366
0.000537363
0.000537361
0.000537358
0.000537356
0.000537353
0.00053735
0.000537347
0.000537344
0.000537341
0.000537338
0.000537335
0.000537331
0.00053733
0.000537315
0.000537267
0.000537279
0.000537281
0.000537281
0.000537281
0.00053728
0.00053728
0.00053728
0.00053728
0.000537279
0.000537279
0.000537277
0.000537276
0.000537274
0.000537274
0.000537261
0.000560547
0.000560567
0.000560575
0.000560579
0.000560583
0.000560586
0.000560589
0.000560591
0.000560593
0.000560595
0.000560596
0.000560596
0.000560596
0.000560596
0.000560595
0.000560595
0.000560594
0.000560593
0.000560592
0.000560591
0.00056059
0.000560588
0.000560587
0.000560585
0.000560582
0.00056058
0.000560577
0.000560575
0.000560572
0.000560569
0.000560566
0.000560563
0.00056056
0.000560557
0.000560553
0.00056055
0.000560546
0.000560543
0.000560539
0.000560535
0.000560531
0.000560527
0.000560523
0.000560522
0.000560504
0.000560463
0.000560479
0.000560481
0.000560481
0.00056048
0.00056048
0.000560479
0.000560479
0.000560478
0.000560477
0.000560475
0.000560473
0.000560471
0.000560468
0.000560469
0.000560452
0.000584672
0.000584697
0.000584705
0.00058471
0.000584713
0.000584716
0.000584719
0.000584721
0.000584723
0.000584724
0.000584724
0.000584724
0.000584724
0.000584723
0.000584722
0.00058472
0.000584719
0.000584718
0.000584716
0.000584714
0.000584712
0.00058471
0.000584708
0.000584705
0.000584702
0.000584699
0.000584696
0.000584692
0.000584689
0.000584685
0.000584681
0.000584677
0.000584673
0.000584669
0.000584665
0.000584661
0.000584657
0.000584652
0.000584648
0.000584643
0.000584639
0.000584634
0.000584629
0.000584627
0.000584606
0.000584574
0.000584593
0.000584596
0.000584596
0.000584595
0.000584594
0.000584593
0.000584592
0.000584591
0.000584589
0.000584587
0.000584584
0.000584581
0.000584578
0.000584578
0.000584558
0.000609765
0.000609795
0.000609804
0.000609809
0.000609812
0.000609815
0.000609817
0.000609819
0.00060982
0.000609821
0.000609821
0.00060982
0.000609819
0.000609818
0.000609816
0.000609814
0.000609812
0.00060981
0.000609808
0.000609805
0.000609802
0.000609799
0.000609796
0.000609792
0.000609789
0.000609784
0.00060978
0.000609776
0.000609772
0.000609767
0.000609762
0.000609758
0.000609753
0.000609748
0.000609743
0.000609738
0.000609733
0.000609727
0.000609722
0.000609717
0.000609711
0.000609706
0.0006097
0.000609698
0.000609673
0.00060965
0.000609674
0.000609678
0.000609678
0.000609676
0.000609675
0.000609673
0.000609672
0.00060967
0.000609667
0.000609665
0.000609661
0.000609658
0.000609653
0.000609653
0.000609629
0.00063588
0.000635915
0.000635925
0.00063593
0.000635933
0.000635936
0.000635938
0.000635939
0.00063594
0.00063594
0.000635939
0.000635938
0.000635936
0.000635934
0.000635932
0.000635929
0.000635926
0.000635923
0.00063592
0.000635916
0.000635913
0.000635909
0.000635905
0.0006359
0.000635895
0.00063589
0.000635885
0.00063588
0.000635874
0.000635869
0.000635863
0.000635858
0.000635852
0.000635846
0.00063584
0.000635834
0.000635828
0.000635822
0.000635816
0.000635809
0.000635803
0.000635796
0.000635789
0.000635787
0.000635758
0.000635745
0.000635774
0.000635779
0.000635779
0.000635777
0.000635775
0.000635773
0.000635771
0.000635769
0.000635766
0.000635762
0.000635758
0.000635753
0.000635748
0.000635747
0.00063572
0.000663072
0.000663112
0.000663124
0.000663129
0.000663132
0.000663134
0.000663136
0.000663137
0.000663137
0.000663136
0.000663135
0.000663133
0.00066313
0.000663127
0.000663124
0.000663121
0.000663117
0.000663113
0.000663109
0.000663104
0.000663099
0.000663095
0.000663089
0.000663084
0.000663078
0.000663072
0.000663065
0.000663059
0.000663053
0.000663046
0.000663039
0.000663033
0.000663026
0.000663019
0.000663012
0.000663004
0.000662997
0.00066299
0.000662983
0.000662976
0.000662968
0.000662961
0.000662952
0.000662949
0.000662916
0.000662914
0.000662949
0.000662955
0.000662955
0.000662953
0.000662951
0.000662949
0.000662946
0.000662942
0.000662939
0.000662934
0.000662929
0.000662924
0.000662918
0.000662916
0.000662885
0.000691398
0.000691445
0.000691458
0.000691463
0.000691466
0.000691468
0.000691469
0.000691469
0.000691469
0.000691467
0.000691465
0.000691462
0.000691459
0.000691455
0.00069145
0.000691446
0.000691441
0.000691436
0.000691431
0.000691425
0.00069142
0.000691413
0.000691407
0.0006914
0.000691393
0.000691386
0.000691378
0.000691371
0.000691363
0.000691355
0.000691347
0.000691339
0.000691331
0.000691323
0.000691315
0.000691306
0.000691298
0.00069129
0.000691281
0.000691273
0.000691264
0.000691256
0.000691246
0.000691243
0.000691205
0.000691215
0.000691256
0.000691264
0.000691264
0.000691261
0.000691259
0.000691256
0.000691252
0.000691248
0.000691244
0.000691238
0.000691232
0.000691226
0.000691219
0.000691217
0.000691181
0.000720917
0.000720971
0.000720985
0.000720991
0.000720993
0.000720994
0.000720995
0.000720995
0.000720994
0.000720991
0.000720988
0.000720984
0.00072098
0.000720975
0.00072097
0.000720964
0.000720958
0.000720952
0.000720946
0.000720939
0.000720932
0.000720924
0.000720917
0.000720909
0.0007209
0.000720892
0.000720883
0.000720873
0.000720864
0.000720855
0.000720846
0.000720837
0.000720827
0.000720818
0.000720808
0.000720798
0.000720789
0.000720779
0.00072077
0.00072076
0.00072075
0.00072074
0.000720729
0.000720725
0.000720683
0.000720706
0.000720754
0.000720763
0.000720763
0.00072076
0.000720757
0.000720754
0.000720749
0.000720745
0.000720739
0.000720733
0.000720726
0.000720719
0.00072071
0.000720708
0.000720668
0.000751689
0.00075175
0.000751767
0.000751772
0.000751774
0.000751775
0.000751775
0.000751774
0.000751772
0.000751769
0.000751765
0.00075176
0.000751754
0.000751748
0.000751742
0.000751735
0.000751728
0.00075172
0.000751713
0.000751704
0.000751696
0.000751687
0.000751678
0.000751668
0.000751659
0.000751649
0.000751638
0.000751627
0.000751617
0.000751606
0.000751596
0.000751585
0.000751573
0.000751562
0.000751551
0.000751541
0.000751529
0.000751518
0.000751507
0.000751496
0.000751484
0.000751473
0.000751461
0.000751456
0.000751409
0.000751447
0.000751502
0.000751513
0.000751513
0.00075151
0.000751506
0.000751502
0.000751497
0.000751491
0.000751485
0.000751478
0.00075147
0.000751462
0.000751452
0.000751449
0.000751404
0.000783775
0.000783845
0.000783863
0.000783868
0.00078387
0.00078387
0.000783869
0.000783868
0.000783865
0.000783861
0.000783855
0.000783849
0.000783843
0.000783835
0.000783828
0.00078382
0.000783811
0.000783802
0.000783793
0.000783783
0.000783773
0.000783763
0.000783752
0.000783741
0.00078373
0.000783718
0.000783706
0.000783693
0.000783681
0.000783669
0.000783657
0.000783644
0.000783631
0.000783619
0.000783606
0.000783594
0.000783581
0.000783568
0.000783555
0.000783542
0.000783529
0.000783517
0.000783503
0.000783497
0.000783445
0.000783499
0.000783562
0.000783574
0.000783574
0.000783571
0.000783567
0.000783562
0.000783556
0.00078355
0.000783542
0.000783534
0.000783525
0.000783516
0.000783505
0.000783502
0.000783452
0.000817237
0.000817316
0.000817336
0.000817342
0.000817343
0.000817343
0.000817341
0.000817338
0.000817335
0.000817329
0.000817323
0.000817316
0.000817308
0.000817299
0.00081729
0.000817281
0.000817271
0.00081726
0.000817249
0.000817238
0.000817226
0.000817214
0.000817201
0.000817188
0.000817175
0.000817162
0.000817148
0.000817134
0.00081712
0.000817106
0.000817092
0.000817077
0.000817062
0.000817048
0.000817034
0.00081702
0.000817005
0.000816991
0.000816976
0.000816961
0.000816947
0.000816932
0.000816916
0.000816909
0.000816852
0.000816924
0.000816996
0.000817009
0.00081701
0.000817006
0.000817002
0.000816996
0.000816989
0.000816982
0.000816973
0.000816964
0.000816954
0.000816944
0.000816931
0.000816927
0.000816872
0.000852139
0.000852227
0.000852249
0.000852255
0.000852256
0.000852255
0.000852252
0.000852249
0.000852244
0.000852237
0.00085223
0.000852221
0.000852212
0.000852202
0.000852191
0.00085218
0.000852168
0.000852156
0.000852143
0.00085213
0.000852116
0.000852102
0.000852088
0.000852073
0.000852058
0.000852043
0.000852027
0.000852011
0.000851995
0.000851979
0.000851963
0.000851946
0.00085193
0.000851913
0.000851897
0.000851881
0.000851865
0.000851848
0.000851831
0.000851815
0.000851798
0.000851782
0.000851765
0.000851756
0.000851694
0.000851784
0.000851866
0.000851881
0.000851881
0.000851878
0.000851873
0.000851866
0.000851858
0.00085185
0.00085184
0.00085183
0.000851818
0.000851807
0.000851793
0.000851788
0.000851728
0.000888542
0.000888641
0.000888665
0.000888671
0.000888671
0.00088867
0.000888666
0.000888661
0.000888655
0.000888647
0.000888638
0.000888628
0.000888617
0.000888606
0.000888593
0.000888581
0.000888567
0.000888553
0.000888538
0.000888523
0.000888508
0.000888492
0.000888475
0.000888458
0.000888441
0.000888423
0.000888405
0.000888387
0.000888369
0.000888351
0.000888333
0.000888314
0.000888295
0.000888277
0.000888258
0.00088824
0.000888222
0.000888203
0.000888184
0.000888166
0.000888147
0.000888129
0.00088811
0.0008881
0.000888032
0.000888142
0.000888234
0.000888252
0.000888252
0.000888248
0.000888242
0.000888235
0.000888226
0.000888216
0.000888205
0.000888194
0.000888181
0.000888168
0.000888152
0.000888147
0.000888082
0.000926509
0.000926619
0.000926646
0.000926652
0.000926652
0.000926649
0.000926645
0.000926639
0.000926631
0.000926622
0.000926611
0.000926599
0.000926587
0.000926574
0.00092656
0.000926545
0.000926529
0.000926513
0.000926496
0.000926479
0.000926462
0.000926443
0.000926425
0.000926405
0.000926385
0.000926366
0.000926346
0.000926325
0.000926305
0.000926284
0.000926264
0.000926242
0.000926221
0.000926201
0.00092618
0.00092616
0.000926139
0.000926118
0.000926097
0.000926076
0.000926055
0.000926035
0.000926013
0.000926002
0.000925928
0.00092606
0.000926164
0.000926184
0.000926184
0.00092618
0.000926173
0.000926165
0.000926155
0.000926144
0.000926132
0.000926119
0.000926104
0.00092609
0.000926073
0.000926066
0.000925996
0.000966102
0.000966224
0.000966253
0.000966259
0.000966259
0.000966255
0.00096625
0.000966242
0.000966233
0.000966223
0.00096621
0.000966197
0.000966182
0.000966167
0.000966151
0.000966134
0.000966117
0.000966098
0.000966079
0.00096606
0.00096604
0.000966019
0.000965998
0.000965976
0.000965954
0.000965932
0.000965909
0.000965886
0.000965863
0.00096584
0.000965817
0.000965793
0.00096577
0.000965747
0.000965724
0.000965701
0.000965678
0.000965654
0.000965631
0.000965607
0.000965584
0.000965562
0.000965538
0.000965524
0.000965445
0.0009656
0.000965716
0.000965738
0.000965739
0.000965734
0.000965726
0.000965717
0.000965706
0.000965694
0.00096568
0.000965666
0.00096565
0.000965633
0.000965615
0.000965606
0.000965532
0.00100738
0.00100752
0.00100755
0.00100755
0.00100755
0.00100755
0.00100754
0.00100753
0.00100752
0.00100751
0.00100749
0.00100748
0.00100746
0.00100745
0.00100743
0.00100741
0.00100739
0.00100737
0.00100735
0.00100733
0.0010073
0.00100728
0.00100726
0.00100723
0.00100721
0.00100718
0.00100716
0.00100713
0.0010071
0.00100708
0.00100705
0.00100703
0.001007
0.00100697
0.00100695
0.00100692
0.0010069
0.00100687
0.00100685
0.00100682
0.00100679
0.00100677
0.00100674
0.00100673
0.00100664
0.00100682
0.00100695
0.00100698
0.00100698
0.00100697
0.00100696
0.00100695
0.00100694
0.00100693
0.00100691
0.00100689
0.00100688
0.00100686
0.00100684
0.00100683
0.00100675
0.0010504
0.00105055
0.00105059
0.00105059
0.00105059
0.00105058
0.00105058
0.00105057
0.00105055
0.00105054
0.00105052
0.00105051
0.00105049
0.00105047
0.00105045
0.00105043
0.0010504
0.00105038
0.00105036
0.00105033
0.00105031
0.00105028
0.00105025
0.00105023
0.0010502
0.00105017
0.00105014
0.00105011
0.00105009
0.00105006
0.00105003
0.00105
0.00104997
0.00104994
0.00104991
0.00104989
0.00104986
0.00104983
0.0010498
0.00104977
0.00104974
0.00104971
0.00104968
0.00104967
0.00104958
0.00104978
0.00104992
0.00104995
0.00104995
0.00104995
0.00104994
0.00104993
0.00104991
0.0010499
0.00104988
0.00104986
0.00104984
0.00104982
0.0010498
0.00104979
0.00104971
0.00109522
0.00109539
0.00109542
0.00109543
0.00109543
0.00109542
0.00109541
0.0010954
0.00109539
0.00109537
0.00109535
0.00109533
0.00109531
0.00109529
0.00109527
0.00109524
0.00109522
0.00109519
0.00109516
0.00109514
0.00109511
0.00109508
0.00109505
0.00109502
0.00109499
0.00109496
0.00109493
0.0010949
0.00109486
0.00109483
0.0010948
0.00109477
0.00109474
0.0010947
0.00109467
0.00109464
0.00109461
0.00109458
0.00109455
0.00109451
0.00109448
0.00109445
0.00109442
0.0010944
0.0010943
0.00109454
0.00109469
0.00109473
0.00109473
0.00109472
0.00109471
0.0010947
0.00109468
0.00109467
0.00109465
0.00109463
0.00109461
0.00109458
0.00109456
0.00109455
0.00109446
0.00114189
0.00114207
0.00114211
0.00114212
0.00114212
0.00114211
0.0011421
0.00114208
0.00114207
0.00114205
0.00114203
0.00114201
0.00114198
0.00114196
0.00114193
0.00114191
0.00114188
0.00114185
0.00114182
0.00114179
0.00114176
0.00114173
0.00114169
0.00114166
0.00114163
0.00114159
0.00114156
0.00114152
0.00114149
0.00114145
0.00114142
0.00114138
0.00114135
0.00114131
0.00114128
0.00114124
0.00114121
0.00114117
0.00114114
0.0011411
0.00114107
0.00114103
0.001141
0.00114098
0.00114088
0.00114114
0.00114131
0.00114135
0.00114135
0.00114134
0.00114133
0.00114131
0.0011413
0.00114128
0.00114126
0.00114124
0.00114121
0.00114119
0.00114116
0.00114115
0.00114106
0.00119046
0.00119066
0.0011907
0.00119071
0.0011907
0.00119069
0.00119068
0.00119066
0.00119064
0.00119062
0.0011906
0.00119058
0.00119055
0.00119052
0.0011905
0.00119047
0.00119044
0.0011904
0.00119037
0.00119034
0.0011903
0.00119027
0.00119023
0.0011902
0.00119016
0.00119012
0.00119008
0.00119004
0.00119001
0.00118997
0.00118993
0.00118989
0.00118985
0.00118981
0.00118977
0.00118974
0.0011897
0.00118966
0.00118962
0.00118958
0.00118954
0.00118951
0.00118947
0.00118944
0.00118934
0.00118963
0.00118982
0.00118986
0.00118986
0.00118985
0.00118984
0.00118982
0.0011898
0.00118978
0.00118976
0.00118974
0.00118971
0.00118969
0.00118966
0.00118964
0.00118955
0.00124096
0.00124118
0.00124122
0.00124123
0.00124122
0.00124121
0.0012412
0.00124118
0.00124116
0.00124114
0.00124111
0.00124108
0.00124106
0.00124103
0.00124099
0.00124096
0.00124093
0.00124089
0.00124086
0.00124082
0.00124078
0.00124075
0.00124071
0.00124067
0.00124062
0.00124058
0.00124054
0.0012405
0.00124046
0.00124041
0.00124037
0.00124033
0.00124029
0.00124024
0.0012402
0.00124016
0.00124012
0.00124008
0.00124004
0.00123999
0.00123995
0.00123991
0.00123987
0.00123984
0.00123973
0.00124006
0.00124026
0.0012403
0.00124031
0.0012403
0.00124028
0.00124026
0.00124024
0.00124022
0.0012402
0.00124017
0.00124015
0.00124012
0.00124009
0.00124007
0.00123997
0.00129344
0.00129367
0.00129372
0.00129373
0.00129372
0.00129371
0.00129369
0.00129367
0.00129365
0.00129362
0.00129359
0.00129356
0.00129353
0.0012935
0.00129346
0.00129343
0.00129339
0.00129335
0.00129331
0.00129327
0.00129323
0.00129319
0.00129315
0.0012931
0.00129306
0.00129301
0.00129297
0.00129292
0.00129288
0.00129283
0.00129278
0.00129274
0.00129269
0.00129264
0.0012926
0.00129255
0.00129251
0.00129246
0.00129242
0.00129237
0.00129233
0.00129228
0.00129224
0.0012922
0.00129209
0.00129245
0.00129267
0.00129272
0.00129272
0.00129271
0.00129269
0.00129267
0.00129265
0.00129263
0.0012926
0.00129257
0.00129254
0.00129251
0.00129248
0.00129246
0.00129236
0.00134791
0.00134816
0.00134821
0.00134822
0.00134821
0.0013482
0.00134818
0.00134816
0.00134813
0.0013481
0.00134807
0.00134804
0.001348
0.00134797
0.00134793
0.00134789
0.00134785
0.00134781
0.00134777
0.00134772
0.00134768
0.00134763
0.00134758
0.00134754
0.00134749
0.00134744
0.00134739
0.00134734
0.00134729
0.00134724
0.00134719
0.00134714
0.00134709
0.00134704
0.00134699
0.00134694
0.00134689
0.00134684
0.00134679
0.00134674
0.00134669
0.00134664
0.00134659
0.00134655
0.00134644
0.00134683
0.00134708
0.00134712
0.00134713
0.00134711
0.0013471
0.00134708
0.00134705
0.00134703
0.001347
0.00134697
0.00134694
0.0013469
0.00134687
0.00134684
0.00134674
0.00140439
0.00140466
0.00140472
0.00140473
0.00140472
0.0014047
0.00140468
0.00140466
0.00140463
0.0014046
0.00140456
0.00140453
0.00140449
0.00140445
0.00140441
0.00140436
0.00140432
0.00140428
0.00140423
0.00140418
0.00140413
0.00140408
0.00140403
0.00140398
0.00140393
0.00140387
0.00140382
0.00140376
0.00140371
0.00140366
0.0014036
0.00140355
0.00140349
0.00140344
0.00140338
0.00140333
0.00140328
0.00140322
0.00140317
0.00140312
0.00140306
0.00140301
0.00140296
0.00140291
0.0014028
0.00140323
0.00140349
0.00140354
0.00140354
0.00140353
0.00140351
0.00140349
0.00140346
0.00140344
0.00140341
0.00140337
0.00140334
0.0014033
0.00140326
0.00140323
0.00140313
0.0014629
0.00146319
0.00146325
0.00146325
0.00146324
0.00146322
0.0014632
0.00146317
0.00146314
0.00146311
0.00146307
0.00146303
0.00146299
0.00146295
0.0014629
0.00146285
0.00146281
0.00146276
0.00146271
0.00146266
0.0014626
0.00146255
0.00146249
0.00146244
0.00146238
0.00146232
0.00146226
0.00146221
0.00146215
0.00146209
0.00146203
0.00146197
0.00146191
0.00146185
0.0014618
0.00146174
0.00146168
0.00146162
0.00146156
0.00146151
0.00146145
0.00146139
0.00146134
0.00146129
0.00146118
0.00146164
0.00146192
0.00146197
0.00146197
0.00146196
0.00146194
0.00146192
0.00146189
0.00146186
0.00146183
0.00146179
0.00146175
0.00146171
0.00146167
0.00146164
0.00146154
0.00152341
0.00152372
0.00152379
0.00152379
0.00152378
0.00152376
0.00152373
0.0015237
0.00152367
0.00152363
0.00152359
0.00152354
0.0015235
0.00152345
0.0015234
0.00152335
0.0015233
0.00152325
0.0015232
0.00152314
0.00152308
0.00152302
0.00152296
0.0015229
0.00152284
0.00152278
0.00152272
0.00152265
0.00152259
0.00152253
0.00152246
0.0015224
0.00152234
0.00152228
0.00152221
0.00152215
0.00152209
0.00152203
0.00152196
0.0015219
0.00152184
0.00152178
0.00152172
0.00152166
0.00152156
0.00152205
0.00152235
0.00152241
0.00152241
0.0015224
0.00152238
0.00152235
0.00152232
0.00152229
0.00152225
0.00152222
0.00152218
0.00152213
0.00152209
0.00152205
0.00152196
0.00158592
0.00158625
0.00158632
0.00158632
0.0015863
0.00158628
0.00158625
0.00158622
0.00158618
0.00158614
0.00158609
0.00158605
0.001586
0.00158595
0.0015859
0.00158584
0.00158579
0.00158573
0.00158567
0.00158561
0.00158555
0.00158549
0.00158542
0.00158536
0.00158529
0.00158522
0.00158516
0.00158509
0.00158502
0.00158495
0.00158489
0.00158482
0.00158475
0.00158468
0.00158462
0.00158455
0.00158448
0.00158442
0.00158435
0.00158428
0.00158422
0.00158415
0.00158409
0.00158403
0.00158392
0.00158445
0.00158478
0.00158484
0.00158484
0.00158483
0.0015848
0.00158477
0.00158474
0.00158471
0.00158467
0.00158463
0.00158458
0.00158454
0.00158449
0.00158445
0.00158436
0.00165037
0.00165072
0.0016508
0.0016508
0.00165078
0.00165076
0.00165072
0.00165069
0.00165064
0.0016506
0.00165055
0.0016505
0.00165045
0.00165039
0.00165034
0.00165028
0.00165022
0.00165016
0.0016501
0.00165003
0.00164997
0.0016499
0.00164983
0.00164976
0.00164969
0.00164962
0.00164955
0.00164947
0.0016494
0.00164933
0.00164926
0.00164918
0.00164911
0.00164904
0.00164897
0.0016489
0.00164882
0.00164875
0.00164868
0.00164861
0.00164854
0.00164847
0.0016484
0.00164834
0.00164824
0.00164881
0.00164915
0.00164922
0.00164922
0.0016492
0.00164917
0.00164914
0.00164911
0.00164907
0.00164903
0.00164899
0.00164894
0.00164889
0.00164884
0.0016488
0.00164871
0.00171673
0.0017171
0.00171717
0.00171718
0.00171716
0.00171713
0.00171709
0.00171705
0.001717
0.00171696
0.0017169
0.00171685
0.00171679
0.00171673
0.00171667
0.00171661
0.00171655
0.00171648
0.00171642
0.00171635
0.00171628
0.0017162
0.00171613
0.00171606
0.00171598
0.0017159
0.00171583
0.00171575
0.00171567
0.0017156
0.00171552
0.00171544
0.00171537
0.00171529
0.00171521
0.00171514
0.00171506
0.00171498
0.00171491
0.00171483
0.00171476
0.00171468
0.00171461
0.00171454
0.00171444
0.00171505
0.00171542
0.00171549
0.00171549
0.00171547
0.00171544
0.00171541
0.00171537
0.00171533
0.00171528
0.00171524
0.00171519
0.00171514
0.00171509
0.00171504
0.00171496
0.0017849
0.0017853
0.00178537
0.00178537
0.00178535
0.00178532
0.00178528
0.00178523
0.00178518
0.00178513
0.00178507
0.00178502
0.00178496
0.00178489
0.00178483
0.00178476
0.00178469
0.00178462
0.00178455
0.00178448
0.0017844
0.00178433
0.00178425
0.00178417
0.00178409
0.00178401
0.00178393
0.00178385
0.00178376
0.00178368
0.0017836
0.00178352
0.00178344
0.00178336
0.00178328
0.00178319
0.00178311
0.00178303
0.00178295
0.00178287
0.00178279
0.00178271
0.00178264
0.00178256
0.00178247
0.00178312
0.00178351
0.00178358
0.00178358
0.00178356
0.00178353
0.00178349
0.00178345
0.00178341
0.00178336
0.00178331
0.00178326
0.0017832
0.00178315
0.00178309
0.00178303
0.0018548
0.00185522
0.0018553
0.00185529
0.00185527
0.00185523
0.00185519
0.00185514
0.00185509
0.00185503
0.00185497
0.00185491
0.00185484
0.00185477
0.0018547
0.00185463
0.00185456
0.00185449
0.00185441
0.00185433
0.00185425
0.00185417
0.00185409
0.00185401
0.00185392
0.00185383
0.00185375
0.00185366
0.00185358
0.00185349
0.0018534
0.00185332
0.00185323
0.00185314
0.00185306
0.00185297
0.00185289
0.0018528
0.00185272
0.00185263
0.00185255
0.00185247
0.00185238
0.0018523
0.00185222
0.00185291
0.00185332
0.00185339
0.00185339
0.00185337
0.00185333
0.00185329
0.00185325
0.0018532
0.00185315
0.0018531
0.00185305
0.00185299
0.00185293
0.00185287
0.00185282
0.0019263
0.00192674
0.00192682
0.00192682
0.00192679
0.00192675
0.0019267
0.00192665
0.00192659
0.00192653
0.00192646
0.00192639
0.00192632
0.00192625
0.00192618
0.0019261
0.00192603
0.00192595
0.00192587
0.00192579
0.0019257
0.00192562
0.00192553
0.00192544
0.00192535
0.00192526
0.00192517
0.00192508
0.00192499
0.00192489
0.0019248
0.00192471
0.00192462
0.00192453
0.00192444
0.00192435
0.00192426
0.00192417
0.00192408
0.00192399
0.0019239
0.00192382
0.00192373
0.00192364
0.00192358
0.0019243
0.00192473
0.00192481
0.00192481
0.00192478
0.00192474
0.0019247
0.00192465
0.0019246
0.00192455
0.00192449
0.00192444
0.00192438
0.00192431
0.00192425
0.00192421
0.00199926
0.00199972
0.0019998
0.00199979
0.00199976
0.00199971
0.00199966
0.0019996
0.00199954
0.00199947
0.0019994
0.00199933
0.00199926
0.00199918
0.00199911
0.00199903
0.00199894
0.00199886
0.00199878
0.00199869
0.0019986
0.00199851
0.00199842
0.00199832
0.00199823
0.00199813
0.00199804
0.00199794
0.00199785
0.00199775
0.00199765
0.00199756
0.00199746
0.00199737
0.00199727
0.00199718
0.00199708
0.00199699
0.0019969
0.0019968
0.00199671
0.00199662
0.00199653
0.00199643
0.00199638
0.00199714
0.0019976
0.00199768
0.00199767
0.00199764
0.0019976
0.00199756
0.00199751
0.00199745
0.0019974
0.00199734
0.00199728
0.00199721
0.00199715
0.00199708
0.00199705
0.00207349
0.00207397
0.00207406
0.00207404
0.00207401
0.00207396
0.0020739
0.00207384
0.00207377
0.0020737
0.00207362
0.00207354
0.00207347
0.00207339
0.0020733
0.00207322
0.00207313
0.00207305
0.00207296
0.00207286
0.00207277
0.00207268
0.00207258
0.00207248
0.00207238
0.00207228
0.00207218
0.00207208
0.00207198
0.00207188
0.00207178
0.00207168
0.00207158
0.00207148
0.00207138
0.00207128
0.00207118
0.00207108
0.00207098
0.00207089
0.00207079
0.00207069
0.0020706
0.00207049
0.00207046
0.00207126
0.00207174
0.00207182
0.00207181
0.00207178
0.00207174
0.00207169
0.00207163
0.00207158
0.00207152
0.00207145
0.00207139
0.00207132
0.00207125
0.00207118
0.00207117
0.0021488
0.00214929
0.00214938
0.00214936
0.00214932
0.00214926
0.0021492
0.00214913
0.00214906
0.00214898
0.0021489
0.00214882
0.00214874
0.00214865
0.00214856
0.00214847
0.00214838
0.00214829
0.0021482
0.0021481
0.002148
0.0021479
0.0021478
0.0021477
0.0021476
0.00214749
0.00214739
0.00214728
0.00214718
0.00214707
0.00214697
0.00214686
0.00214676
0.00214665
0.00214655
0.00214645
0.00214634
0.00214624
0.00214614
0.00214604
0.00214594
0.00214583
0.00214574
0.00214563
0.00214561
0.00214645
0.00214695
0.00214703
0.00214702
0.00214699
0.00214694
0.00214689
0.00214683
0.00214677
0.0021467
0.00214664
0.00214657
0.0021465
0.00214643
0.00214635
0.00214636
0.00222492
0.00222544
0.00222552
0.0022255
0.00222545
0.00222539
0.00222532
0.00222525
0.00222517
0.00222509
0.002225
0.00222491
0.00222483
0.00222474
0.00222464
0.00222455
0.00222445
0.00222436
0.00222426
0.00222416
0.00222406
0.00222395
0.00222385
0.00222374
0.00222363
0.00222352
0.00222341
0.0022233
0.00222319
0.00222308
0.00222297
0.00222287
0.00222276
0.00222265
0.00222254
0.00222243
0.00222233
0.00222222
0.00222211
0.00222201
0.0022219
0.0022218
0.0022217
0.00222158
0.00222159
0.00222247
0.00222299
0.00222307
0.00222306
0.00222302
0.00222296
0.00222291
0.00222285
0.00222278
0.00222271
0.00222264
0.00222257
0.0022225
0.00222242
0.00222234
0.00222237
0.00230159
0.00230213
0.00230221
0.00230218
0.00230213
0.00230206
0.00230199
0.00230191
0.00230182
0.00230173
0.00230164
0.00230155
0.00230146
0.00230136
0.00230126
0.00230116
0.00230106
0.00230096
0.00230086
0.00230075
0.00230065
0.00230054
0.00230043
0.00230032
0.0023002
0.00230009
0.00229998
0.00229986
0.00229975
0.00229964
0.00229952
0.00229941
0.0022993
0.00229919
0.00229907
0.00229896
0.00229885
0.00229874
0.00229863
0.00229852
0.00229842
0.00229831
0.0022982
0.00229808
0.00229811
0.00229903
0.00229957
0.00229965
0.00229964
0.00229959
0.00229953
0.00229947
0.00229941
0.00229934
0.00229927
0.00229919
0.00229912
0.00229904
0.00229896
0.00229887
0.00229893
0.00237849
0.00237904
0.00237912
0.00237909
0.00237903
0.00237895
0.00237887
0.00237878
0.00237869
0.0023786
0.0023785
0.0023784
0.0023783
0.0023782
0.0023781
0.002378
0.00237789
0.00237779
0.00237768
0.00237757
0.00237746
0.00237735
0.00237723
0.00237712
0.002377
0.00237688
0.00237676
0.00237665
0.00237653
0.00237641
0.00237629
0.00237618
0.00237606
0.00237595
0.00237583
0.00237572
0.0023756
0.00237549
0.00237538
0.00237526
0.00237515
0.00237504
0.00237493
0.00237481
0.00237486
0.00237582
0.00237638
0.00237647
0.00237644
0.00237639
0.00237633
0.00237627
0.0023762
0.00237612
0.00237605
0.00237597
0.00237589
0.00237581
0.00237573
0.00237563
0.00237571
0.00245525
0.00245582
0.0024559
0.00245586
0.00245579
0.00245571
0.00245562
0.00245553
0.00245543
0.00245533
0.00245522
0.00245512
0.00245501
0.00245491
0.0024548
0.00245469
0.00245458
0.00245447
0.00245436
0.00245425
0.00245413
0.00245402
0.0024539
0.00245378
0.00245366
0.00245353
0.00245341
0.00245329
0.00245317
0.00245305
0.00245293
0.00245281
0.00245269
0.00245257
0.00245245
0.00245233
0.00245222
0.0024521
0.00245199
0.00245187
0.00245176
0.00245164
0.00245153
0.0024514
0.00245148
0.00245249
0.00245306
0.00245315
0.00245312
0.00245306
0.002453
0.00245293
0.00245285
0.00245277
0.00245269
0.00245261
0.00245253
0.00245244
0.00245236
0.00245225
0.00245236
0.00253148
0.00253207
0.00253214
0.00253209
0.00253201
0.00253192
0.00253183
0.00253173
0.00253162
0.00253151
0.0025314
0.00253129
0.00253118
0.00253107
0.00253096
0.00253084
0.00253073
0.00253062
0.0025305
0.00253038
0.00253026
0.00253014
0.00253002
0.0025299
0.00252977
0.00252965
0.00252952
0.0025294
0.00252927
0.00252915
0.00252902
0.0025289
0.00252878
0.00252866
0.00252854
0.00252841
0.0025283
0.00252818
0.00252806
0.00252794
0.00252782
0.00252771
0.00252759
0.00252746
0.00252757
0.00252862
0.00252921
0.00252929
0.00252926
0.0025292
0.00252913
0.00252905
0.00252897
0.00252889
0.00252881
0.00252872
0.00252863
0.00252854
0.00252845
0.00252834
0.00252848
0.00260673
0.00260733
0.00260739
0.00260734
0.00260725
0.00260715
0.00260705
0.00260694
0.00260682
0.00260671
0.00260659
0.00260648
0.00260636
0.00260624
0.00260613
0.00260601
0.00260589
0.00260577
0.00260565
0.00260553
0.0026054
0.00260528
0.00260515
0.00260503
0.0026049
0.00260477
0.00260464
0.00260451
0.00260439
0.00260426
0.00260413
0.00260401
0.00260388
0.00260376
0.00260363
0.00260351
0.00260339
0.00260327
0.00260315
0.00260303
0.00260291
0.00260279
0.00260267
0.00260254
0.00260268
0.00260377
0.00260438
0.00260447
0.00260443
0.00260436
0.00260428
0.0026042
0.00260411
0.00260403
0.00260394
0.00260385
0.00260375
0.00260366
0.00260356
0.00260345
0.00260362
0.0026805
0.00268111
0.00268117
0.0026811
0.00268101
0.0026809
0.00268079
0.00268067
0.00268055
0.00268043
0.0026803
0.00268018
0.00268006
0.00267993
0.00267981
0.00267969
0.00267957
0.00267944
0.00267932
0.00267919
0.00267907
0.00267894
0.00267881
0.00267868
0.00267855
0.00267842
0.00267828
0.00267815
0.00267802
0.00267789
0.00267776
0.00267764
0.00267751
0.00267738
0.00267726
0.00267713
0.00267701
0.00267689
0.00267676
0.00267664
0.00267652
0.0026764
0.00267628
0.00267615
0.00267632
0.00267746
0.00267809
0.00267817
0.00267812
0.00267805
0.00267797
0.00267788
0.00267779
0.00267769
0.0026776
0.0026775
0.0026774
0.0026773
0.0026772
0.00267708
0.00267728
0.00275225
0.00275288
0.00275293
0.00275286
0.00275275
0.00275263
0.00275251
0.00275238
0.00275226
0.00275213
0.002752
0.00275187
0.00275174
0.00275161
0.00275148
0.00275136
0.00275123
0.0027511
0.00275097
0.00275084
0.00275071
0.00275058
0.00275045
0.00275032
0.00275018
0.00275005
0.00274992
0.00274978
0.00274965
0.00274952
0.00274939
0.00274926
0.00274913
0.002749
0.00274887
0.00274875
0.00274862
0.0027485
0.00274838
0.00274825
0.00274813
0.00274801
0.00274789
0.00274775
0.00274796
0.00274915
0.00274979
0.00274987
0.00274982
0.00274974
0.00274965
0.00274955
0.00274945
0.00274935
0.00274925
0.00274914
0.00274904
0.00274893
0.00274883
0.0027487
0.00274893
0.00282141
0.00282205
0.0028221
0.00282201
0.00282189
0.00282177
0.00282164
0.0028215
0.00282137
0.00282123
0.00282109
0.00282096
0.00282082
0.00282069
0.00282056
0.00282043
0.0028203
0.00282017
0.00282003
0.0028199
0.00281977
0.00281963
0.0028195
0.00281936
0.00281923
0.00281909
0.00281896
0.00281882
0.00281869
0.00281855
0.00281842
0.00281829
0.00281816
0.00281803
0.0028179
0.00281778
0.00281765
0.00281753
0.0028174
0.00281728
0.00281716
0.00281704
0.00281692
0.00281678
0.00281702
0.00281825
0.00281892
0.00281899
0.00281893
0.00281884
0.00281875
0.00281864
0.00281853
0.00281842
0.00281831
0.0028182
0.00281809
0.00281798
0.00281786
0.00281773
0.00281799
0.00288736
0.00288801
0.00288804
0.00288795
0.00288782
0.00288769
0.00288755
0.00288741
0.00288726
0.00288712
0.00288698
0.00288684
0.0028867
0.00288656
0.00288642
0.00288629
0.00288615
0.00288602
0.00288588
0.00288575
0.00288561
0.00288548
0.00288534
0.0028852
0.00288507
0.00288493
0.00288479
0.00288465
0.00288452
0.00288438
0.00288425
0.00288412
0.00288399
0.00288386
0.00288373
0.0028836
0.00288348
0.00288335
0.00288323
0.00288311
0.00288298
0.00288286
0.00288274
0.0028826
0.00288289
0.00288417
0.00288485
0.00288492
0.00288485
0.00288475
0.00288464
0.00288453
0.00288441
0.00288429
0.00288417
0.00288405
0.00288393
0.00288381
0.00288369
0.00288355
0.00288383
0.00294943
0.00295009
0.00295012
0.00295001
0.00294988
0.00294974
0.00294959
0.00294944
0.00294929
0.00294914
0.00294899
0.00294885
0.0029487
0.00294856
0.00294842
0.00294828
0.00294814
0.00294801
0.00294787
0.00294773
0.00294759
0.00294746
0.00294732
0.00294718
0.00294704
0.0029469
0.00294677
0.00294663
0.00294649
0.00294635
0.00294622
0.00294609
0.00294596
0.00294583
0.0029457
0.00294558
0.00294545
0.00294533
0.00294521
0.00294508
0.00294496
0.00294484
0.00294472
0.00294459
0.0029449
0.00294624
0.00294693
0.00294699
0.00294692
0.00294681
0.00294669
0.00294656
0.00294642
0.00294629
0.00294616
0.00294603
0.0029459
0.00294577
0.00294564
0.00294549
0.00294581
0.00300694
0.00300761
0.00300763
0.00300752
0.00300738
0.00300723
0.00300708
0.00300692
0.00300677
0.00300661
0.00300646
0.00300631
0.00300616
0.00300601
0.00300587
0.00300573
0.00300559
0.00300545
0.00300531
0.00300517
0.00300503
0.0030049
0.00300476
0.00300462
0.00300448
0.00300434
0.0030042
0.00300406
0.00300393
0.00300379
0.00300366
0.00300353
0.0030034
0.00300327
0.00300314
0.00300302
0.0030029
0.00300277
0.00300265
0.00300253
0.00300241
0.0030023
0.00300218
0.00300204
0.00300239
0.00300378
0.00300448
0.00300454
0.00300445
0.00300432
0.00300418
0.00300403
0.00300388
0.00300374
0.00300359
0.00300345
0.00300331
0.00300317
0.00300304
0.00300288
0.00300322
0.00305918
0.00305986
0.00305989
0.00305977
0.00305963
0.00305947
0.00305931
0.00305915
0.00305899
0.00305883
0.00305868
0.00305852
0.00305837
0.00305822
0.00305807
0.00305793
0.00305779
0.00305765
0.00305751
0.00305737
0.00305723
0.00305709
0.00305696
0.00305682
0.00305668
0.00305654
0.0030564
0.00305627
0.00305613
0.003056
0.00305586
0.00305573
0.00305561
0.00305548
0.00305536
0.00305523
0.00305511
0.00305499
0.00305487
0.00305475
0.00305464
0.00305452
0.00305441
0.00305427
0.00305466
0.00305609
0.00305681
0.00305685
0.00305673
0.00305658
0.00305641
0.00305624
0.00305608
0.00305591
0.00305575
0.0030556
0.00305545
0.0030553
0.00305516
0.00305501
0.00305538
0.00310544
0.00310614
0.00310617
0.00310606
0.00310591
0.00310575
0.00310558
0.00310542
0.00310525
0.00310509
0.00310493
0.00310477
0.00310462
0.00310447
0.00310432
0.00310418
0.00310404
0.0031039
0.00310376
0.00310362
0.00310348
0.00310334
0.00310321
0.00310307
0.00310293
0.0031028
0.00310266
0.00310253
0.00310239
0.00310226
0.00310213
0.003102
0.00310188
0.00310175
0.00310163
0.00310151
0.00310139
0.00310128
0.00310116
0.00310104
0.00310093
0.00310082
0.00310071
0.00310058
0.00310099
0.00310247
0.00310318
0.00310319
0.00310304
0.00310285
0.00310265
0.00310246
0.00310227
0.00310209
0.00310192
0.00310175
0.0031016
0.00310145
0.00310131
0.00310116
0.00310155
0.00314501
0.00314574
0.00314578
0.00314567
0.00314552
0.00314535
0.00314518
0.00314501
0.00314484
0.00314468
0.00314452
0.00314436
0.00314421
0.00314406
0.00314391
0.00314377
0.00314363
0.00314349
0.00314335
0.00314321
0.00314308
0.00314294
0.00314281
0.00314267
0.00314254
0.00314241
0.00314227
0.00314214
0.00314201
0.00314188
0.00314175
0.00314163
0.00314151
0.00314139
0.00314127
0.00314115
0.00314104
0.00314092
0.00314081
0.0031407
0.00314059
0.00314048
0.00314038
0.00314025
0.00314069
0.0031422
0.00314288
0.00314284
0.00314263
0.00314239
0.00314215
0.00314193
0.00314173
0.00314154
0.00314137
0.00314121
0.00314105
0.00314091
0.00314077
0.00314062
0.00314104
0.00317723
0.00317801
0.00317805
0.00317793
0.00317777
0.00317759
0.00317742
0.00317725
0.00317708
0.00317691
0.00317675
0.0031766
0.00317645
0.0031763
0.00317615
0.00317601
0.00317588
0.00317574
0.00317561
0.00317548
0.00317534
0.00317521
0.00317508
0.00317495
0.00317482
0.00317469
0.00317456
0.00317443
0.00317431
0.00317418
0.00317406
0.00317394
0.00317382
0.0031737
0.00317359
0.00317348
0.00317337
0.00317326
0.00317315
0.00317304
0.00317294
0.00317283
0.00317273
0.00317261
0.00317306
0.00317457
0.00317517
0.00317502
0.00317473
0.00317445
0.00317419
0.00317397
0.00317376
0.00317358
0.00317341
0.00317326
0.00317311
0.00317298
0.00317285
0.00317271
0.00317316
0.00320151
0.00320231
0.00320233
0.00320217
0.00320199
0.00320181
0.00320164
0.00320147
0.0032013
0.00320114
0.00320098
0.00320083
0.00320069
0.00320055
0.00320041
0.00320027
0.00320014
0.00320001
0.00319988
0.00319975
0.00319963
0.0031995
0.00319937
0.00319925
0.00319912
0.003199
0.00319887
0.00319875
0.00319863
0.00319851
0.00319839
0.00319827
0.00319816
0.00319805
0.00319794
0.00319784
0.00319773
0.00319763
0.00319752
0.00319742
0.00319732
0.00319722
0.00319712
0.00319701
0.00319746
0.00319887
0.00319925
0.00319896
0.00319861
0.00319832
0.00319809
0.00319788
0.00319771
0.00319755
0.0031974
0.00319727
0.00319714
0.00319702
0.00319691
0.00319678
0.00319727
0.00321741
0.00321802
0.00321793
0.00321775
0.00321756
0.00321738
0.00321721
0.00321705
0.00321689
0.00321674
0.00321659
0.00321645
0.00321631
0.00321618
0.00321605
0.00321592
0.0032158
0.00321567
0.00321555
0.00321543
0.00321531
0.00321519
0.00321507
0.00321495
0.00321483
0.00321471
0.00321459
0.00321447
0.00321436
0.00321424
0.00321413
0.00321402
0.00321392
0.00321381
0.00321371
0.00321361
0.00321351
0.00321341
0.00321332
0.00321322
0.00321313
0.00321303
0.00321294
0.00321283
0.0032132
0.00321428
0.00321423
0.00321386
0.00321359
0.00321339
0.00321323
0.00321309
0.00321296
0.00321284
0.00321273
0.00321262
0.00321252
0.00321243
0.00321234
0.00321223
0.00321277
)
;

boundaryField
{
    bottomWall
    {
        type            nutUWallFunction;
        Cmu             0.09;
        kappa           0.41;
        E               9.8;
        value           nonuniform 0();
    }
    topWall
    {
        type            nutUWallFunction;
        Cmu             0.09;
        kappa           0.41;
        E               9.8;
        value           nonuniform 0();
    }
    sides1_half0
    {
        type            cyclic;
    }
    sides1_half1
    {
        type            cyclic;
    }
    sides2_half0
    {
        type            cyclic;
    }
    sides2_half1
    {
        type            cyclic;
    }
    inout1_half0
    {
        type            cyclic;
    }
    inout1_half1
    {
        type            cyclic;
    }
    inout2_half0
    {
        type            cyclic;
    }
    inout2_half1
    {
        type            cyclic;
    }
    procBoundary5to2
    {
        type            processor;
        value           nonuniform List<scalar> 
61
(
0.0032197
0.00322048
0.0032205
0.00322037
0.0032202
0.00322004
0.00321989
0.00321974
0.0032196
0.00321946
0.00321932
0.00321919
0.00321906
0.00321894
0.00321882
0.0032187
0.00321858
0.00321847
0.00321835
0.00321824
0.00321813
0.00321801
0.0032179
0.00321779
0.00321767
0.00321756
0.00321745
0.00321734
0.00321723
0.00321713
0.00321702
0.00321692
0.00321682
0.00321672
0.00321662
0.00321653
0.00321644
0.00321634
0.00321625
0.00321616
0.00321607
0.00321599
0.0032159
0.00321581
0.00321585
0.00321451
0.00321522
0.00321547
0.00321551
0.00321548
0.00321542
0.00321536
0.00321529
0.00321522
0.00321516
0.00321509
0.00321502
0.00321495
0.00321488
0.0032148
0.00321542
)
;
    }
    procBoundary5to3
    {
        type            processor;
        value           nonuniform List<scalar> 
61
(
0.000284587
0.000284582
0.000284581
0.000284583
0.000284584
0.000284586
0.000284589
0.000284591
0.000284593
0.000284595
0.000284596
0.000284598
0.0002846
0.000284602
0.000284604
0.000284606
0.000284608
0.00028461
0.000284612
0.000284614
0.000284616
0.000284617
0.000284619
0.00028462
0.000284622
0.000284623
0.000284624
0.000284626
0.000284627
0.000284628
0.000284629
0.00028463
0.000284631
0.000284632
0.000284632
0.000284633
0.000284634
0.000284634
0.000284635
0.000284636
0.000284636
0.000284637
0.000284637
0.000284637
0.000284639
0.000284589
0.000284587
0.000284588
0.00028459
0.000284592
0.000284594
0.000284596
0.000284598
0.0002846
0.000284601
0.000284603
0.000284604
0.000284605
0.000284607
0.000284607
0.000284613
)
;
    }
    procBoundary5to4
    {
        type            processor;
        value           nonuniform List<scalar> 
132
(
0.000299255
0.000299222
0.000314324
0.000314289
0.000329824
0.000329786
0.000345782
0.000345737
0.000362222
0.00036217
0.000379174
0.000379113
0.000396669
0.000396598
0.000414741
0.000414659
0.000433424
0.000433329
0.000452756
0.000452646
0.000472777
0.000472649
0.000493526
0.000493379
0.000515049
0.00051488
0.000537389
0.000537196
0.000560596
0.000560375
0.000584718
0.000584466
0.000609807
0.00060952
0.000635916
0.000635592
0.000663102
0.000662735
0.00069142
0.000691006
0.00072093
0.000720465
0.000751691
0.000751171
0.000783766
0.000783184
0.000817215
0.000816567
0.000852102
0.000851382
0.000888488
0.000887691
0.000926438
0.000925557
0.000966011
0.00096504
0.00100727
0.0010062
0.00105027
0.0010491
0.00109506
0.00109378
0.00114171
0.00114031
0.00119024
0.00118873
0.00124072
0.00123907
0.00129316
0.00129138
0.0013476
0.00134568
0.00140405
0.00140198
0.00146252
0.00146029
0.00152299
0.00152061
0.00158546
0.00158291
0.00164988
0.00164716
0.00171619
0.0017133
0.00178432
0.00178126
0.00185418
0.00185094
0.00192564
0.00192221
0.00199856
0.00199494
0.00207276
0.00206895
0.00214802
0.00214403
0.00222411
0.00221993
0.00230074
0.00229637
0.00237761
0.00237305
0.00245434
0.0024496
0.00253054
0.00252561
0.00260577
0.00260065
0.00267952
0.00267423
0.00275127
0.0027458
0.00282043
0.0028148
0.0028864
0.00288061
0.00294852
0.00294258
0.00300611
0.00300002
0.00305846
0.00305224
0.00310487
0.00309854
0.00314463
0.00313822
0.00317702
0.00317057
0.00320133
0.00319495
0.00321675
0.00321069
)
;
    }
}


// ************************************************************************* //
