/*--------------------------------*- C++ -*----------------------------------*\
  =========                 |
  \\      /  F ield         | OpenFOAM: The Open Source CFD Toolbox
   \\    /   O peration     | Website:  https://openfoam.org
    \\  /    A nd           | Version:  7
     \\/     M anipulation  |
\*---------------------------------------------------------------------------*/
FoamFile
{
    version     2.0;
    format      ascii;
    class       volScalarField;
    location    "5000";
    object      nut;
}
// * * * * * * * * * * * * * * * * * * * * * * * * * * * * * * * * * * * * * //

dimensions      [0 2 -1 0 0 0 0];

internalField   nonuniform List<scalar> 
4000
(
0.0034833
0.00348403
0.00348397
0.00348376
0.00348353
0.00348331
0.00348309
0.00348289
0.00348269
0.0034825
0.00348231
0.00348214
0.00348196
0.0034818
0.00348163
0.00348147
0.00348131
0.00348115
0.00348099
0.00348084
0.00348068
0.00348053
0.00348038
0.00348023
0.00348009
0.00347995
0.00347982
0.00347969
0.00347957
0.00347945
0.00347933
0.00347922
0.00347912
0.00347901
0.00347891
0.00347881
0.00347872
0.00347863
0.00347854
0.00347845
0.00347837
0.00347829
0.00347821
0.00347814
0.00347826
0.00347959
0.00348032
0.00348054
0.00348056
0.0034805
0.00348043
0.00348035
0.00348026
0.00348018
0.0034801
0.00348002
0.00347994
0.00347986
0.00347978
0.0034797
0.00347963
0.00347955
0.00347947
0.00347939
0.00347932
0.00347924
0.00347916
0.00347909
0.00347901
0.00347894
0.00347886
0.00347879
0.00347872
0.00347864
0.00347857
0.0034785
0.00347844
0.00347837
0.0034783
0.00347823
0.00347816
0.0034781
0.00347803
0.00347796
0.00347789
0.00347782
0.00347775
0.00347769
0.00347762
0.00347755
0.00347748
0.00347741
0.00347734
0.00347727
0.00347719
0.00347712
0.00347705
0.00347698
0.0034769
0.00347683
0.00347676
0.00347668
0.00347661
0.00347673
0.00347805
0.00347878
0.003479
0.003479
0.00347893
0.00347884
0.00347874
0.00347864
0.00347854
0.00347843
0.00347833
0.00347822
0.00347812
0.00347801
0.00347791
0.00347872
0.00347135
0.00347213
0.00347214
0.00347199
0.0034718
0.0034716
0.00347141
0.00347122
0.00347104
0.00347087
0.0034707
0.00347053
0.00347037
0.00347021
0.00347006
0.00346991
0.00346976
0.00346961
0.00346946
0.00346931
0.00346917
0.00346902
0.00346888
0.00346874
0.00346861
0.00346847
0.00346835
0.00346823
0.00346811
0.00346799
0.00346788
0.00346778
0.00346768
0.00346758
0.00346748
0.00346739
0.0034673
0.00346721
0.00346713
0.00346705
0.00346697
0.0034669
0.00346682
0.00346675
0.00346674
0.00346718
0.00346767
0.00346801
0.00346819
0.00346827
0.00346829
0.00346828
0.00346826
0.00346822
0.00346818
0.00346813
0.00346808
0.00346803
0.00346798
0.00346792
0.00346787
0.00346781
0.00346775
0.00346769
0.00346763
0.00346757
0.0034675
0.00346744
0.00346738
0.00346731
0.00346725
0.00346719
0.00346713
0.00346707
0.003467
0.00346694
0.00346688
0.00346682
0.00346676
0.0034667
0.00346664
0.00346658
0.00346652
0.00346646
0.0034664
0.00346634
0.00346627
0.00346621
0.00346615
0.00346609
0.00346602
0.00346596
0.00346589
0.00346583
0.00346576
0.00346569
0.00346563
0.00346556
0.00346549
0.00346542
0.00346535
0.00346528
0.00346521
0.0034652
0.00346564
0.00346613
0.00346645
0.00346662
0.00346669
0.00346669
0.00346667
0.00346663
0.00346657
0.00346651
0.00346644
0.00346636
0.00346628
0.0034662
0.00346612
0.00346688
0.00345009
0.00345086
0.00345091
0.00345079
0.00345064
0.00345047
0.0034503
0.00345013
0.00344997
0.00344981
0.00344966
0.00344951
0.00344936
0.00344922
0.00344907
0.00344893
0.00344879
0.00344865
0.00344852
0.00344838
0.00344824
0.0034481
0.00344797
0.00344784
0.00344771
0.00344759
0.00344747
0.00344735
0.00344724
0.00344714
0.00344703
0.00344693
0.00344684
0.00344674
0.00344665
0.00344657
0.00344648
0.0034464
0.00344632
0.00344625
0.00344617
0.0034461
0.00344603
0.00344597
0.00344592
0.00344604
0.00344627
0.00344651
0.00344669
0.00344681
0.00344688
0.00344692
0.00344693
0.00344693
0.00344692
0.0034469
0.00344688
0.00344685
0.00344682
0.00344678
0.00344674
0.0034467
0.00344666
0.00344661
0.00344656
0.00344651
0.00344646
0.00344641
0.00344636
0.00344631
0.00344626
0.0034462
0.00344615
0.0034461
0.00344605
0.00344599
0.00344594
0.00344589
0.00344583
0.00344578
0.00344573
0.00344567
0.00344562
0.00344556
0.00344551
0.00344545
0.00344539
0.00344534
0.00344528
0.00344522
0.00344516
0.0034451
0.00344504
0.00344498
0.00344492
0.00344486
0.00344479
0.00344473
0.00344467
0.0034446
0.00344454
0.00344447
0.0034444
0.00344436
0.00344447
0.0034447
0.00344492
0.00344509
0.0034452
0.00344526
0.00344528
0.00344527
0.00344525
0.00344522
0.00344518
0.00344513
0.00344507
0.00344501
0.00344494
0.00344568
0.00342005
0.00342082
0.00342088
0.00342079
0.00342065
0.00342051
0.00342037
0.00342022
0.00342007
0.00341993
0.00341979
0.00341966
0.00341952
0.00341939
0.00341926
0.00341913
0.003419
0.00341888
0.00341875
0.00341862
0.00341849
0.00341836
0.00341824
0.00341812
0.003418
0.00341788
0.00341777
0.00341766
0.00341756
0.00341746
0.00341736
0.00341727
0.00341718
0.00341709
0.00341701
0.00341693
0.00341685
0.00341677
0.0034167
0.00341663
0.00341656
0.0034165
0.00341643
0.00341637
0.00341632
0.00341632
0.0034164
0.00341652
0.00341664
0.00341674
0.00341682
0.00341687
0.00341691
0.00341693
0.00341693
0.00341693
0.00341692
0.00341691
0.00341689
0.00341687
0.00341684
0.00341682
0.00341678
0.00341675
0.00341671
0.00341668
0.00341664
0.00341659
0.00341655
0.00341651
0.00341646
0.00341642
0.00341638
0.00341633
0.00341628
0.00341624
0.00341619
0.00341614
0.0034161
0.00341605
0.003416
0.00341595
0.0034159
0.00341585
0.0034158
0.00341575
0.0034157
0.00341564
0.00341559
0.00341554
0.00341548
0.00341542
0.00341537
0.00341531
0.00341525
0.00341519
0.00341513
0.00341507
0.00341501
0.00341495
0.00341489
0.00341483
0.00341477
0.00341471
0.00341471
0.00341478
0.00341489
0.003415
0.00341509
0.00341515
0.00341518
0.0034152
0.00341519
0.00341518
0.00341515
0.00341512
0.00341508
0.00341504
0.00341498
0.0034157
0.00338188
0.00338265
0.00338271
0.00338263
0.00338252
0.00338239
0.00338226
0.00338214
0.00338201
0.00338188
0.00338176
0.00338163
0.00338151
0.00338139
0.00338128
0.00338116
0.00338104
0.00338093
0.00338081
0.00338069
0.00338057
0.00338045
0.00338034
0.00338022
0.00338011
0.00338001
0.0033799
0.0033798
0.00337971
0.00337961
0.00337952
0.00337944
0.00337935
0.00337927
0.0033792
0.00337912
0.00337905
0.00337898
0.00337891
0.00337885
0.00337878
0.00337872
0.00337866
0.00337861
0.00337855
0.00337852
0.00337853
0.00337857
0.00337863
0.00337869
0.00337875
0.00337879
0.00337883
0.00337885
0.00337887
0.00337887
0.00337887
0.00337887
0.00337886
0.00337885
0.00337883
0.00337881
0.00337879
0.00337876
0.00337873
0.0033787
0.00337867
0.00337864
0.0033786
0.00337856
0.00337853
0.00337849
0.00337845
0.00337841
0.00337837
0.00337833
0.00337828
0.00337824
0.0033782
0.00337816
0.00337811
0.00337807
0.00337802
0.00337797
0.00337793
0.00337788
0.00337783
0.00337778
0.00337773
0.00337768
0.00337763
0.00337757
0.00337752
0.00337746
0.00337741
0.00337735
0.0033773
0.00337724
0.00337718
0.00337712
0.00337706
0.003377
0.00337694
0.00337689
0.00337685
0.00337685
0.00337688
0.00337692
0.00337697
0.00337701
0.00337703
0.00337705
0.00337705
0.00337704
0.00337702
0.003377
0.00337697
0.00337693
0.00337688
0.00337759
0.00333624
0.00333701
0.00333708
0.00333701
0.00333691
0.0033368
0.00333669
0.00333658
0.00333646
0.00333635
0.00333624
0.00333613
0.00333602
0.00333592
0.00333581
0.0033357
0.0033356
0.00333549
0.00333538
0.00333527
0.00333517
0.00333506
0.00333495
0.00333485
0.00333474
0.00333465
0.00333455
0.00333446
0.00333437
0.00333428
0.0033342
0.00333412
0.00333405
0.00333397
0.0033339
0.00333383
0.00333377
0.0033337
0.00333364
0.00333358
0.00333352
0.00333347
0.00333341
0.00333336
0.00333331
0.00333327
0.00333324
0.00333324
0.00333326
0.00333328
0.00333331
0.00333334
0.00333336
0.00333338
0.0033334
0.0033334
0.0033334
0.0033334
0.0033334
0.00333339
0.00333338
0.00333336
0.00333334
0.00333332
0.0033333
0.00333327
0.00333325
0.00333322
0.00333319
0.00333316
0.00333312
0.00333309
0.00333305
0.00333302
0.00333298
0.00333294
0.0033329
0.00333286
0.00333283
0.00333278
0.00333274
0.0033327
0.00333266
0.00333261
0.00333257
0.00333252
0.00333248
0.00333243
0.00333238
0.00333233
0.00333228
0.00333223
0.00333218
0.00333213
0.00333207
0.00333202
0.00333196
0.00333191
0.00333185
0.0033318
0.00333174
0.00333168
0.00333162
0.00333156
0.00333151
0.00333148
0.00333146
0.00333147
0.00333147
0.00333149
0.00333149
0.0033315
0.00333149
0.00333148
0.00333146
0.00333144
0.00333141
0.00333138
0.00333134
0.00333202
0.00328385
0.00328461
0.00328469
0.00328464
0.00328455
0.00328445
0.00328435
0.00328425
0.00328415
0.00328405
0.00328395
0.00328385
0.00328376
0.00328366
0.00328357
0.00328347
0.00328338
0.00328328
0.00328318
0.00328308
0.00328298
0.00328288
0.00328279
0.00328269
0.0032826
0.00328251
0.00328242
0.00328234
0.00328226
0.00328218
0.0032821
0.00328203
0.00328196
0.0032819
0.00328183
0.00328177
0.00328171
0.00328165
0.00328159
0.00328154
0.00328148
0.00328143
0.00328138
0.00328133
0.00328129
0.00328124
0.00328121
0.00328119
0.00328118
0.00328118
0.00328118
0.00328119
0.0032812
0.00328121
0.00328121
0.00328122
0.00328122
0.00328121
0.00328121
0.0032812
0.00328119
0.00328117
0.00328116
0.00328114
0.00328112
0.0032811
0.00328107
0.00328104
0.00328102
0.00328099
0.00328096
0.00328092
0.00328089
0.00328086
0.00328082
0.00328079
0.00328075
0.00328071
0.00328068
0.00328064
0.0032806
0.00328056
0.00328051
0.00328047
0.00328043
0.00328038
0.00328034
0.00328029
0.00328024
0.0032802
0.00328015
0.0032801
0.00328005
0.00328
0.00327994
0.00327989
0.00327984
0.00327978
0.00327973
0.00327967
0.00327962
0.00327956
0.00327951
0.00327945
0.00327939
0.00327935
0.00327931
0.00327928
0.00327926
0.00327925
0.00327924
0.00327923
0.00327921
0.0032792
0.00327918
0.00327915
0.00327912
0.00327909
0.00327905
0.0032797
0.0032254
0.00322616
0.00322625
0.00322621
0.00322613
0.00322604
0.00322595
0.00322586
0.00322578
0.00322569
0.0032256
0.00322552
0.00322543
0.00322535
0.00322526
0.00322518
0.00322509
0.003225
0.00322492
0.00322483
0.00322474
0.00322465
0.00322456
0.00322447
0.00322439
0.00322431
0.00322423
0.00322415
0.00322408
0.00322401
0.00322394
0.00322388
0.00322381
0.00322375
0.0032237
0.00322364
0.00322358
0.00322353
0.00322348
0.00322343
0.00322338
0.00322333
0.00322329
0.00322324
0.0032232
0.00322315
0.00322312
0.00322308
0.00322306
0.00322304
0.00322303
0.00322303
0.00322302
0.00322302
0.00322302
0.00322301
0.00322301
0.003223
0.00322299
0.00322298
0.00322297
0.00322295
0.00322293
0.00322292
0.00322289
0.00322287
0.00322285
0.00322282
0.00322279
0.00322277
0.00322274
0.00322271
0.00322267
0.00322264
0.00322261
0.00322257
0.00322254
0.0032225
0.00322246
0.00322242
0.00322238
0.00322234
0.0032223
0.00322226
0.00322221
0.00322217
0.00322213
0.00322208
0.00322203
0.00322199
0.00322194
0.00322189
0.00322184
0.00322179
0.00322174
0.00322168
0.00322163
0.00322158
0.00322152
0.00322147
0.00322142
0.00322136
0.0032213
0.00322125
0.00322119
0.00322114
0.00322109
0.00322105
0.00322102
0.00322099
0.00322096
0.00322093
0.00322091
0.00322088
0.00322085
0.00322083
0.00322079
0.00322076
0.00322072
0.00322133
0.00316161
0.00316237
0.00316246
0.00316243
0.00316236
0.00316228
0.00316221
0.00316213
0.00316205
0.00316198
0.0031619
0.00316183
0.00316175
0.00316168
0.0031616
0.00316153
0.00316145
0.00316137
0.0031613
0.00316122
0.00316114
0.00316106
0.00316098
0.0031609
0.00316082
0.00316075
0.00316068
0.00316061
0.00316055
0.00316048
0.00316042
0.00316036
0.00316031
0.00316025
0.0031602
0.00316015
0.0031601
0.00316005
0.00316001
0.00315996
0.00315991
0.00315987
0.00315983
0.00315979
0.00315974
0.0031597
0.00315967
0.00315963
0.0031596
0.00315957
0.00315955
0.00315953
0.00315952
0.00315951
0.00315949
0.00315948
0.00315947
0.00315946
0.00315944
0.00315943
0.00315941
0.00315939
0.00315937
0.00315935
0.00315933
0.0031593
0.00315928
0.00315925
0.00315922
0.00315919
0.00315916
0.00315913
0.0031591
0.00315907
0.00315903
0.003159
0.00315896
0.00315892
0.00315888
0.00315884
0.0031588
0.00315876
0.00315872
0.00315868
0.00315864
0.00315859
0.00315855
0.0031585
0.00315845
0.0031584
0.00315836
0.00315831
0.00315826
0.00315821
0.00315816
0.0031581
0.00315805
0.003158
0.00315794
0.00315789
0.00315784
0.00315778
0.00315773
0.00315767
0.00315761
0.00315756
0.00315751
0.00315746
0.00315741
0.00315737
0.00315734
0.0031573
0.00315727
0.00315723
0.0031572
0.00315716
0.00315713
0.0031571
0.00315705
0.00315762
0.00309316
0.00309391
0.00309402
0.00309399
0.00309393
0.00309387
0.0030938
0.00309374
0.00309367
0.00309361
0.00309354
0.00309348
0.00309341
0.00309335
0.00309328
0.00309322
0.00309315
0.00309308
0.00309301
0.00309294
0.00309287
0.0030928
0.00309273
0.00309266
0.0030926
0.00309253
0.00309247
0.00309241
0.00309235
0.00309229
0.00309224
0.00309219
0.00309214
0.00309209
0.00309204
0.003092
0.00309195
0.00309191
0.00309187
0.00309182
0.00309178
0.00309174
0.0030917
0.00309166
0.00309162
0.00309158
0.00309154
0.00309151
0.00309147
0.00309144
0.00309141
0.00309139
0.00309136
0.00309134
0.00309132
0.0030913
0.00309128
0.00309126
0.00309124
0.00309122
0.0030912
0.00309118
0.00309115
0.00309113
0.0030911
0.00309108
0.00309105
0.00309102
0.00309099
0.00309096
0.00309093
0.00309089
0.00309086
0.00309082
0.00309079
0.00309075
0.00309071
0.00309067
0.00309063
0.00309059
0.00309055
0.00309051
0.00309047
0.00309042
0.00309038
0.00309033
0.00309029
0.00309024
0.00309019
0.00309014
0.00309009
0.00309005
0.00308999
0.00308994
0.00308989
0.00308984
0.00308979
0.00308973
0.00308968
0.00308963
0.00308957
0.00308952
0.00308946
0.00308941
0.00308935
0.0030893
0.00308924
0.00308919
0.00308914
0.00308909
0.00308905
0.00308901
0.00308897
0.00308893
0.00308889
0.00308885
0.00308881
0.00308878
0.00308872
0.00308926
0.00302072
0.00302146
0.00302158
0.00302156
0.00302152
0.00302147
0.00302141
0.00302136
0.0030213
0.00302125
0.00302119
0.00302114
0.00302108
0.00302103
0.00302098
0.00302092
0.00302086
0.0030208
0.00302074
0.00302068
0.00302062
0.00302056
0.0030205
0.00302044
0.00302038
0.00302032
0.00302027
0.00302021
0.00302016
0.00302011
0.00302007
0.00302002
0.00301998
0.00301993
0.00301989
0.00301985
0.00301981
0.00301977
0.00301973
0.00301969
0.00301965
0.00301961
0.00301957
0.00301953
0.00301949
0.00301945
0.00301942
0.00301938
0.00301934
0.00301931
0.00301927
0.00301924
0.00301921
0.00301918
0.00301916
0.00301913
0.0030191
0.00301908
0.00301905
0.00301903
0.003019
0.00301897
0.00301894
0.00301892
0.00301889
0.00301886
0.00301882
0.00301879
0.00301876
0.00301872
0.00301869
0.00301865
0.00301862
0.00301858
0.00301854
0.0030185
0.00301846
0.00301842
0.00301838
0.00301834
0.00301829
0.00301825
0.00301821
0.00301816
0.00301811
0.00301807
0.00301802
0.00301797
0.00301792
0.00301787
0.00301782
0.00301777
0.00301772
0.00301767
0.00301762
0.00301757
0.00301751
0.00301746
0.00301741
0.00301735
0.0030173
0.00301724
0.00301719
0.00301713
0.00301708
0.00301702
0.00301697
0.00301691
0.00301686
0.00301681
0.00301676
0.00301672
0.00301667
0.00301663
0.00301659
0.00301654
0.00301651
0.00301647
0.00301642
0.00301691
0.00294493
0.00294567
0.00294579
0.00294579
0.00294576
0.00294572
0.00294568
0.00294563
0.00294559
0.00294554
0.0029455
0.00294546
0.00294541
0.00294537
0.00294532
0.00294528
0.00294523
0.00294518
0.00294513
0.00294507
0.00294502
0.00294497
0.00294491
0.00294486
0.00294481
0.00294476
0.00294472
0.00294467
0.00294463
0.00294458
0.00294454
0.0029445
0.00294446
0.00294442
0.00294438
0.00294435
0.00294431
0.00294427
0.00294423
0.0029442
0.00294416
0.00294412
0.00294408
0.00294404
0.002944
0.00294396
0.00294392
0.00294389
0.00294385
0.00294381
0.00294377
0.00294374
0.0029437
0.00294367
0.00294363
0.0029436
0.00294357
0.00294354
0.0029435
0.00294347
0.00294344
0.00294341
0.00294338
0.00294334
0.00294331
0.00294327
0.00294324
0.0029432
0.00294317
0.00294313
0.00294309
0.00294305
0.00294301
0.00294297
0.00294293
0.00294289
0.00294285
0.0029428
0.00294276
0.00294271
0.00294267
0.00294262
0.00294258
0.00294253
0.00294248
0.00294243
0.00294238
0.00294233
0.00294228
0.00294223
0.00294218
0.00294213
0.00294208
0.00294203
0.00294197
0.00294192
0.00294187
0.00294181
0.00294176
0.00294171
0.00294165
0.0029416
0.00294154
0.00294149
0.00294143
0.00294138
0.00294132
0.00294127
0.00294122
0.00294116
0.00294111
0.00294107
0.00294102
0.00294097
0.00294093
0.00294089
0.00294085
0.00294081
0.00294076
0.00294122
0.0028664
0.00286713
0.00286727
0.00286728
0.00286726
0.00286723
0.0028672
0.00286717
0.00286714
0.0028671
0.00286707
0.00286704
0.002867
0.00286697
0.00286693
0.0028669
0.00286686
0.00286682
0.00286677
0.00286673
0.00286669
0.00286664
0.0028666
0.00286655
0.00286651
0.00286647
0.00286643
0.00286639
0.00286635
0.00286631
0.00286628
0.00286624
0.00286621
0.00286617
0.00286614
0.0028661
0.00286606
0.00286603
0.00286599
0.00286595
0.00286591
0.00286588
0.00286584
0.0028658
0.00286576
0.00286572
0.00286568
0.00286563
0.00286559
0.00286555
0.00286551
0.00286547
0.00286543
0.00286539
0.00286535
0.00286532
0.00286528
0.00286524
0.0028652
0.00286517
0.00286513
0.00286509
0.00286505
0.00286502
0.00286498
0.00286494
0.0028649
0.00286486
0.00286482
0.00286478
0.00286474
0.00286469
0.00286465
0.00286461
0.00286456
0.00286452
0.00286447
0.00286443
0.00286438
0.00286433
0.00286429
0.00286424
0.00286419
0.00286414
0.00286409
0.00286404
0.00286399
0.00286394
0.00286389
0.00286384
0.00286378
0.00286373
0.00286368
0.00286363
0.00286357
0.00286352
0.00286347
0.00286341
0.00286336
0.0028633
0.00286325
0.00286319
0.00286314
0.00286309
0.00286303
0.00286298
0.00286292
0.00286287
0.00286282
0.00286276
0.00286271
0.00286266
0.00286262
0.00286257
0.00286253
0.00286249
0.00286245
0.00286242
0.00286237
0.00286279
0.00278571
0.00278644
0.00278659
0.00278661
0.0027866
0.00278659
0.00278657
0.00278655
0.00278653
0.00278651
0.00278649
0.00278646
0.00278644
0.00278641
0.00278639
0.00278636
0.00278633
0.0027863
0.00278626
0.00278623
0.00278619
0.00278615
0.00278612
0.00278608
0.00278604
0.00278601
0.00278597
0.00278594
0.00278591
0.00278588
0.00278585
0.00278581
0.00278578
0.00278575
0.00278572
0.00278568
0.00278565
0.00278561
0.00278557
0.00278553
0.00278549
0.00278545
0.00278541
0.00278537
0.00278533
0.00278528
0.00278524
0.0027852
0.00278515
0.00278511
0.00278506
0.00278502
0.00278497
0.00278493
0.00278489
0.00278484
0.0027848
0.00278476
0.00278472
0.00278467
0.00278463
0.00278459
0.00278455
0.0027845
0.00278446
0.00278442
0.00278437
0.00278433
0.00278429
0.00278424
0.0027842
0.00278415
0.0027841
0.00278406
0.00278401
0.00278396
0.00278392
0.00278387
0.00278382
0.00278377
0.00278372
0.00278367
0.00278362
0.00278357
0.00278352
0.00278347
0.00278341
0.00278336
0.00278331
0.00278326
0.0027832
0.00278315
0.0027831
0.00278304
0.00278299
0.00278293
0.00278288
0.00278283
0.00278277
0.00278272
0.00278266
0.00278261
0.00278256
0.0027825
0.00278245
0.00278239
0.00278234
0.00278229
0.00278224
0.00278218
0.00278214
0.00278209
0.00278204
0.002782
0.00278196
0.00278192
0.00278189
0.00278186
0.00278181
0.0027822
0.0027034
0.00270412
0.00270428
0.00270432
0.00270433
0.00270432
0.00270432
0.00270431
0.0027043
0.00270429
0.00270428
0.00270427
0.00270425
0.00270424
0.00270422
0.0027042
0.00270418
0.00270416
0.00270413
0.0027041
0.00270407
0.00270404
0.00270401
0.00270398
0.00270395
0.00270392
0.0027039
0.00270387
0.00270384
0.00270381
0.00270378
0.00270376
0.00270373
0.00270369
0.00270366
0.00270363
0.00270359
0.00270355
0.00270351
0.00270347
0.00270343
0.00270338
0.00270334
0.00270329
0.00270325
0.0027032
0.00270315
0.00270311
0.00270306
0.00270301
0.00270296
0.00270291
0.00270286
0.00270281
0.00270277
0.00270272
0.00270267
0.00270262
0.00270258
0.00270253
0.00270248
0.00270243
0.00270239
0.00270234
0.00270229
0.00270225
0.0027022
0.00270215
0.0027021
0.00270206
0.00270201
0.00270196
0.00270191
0.00270186
0.00270181
0.00270176
0.00270171
0.00270166
0.00270161
0.00270156
0.0027015
0.00270145
0.0027014
0.00270135
0.0027013
0.00270124
0.00270119
0.00270114
0.00270108
0.00270103
0.00270098
0.00270092
0.00270087
0.00270081
0.00270076
0.00270071
0.00270065
0.0027006
0.00270054
0.00270049
0.00270044
0.00270038
0.00270033
0.00270027
0.00270022
0.00270017
0.00270012
0.00270006
0.00270001
0.00269997
0.00269992
0.00269987
0.00269983
0.0026998
0.00269976
0.00269973
0.0026997
0.00269968
0.00269964
0.00269999
0.00261997
0.00262069
0.00262086
0.00262091
0.00262093
0.00262094
0.00262095
0.00262095
0.00262096
0.00262096
0.00262096
0.00262095
0.00262095
0.00262094
0.00262093
0.00262092
0.00262091
0.00262089
0.00262087
0.00262085
0.00262083
0.00262081
0.00262078
0.00262076
0.00262074
0.00262071
0.00262069
0.00262067
0.00262064
0.00262062
0.00262059
0.00262056
0.00262053
0.0026205
0.00262047
0.00262043
0.00262039
0.00262035
0.0026203
0.00262026
0.00262021
0.00262016
0.00262012
0.00262007
0.00262001
0.00261996
0.00261991
0.00261986
0.00261981
0.00261975
0.0026197
0.00261965
0.00261959
0.00261954
0.00261949
0.00261944
0.00261938
0.00261933
0.00261928
0.00261923
0.00261918
0.00261913
0.00261907
0.00261902
0.00261897
0.00261892
0.00261887
0.00261882
0.00261877
0.00261872
0.00261867
0.00261861
0.00261856
0.00261851
0.00261846
0.00261841
0.00261835
0.0026183
0.00261825
0.0026182
0.00261814
0.00261809
0.00261804
0.00261798
0.00261793
0.00261787
0.00261782
0.00261777
0.00261771
0.00261766
0.0026176
0.00261755
0.00261749
0.00261744
0.00261739
0.00261733
0.00261728
0.00261723
0.00261717
0.00261712
0.00261706
0.00261701
0.00261696
0.00261691
0.00261685
0.0026168
0.00261675
0.0026167
0.00261665
0.00261661
0.00261657
0.00261653
0.00261649
0.00261646
0.00261643
0.00261641
0.00261639
0.00261637
0.00261634
0.00261666
0.00253589
0.0025366
0.00253678
0.00253685
0.00253688
0.00253691
0.00253693
0.00253694
0.00253696
0.00253697
0.00253697
0.00253698
0.00253699
0.00253699
0.00253699
0.00253699
0.00253698
0.00253697
0.00253696
0.00253694
0.00253693
0.00253691
0.00253689
0.00253687
0.00253685
0.00253683
0.00253682
0.00253679
0.00253677
0.00253675
0.00253672
0.00253669
0.00253666
0.00253663
0.00253659
0.00253655
0.0025365
0.00253645
0.00253641
0.00253636
0.0025363
0.00253625
0.00253619
0.00253614
0.00253608
0.00253603
0.00253597
0.00253591
0.00253585
0.0025358
0.00253574
0.00253568
0.00253562
0.00253557
0.00253551
0.00253545
0.0025354
0.00253534
0.00253529
0.00253523
0.00253518
0.00253512
0.00253507
0.00253501
0.00253496
0.0025349
0.00253485
0.0025348
0.00253474
0.00253469
0.00253463
0.00253458
0.00253453
0.00253447
0.00253442
0.00253436
0.00253431
0.00253426
0.0025342
0.00253415
0.00253409
0.00253404
0.00253398
0.00253393
0.00253387
0.00253382
0.00253377
0.00253371
0.00253366
0.0025336
0.00253355
0.00253349
0.00253344
0.00253339
0.00253333
0.00253328
0.00253323
0.00253317
0.00253312
0.00253307
0.00253301
0.00253296
0.00253291
0.00253286
0.00253281
0.00253276
0.00253271
0.00253266
0.00253262
0.00253258
0.00253254
0.00253251
0.00253248
0.00253246
0.00253244
0.00253243
0.00253242
0.00253241
0.0025324
0.00253269
0.00245158
0.00245228
0.00245248
0.00245255
0.0024526
0.00245264
0.00245267
0.0024527
0.00245272
0.00245274
0.00245276
0.00245278
0.00245279
0.0024528
0.00245281
0.00245281
0.00245281
0.0024528
0.0024528
0.00245279
0.00245278
0.00245277
0.00245275
0.00245274
0.00245272
0.00245271
0.00245269
0.00245267
0.00245265
0.00245262
0.0024526
0.00245256
0.00245253
0.00245249
0.00245244
0.00245239
0.00245234
0.00245229
0.00245223
0.00245218
0.00245212
0.00245206
0.002452
0.00245193
0.00245187
0.00245181
0.00245175
0.00245168
0.00245162
0.00245156
0.0024515
0.00245144
0.00245137
0.00245131
0.00245125
0.00245119
0.00245113
0.00245107
0.00245101
0.00245096
0.0024509
0.00245084
0.00245078
0.00245073
0.00245067
0.00245061
0.00245056
0.0024505
0.00245044
0.00245039
0.00245033
0.00245028
0.00245022
0.00245017
0.00245011
0.00245006
0.00245
0.00244994
0.00244989
0.00244983
0.00244978
0.00244972
0.00244967
0.00244961
0.00244956
0.0024495
0.00244945
0.0024494
0.00244934
0.00244929
0.00244923
0.00244918
0.00244913
0.00244907
0.00244902
0.00244897
0.00244892
0.00244886
0.00244881
0.00244876
0.00244871
0.00244866
0.00244861
0.00244856
0.00244851
0.00244846
0.00244842
0.00244837
0.00244833
0.0024483
0.00244827
0.00244825
0.00244823
0.00244822
0.00244822
0.00244822
0.00244822
0.00244823
0.00244822
0.00244848
0.00236743
0.00236813
0.00236833
0.00236842
0.00236848
0.00236853
0.00236857
0.00236861
0.00236864
0.00236867
0.0023687
0.00236872
0.00236874
0.00236875
0.00236877
0.00236878
0.00236878
0.00236878
0.00236878
0.00236878
0.00236877
0.00236876
0.00236875
0.00236874
0.00236873
0.00236871
0.0023687
0.00236868
0.00236865
0.00236863
0.00236859
0.00236855
0.00236851
0.00236846
0.00236841
0.00236835
0.00236829
0.00236823
0.00236817
0.0023681
0.00236803
0.00236797
0.0023679
0.00236783
0.00236776
0.00236769
0.00236763
0.00236756
0.00236749
0.00236743
0.00236736
0.00236729
0.00236723
0.00236716
0.0023671
0.00236704
0.00236697
0.00236691
0.00236685
0.00236679
0.00236673
0.00236667
0.00236661
0.00236655
0.00236649
0.00236643
0.00236638
0.00236632
0.00236626
0.0023662
0.00236615
0.00236609
0.00236603
0.00236598
0.00236592
0.00236587
0.00236581
0.00236575
0.0023657
0.00236564
0.00236559
0.00236553
0.00236548
0.00236542
0.00236537
0.00236531
0.00236526
0.00236521
0.00236515
0.0023651
0.00236505
0.00236499
0.00236494
0.00236489
0.00236484
0.00236478
0.00236473
0.00236468
0.00236463
0.00236458
0.00236453
0.00236448
0.00236443
0.00236439
0.00236434
0.0023643
0.00236426
0.00236422
0.00236419
0.00236416
0.00236415
0.00236414
0.00236413
0.00236414
0.00236415
0.00236416
0.00236418
0.0023642
0.00236421
0.00236445
0.0022838
0.00228448
0.00228469
0.00228479
0.00228486
0.00228492
0.00228497
0.00228502
0.00228506
0.0022851
0.00228513
0.00228516
0.00228518
0.0022852
0.00228522
0.00228523
0.00228524
0.00228525
0.00228525
0.00228525
0.00228524
0.00228524
0.00228523
0.00228522
0.00228521
0.0022852
0.00228518
0.00228516
0.00228513
0.00228509
0.00228505
0.002285
0.00228495
0.00228489
0.00228483
0.00228476
0.00228469
0.00228462
0.00228455
0.00228447
0.0022844
0.00228432
0.00228425
0.00228417
0.0022841
0.00228403
0.00228395
0.00228388
0.00228381
0.00228374
0.00228367
0.0022836
0.00228353
0.00228347
0.0022834
0.00228334
0.00228327
0.00228321
0.00228314
0.00228308
0.00228302
0.00228296
0.0022829
0.00228284
0.00228278
0.00228272
0.00228266
0.0022826
0.00228254
0.00228248
0.00228243
0.00228237
0.00228231
0.00228226
0.0022822
0.00228214
0.00228209
0.00228203
0.00228198
0.00228192
0.00228187
0.00228181
0.00228176
0.0022817
0.00228165
0.0022816
0.00228154
0.00228149
0.00228144
0.00228139
0.00228133
0.00228128
0.00228123
0.00228118
0.00228113
0.00228108
0.00228103
0.00228098
0.00228093
0.00228088
0.00228084
0.00228079
0.00228074
0.0022807
0.00228065
0.00228062
0.00228058
0.00228055
0.00228053
0.00228052
0.00228052
0.00228053
0.00228054
0.00228056
0.00228059
0.00228062
0.00228065
0.00228068
0.0022807
0.00228092
0.00220099
0.00220166
0.00220188
0.00220198
0.00220206
0.00220213
0.00220219
0.00220224
0.00220229
0.00220233
0.00220237
0.0022024
0.00220243
0.00220245
0.00220247
0.00220249
0.0022025
0.00220251
0.00220251
0.00220251
0.00220251
0.00220251
0.0022025
0.00220249
0.00220248
0.00220247
0.00220244
0.00220242
0.00220238
0.00220233
0.00220228
0.00220222
0.00220215
0.00220208
0.00220201
0.00220193
0.00220185
0.00220177
0.00220168
0.0022016
0.00220152
0.00220144
0.00220136
0.00220127
0.0022012
0.00220112
0.00220104
0.00220096
0.00220089
0.00220082
0.00220074
0.00220067
0.0022006
0.00220053
0.00220047
0.0022004
0.00220033
0.00220027
0.0022002
0.00220014
0.00220008
0.00220002
0.00219995
0.00219989
0.00219983
0.00219977
0.00219972
0.00219966
0.0021996
0.00219954
0.00219948
0.00219943
0.00219937
0.00219931
0.00219926
0.0021992
0.00219915
0.00219909
0.00219904
0.00219898
0.00219893
0.00219888
0.00219882
0.00219877
0.00219872
0.00219867
0.00219861
0.00219856
0.00219851
0.00219846
0.00219841
0.00219836
0.00219831
0.00219826
0.00219822
0.00219817
0.00219812
0.00219807
0.00219803
0.00219798
0.00219793
0.00219789
0.00219784
0.0021978
0.00219776
0.00219773
0.00219771
0.00219769
0.00219769
0.00219769
0.00219771
0.00219774
0.00219777
0.00219781
0.00219785
0.0021979
0.00219794
0.00219799
0.00219803
0.00219822
0.00211928
0.00211994
0.00212015
0.00212027
0.00212036
0.00212043
0.00212049
0.00212055
0.0021206
0.00212065
0.00212069
0.00212072
0.00212075
0.00212078
0.0021208
0.00212082
0.00212083
0.00212084
0.00212084
0.00212084
0.00212084
0.00212084
0.00212083
0.00212083
0.00212081
0.00212079
0.00212076
0.00212072
0.00212067
0.00212061
0.00212054
0.00212047
0.00212039
0.0021203
0.00212021
0.00212012
0.00212003
0.00211994
0.00211985
0.00211976
0.00211967
0.00211958
0.00211949
0.00211941
0.00211932
0.00211924
0.00211916
0.00211908
0.00211901
0.00211893
0.00211886
0.00211879
0.00211871
0.00211865
0.00211858
0.00211851
0.00211844
0.00211838
0.00211831
0.00211825
0.00211819
0.00211813
0.00211806
0.002118
0.00211795
0.00211789
0.00211783
0.00211777
0.00211771
0.00211766
0.0021176
0.00211754
0.00211749
0.00211743
0.00211738
0.00211732
0.00211727
0.00211722
0.00211716
0.00211711
0.00211706
0.00211701
0.00211696
0.0021169
0.00211685
0.0021168
0.00211675
0.0021167
0.00211665
0.00211661
0.00211656
0.00211651
0.00211646
0.00211642
0.00211637
0.00211632
0.00211628
0.00211623
0.00211619
0.00211614
0.0021161
0.00211606
0.00211602
0.00211598
0.00211595
0.00211593
0.00211592
0.00211592
0.00211593
0.00211596
0.002116
0.00211605
0.00211611
0.00211617
0.00211623
0.00211629
0.00211635
0.00211641
0.00211646
0.00211663
0.00203892
0.00203955
0.00203977
0.00203989
0.00203998
0.00204006
0.00204013
0.00204019
0.00204024
0.00204028
0.00204032
0.00204036
0.00204039
0.00204042
0.00204044
0.00204045
0.00204047
0.00204048
0.00204048
0.00204048
0.00204048
0.00204048
0.00204047
0.00204046
0.00204044
0.00204041
0.00204037
0.00204031
0.00204024
0.00204016
0.00204008
0.00203998
0.00203989
0.00203979
0.00203969
0.00203958
0.00203948
0.00203938
0.00203928
0.00203918
0.00203909
0.002039
0.00203891
0.00203882
0.00203873
0.00203865
0.00203857
0.00203849
0.00203841
0.00203833
0.00203826
0.00203819
0.00203812
0.00203805
0.00203798
0.00203791
0.00203785
0.00203778
0.00203772
0.00203766
0.00203759
0.00203753
0.00203747
0.00203741
0.00203736
0.0020373
0.00203724
0.00203719
0.00203713
0.00203707
0.00203702
0.00203697
0.00203691
0.00203686
0.00203681
0.00203675
0.0020367
0.00203665
0.0020366
0.00203655
0.0020365
0.00203645
0.0020364
0.00203635
0.0020363
0.00203625
0.0020362
0.00203616
0.00203611
0.00203606
0.00203602
0.00203597
0.00203593
0.00203588
0.00203584
0.00203579
0.00203575
0.00203571
0.00203567
0.00203563
0.00203558
0.00203554
0.00203551
0.00203548
0.00203546
0.00203545
0.00203546
0.00203549
0.00203553
0.00203558
0.00203565
0.00203572
0.0020358
0.00203588
0.00203596
0.00203603
0.0020361
0.00203617
0.00203623
0.00203638
0.0019601
0.00196072
0.00196093
0.00196105
0.00196115
0.00196122
0.00196129
0.00196135
0.0019614
0.00196145
0.00196149
0.00196152
0.00196155
0.00196158
0.0019616
0.00196161
0.00196162
0.00196163
0.00196163
0.00196163
0.00196163
0.00196163
0.00196162
0.0019616
0.00196157
0.00196152
0.00196146
0.00196138
0.00196129
0.00196119
0.00196109
0.00196097
0.00196086
0.00196075
0.00196063
0.00196052
0.00196041
0.0019603
0.0019602
0.00196009
0.00196
0.0019599
0.00195981
0.00195972
0.00195963
0.00195955
0.00195946
0.00195939
0.00195931
0.00195923
0.00195916
0.00195909
0.00195902
0.00195895
0.00195889
0.00195882
0.00195876
0.00195869
0.00195863
0.00195857
0.00195851
0.00195845
0.0019584
0.00195834
0.00195828
0.00195823
0.00195817
0.00195812
0.00195806
0.00195801
0.00195796
0.00195791
0.00195785
0.0019578
0.00195775
0.0019577
0.00195765
0.0019576
0.00195755
0.00195751
0.00195746
0.00195741
0.00195736
0.00195732
0.00195727
0.00195722
0.00195718
0.00195713
0.00195709
0.00195705
0.001957
0.00195696
0.00195692
0.00195688
0.00195684
0.00195679
0.00195675
0.00195671
0.00195668
0.00195664
0.0019566
0.00195656
0.00195653
0.00195652
0.00195651
0.00195652
0.00195656
0.00195661
0.00195669
0.00195678
0.00195687
0.00195697
0.00195707
0.00195716
0.00195725
0.00195734
0.00195742
0.0019575
0.00195756
0.00195769
0.00188302
0.00188361
0.00188382
0.00188394
0.00188403
0.00188411
0.00188417
0.00188423
0.00188428
0.00188432
0.00188435
0.00188439
0.00188441
0.00188443
0.00188445
0.00188446
0.00188447
0.00188448
0.00188448
0.00188448
0.00188447
0.00188447
0.00188445
0.00188442
0.00188437
0.0018843
0.00188422
0.00188411
0.00188399
0.00188387
0.00188374
0.00188361
0.00188348
0.00188336
0.00188323
0.00188311
0.001883
0.00188288
0.00188278
0.00188267
0.00188257
0.00188248
0.00188238
0.00188229
0.00188221
0.00188213
0.00188205
0.00188197
0.00188189
0.00188182
0.00188175
0.00188168
0.00188161
0.00188155
0.00188148
0.00188142
0.00188136
0.0018813
0.00188124
0.00188118
0.00188113
0.00188107
0.00188102
0.00188096
0.00188091
0.00188086
0.0018808
0.00188075
0.0018807
0.00188065
0.0018806
0.00188055
0.0018805
0.00188045
0.00188041
0.00188036
0.00188031
0.00188026
0.00188022
0.00188017
0.00188013
0.00188008
0.00188004
0.00187999
0.00187995
0.00187991
0.00187987
0.00187982
0.00187978
0.00187974
0.0018797
0.00187966
0.00187962
0.00187958
0.00187954
0.00187951
0.00187947
0.00187943
0.00187939
0.00187936
0.00187932
0.00187929
0.00187928
0.00187928
0.00187929
0.00187933
0.0018794
0.0018795
0.00187962
0.00187974
0.00187986
0.00187998
0.00188009
0.0018802
0.0018803
0.00188039
0.00188048
0.00188055
0.00188062
0.00188073
0.00180781
0.00180837
0.00180857
0.00180869
0.00180877
0.00180885
0.00180891
0.00180896
0.001809
0.00180904
0.00180907
0.0018091
0.00180912
0.00180914
0.00180915
0.00180916
0.00180916
0.00180917
0.00180916
0.00180916
0.00180915
0.00180914
0.00180912
0.00180907
0.00180899
0.00180889
0.00180877
0.00180863
0.00180849
0.00180834
0.00180819
0.00180805
0.00180791
0.00180777
0.00180764
0.00180752
0.0018074
0.00180729
0.00180718
0.00180707
0.00180698
0.00180688
0.00180679
0.00180671
0.00180662
0.00180654
0.00180647
0.00180639
0.00180632
0.00180625
0.00180618
0.00180612
0.00180606
0.00180599
0.00180593
0.00180588
0.00180582
0.00180576
0.00180571
0.00180565
0.0018056
0.00180555
0.00180549
0.00180544
0.00180539
0.00180534
0.00180529
0.00180524
0.0018052
0.00180515
0.0018051
0.00180506
0.00180501
0.00180497
0.00180492
0.00180488
0.00180483
0.00180479
0.00180474
0.0018047
0.00180466
0.00180462
0.00180458
0.00180454
0.00180449
0.00180446
0.00180442
0.00180438
0.00180434
0.0018043
0.00180426
0.00180423
0.00180419
0.00180415
0.00180412
0.00180408
0.00180405
0.00180401
0.00180398
0.00180395
0.00180391
0.00180389
0.0018039
0.00180392
0.00180397
0.00180405
0.00180417
0.00180431
0.00180447
0.00180462
0.00180477
0.0018049
0.00180503
0.00180514
0.00180524
0.00180533
0.00180542
0.00180549
0.00180556
0.00180564
0.00173458
0.00173512
0.00173531
0.00173542
0.0017355
0.00173557
0.00173562
0.00173566
0.0017357
0.00173573
0.00173576
0.00173578
0.00173579
0.00173581
0.00173581
0.00173582
0.00173582
0.00173582
0.00173581
0.0017358
0.0017358
0.00173578
0.00173573
0.00173565
0.00173554
0.0017354
0.00173524
0.00173507
0.0017349
0.00173473
0.00173456
0.00173441
0.00173426
0.00173412
0.00173399
0.00173387
0.00173375
0.00173364
0.00173353
0.00173343
0.00173334
0.00173325
0.00173316
0.00173308
0.00173301
0.00173293
0.00173286
0.00173279
0.00173272
0.00173266
0.0017326
0.00173254
0.00173248
0.00173242
0.00173236
0.00173231
0.00173226
0.0017322
0.00173215
0.0017321
0.00173205
0.001732
0.00173196
0.00173191
0.00173186
0.00173182
0.00173177
0.00173173
0.00173168
0.00173164
0.00173159
0.00173155
0.00173151
0.00173147
0.00173142
0.00173138
0.00173134
0.0017313
0.00173126
0.00173122
0.00173118
0.00173114
0.00173111
0.00173107
0.00173103
0.00173099
0.00173096
0.00173092
0.00173089
0.00173085
0.00173082
0.00173078
0.00173075
0.00173072
0.00173068
0.00173065
0.00173062
0.00173059
0.00173056
0.00173052
0.0017305
0.0017305
0.00173053
0.00173059
0.00173067
0.00173081
0.00173099
0.00173119
0.00173139
0.00173156
0.00173172
0.00173186
0.00173199
0.0017321
0.00173219
0.00173228
0.00173236
0.00173243
0.00173249
0.00173254
0.00166344
0.00166395
0.00166413
0.00166423
0.0016643
0.00166436
0.0016644
0.00166443
0.00166446
0.00166449
0.0016645
0.00166452
0.00166453
0.00166454
0.00166454
0.00166454
0.00166454
0.00166453
0.00166452
0.00166451
0.0016645
0.00166447
0.00166439
0.00166426
0.0016641
0.00166391
0.00166371
0.0016635
0.00166331
0.00166313
0.00166296
0.0016628
0.00166265
0.00166251
0.00166239
0.00166227
0.00166215
0.00166205
0.00166195
0.00166186
0.00166177
0.00166169
0.00166161
0.00166154
0.00166146
0.0016614
0.00166133
0.00166127
0.00166121
0.00166115
0.00166109
0.00166104
0.00166098
0.00166093
0.00166088
0.00166083
0.00166078
0.00166073
0.00166069
0.00166064
0.0016606
0.00166055
0.00166051
0.00166046
0.00166042
0.00166038
0.00166034
0.0016603
0.00166026
0.00166022
0.00166018
0.00166014
0.0016601
0.00166006
0.00166002
0.00165998
0.00165995
0.00165991
0.00165987
0.00165984
0.0016598
0.00165976
0.00165973
0.00165969
0.00165966
0.00165963
0.00165959
0.00165956
0.00165953
0.0016595
0.00165947
0.00165943
0.0016594
0.00165937
0.00165934
0.00165931
0.00165929
0.00165926
0.00165923
0.0016592
0.00165918
0.00165922
0.0016593
0.00165938
0.00165953
0.00165975
0.00166001
0.00166025
0.00166047
0.00166065
0.00166081
0.00166094
0.00166106
0.00166116
0.00166124
0.00166132
0.00166139
0.00166144
0.00166149
0.00166152
0.00159446
0.00159494
0.00159511
0.00159519
0.00159525
0.00159529
0.00159532
0.00159534
0.00159536
0.00159538
0.00159539
0.00159539
0.0015954
0.0015954
0.0015954
0.00159539
0.00159539
0.00159538
0.00159536
0.00159535
0.00159535
0.00159527
0.00159514
0.00159495
0.00159472
0.00159448
0.00159424
0.00159401
0.00159381
0.00159362
0.00159345
0.0015933
0.00159316
0.00159303
0.00159291
0.0015928
0.0015927
0.00159261
0.00159252
0.00159244
0.00159236
0.00159228
0.00159221
0.00159215
0.00159208
0.00159202
0.00159196
0.00159191
0.00159185
0.0015918
0.00159175
0.0015917
0.00159166
0.00159161
0.00159156
0.00159152
0.00159148
0.00159143
0.00159139
0.00159135
0.00159131
0.00159127
0.00159123
0.00159119
0.00159115
0.00159111
0.00159108
0.00159104
0.001591
0.00159097
0.00159093
0.00159089
0.00159086
0.00159082
0.00159079
0.00159076
0.00159072
0.00159069
0.00159065
0.00159062
0.00159059
0.00159056
0.00159052
0.00159049
0.00159046
0.00159043
0.0015904
0.00159037
0.00159034
0.00159031
0.00159029
0.00159026
0.00159023
0.0015902
0.00159018
0.00159015
0.00159012
0.0015901
0.00159007
0.00159004
0.00159005
0.00159015
0.00159029
0.00159041
0.00159064
0.00159097
0.0015913
0.00159157
0.00159179
0.00159196
0.0015921
0.00159221
0.00159231
0.00159239
0.00159246
0.00159252
0.00159257
0.00159261
0.00159265
0.00159265
0.00152768
0.00152813
0.00152828
0.00152834
0.00152838
0.0015284
0.00152842
0.00152844
0.00152845
0.00152845
0.00152846
0.00152846
0.00152846
0.00152845
0.00152844
0.00152843
0.00152842
0.00152841
0.00152839
0.00152837
0.00152838
0.00152822
0.00152801
0.00152774
0.00152745
0.00152715
0.00152689
0.00152666
0.00152646
0.00152628
0.00152612
0.00152599
0.00152586
0.00152575
0.00152564
0.00152555
0.00152546
0.00152538
0.0015253
0.00152523
0.00152516
0.0015251
0.00152504
0.00152498
0.00152493
0.00152487
0.00152482
0.00152477
0.00152473
0.00152468
0.00152464
0.0015246
0.00152456
0.00152451
0.00152448
0.00152444
0.0015244
0.00152436
0.00152432
0.00152429
0.00152425
0.00152422
0.00152418
0.00152415
0.00152411
0.00152408
0.00152404
0.00152401
0.00152398
0.00152395
0.00152391
0.00152388
0.00152385
0.00152382
0.00152379
0.00152376
0.00152373
0.0015237
0.00152367
0.00152364
0.00152361
0.00152358
0.00152355
0.00152352
0.00152349
0.00152347
0.00152344
0.00152341
0.00152339
0.00152336
0.00152334
0.00152331
0.00152329
0.00152326
0.00152324
0.00152321
0.00152319
0.00152317
0.00152315
0.0015231
0.00152318
0.00152337
0.00152358
0.00152371
0.00152411
0.00152457
0.00152493
0.00152519
0.00152537
0.0015255
0.00152561
0.00152569
0.00152576
0.00152582
0.00152587
0.00152591
0.00152594
0.00152597
0.00152599
0.00152597
0.00146315
0.00146356
0.00146366
0.0014637
0.00146372
0.00146373
0.00146374
0.00146374
0.00146375
0.00146374
0.00146374
0.00146374
0.00146373
0.00146372
0.00146371
0.00146369
0.00146368
0.00146366
0.00146364
0.00146362
0.00146363
0.00146329
0.00146301
0.00146265
0.00146228
0.00146197
0.0014617
0.00146149
0.00146131
0.00146115
0.00146102
0.00146091
0.0014608
0.00146071
0.00146062
0.00146054
0.00146047
0.0014604
0.00146034
0.00146028
0.00146023
0.00146017
0.00146012
0.00146008
0.00146003
0.00145999
0.00145995
0.00145991
0.00145987
0.00145983
0.00145979
0.00145976
0.00145972
0.00145969
0.00145965
0.00145962
0.00145959
0.00145955
0.00145952
0.00145949
0.00145946
0.00145943
0.0014594
0.00145937
0.00145934
0.00145931
0.00145928
0.00145925
0.00145922
0.00145919
0.00145916
0.00145913
0.00145911
0.00145908
0.00145905
0.00145902
0.001459
0.00145897
0.00145894
0.00145892
0.00145889
0.00145886
0.00145884
0.00145881
0.00145879
0.00145877
0.00145874
0.00145872
0.00145869
0.00145867
0.00145865
0.00145863
0.0014586
0.00145858
0.00145856
0.00145854
0.00145852
0.0014585
0.00145848
0.00145842
0.00145865
0.00145897
0.00145923
0.00145933
0.00146005
0.00146061
0.00146092
0.0014611
0.00146121
0.00146129
0.00146135
0.0014614
0.00146144
0.00146147
0.0014615
0.00146151
0.00146153
0.00146154
0.00146155
0.0014615
0.00140092
0.0014012
0.00140126
0.00140127
0.00140128
0.00140128
0.00140128
0.00140128
0.00140127
0.00140126
0.00140125
0.00140124
0.00140123
0.00140122
0.0014012
0.00140118
0.00140116
0.00140114
0.00140112
0.0014011
0.00140112
0.00140041
0.00140015
0.00139965
0.00139925
0.00139895
0.00139872
0.00139854
0.0013984
0.00139828
0.00139818
0.0013981
0.00139802
0.00139795
0.00139788
0.00139782
0.00139777
0.00139771
0.00139767
0.00139762
0.00139758
0.00139754
0.0013975
0.00139746
0.00139743
0.00139739
0.00139736
0.00139732
0.00139729
0.00139726
0.00139723
0.0013972
0.00139717
0.00139715
0.00139712
0.00139709
0.00139706
0.00139703
0.00139701
0.00139698
0.00139695
0.00139693
0.0013969
0.00139688
0.00139685
0.00139682
0.0013968
0.00139677
0.00139675
0.00139672
0.0013967
0.00139667
0.00139665
0.00139662
0.0013966
0.00139657
0.00139655
0.00139653
0.0013965
0.00139648
0.00139646
0.00139643
0.00139641
0.00139639
0.00139637
0.00139635
0.00139632
0.0013963
0.00139628
0.00139626
0.00139624
0.00139622
0.0013962
0.00139618
0.00139617
0.00139615
0.00139613
0.00139611
0.0013961
0.00139602
0.00139657
0.001397
0.00139723
0.00139728
0.00139864
0.00139907
0.0013992
0.00139925
0.00139928
0.0013993
0.00139932
0.00139933
0.00139934
0.00139934
0.00139934
0.00139934
0.00139933
0.00139932
0.00139932
0.00139925
0.00133973
0.00133949
0.00133869
0.00133835
0.00133813
0.00133798
0.00133786
0.00133777
0.0013377
0.00133763
0.00133757
0.00133752
0.00133748
0.00133743
0.00133739
0.00133735
0.00133732
0.00133729
0.00133725
0.00133722
0.00133719
0.00133716
0.00133714
0.00133711
0.00133708
0.00133706
0.00133703
0.00133701
0.00133699
0.00133696
0.00133694
0.00133692
0.00133689
0.00133687
0.00133685
0.00133682
0.0013368
0.00133678
0.00133676
0.00133673
0.00133671
0.00133669
0.00133667
0.00133665
0.00133662
0.0013366
0.00133658
0.00133656
0.00133654
0.00133651
0.00133649
0.00133647
0.00133645
0.00133643
0.00133641
0.00133639
0.00133637
0.00133635
0.00133633
0.00133631
0.00133629
0.00133627
0.00133625
0.00133623
0.00133621
0.00133619
0.00133617
0.00133615
0.00133614
0.00133612
0.0013361
0.00133608
0.00133607
0.00133605
0.00133603
0.00133602
0.001336
0.00133599
0.00133591
0.0013371
0.00133745
0.00133753
0.00133756
0.00127994
0.00127971
0.00127957
0.00127951
0.00127946
0.00127943
0.0012794
0.00127937
0.00127934
0.00127932
0.0012793
0.00127927
0.00127925
0.00127923
0.00127921
0.00127919
0.00127917
0.00127915
0.00127913
0.00127911
0.00127909
0.00127908
0.00127906
0.00127904
0.00127902
0.001279
0.00127899
0.00127897
0.00127895
0.00127893
0.00127891
0.0012789
0.00127888
0.00127886
0.00127884
0.00127882
0.00127881
0.00127879
0.00127877
0.00127875
0.00127873
0.00127871
0.00127869
0.00127868
0.00127866
0.00127864
0.00127862
0.0012786
0.00127858
0.00127856
0.00127855
0.00127853
0.00127851
0.00127849
0.00127847
0.00127846
0.00127844
0.00127842
0.0012784
0.00127839
0.00127837
0.00127835
0.00127834
0.00127832
0.0012783
0.00127829
0.00127827
0.00127826
0.00127824
0.00127823
0.00127821
0.0012782
0.00127819
0.00127817
0.00127816
0.00127815
0.00127814
)
;

boundaryField
{
    bottomWall
    {
        type            nutUWallFunction;
        Cmu             0.09;
        kappa           0.41;
        E               9.8;
        value           nonuniform 0();
    }
    topWall
    {
        type            nutUWallFunction;
        Cmu             0.09;
        kappa           0.41;
        E               9.8;
        value           nonuniform 0();
    }
    sides1_half0
    {
        type            cyclic;
    }
    sides1_half1
    {
        type            cyclic;
    }
    sides2_half0
    {
        type            cyclic;
    }
    sides2_half1
    {
        type            cyclic;
    }
    inout1_half0
    {
        type            cyclic;
    }
    inout1_half1
    {
        type            cyclic;
    }
    inout2_half0
    {
        type            cyclic;
    }
    inout2_half1
    {
        type            cyclic;
    }
    procBoundary2to1
    {
        type            processor;
        value           nonuniform List<scalar> 
124
(
0.00133906
0.00133938
0.00133945
0.00133946
0.00133946
0.00133945
0.00133945
0.00133944
0.00133943
0.00133941
0.0013394
0.00133939
0.00133937
0.00133935
0.00133933
0.00133931
0.00133929
0.00133927
0.00133925
0.00133922
0.00133921
0.00133826
0.00133815
0.00133804
0.00133798
0.00133795
0.00133792
0.00133789
0.00133787
0.00133784
0.00133782
0.0013378
0.00133778
0.00133776
0.00133773
0.00133772
0.00133764
0.00133921
0.00127903
0.00127939
0.00127877
0.00127866
0.00127855
0.00133826
0.00127852
0.00127939
0.00122141
0.00122183
0.00122194
0.00122198
0.00122201
0.00122202
0.00122203
0.00122204
0.00122204
0.00122204
0.00122204
0.00122203
0.00122203
0.00122202
0.00122201
0.001222
0.001222
0.00122199
0.00122198
0.00122197
0.00122196
0.00122194
0.00122193
0.00122192
0.00122191
0.0012219
0.00122189
0.00122187
0.00122186
0.00122185
0.00122183
0.00122182
0.00122181
0.00122179
0.00122178
0.00122176
0.00122175
0.00122174
0.00122172
0.00122171
0.00122169
0.00122167
0.00122166
0.00122164
0.00122163
0.00122161
0.0012216
0.00122158
0.00122157
0.00122155
0.00122153
0.00122152
0.0012215
0.00122149
0.00122147
0.00122146
0.00122144
0.00122143
0.00122141
0.0012214
0.00122138
0.00122137
0.00122135
0.00122134
0.00122133
0.00122131
0.0012213
0.00122129
0.00122127
0.00122126
0.00122125
0.00122124
0.00122122
0.00122121
0.0012212
0.00122119
0.00127877
0.0012212
)
;
    }
    procBoundary2to4
    {
        type            processor;
        value           nonuniform List<scalar> 
59
(
0.00347867
0.00347854
0.00347813
0.00347782
0.0034776
0.00347741
0.00347725
0.0034771
0.00347696
0.00347684
0.00347672
0.00347661
0.0034765
0.00347639
0.00347629
0.0034762
0.0034761
0.003476
0.00347591
0.00347582
0.00347572
0.00347563
0.00347554
0.00347545
0.00347536
0.00347527
0.00347519
0.00347511
0.00347502
0.00347494
0.00347486
0.00347478
0.00347471
0.00347463
0.00347455
0.00347448
0.0034744
0.00347432
0.00347425
0.00347417
0.0034741
0.00347402
0.00347395
0.00347387
0.00347379
0.00347372
0.00347364
0.00347356
0.00347349
0.00347341
0.00347333
0.00347326
0.00347318
0.0034731
0.00347302
0.00347294
0.00347286
0.00347278
0.00347332
)
;
    }
    procBoundary2to5
    {
        type            processor;
        value           nonuniform List<scalar> 
61
(
0.00348018
0.00348073
0.00348055
0.00348029
0.00348004
0.00347979
0.00347956
0.00347934
0.00347913
0.00347893
0.00347873
0.00347854
0.00347836
0.00347818
0.00347801
0.00347784
0.00347767
0.0034775
0.00347733
0.00347717
0.00347701
0.00347685
0.00347669
0.00347654
0.00347639
0.00347625
0.00347611
0.00347597
0.00347584
0.00347571
0.00347559
0.00347548
0.00347536
0.00347525
0.00347515
0.00347504
0.00347494
0.00347485
0.00347475
0.00347466
0.00347457
0.00347449
0.0034744
0.00347432
0.00347486
0.00347713
0.00347699
0.00347657
0.00347626
0.00347602
0.00347581
0.00347563
0.00347547
0.00347531
0.00347517
0.00347502
0.00347489
0.00347475
0.00347462
0.00347449
0.00347521
)
;
    }
}


// ************************************************************************* //
