/*--------------------------------*- C++ -*----------------------------------*\
  =========                 |
  \\      /  F ield         | OpenFOAM: The Open Source CFD Toolbox
   \\    /   O peration     | Website:  https://openfoam.org
    \\  /    A nd           | Version:  7
     \\/     M anipulation  |
\*---------------------------------------------------------------------------*/
FoamFile
{
    version     2.0;
    format      ascii;
    class       volScalarField;
    location    "2500";
    object      nut;
}
// * * * * * * * * * * * * * * * * * * * * * * * * * * * * * * * * * * * * * //

dimensions      [0 2 -1 0 0 0 0];

internalField   nonuniform List<scalar> 
3974
(
0.000241223
0.000241219
0.000241217
0.000241215
0.000241212
0.000241211
0.000241209
0.000241207
0.000241206
0.000241204
0.000241203
0.000241202
0.000241201
0.0002412
0.000241199
0.000241198
0.000241197
0.000241196
0.000241195
0.000241194
0.000241193
0.000241192
0.000241191
0.00024119
0.000241189
0.000241188
0.000241188
0.000241187
0.000241186
0.000241185
0.000241184
0.000241183
0.000241182
0.00024118
0.000241179
0.000241178
0.000241177
0.000241176
0.000253659
0.000253658
0.000253669
0.000253671
0.000253671
0.000253671
0.00025367
0.000253668
0.000253667
0.000253666
0.000253665
0.000253664
0.000253663
0.000253662
0.000253661
0.000253659
0.000253659
0.000253658
0.000253657
0.000253656
0.000253655
0.000253654
0.000253653
0.000253652
0.000253651
0.00025365
0.000253649
0.000253648
0.000253647
0.000253646
0.000253645
0.000253644
0.000253643
0.000253642
0.000253641
0.00025364
0.000253638
0.000253637
0.000253636
0.000253636
0.000253613
0.000253607
0.000266399
0.000266402
0.000266413
0.000266417
0.000266425
0.000266429
0.000266432
0.000266432
0.000266432
0.000266432
0.000266431
0.00026643
0.00026643
0.000266429
0.000266428
0.000266427
0.000266426
0.000266425
0.000266424
0.000266424
0.000266423
0.000266422
0.000266421
0.00026642
0.000266419
0.000266418
0.000266417
0.000266416
0.000266415
0.000266414
0.000266413
0.000266412
0.000266411
0.00026641
0.000266409
0.000266407
0.000266406
0.000266405
0.000266404
0.000266402
0.000266401
0.000266401
0.000266388
0.000266381
0.000266359
0.000266354
0.000266356
0.000266358
0.00026636
0.000266362
0.000266364
0.000266365
0.000266366
0.000266368
0.000266368
0.000266369
0.00026637
0.00026637
0.000266372
0.000279487
0.000279489
0.000279497
0.000279503
0.000279509
0.000279514
0.000279518
0.00027952
0.00027952
0.000279521
0.000279521
0.000279521
0.00027952
0.00027952
0.000279519
0.000279519
0.000279518
0.000279517
0.000279516
0.000279515
0.000279514
0.000279513
0.000279513
0.000279512
0.000279511
0.00027951
0.000279509
0.000279508
0.000279507
0.000279506
0.000279504
0.000279503
0.000279502
0.000279501
0.0002795
0.000279498
0.000279497
0.000279496
0.000279494
0.000279493
0.000279491
0.000279491
0.000279484
0.000279478
0.000279463
0.000279455
0.000279452
0.000279452
0.000279453
0.000279453
0.000279454
0.000279455
0.000279456
0.000279456
0.000279457
0.000279457
0.000279458
0.000279458
0.00027946
0.000292924
0.000292925
0.000292931
0.000292936
0.000292942
0.000292947
0.000292951
0.000292954
0.000292956
0.000292957
0.000292957
0.000292957
0.000292957
0.000292957
0.000292957
0.000292956
0.000292956
0.000292955
0.000292954
0.000292954
0.000292953
0.000292952
0.000292951
0.00029295
0.000292949
0.000292948
0.000292947
0.000292946
0.000292945
0.000292943
0.000292942
0.000292941
0.00029294
0.000292938
0.000292937
0.000292936
0.000292934
0.000292933
0.000292931
0.00029293
0.000292928
0.000292927
0.000292923
0.000292918
0.000292908
0.0002929
0.000292895
0.000292892
0.000292891
0.000292891
0.000292891
0.000292891
0.000292891
0.000292891
0.000292891
0.000292891
0.000292891
0.000292891
0.000292892
0.000306731
0.000306732
0.000306736
0.000306741
0.000306746
0.000306751
0.000306755
0.000306758
0.00030676
0.000306761
0.000306763
0.000306763
0.000306763
0.000306764
0.000306763
0.000306763
0.000306763
0.000306762
0.000306761
0.000306761
0.00030676
0.000306759
0.000306758
0.000306757
0.000306756
0.000306755
0.000306754
0.000306753
0.000306751
0.00030675
0.000306749
0.000306747
0.000306746
0.000306745
0.000306743
0.000306742
0.00030674
0.000306738
0.000306737
0.000306735
0.000306733
0.000306732
0.000306729
0.000306725
0.000306718
0.000306711
0.000306705
0.000306701
0.000306699
0.000306697
0.000306696
0.000306695
0.000306695
0.000306694
0.000306694
0.000306694
0.000306693
0.000306693
0.000306693
0.000320932
0.000320933
0.000320936
0.00032094
0.000320944
0.000320948
0.000320952
0.000320955
0.000320958
0.00032096
0.000320961
0.000320962
0.000320962
0.000320963
0.000320963
0.000320963
0.000320962
0.000320962
0.000320961
0.00032096
0.000320959
0.000320959
0.000320958
0.000320957
0.000320955
0.000320954
0.000320953
0.000320952
0.00032095
0.000320949
0.000320948
0.000320946
0.000320945
0.000320943
0.000320941
0.00032094
0.000320938
0.000320936
0.000320934
0.000320932
0.00032093
0.000320929
0.000320926
0.000320923
0.000320918
0.000320912
0.000320906
0.000320902
0.000320898
0.000320896
0.000320894
0.000320892
0.000320891
0.00032089
0.000320889
0.000320888
0.000320887
0.000320886
0.000320886
0.000335551
0.000335554
0.000335556
0.000335559
0.000335563
0.000335566
0.000335569
0.000335572
0.000335575
0.000335576
0.000335578
0.000335579
0.00033558
0.00033558
0.00033558
0.00033558
0.00033558
0.000335579
0.000335579
0.000335578
0.000335577
0.000335576
0.000335575
0.000335574
0.000335573
0.000335571
0.00033557
0.000335569
0.000335567
0.000335566
0.000335564
0.000335562
0.000335561
0.000335559
0.000335557
0.000335555
0.000335553
0.000335551
0.000335549
0.000335547
0.000335545
0.000335543
0.00033554
0.000335538
0.000335534
0.000335529
0.000335524
0.000335519
0.000335515
0.000335511
0.000335509
0.000335506
0.000335504
0.000335503
0.000335501
0.0003355
0.000335498
0.000335497
0.000335495
0.000350616
0.00035062
0.000350622
0.000350624
0.000350627
0.00035063
0.000350632
0.000350635
0.000350637
0.000350639
0.00035064
0.000350641
0.000350642
0.000350642
0.000350643
0.000350643
0.000350642
0.000350642
0.000350641
0.00035064
0.000350639
0.000350638
0.000350637
0.000350636
0.000350634
0.000350633
0.000350631
0.00035063
0.000350628
0.000350626
0.000350624
0.000350623
0.000350621
0.000350619
0.000350617
0.000350615
0.000350612
0.00035061
0.000350608
0.000350606
0.000350603
0.000350601
0.000350598
0.000350595
0.000350592
0.000350588
0.000350583
0.000350578
0.000350574
0.00035057
0.000350567
0.000350564
0.000350561
0.000350559
0.000350557
0.000350555
0.000350553
0.000350552
0.000350548
0.000366153
0.000366159
0.000366162
0.000366164
0.000366166
0.000366168
0.00036617
0.000366172
0.000366173
0.000366175
0.000366176
0.000366177
0.000366178
0.000366178
0.000366178
0.000366178
0.000366178
0.000366177
0.000366176
0.000366175
0.000366174
0.000366173
0.000366171
0.00036617
0.000366168
0.000366167
0.000366165
0.000366163
0.000366161
0.000366159
0.000366157
0.000366155
0.000366153
0.000366151
0.000366148
0.000366146
0.000366144
0.000366141
0.000366138
0.000366136
0.000366133
0.000366131
0.000366128
0.000366125
0.000366122
0.000366118
0.000366113
0.000366109
0.000366104
0.0003661
0.000366096
0.000366093
0.00036609
0.000366087
0.000366084
0.000366082
0.000366079
0.000366078
0.000366071
0.000382194
0.000382202
0.000382205
0.000382206
0.000382208
0.000382209
0.000382211
0.000382212
0.000382213
0.000382214
0.000382215
0.000382216
0.000382216
0.000382216
0.000382216
0.000382216
0.000382215
0.000382214
0.000382213
0.000382212
0.000382211
0.000382209
0.000382208
0.000382206
0.000382204
0.000382202
0.0003822
0.000382198
0.000382196
0.000382194
0.000382191
0.000382189
0.000382186
0.000382184
0.000382181
0.000382179
0.000382176
0.000382173
0.00038217
0.000382167
0.000382164
0.000382161
0.000382158
0.000382155
0.000382152
0.000382148
0.000382144
0.00038214
0.000382135
0.000382131
0.000382126
0.000382123
0.000382119
0.000382115
0.000382112
0.000382109
0.000382106
0.000382105
0.000382096
0.000398768
0.000398779
0.000398782
0.000398783
0.000398784
0.000398785
0.000398786
0.000398786
0.000398787
0.000398788
0.000398788
0.000398788
0.000398788
0.000398788
0.000398788
0.000398787
0.000398786
0.000398785
0.000398784
0.000398782
0.000398781
0.000398779
0.000398777
0.000398775
0.000398773
0.000398771
0.000398768
0.000398766
0.000398763
0.000398761
0.000398758
0.000398755
0.000398752
0.000398749
0.000398747
0.000398744
0.00039874
0.000398737
0.000398734
0.000398731
0.000398727
0.000398724
0.000398721
0.000398717
0.000398714
0.00039871
0.000398706
0.000398701
0.000398697
0.000398692
0.000398688
0.000398683
0.000398679
0.000398675
0.000398671
0.000398668
0.000398664
0.000398663
0.000398651
0.000415908
0.000415922
0.000415926
0.000415926
0.000415927
0.000415927
0.000415927
0.000415927
0.000415927
0.000415927
0.000415927
0.000415927
0.000415926
0.000415926
0.000415925
0.000415924
0.000415923
0.000415921
0.00041592
0.000415918
0.000415916
0.000415913
0.000415911
0.000415909
0.000415906
0.000415904
0.000415901
0.000415898
0.000415895
0.000415892
0.000415889
0.000415886
0.000415882
0.000415879
0.000415876
0.000415872
0.000415869
0.000415865
0.000415862
0.000415858
0.000415854
0.00041585
0.000415847
0.000415843
0.000415839
0.000415835
0.00041583
0.000415826
0.000415821
0.000415816
0.000415812
0.000415807
0.000415802
0.000415798
0.000415794
0.00041579
0.000415785
0.000415784
0.000415769
0.000433647
0.000433664
0.000433668
0.000433669
0.000433669
0.000433668
0.000433668
0.000433667
0.000433667
0.000433666
0.000433665
0.000433664
0.000433663
0.000433662
0.000433661
0.000433659
0.000433658
0.000433656
0.000433653
0.000433651
0.000433649
0.000433646
0.000433643
0.00043364
0.000433637
0.000433634
0.000433631
0.000433628
0.000433624
0.000433621
0.000433617
0.000433613
0.00043361
0.000433606
0.000433602
0.000433598
0.000433594
0.00043359
0.000433586
0.000433582
0.000433578
0.000433573
0.000433569
0.000433565
0.00043356
0.000433556
0.000433551
0.000433547
0.000433542
0.000433537
0.000433531
0.000433526
0.000433521
0.000433517
0.000433512
0.000433507
0.000433502
0.000433501
0.000433483
0.000452018
0.00045204
0.000452044
0.000452045
0.000452044
0.000452043
0.000452042
0.000452041
0.000452039
0.000452038
0.000452036
0.000452034
0.000452033
0.000452031
0.000452029
0.000452027
0.000452025
0.000452022
0.00045202
0.000452017
0.000452014
0.00045201
0.000452007
0.000452004
0.000452
0.000451997
0.000451993
0.000451989
0.000451985
0.000451981
0.000451977
0.000451972
0.000451968
0.000451964
0.000451959
0.000451955
0.00045195
0.000451946
0.000451941
0.000451936
0.000451932
0.000451927
0.000451922
0.000451917
0.000451912
0.000451907
0.000451902
0.000451897
0.000451892
0.000451887
0.000451881
0.000451876
0.00045187
0.000451865
0.00045186
0.000451855
0.000451849
0.000451847
0.000451827
0.000471058
0.000471084
0.000471089
0.000471089
0.000471088
0.000471086
0.000471084
0.000471082
0.00047108
0.000471078
0.000471075
0.000471073
0.000471071
0.000471068
0.000471066
0.000471063
0.00047106
0.000471057
0.000471053
0.00047105
0.000471046
0.000471042
0.000471038
0.000471034
0.00047103
0.000471026
0.000471021
0.000471017
0.000471012
0.000471007
0.000471002
0.000470998
0.000470992
0.000470987
0.000470982
0.000470977
0.000470972
0.000470967
0.000470962
0.000470956
0.000470951
0.000470946
0.00047094
0.000470935
0.000470929
0.000470924
0.000470918
0.000470913
0.000470907
0.000470901
0.000470895
0.00047089
0.000470884
0.000470878
0.000470872
0.000470867
0.00047086
0.000470859
0.000470834
0.000490802
0.000490833
0.000490838
0.000490838
0.000490836
0.000490833
0.000490831
0.000490828
0.000490825
0.000490822
0.000490818
0.000490815
0.000490812
0.000490808
0.000490805
0.000490802
0.000490798
0.000490794
0.00049079
0.000490785
0.000490781
0.000490776
0.000490771
0.000490767
0.000490762
0.000490757
0.000490752
0.000490746
0.000490741
0.000490736
0.00049073
0.000490724
0.000490718
0.000490713
0.000490707
0.000490701
0.000490695
0.000490689
0.000490683
0.000490677
0.000490671
0.000490665
0.000490659
0.000490653
0.000490647
0.000490641
0.000490635
0.000490629
0.000490622
0.000490616
0.00049061
0.000490603
0.000490597
0.00049059
0.000490584
0.000490578
0.000490571
0.000490569
0.000490541
0.000511285
0.000511321
0.000511327
0.000511326
0.000511323
0.00051132
0.000511317
0.000511313
0.000511309
0.000511305
0.000511301
0.000511297
0.000511292
0.000511288
0.000511284
0.000511279
0.000511275
0.00051127
0.000511265
0.00051126
0.000511254
0.000511249
0.000511243
0.000511237
0.000511232
0.000511226
0.00051122
0.000511214
0.000511208
0.000511201
0.000511195
0.000511188
0.000511182
0.000511175
0.000511168
0.000511162
0.000511155
0.000511148
0.000511142
0.000511135
0.000511128
0.000511121
0.000511114
0.000511107
0.000511101
0.000511094
0.000511087
0.00051108
0.000511073
0.000511066
0.000511059
0.000511052
0.000511045
0.000511039
0.000511032
0.000511025
0.000511017
0.000511016
0.000510983
0.000532543
0.000532585
0.000532592
0.000532591
0.000532587
0.000532583
0.000532579
0.000532574
0.000532569
0.000532564
0.000532559
0.000532553
0.000532548
0.000532543
0.000532538
0.000532532
0.000532527
0.000532521
0.000532515
0.000532509
0.000532502
0.000532495
0.000532489
0.000532482
0.000532475
0.000532469
0.000532462
0.000532455
0.000532448
0.00053244
0.000532433
0.000532425
0.000532418
0.00053241
0.000532403
0.000532395
0.000532388
0.00053238
0.000532372
0.000532365
0.000532357
0.000532349
0.000532342
0.000532334
0.000532326
0.000532319
0.000532311
0.000532304
0.000532296
0.000532288
0.000532281
0.000532273
0.000532265
0.000532258
0.00053225
0.000532243
0.000532234
0.000532233
0.000532196
0.000554613
0.000554661
0.000554669
0.000554667
0.000554662
0.000554657
0.000554652
0.000554646
0.00055464
0.000554634
0.000554628
0.000554621
0.000554615
0.000554608
0.000554602
0.000554595
0.000554589
0.000554582
0.000554575
0.000554567
0.00055456
0.000554552
0.000554544
0.000554537
0.000554529
0.000554521
0.000554513
0.000554505
0.000554497
0.000554488
0.00055448
0.000554471
0.000554463
0.000554454
0.000554446
0.000554437
0.000554428
0.00055442
0.000554411
0.000554403
0.000554394
0.000554385
0.000554377
0.000554368
0.000554359
0.000554351
0.000554342
0.000554334
0.000554326
0.000554317
0.000554309
0.0005543
0.000554292
0.000554284
0.000554276
0.000554268
0.000554258
0.000554257
0.000554215
0.000577529
0.000577585
0.000577593
0.00057759
0.000577585
0.000577578
0.000577572
0.000577565
0.000577558
0.00057755
0.000577543
0.000577535
0.000577527
0.00057752
0.000577512
0.000577504
0.000577496
0.000577488
0.00057748
0.000577471
0.000577463
0.000577454
0.000577445
0.000577436
0.000577427
0.000577418
0.000577409
0.000577399
0.00057739
0.000577381
0.000577371
0.000577361
0.000577351
0.000577342
0.000577332
0.000577322
0.000577312
0.000577303
0.000577293
0.000577283
0.000577274
0.000577264
0.000577254
0.000577245
0.000577235
0.000577225
0.000577216
0.000577207
0.000577197
0.000577188
0.000577179
0.00057717
0.00057716
0.000577151
0.000577142
0.000577133
0.000577123
0.000577122
0.000577075
0.000601326
0.000601389
0.000601397
0.000601394
0.000601387
0.00060138
0.000601372
0.000601364
0.000601356
0.000601347
0.000601338
0.000601329
0.00060132
0.000601311
0.000601302
0.000601293
0.000601283
0.000601274
0.000601264
0.000601255
0.000601244
0.000601234
0.000601224
0.000601213
0.000601203
0.000601193
0.000601182
0.000601172
0.000601161
0.00060115
0.000601139
0.000601128
0.000601117
0.000601106
0.000601095
0.000601084
0.000601073
0.000601063
0.000601052
0.000601041
0.00060103
0.000601019
0.000601008
0.000600997
0.000600987
0.000600976
0.000600966
0.000600955
0.000600945
0.000600935
0.000600924
0.000600914
0.000600904
0.000600894
0.000600884
0.000600875
0.000600863
0.000600862
0.000600809
0.000626035
0.000626106
0.000626115
0.000626111
0.000626103
0.000626095
0.000626085
0.000626076
0.000626066
0.000626056
0.000626045
0.000626035
0.000626024
0.000626014
0.000626003
0.000625993
0.000625982
0.000625971
0.00062596
0.000625949
0.000625937
0.000625925
0.000625914
0.000625902
0.00062589
0.000625878
0.000625866
0.000625854
0.000625842
0.00062583
0.000625818
0.000625806
0.000625793
0.000625781
0.000625768
0.000625756
0.000625744
0.000625731
0.000625719
0.000625707
0.000625695
0.000625683
0.00062567
0.000625658
0.000625647
0.000625635
0.000625623
0.000625611
0.0006256
0.000625589
0.000625577
0.000625566
0.000625555
0.000625544
0.000625533
0.000625523
0.00062551
0.000625509
0.000625451
0.000651687
0.000651766
0.000651777
0.000651771
0.000651762
0.000651752
0.000651741
0.00065173
0.000651719
0.000651707
0.000651695
0.000651683
0.000651671
0.000651659
0.000651647
0.000651634
0.000651622
0.00065161
0.000651597
0.000651584
0.000651571
0.000651558
0.000651544
0.000651531
0.000651517
0.000651504
0.000651491
0.000651477
0.000651464
0.00065145
0.000651436
0.000651422
0.000651408
0.000651394
0.00065138
0.000651367
0.000651353
0.000651339
0.000651325
0.000651312
0.000651298
0.000651285
0.000651271
0.000651258
0.000651245
0.000651231
0.000651219
0.000651206
0.000651193
0.00065118
0.000651168
0.000651156
0.000651144
0.000651131
0.000651119
0.000651108
0.000651095
0.000651093
0.000651029
0.000678309
0.000678397
0.000678409
0.000678402
0.000678391
0.00067838
0.000678367
0.000678355
0.000678342
0.000678328
0.000678314
0.0006783
0.000678286
0.000678273
0.000678259
0.000678245
0.000678231
0.000678217
0.000678203
0.000678188
0.000678173
0.000678158
0.000678143
0.000678128
0.000678113
0.000678098
0.000678082
0.000678067
0.000678052
0.000678037
0.000678021
0.000678006
0.00067799
0.000677975
0.000677959
0.000677944
0.000677928
0.000677913
0.000677898
0.000677883
0.000677867
0.000677852
0.000677837
0.000677823
0.000677808
0.000677793
0.000677779
0.000677765
0.000677751
0.000677737
0.000677723
0.00067771
0.000677696
0.000677683
0.00067767
0.000677657
0.000677643
0.000677641
0.000677571
0.000705924
0.000706023
0.000706035
0.000706027
0.000706015
0.000706001
0.000705987
0.000705973
0.000705958
0.000705942
0.000705926
0.000705911
0.000705895
0.000705879
0.000705864
0.000705848
0.000705832
0.000705816
0.0007058
0.000705784
0.000705767
0.00070575
0.000705733
0.000705716
0.000705699
0.000705682
0.000705665
0.000705648
0.000705631
0.000705614
0.000705597
0.00070558
0.000705562
0.000705545
0.000705528
0.000705511
0.000705494
0.000705477
0.00070546
0.000705443
0.000705426
0.000705409
0.000705393
0.000705376
0.00070536
0.000705344
0.000705328
0.000705313
0.000705297
0.000705282
0.000705267
0.000705252
0.000705237
0.000705223
0.000705208
0.000705195
0.000705179
0.000705176
0.000705101
0.000734552
0.000734662
0.000734674
0.000734665
0.000734651
0.000734636
0.00073462
0.000734603
0.000734586
0.000734569
0.000734551
0.000734533
0.000734516
0.000734498
0.000734481
0.000734463
0.000734445
0.000734427
0.000734409
0.000734391
0.000734372
0.000734353
0.000734334
0.000734315
0.000734296
0.000734278
0.000734259
0.00073424
0.000734221
0.000734202
0.000734183
0.000734164
0.000734144
0.000734125
0.000734106
0.000734087
0.000734068
0.000734049
0.000734031
0.000734012
0.000733993
0.000733975
0.000733957
0.000733939
0.000733921
0.000733903
0.000733886
0.000733868
0.000733851
0.000733835
0.000733818
0.000733802
0.000733786
0.00073377
0.000733754
0.000733739
0.000733722
0.000733719
0.000733637
0.000764208
0.000764328
0.000764342
0.000764331
0.000764315
0.000764298
0.00076428
0.000764261
0.000764242
0.000764222
0.000764203
0.000764183
0.000764163
0.000764143
0.000764124
0.000764104
0.000764084
0.000764064
0.000764044
0.000764023
0.000764003
0.000763982
0.000763961
0.00076394
0.000763918
0.000763898
0.000763877
0.000763856
0.000763835
0.000763814
0.000763793
0.000763772
0.00076375
0.000763729
0.000763708
0.000763687
0.000763666
0.000763645
0.000763625
0.000763604
0.000763584
0.000763563
0.000763543
0.000763523
0.000763504
0.000763484
0.000763465
0.000763446
0.000763427
0.000763409
0.000763391
0.000763373
0.000763355
0.000763338
0.000763321
0.000763305
0.000763286
0.000763282
0.000763194
0.000794899
0.000795031
0.000795046
0.000795033
0.000795015
0.000794995
0.000794975
0.000794954
0.000794933
0.000794911
0.000794889
0.000794867
0.000794845
0.000794823
0.000794801
0.000794779
0.000794757
0.000794735
0.000794712
0.00079469
0.000794667
0.000794644
0.00079462
0.000794597
0.000794574
0.000794551
0.000794527
0.000794504
0.000794481
0.000794458
0.000794435
0.000794412
0.000794388
0.000794365
0.000794342
0.000794319
0.000794296
0.000794273
0.00079425
0.000794228
0.000794205
0.000794183
0.000794161
0.000794139
0.000794118
0.000794096
0.000794075
0.000794054
0.000794034
0.000794014
0.000793994
0.000793974
0.000793955
0.000793936
0.000793918
0.0007939
0.000793879
0.000793875
0.000793781
0.000826627
0.000826771
0.000826786
0.000826773
0.000826752
0.00082673
0.000826707
0.000826684
0.00082666
0.000826636
0.000826612
0.000826587
0.000826563
0.000826538
0.000826514
0.00082649
0.000826465
0.000826441
0.000826416
0.000826391
0.000826366
0.00082634
0.000826315
0.000826289
0.000826263
0.000826238
0.000826213
0.000826187
0.000826162
0.000826137
0.000826111
0.000826086
0.00082606
0.000826034
0.000826009
0.000825984
0.000825958
0.000825933
0.000825909
0.000825884
0.00082586
0.000825835
0.000825811
0.000825787
0.000825764
0.00082574
0.000825717
0.000825695
0.000825672
0.00082565
0.000825629
0.000825608
0.000825587
0.000825566
0.000825546
0.000825526
0.000825504
0.000825499
0.000825399
0.000859385
0.000859542
0.000859558
0.000859542
0.000859519
0.000859495
0.000859469
0.000859444
0.000859418
0.000859391
0.000859364
0.000859337
0.00085931
0.000859283
0.000859256
0.000859229
0.000859203
0.000859176
0.000859149
0.000859121
0.000859093
0.000859066
0.000859038
0.000859009
0.000858981
0.000858954
0.000858926
0.000858898
0.00085887
0.000858843
0.000858815
0.000858787
0.000858759
0.000858731
0.000858703
0.000858676
0.000858648
0.000858621
0.000858594
0.000858567
0.00085854
0.000858514
0.000858488
0.000858462
0.000858436
0.000858411
0.000858386
0.000858361
0.000858337
0.000858313
0.000858289
0.000858266
0.000858243
0.000858221
0.000858199
0.000858178
0.000858154
0.000858148
0.000858042
0.000893159
0.000893329
0.000893346
0.000893328
0.000893302
0.000893275
0.000893247
0.000893219
0.00089319
0.000893161
0.000893131
0.000893101
0.000893072
0.000893042
0.000893013
0.000892983
0.000892954
0.000892925
0.000892895
0.000892865
0.000892835
0.000892804
0.000892774
0.000892743
0.000892713
0.000892682
0.000892652
0.000892622
0.000892592
0.000892561
0.000892531
0.000892501
0.000892471
0.00089244
0.00089241
0.00089238
0.00089235
0.00089232
0.000892291
0.000892262
0.000892233
0.000892204
0.000892176
0.000892148
0.00089212
0.000892092
0.000892065
0.000892038
0.000892012
0.000891986
0.00089196
0.000891935
0.000891911
0.000891887
0.000891863
0.00089184
0.000891815
0.000891807
0.000891696
0.000927923
0.000928106
0.000928124
0.000928104
0.000928076
0.000928046
0.000928015
0.000927984
0.000927952
0.00092792
0.000927888
0.000927855
0.000927823
0.000927791
0.000927759
0.000927727
0.000927695
0.000927663
0.00092763
0.000927598
0.000927565
0.000927532
0.000927499
0.000927466
0.000927433
0.000927399
0.000927367
0.000927334
0.000927301
0.000927268
0.000927236
0.000927203
0.00092717
0.000927137
0.000927105
0.000927072
0.00092704
0.000927008
0.000926976
0.000926944
0.000926913
0.000926882
0.000926851
0.000926821
0.00092679
0.000926761
0.000926731
0.000926702
0.000926674
0.000926646
0.000926618
0.000926591
0.000926564
0.000926538
0.000926513
0.000926488
0.000926461
0.000926452
0.000926336
0.000963643
0.00096384
0.000963858
0.000963836
0.000963805
0.000963772
0.000963738
0.000963704
0.00096367
0.000963635
0.0009636
0.000963564
0.000963529
0.000963494
0.000963459
0.000963425
0.00096339
0.000963355
0.00096332
0.000963285
0.000963249
0.000963214
0.000963178
0.000963142
0.000963106
0.00096307
0.000963035
0.000962999
0.000962964
0.000962929
0.000962894
0.000962858
0.000962823
0.000962788
0.000962752
0.000962717
0.000962682
0.000962648
0.000962613
0.000962579
0.000962546
0.000962512
0.000962479
0.000962446
0.000962414
0.000962382
0.00096235
0.000962319
0.000962288
0.000962258
0.000962228
0.000962199
0.00096217
0.000962142
0.000962114
0.000962088
0.000962059
0.000962049
0.000961927
0.00100027
0.00100048
0.0010005
0.00100048
0.00100044
0.00100041
0.00100037
0.00100033
0.0010003
0.00100026
0.00100022
0.00100018
0.00100014
0.00100011
0.00100007
0.00100003
0.000999993
0.000999955
0.000999918
0.00099988
0.000999842
0.000999803
0.000999765
0.000999726
0.000999687
0.000999649
0.000999611
0.000999573
0.000999535
0.000999497
0.000999459
0.000999421
0.000999383
0.000999345
0.000999307
0.00099927
0.000999232
0.000999195
0.000999158
0.000999122
0.000999085
0.000999049
0.000999014
0.000998979
0.000998944
0.000998909
0.000998875
0.000998841
0.000998808
0.000998776
0.000998744
0.000998713
0.000998682
0.000998652
0.000998622
0.000998594
0.000998563
0.000998551
0.000998425
0.00103775
0.00103798
0.001038
0.00103797
0.00103793
0.00103789
0.00103785
0.00103781
0.00103777
0.00103773
0.00103769
0.00103765
0.00103761
0.00103757
0.00103753
0.00103749
0.00103745
0.00103741
0.00103737
0.00103732
0.00103728
0.00103724
0.0010372
0.00103716
0.00103712
0.00103708
0.00103704
0.001037
0.00103696
0.00103691
0.00103687
0.00103683
0.00103679
0.00103675
0.00103671
0.00103667
0.00103663
0.00103659
0.00103655
0.00103651
0.00103647
0.00103644
0.0010364
0.00103636
0.00103632
0.00103629
0.00103625
0.00103621
0.00103618
0.00103614
0.00103611
0.00103608
0.00103604
0.00103601
0.00103598
0.00103595
0.00103592
0.0010359
0.00103577
0.00107601
0.00107625
0.00107627
0.00107624
0.0010762
0.00107616
0.00107612
0.00107607
0.00107603
0.00107599
0.00107594
0.0010759
0.00107585
0.00107581
0.00107577
0.00107572
0.00107568
0.00107564
0.00107559
0.00107555
0.00107551
0.00107546
0.00107542
0.00107537
0.00107533
0.00107529
0.00107524
0.0010752
0.00107515
0.00107511
0.00107507
0.00107503
0.00107498
0.00107494
0.0010749
0.00107485
0.00107481
0.00107477
0.00107473
0.00107468
0.00107464
0.0010746
0.00107456
0.00107452
0.00107448
0.00107444
0.0010744
0.00107437
0.00107433
0.00107429
0.00107425
0.00107422
0.00107418
0.00107415
0.00107412
0.00107408
0.00107405
0.00107403
0.0010739
0.00111497
0.00111522
0.00111524
0.00111521
0.00111517
0.00111512
0.00111508
0.00111503
0.00111498
0.00111494
0.00111489
0.00111484
0.00111479
0.00111475
0.0011147
0.00111465
0.00111461
0.00111456
0.00111452
0.00111447
0.00111442
0.00111438
0.00111433
0.00111428
0.00111424
0.00111419
0.00111414
0.0011141
0.00111405
0.00111401
0.00111396
0.00111391
0.00111387
0.00111382
0.00111378
0.00111373
0.00111369
0.00111364
0.0011136
0.00111355
0.00111351
0.00111347
0.00111342
0.00111338
0.00111334
0.0011133
0.00111325
0.00111321
0.00111317
0.00111313
0.0011131
0.00111306
0.00111302
0.00111298
0.00111295
0.00111291
0.00111288
0.00111286
0.00111273
0.00115453
0.00115479
0.00115481
0.00115478
0.00115473
0.00115468
0.00115464
0.00115459
0.00115454
0.00115449
0.00115444
0.00115439
0.00115434
0.00115429
0.00115424
0.00115419
0.00115414
0.00115409
0.00115404
0.00115399
0.00115394
0.00115389
0.00115384
0.0011538
0.00115375
0.0011537
0.00115365
0.0011536
0.00115355
0.0011535
0.00115345
0.0011534
0.00115336
0.00115331
0.00115326
0.00115321
0.00115316
0.00115312
0.00115307
0.00115302
0.00115298
0.00115293
0.00115289
0.00115284
0.0011528
0.00115275
0.00115271
0.00115266
0.00115262
0.00115258
0.00115254
0.0011525
0.00115246
0.00115242
0.00115238
0.00115235
0.00115231
0.00115229
0.00115215
0.00119458
0.00119485
0.00119488
0.00119484
0.00119479
0.00119474
0.00119469
0.00119463
0.00119458
0.00119453
0.00119448
0.00119442
0.00119437
0.00119432
0.00119427
0.00119421
0.00119416
0.00119411
0.00119406
0.00119401
0.00119395
0.0011939
0.00119385
0.0011938
0.00119375
0.0011937
0.00119364
0.00119359
0.00119354
0.00119349
0.00119344
0.00119339
0.00119334
0.00119329
0.00119324
0.00119319
0.00119314
0.00119309
0.00119304
0.00119299
0.00119294
0.00119289
0.00119284
0.00119279
0.00119275
0.0011927
0.00119266
0.00119261
0.00119257
0.00119252
0.00119248
0.00119244
0.00119239
0.00119235
0.00119231
0.00119227
0.00119223
0.00119221
0.00119208
0.001235
0.00123529
0.00123531
0.00123527
0.00123522
0.00123516
0.00123511
0.00123505
0.001235
0.00123494
0.00123489
0.00123483
0.00123477
0.00123472
0.00123466
0.00123461
0.00123455
0.0012345
0.00123445
0.00123439
0.00123434
0.00123428
0.00123423
0.00123417
0.00123412
0.00123407
0.00123401
0.00123396
0.0012339
0.00123385
0.0012338
0.00123374
0.00123369
0.00123364
0.00123359
0.00123353
0.00123348
0.00123343
0.00123338
0.00123332
0.00123327
0.00123322
0.00123317
0.00123312
0.00123307
0.00123303
0.00123298
0.00123293
0.00123288
0.00123284
0.00123279
0.00123275
0.0012327
0.00123266
0.00123262
0.00123258
0.00123253
0.00123251
0.00123238
0.00127566
0.00127596
0.00127598
0.00127594
0.00127588
0.00127582
0.00127577
0.00127571
0.00127565
0.00127559
0.00127553
0.00127547
0.00127542
0.00127536
0.0012753
0.00127524
0.00127519
0.00127513
0.00127507
0.00127502
0.00127496
0.0012749
0.00127485
0.00127479
0.00127473
0.00127468
0.00127462
0.00127456
0.00127451
0.00127445
0.0012744
0.00127434
0.00127429
0.00127423
0.00127418
0.00127412
0.00127407
0.00127401
0.00127396
0.0012739
0.00127385
0.0012738
0.00127375
0.00127369
0.00127364
0.00127359
0.00127354
0.00127349
0.00127344
0.00127339
0.00127335
0.0012733
0.00127325
0.00127321
0.00127317
0.00127312
0.00127308
0.00127305
0.00127292
0.00131641
0.00131672
0.00131674
0.00131669
0.00131664
0.00131658
0.00131652
0.00131646
0.0013164
0.00131633
0.00131627
0.00131621
0.00131615
0.00131609
0.00131603
0.00131597
0.00131591
0.00131585
0.00131579
0.00131573
0.00131568
0.00131562
0.00131556
0.0013155
0.00131544
0.00131538
0.00131532
0.00131526
0.00131521
0.00131515
0.00131509
0.00131503
0.00131498
0.00131492
0.00131486
0.00131481
0.00131475
0.00131469
0.00131464
0.00131458
0.00131453
0.00131447
0.00131442
0.00131436
0.00131431
0.00131426
0.0013142
0.00131415
0.0013141
0.00131405
0.001314
0.00131395
0.00131391
0.00131386
0.00131381
0.00131377
0.00131372
0.00131369
0.00131356
0.0013571
0.00135742
0.00135744
0.00135739
0.00135733
0.00135727
0.00135721
0.00135714
0.00135708
0.00135702
0.00135695
0.00135689
0.00135683
0.00135676
0.0013567
0.00135664
0.00135658
0.00135652
0.00135646
0.0013564
0.00135633
0.00135627
0.00135621
0.00135615
0.00135609
0.00135603
0.00135597
0.00135591
0.00135585
0.00135579
0.00135573
0.00135567
0.00135561
0.00135555
0.0013555
0.00135544
0.00135538
0.00135532
0.00135526
0.0013552
0.00135515
0.00135509
0.00135503
0.00135498
0.00135492
0.00135487
0.00135482
0.00135476
0.00135471
0.00135466
0.00135461
0.00135456
0.00135451
0.00135446
0.00135441
0.00135436
0.00135432
0.00135428
0.00135416
0.00139757
0.00139789
0.00139791
0.00139786
0.0013978
0.00139774
0.00139767
0.00139761
0.00139754
0.00139748
0.00139741
0.00139735
0.00139728
0.00139722
0.00139715
0.00139709
0.00139702
0.00139696
0.0013969
0.00139684
0.00139677
0.00139671
0.00139665
0.00139659
0.00139652
0.00139646
0.0013964
0.00139634
0.00139628
0.00139621
0.00139615
0.00139609
0.00139603
0.00139597
0.00139591
0.00139585
0.00139579
0.00139573
0.00139567
0.00139561
0.00139555
0.0013955
0.00139544
0.00139538
0.00139532
0.00139527
0.00139521
0.00139516
0.0013951
0.00139505
0.001395
0.00139494
0.00139489
0.00139484
0.00139479
0.00139475
0.0013947
0.00139466
0.00139454
0.00143765
0.00143797
0.00143799
0.00143795
0.00143788
0.00143782
0.00143775
0.00143768
0.00143761
0.00143755
0.00143748
0.00143741
0.00143735
0.00143728
0.00143721
0.00143715
0.00143708
0.00143702
0.00143695
0.00143689
0.00143683
0.00143676
0.0014367
0.00143663
0.00143657
0.00143651
0.00143644
0.00143638
0.00143632
0.00143625
0.00143619
0.00143613
0.00143607
0.00143601
0.00143595
0.00143588
0.00143582
0.00143576
0.0014357
0.00143564
0.00143558
0.00143552
0.00143546
0.0014354
0.00143535
0.00143529
0.00143523
0.00143517
0.00143512
0.00143506
0.00143501
0.00143496
0.0014349
0.00143485
0.0014348
0.00143475
0.0014347
0.00143466
0.00143454
0.00147716
0.00147749
0.00147751
0.00147746
0.0014774
0.00147733
0.00147726
0.00147719
0.00147712
0.00147706
0.00147699
0.00147692
0.00147685
0.00147678
0.00147671
0.00147665
0.00147658
0.00147652
0.00147645
0.00147639
0.00147632
0.00147626
0.00147619
0.00147613
0.00147606
0.001476
0.00147593
0.00147587
0.0014758
0.00147574
0.00147568
0.00147561
0.00147555
0.00147549
0.00147543
0.00147536
0.0014753
0.00147524
0.00147518
0.00147512
0.00147506
0.00147499
0.00147493
0.00147487
0.00147482
0.00147476
0.0014747
0.00147464
0.00147458
0.00147453
0.00147447
0.00147442
0.00147436
0.00147431
0.00147426
0.00147421
0.00147416
0.00147412
0.001474
0.00151594
0.00151628
0.0015163
0.00151624
0.00151618
0.00151611
0.00151604
0.00151597
0.0015159
0.00151583
0.00151576
0.00151569
0.00151562
0.00151555
0.00151548
0.00151542
0.00151535
0.00151528
0.00151522
0.00151515
0.00151508
0.00151502
0.00151495
0.00151489
0.00151482
0.00151476
0.00151469
0.00151463
0.00151456
0.0015145
0.00151443
0.00151437
0.00151431
0.00151424
0.00151418
0.00151412
0.00151405
0.00151399
0.00151393
0.00151387
0.00151381
0.00151374
0.00151368
0.00151362
0.00151356
0.0015135
0.00151344
0.00151339
0.00151333
0.00151327
0.00151321
0.00151316
0.0015131
0.00151305
0.001513
0.00151295
0.00151289
0.00151285
0.00151274
0.00155381
0.00155415
0.00155417
0.00155412
0.00155405
0.00155398
0.00155391
0.00155384
0.00155377
0.0015537
0.00155363
0.00155356
0.00155349
0.00155342
0.00155335
0.00155328
0.00155321
0.00155315
0.00155308
0.00155301
0.00155295
0.00155288
0.00155281
0.00155275
0.00155268
0.00155262
0.00155255
0.00155249
0.00155242
0.00155236
0.00155229
0.00155223
0.00155216
0.0015521
0.00155204
0.00155197
0.00155191
0.00155185
0.00155179
0.00155172
0.00155166
0.0015516
0.00155154
0.00155148
0.00155142
0.00155136
0.0015513
0.00155124
0.00155118
0.00155112
0.00155107
0.00155101
0.00155095
0.0015509
0.00155084
0.00155079
0.00155074
0.0015507
0.00155059
0.00159061
0.00159095
0.00159096
0.00159091
0.00159085
0.00159078
0.0015907
0.00159063
0.00159056
0.00159049
0.00159042
0.00159035
0.00159028
0.00159021
0.00159014
0.00159007
0.00159001
0.00158994
0.00158987
0.00158981
0.00158974
0.00158967
0.00158961
0.00158954
0.00158948
0.00158941
0.00158934
0.00158928
0.00158921
0.00158915
0.00158909
0.00158902
0.00158896
0.00158889
0.00158883
0.00158877
0.00158871
0.00158864
0.00158858
0.00158852
0.00158845
0.00158839
0.00158833
0.00158827
0.00158821
0.00158815
0.00158809
0.00158803
0.00158797
0.00158791
0.00158786
0.0015878
0.00158774
0.00158769
0.00158763
0.00158758
0.00158753
0.00158748
0.00158739
0.00162617
0.00162651
0.00162652
0.00162647
0.0016264
0.00162633
0.00162626
0.00162619
0.00162612
0.00162605
0.00162598
0.00162591
0.00162584
0.00162577
0.0016257
0.00162564
0.00162557
0.0016255
0.00162543
0.00162537
0.0016253
0.00162524
0.00162517
0.00162511
0.00162504
0.00162497
0.00162491
0.00162484
0.00162478
0.00162472
0.00162465
0.00162459
0.00162453
0.00162446
0.0016244
0.00162434
0.00162427
0.00162421
0.00162415
0.00162409
0.00162403
0.00162396
0.0016239
0.00162384
0.00162378
0.00162372
0.00162366
0.0016236
0.00162354
0.00162349
0.00162343
0.00162337
0.00162332
0.00162326
0.00162321
0.00162315
0.0016231
0.00162305
0.00162297
0.00166035
0.00166067
0.00166069
0.00166064
0.00166057
0.0016605
0.00166043
0.00166036
0.00166029
0.00166022
0.00166016
0.00166009
0.00166002
0.00165995
0.00165988
0.00165981
0.00165975
0.00165968
0.00165961
0.00165955
0.00165948
0.00165942
0.00165935
0.00165929
0.00165922
0.00165916
0.0016591
0.00165903
0.00165897
0.0016589
0.00165884
0.00165878
0.00165872
0.00165865
0.00165859
0.00165853
0.00165847
0.00165841
0.00165835
0.00165828
0.00165822
0.00165816
0.0016581
0.00165804
0.00165798
0.00165792
0.00165786
0.0016578
0.00165775
0.00165769
0.00165763
0.00165757
0.00165752
0.00165746
0.00165741
0.00165736
0.0016573
0.00165725
0.00165717
0.001693
0.00169332
0.00169333
0.00169328
0.00169321
0.00169315
0.00169308
0.00169301
0.00169294
0.00169287
0.0016928
0.00169274
0.00169267
0.0016926
0.00169253
0.00169247
0.0016924
0.00169234
0.00169227
0.00169221
0.00169214
0.00169208
0.00169202
0.00169195
0.00169189
0.00169183
0.00169176
0.0016917
0.00169164
0.00169158
0.00169152
0.00169145
0.00169139
0.00169133
0.00169127
0.00169121
0.00169115
0.00169109
0.00169103
0.00169097
0.00169091
0.00169085
0.00169079
0.00169073
0.00169067
0.00169061
0.00169055
0.0016905
0.00169044
0.00169038
0.00169032
0.00169027
0.00169021
0.00169016
0.0016901
0.00169005
0.00169
0.00168995
0.00168988
0.00172399
0.00172431
0.00172432
0.00172427
0.00172421
0.00172414
0.00172407
0.00172401
0.00172394
0.00172387
0.00172381
0.00172374
0.00172367
0.00172361
0.00172354
0.00172348
0.00172341
0.00172335
0.00172329
0.00172322
0.00172316
0.0017231
0.00172304
0.00172298
0.00172292
0.00172285
0.00172279
0.00172273
0.00172267
0.00172261
0.00172255
0.00172249
0.00172243
0.00172237
0.00172231
0.00172225
0.00172219
0.00172213
0.00172208
0.00172202
0.00172196
0.0017219
0.00172184
0.00172178
0.00172173
0.00172167
0.00172161
0.00172155
0.0017215
0.00172144
0.00172139
0.00172133
0.00172128
0.00172122
0.00172117
0.00172112
0.00172106
0.00172102
0.00172095
0.00175324
0.00175354
0.00175355
0.0017535
0.00175344
0.00175338
0.00175331
0.00175325
0.00175318
0.00175312
0.00175306
0.00175299
0.00175293
0.00175286
0.0017528
0.00175274
0.00175268
0.00175261
0.00175255
0.00175249
0.00175243
0.00175237
0.00175231
0.00175225
0.00175219
0.00175213
0.00175207
0.00175202
0.00175196
0.0017519
0.00175184
0.00175178
0.00175172
0.00175167
0.00175161
0.00175155
0.00175149
0.00175144
0.00175138
0.00175132
0.00175127
0.00175121
0.00175115
0.0017511
0.00175104
0.00175098
0.00175093
0.00175087
0.00175082
0.00175076
0.00175071
0.00175065
0.0017506
0.00175055
0.0017505
0.00175044
0.00175039
0.00175034
0.00175028
0.00178064
0.00178093
0.00178094
0.0017809
0.00178084
0.00178078
0.00178071
0.00178065
0.00178059
0.00178053
0.00178047
0.00178041
0.00178034
0.00178028
0.00178022
0.00178016
0.0017801
0.00178004
0.00177998
0.00177992
0.00177987
0.00177981
0.00177975
0.00177969
0.00177964
0.00177958
0.00177952
0.00177947
0.00177941
0.00177935
0.0017793
0.00177924
0.00177919
0.00177913
0.00177907
0.00177902
0.00177896
0.00177891
0.00177885
0.0017788
0.00177875
0.00177869
0.00177864
0.00177858
0.00177853
0.00177847
0.00177842
0.00177837
0.00177831
0.00177826
0.00177821
0.00177815
0.0017781
0.00177805
0.001778
0.00177795
0.0017779
0.00177785
0.0017778
0.00180614
0.00180642
0.00180643
0.00180638
0.00180633
0.00180627
0.00180621
0.00180615
0.00180609
0.00180603
0.00180597
0.00180592
0.00180586
0.0018058
0.00180574
0.00180568
0.00180563
0.00180557
0.00180551
0.00180546
0.0018054
0.00180535
0.00180529
0.00180524
0.00180518
0.00180513
0.00180507
0.00180502
0.00180497
0.00180491
0.00180486
0.0018048
0.00180475
0.0018047
0.00180465
0.00180459
0.00180454
0.00180449
0.00180444
0.00180438
0.00180433
0.00180428
0.00180423
0.00180417
0.00180412
0.00180407
0.00180402
0.00180397
0.00180391
0.00180386
0.00180381
0.00180376
0.00180371
0.00180366
0.00180361
0.00180356
0.00180351
0.00180347
0.00180342
0.00182969
0.00182995
0.00182996
0.00182992
0.00182987
0.00182981
0.00182976
0.0018297
0.00182965
0.00182959
0.00182953
0.00182948
0.00182942
0.00182937
0.00182931
0.00182926
0.0018292
0.00182915
0.0018291
0.00182904
0.00182899
0.00182894
0.00182889
0.00182884
0.00182879
0.00182873
0.00182868
0.00182863
0.00182858
0.00182853
0.00182848
0.00182843
0.00182838
0.00182833
0.00182828
0.00182823
0.00182818
0.00182813
0.00182808
0.00182803
0.00182798
0.00182793
0.00182788
0.00182783
0.00182778
0.00182773
0.00182768
0.00182763
0.00182758
0.00182753
0.00182748
0.00182743
0.00182738
0.00182734
0.00182729
0.00182724
0.00182719
0.00182715
0.0018271
0.00185127
0.00185152
0.00185153
0.00185149
0.00185144
0.00185139
0.00185133
0.00185128
0.00185123
0.00185118
0.00185113
0.00185107
0.00185102
0.00185097
0.00185092
0.00185087
0.00185082
0.00185077
0.00185072
0.00185067
0.00185062
0.00185057
0.00185052
0.00185047
0.00185042
0.00185037
0.00185032
0.00185028
0.00185023
0.00185018
0.00185013
0.00185008
0.00185004
0.00184999
0.00184994
0.00184989
0.00184985
0.0018498
0.00184975
0.00184971
0.00184966
0.00184961
0.00184956
0.00184952
0.00184947
0.00184942
0.00184938
0.00184933
0.00184928
0.00184924
0.00184919
0.00184914
0.0018491
0.00184905
0.00184901
0.00184896
0.00184891
0.00184887
0.00184883
0.00187088
0.00187111
0.00187112
0.00187109
0.00187104
0.00187099
0.00187094
0.00187089
0.00187085
0.0018708
0.00187075
0.0018707
0.00187065
0.0018706
0.00187056
0.00187051
0.00187046
0.00187041
0.00187037
0.00187032
0.00187027
0.00187023
0.00187018
0.00187014
0.00187009
0.00187004
0.00187
0.00186995
0.00186991
0.00186986
0.00186982
0.00186977
0.00186973
0.00186969
0.00186964
0.0018696
0.00186955
0.00186951
0.00186946
0.00186942
0.00186938
0.00186933
0.00186929
0.00186924
0.0018692
0.00186915
0.00186911
0.00186907
0.00186902
0.00186898
0.00186893
0.00186889
0.00186885
0.0018688
0.00186876
0.00186872
0.00186867
0.00186863
0.0018686
0.00188853
0.00188876
0.00188877
0.00188873
0.00188869
0.00188865
0.0018886
0.00188855
0.00188851
0.00188846
0.00188842
0.00188837
0.00188833
0.00188828
0.00188824
0.00188819
0.00188815
0.00188811
0.00188806
0.00188802
0.00188798
0.00188793
0.00188789
0.00188785
0.00188781
0.00188776
0.00188772
0.00188768
0.00188764
0.0018876
0.00188756
0.00188751
0.00188747
0.00188743
0.00188739
0.00188735
0.00188731
0.00188727
0.00188723
0.00188718
0.00188714
0.0018871
0.00188706
0.00188702
0.00188698
0.00188694
0.00188689
0.00188685
0.00188681
0.00188677
0.00188673
0.00188669
0.00188665
0.00188661
0.00188656
0.00188652
0.00188648
0.00188644
0.00188641
0.00190428
0.00190448
0.00190449
0.00190446
0.00190442
0.00190438
0.00190434
0.0019043
0.00190425
0.00190421
0.00190417
0.00190413
0.00190409
0.00190404
0.001904
0.00190396
0.00190392
0.00190388
0.00190384
0.0019038
0.00190376
0.00190372
0.00190368
0.00190364
0.0019036
0.00190356
0.00190352
0.00190349
0.00190345
0.00190341
0.00190337
0.00190333
0.00190329
0.00190326
0.00190322
0.00190318
0.00190314
0.0019031
0.00190307
0.00190303
0.00190299
0.00190295
0.00190291
0.00190288
0.00190284
0.0019028
0.00190276
0.00190272
0.00190268
0.00190264
0.00190261
0.00190257
0.00190253
0.00190249
0.00190245
0.00190241
0.00190237
0.00190234
0.00190231
0.00191814
0.00191834
0.00191835
0.00191832
0.00191828
0.00191824
0.0019182
0.00191816
0.00191812
0.00191808
0.00191804
0.001918
0.00191796
0.00191792
0.00191788
0.00191785
0.00191781
0.00191777
0.00191773
0.0019177
0.00191766
0.00191762
0.00191759
0.00191755
0.00191752
0.00191748
0.00191745
0.00191741
0.00191738
0.00191734
0.00191731
0.00191727
0.00191724
0.0019172
0.00191717
0.00191713
0.0019171
0.00191706
0.00191703
0.00191699
0.00191696
0.00191692
0.00191689
0.00191685
0.00191682
0.00191678
0.00191675
0.00191671
0.00191668
0.00191664
0.0019166
0.00191657
0.00191653
0.0019165
0.00191646
0.00191642
0.00191639
0.00191635
0.00191633
0.00193019
0.00193037
0.00193038
0.00193035
0.00193032
0.00193028
0.00193024
0.0019302
0.00193016
0.00193012
0.00193008
0.00193004
0.00193001
0.00192997
0.00192994
0.0019299
0.00192987
0.00192983
0.0019298
0.00192977
0.00192973
0.0019297
0.00192967
0.00192964
0.0019296
0.00192957
0.00192954
0.00192951
0.00192948
0.00192945
0.00192941
0.00192938
0.00192935
0.00192932
0.00192929
0.00192926
0.00192923
0.00192919
0.00192916
0.00192913
0.0019291
0.00192907
0.00192903
0.001929
0.00192897
0.00192894
0.0019289
0.00192887
0.00192884
0.00192881
0.00192877
0.00192874
0.00192871
0.00192867
0.00192864
0.00192861
0.00192857
0.00192854
0.00192852
0.00194047
0.00194064
0.00194064
0.00194061
0.00194057
0.00194053
0.00194049
0.00194045
0.00194041
0.00194037
0.00194033
0.0019403
0.00194027
0.00194023
0.0019402
0.00194017
0.00194014
0.00194011
0.00194008
0.00194005
0.00194002
0.00193999
0.00193996
0.00193994
0.00193991
0.00193988
0.00193985
0.00193982
0.0019398
0.00193977
0.00193974
0.00193971
0.00193968
0.00193965
0.00193963
0.0019396
0.00193957
0.00193954
0.00193951
0.00193948
0.00193945
0.00193943
0.0019394
0.00193937
0.00193934
0.00193931
0.00193928
0.00193925
0.00193922
0.00193919
0.00193916
0.00193913
0.0019391
0.00193907
0.00193904
0.001939
0.00193897
0.00193894
0.00193892
0.00194902
0.00194917
0.00194916
0.00194912
0.00194907
0.00194902
0.00194898
0.00194894
0.0019489
0.00194887
0.00194884
0.00194881
0.00194878
0.00194875
0.00194872
0.0019487
0.00194867
0.00194864
0.00194862
0.00194859
0.00194857
0.00194854
0.00194852
0.00194849
0.00194847
0.00194844
0.00194842
0.00194839
0.00194837
0.00194835
0.00194832
0.0019483
0.00194827
0.00194825
0.00194822
0.0019482
0.00194817
0.00194815
0.00194812
0.00194809
0.00194807
0.00194804
0.00194802
0.00194799
0.00194796
0.00194794
0.00194791
0.00194788
0.00194785
0.00194783
0.0019478
0.00194777
0.00194774
0.00194771
0.00194769
0.00194766
0.00194763
0.0019476
0.00194759
0.00195586
0.00195597
0.00195593
0.00195587
0.00195582
0.00195577
0.00195574
0.0019557
0.00195567
0.00195564
0.00195562
0.00195559
0.00195557
0.00195555
0.00195552
0.0019555
0.00195548
0.00195546
0.00195544
0.00195542
0.00195539
0.00195537
0.00195535
0.00195533
0.00195531
0.00195529
0.00195527
0.00195525
0.00195523
0.00195521
0.00195519
0.00195516
0.00195514
0.00195512
0.0019551
0.00195508
0.00195505
0.00195503
0.00195501
0.00195499
0.00195496
0.00195494
0.00195492
0.00195489
0.00195487
0.00195484
0.00195482
0.00195479
0.00195477
0.00195474
0.00195472
0.00195469
0.00195467
0.00195464
0.00195461
0.00195459
0.00195456
0.00195454
0.00195452
0.00196096
0.00196097
0.0019609
0.00196085
0.00196081
0.00196078
0.00196075
0.00196073
0.00196071
0.00196069
0.00196068
0.00196066
0.00196064
0.00196062
0.00196061
0.00196059
0.00196058
0.00196056
0.00196054
0.00196053
0.00196051
0.00196049
0.00196048
0.00196046
0.00196044
0.00196043
0.00196041
0.00196039
0.00196037
0.00196036
0.00196034
0.00196032
0.0019603
0.00196028
0.00196026
0.00196024
0.00196022
0.0019602
0.00196018
0.00196016
0.00196014
0.00196012
0.0019601
0.00196008
0.00196006
0.00196003
0.00196001
0.00195999
0.00195997
0.00195994
0.00195992
0.0019599
0.00195987
0.00195985
0.00195982
0.0019598
0.00195978
0.00195975
0.00195974
)
;

boundaryField
{
    bottomWall
    {
        type            nutUWallFunction;
        Cmu             0.09;
        kappa           0.41;
        E               9.8;
        value           nonuniform 0();
    }
    topWall
    {
        type            nutUWallFunction;
        Cmu             0.09;
        kappa           0.41;
        E               9.8;
        value           nonuniform 0();
    }
    sides1_half0
    {
        type            cyclic;
    }
    sides1_half1
    {
        type            cyclic;
    }
    sides2_half0
    {
        type            cyclic;
    }
    sides2_half1
    {
        type            cyclic;
    }
    inout1_half0
    {
        type            cyclic;
    }
    inout1_half1
    {
        type            cyclic;
    }
    inout2_half0
    {
        type            cyclic;
    }
    inout2_half1
    {
        type            cyclic;
    }
    procBoundary4to2
    {
        type            processor;
        value           nonuniform List<scalar> 
59
(
0.00196309
0.00196322
0.00196329
0.00196331
0.00196332
0.00196332
0.00196331
0.00196331
0.0019633
0.00196329
0.00196328
0.00196327
0.00196326
0.00196325
0.00196324
0.00196323
0.00196322
0.00196321
0.0019632
0.00196319
0.00196318
0.00196316
0.00196315
0.00196314
0.00196312
0.00196311
0.0019631
0.00196308
0.00196307
0.00196305
0.00196304
0.00196302
0.00196301
0.00196299
0.00196297
0.00196295
0.00196294
0.00196292
0.0019629
0.00196288
0.00196286
0.00196285
0.00196283
0.00196281
0.00196279
0.00196277
0.00196275
0.00196273
0.0019627
0.00196268
0.00196266
0.00196264
0.00196262
0.0019626
0.00196257
0.00196255
0.00196253
0.00196251
0.00196248
)
;
    }
    procBoundary4to3
    {
        type            processor;
        value           nonuniform List<scalar> 
63
(
0.000229109
0.000229096
0.000229091
0.000229087
0.000229084
0.000229082
0.00022908
0.000229078
0.000229076
0.000229075
0.000229073
0.000229072
0.000229071
0.000229069
0.000229068
0.000229067
0.000229066
0.000229065
0.000229064
0.000229063
0.000229063
0.000229062
0.000229061
0.00022906
0.000229059
0.000229058
0.000229057
0.000229057
0.000229056
0.000229055
0.000229054
0.000229053
0.000229052
0.000229051
0.00022905
0.000229049
0.000229048
0.000229045
0.000241252
0.000241246
0.000241246
0.000241172
0.000241172
0.000241179
0.000253677
0.000253678
0.000253678
0.000253606
0.000253606
0.000253616
0.000253622
0.000253626
0.00025363
0.000253632
0.000253635
0.000253636
0.000253638
0.000253639
0.000253641
0.000253642
0.000253643
0.000253643
0.000253645
)
;
    }
    procBoundary4to5
    {
        type            processor;
        value           nonuniform List<scalar> 
132
(
0.000266412
0.00026636
0.000279501
0.000279446
0.000292936
0.00029288
0.000306739
0.000306685
0.000320934
0.000320883
0.000335546
0.000335499
0.000350602
0.00035056
0.00036613
0.000366093
0.000382159
0.000382129
0.000398721
0.000398697
0.000415846
0.00041583
0.000433568
0.000433561
0.000451922
0.000451923
0.000470941
0.000470951
0.000490661
0.000490682
0.000511118
0.00051115
0.000532349
0.000532391
0.000554387
0.000554442
0.000577269
0.000577336
0.000601029
0.000601109
0.000625698
0.000625791
0.000651306
0.000651414
0.000677881
0.000678003
0.000705446
0.000705584
0.00073402
0.000734175
0.000763619
0.00076379
0.000794249
0.000794438
0.000825914
0.00082612
0.000858606
0.00085883
0.000892311
0.000892554
0.000927004
0.000927265
0.000962651
0.000962931
0.000999206
0.000999504
0.00103661
0.00103693
0.0010748
0.00107513
0.00111368
0.00111403
0.00115317
0.00115353
0.00119315
0.00119352
0.0012335
0.00123389
0.0012741
0.00127449
0.00131479
0.0013152
0.00135543
0.00135584
0.00139585
0.00139627
0.00143589
0.00143631
0.00147538
0.0014758
0.00151414
0.00151455
0.00155201
0.00155241
0.00158881
0.0015892
0.00162438
0.00162477
0.00165858
0.00165895
0.00169126
0.00169162
0.0017223
0.00172265
0.00175159
0.00175193
0.00177905
0.00177938
0.00180462
0.00180493
0.00182824
0.00182854
0.00184989
0.00185019
0.00186958
0.00186988
0.00188731
0.00188761
0.00190313
0.00190343
0.00191707
0.00191738
0.00192919
0.0019295
0.00193952
0.00193984
0.00194812
0.00194845
0.00195501
0.00195534
0.00196019
0.00196048
)
;
    }
}


// ************************************************************************* //
