/*--------------------------------*- C++ -*----------------------------------*\
  =========                 |
  \\      /  F ield         | OpenFOAM: The Open Source CFD Toolbox
   \\    /   O peration     | Website:  https://openfoam.org
    \\  /    A nd           | Version:  7
     \\/     M anipulation  |
\*---------------------------------------------------------------------------*/
FoamFile
{
    version     2.0;
    format      ascii;
    class       volScalarField;
    location    "17500";
    object      nut;
}
// * * * * * * * * * * * * * * * * * * * * * * * * * * * * * * * * * * * * * //

dimensions      [0 2 -1 0 0 0 0];

internalField   nonuniform List<scalar> 
4037
(
0.000287401
0.000287406
0.000287411
0.000287415
0.000287418
0.00028742
0.000287422
0.000287424
0.000287426
0.000287428
0.000287429
0.000287431
0.000287432
0.000287433
0.000287434
0.000287436
0.000287437
0.000287438
0.000287439
0.00028744
0.000287441
0.000287442
0.000287443
0.000287444
0.000287444
0.000287445
0.000287446
0.000287447
0.000287448
0.000287449
0.00028745
0.000287451
0.000287452
0.000287452
0.000287453
0.000287454
0.000287455
0.000287456
0.000287457
0.000287457
0.000287458
0.000287459
0.00028746
0.000287461
0.000287461
0.000287462
0.000287463
0.000287464
0.000287464
0.000287465
0.000287466
0.000287467
0.000287467
0.000287468
0.000287469
0.000287469
0.00028747
0.00028747
0.000287471
0.000287471
0.000287472
0.000287472
0.000287473
0.000287473
0.000287474
0.000287474
0.000287475
0.000287475
0.000287475
0.000287476
0.000287476
0.000287476
0.000287477
0.000287477
0.000287477
0.000287477
0.000287479
0.000273032
0.000273024
0.000273021
0.00027302
0.00027302
0.00027302
0.00027302
0.00027302
0.00027302
0.00027302
0.00027302
0.00027302
0.00027302
0.00027302
0.00027302
0.00027302
0.000273021
0.000273021
0.000273021
0.000273022
0.000273022
0.000273022
0.000273022
0.000273021
0.000273035
0.000273043
0.000273048
0.000273053
0.000273056
0.000273059
0.000273061
0.000273063
0.000273065
0.000273067
0.000273069
0.00027307
0.000273072
0.000273073
0.000273074
0.000273075
0.000273077
0.000273078
0.000273079
0.00027308
0.000273081
0.000273082
0.000273083
0.000273084
0.000273084
0.000273085
0.000273086
0.000273087
0.000273088
0.000273089
0.00027309
0.000273091
0.000273092
0.000273092
0.000273093
0.000273094
0.000273095
0.000273096
0.000273097
0.000273097
0.000273098
0.000273099
0.0002731
0.0002731
0.000273101
0.000273102
0.000273103
0.000273103
0.000273104
0.000273105
0.000273106
0.000273106
0.000273107
0.000273107
0.000273108
0.000273109
0.000273109
0.00027311
0.00027311
0.000273111
0.000273111
0.000273112
0.000273112
0.000273113
0.000273113
0.000273114
0.000273114
0.000273114
0.000273115
0.000273115
0.000273115
0.000273116
0.000273116
0.000273116
0.000273117
0.000273116
0.000273119
0.000273096
0.000273087
0.000273083
0.00027308
0.000273078
0.000273075
0.000273073
0.000273072
0.00027307
0.000273068
0.000273066
0.000273065
0.000273063
0.000273062
0.00027306
0.000273059
0.000273058
0.000273055
0.000273058
0.000259045
0.000259036
0.000259033
0.000259032
0.000259031
0.00025903
0.00025903
0.00025903
0.00025903
0.00025903
0.00025903
0.00025903
0.00025903
0.00025903
0.000259031
0.000259031
0.000259031
0.000259032
0.000259032
0.000259032
0.000259032
0.000259033
0.000259033
0.000259032
0.000259038
0.000259045
0.00025905
0.000259054
0.000259058
0.000259061
0.000259063
0.000259065
0.000259067
0.000259069
0.000259071
0.000259072
0.000259074
0.000259075
0.000259076
0.000259078
0.000259079
0.00025908
0.000259081
0.000259082
0.000259083
0.000259084
0.000259085
0.000259086
0.000259087
0.000259088
0.000259089
0.00025909
0.00025909
0.000259091
0.000259092
0.000259093
0.000259094
0.000259095
0.000259095
0.000259096
0.000259097
0.000259098
0.000259099
0.000259099
0.0002591
0.000259101
0.000259102
0.000259103
0.000259103
0.000259104
0.000259105
0.000259105
0.000259106
0.000259107
0.000259107
0.000259108
0.000259109
0.000259109
0.00025911
0.00025911
0.000259111
0.000259111
0.000259112
0.000259112
0.000259113
0.000259113
0.000259114
0.000259114
0.000259115
0.000259115
0.000259115
0.000259116
0.000259116
0.000259116
0.000259117
0.000259117
0.000259117
0.000259118
0.000259118
0.000259118
0.00025912
0.00025911
0.000259101
0.000259095
0.000259092
0.000259089
0.000259086
0.000259084
0.000259083
0.000259081
0.000259079
0.000259077
0.000259076
0.000259074
0.000259073
0.000259072
0.00025907
0.000259069
0.000259067
0.00025907
0.000245399
0.00024539
0.000245387
0.000245385
0.000245384
0.000245383
0.000245383
0.000245383
0.000245383
0.000245383
0.000245383
0.000245383
0.000245383
0.000245383
0.000245383
0.000245384
0.000245384
0.000245384
0.000245385
0.000245385
0.000245385
0.000245385
0.000245386
0.000245385
0.000245388
0.000245392
0.000245396
0.0002454
0.000245403
0.000245406
0.000245408
0.00024541
0.000245412
0.000245414
0.000245416
0.000245417
0.000245419
0.00024542
0.000245421
0.000245423
0.000245424
0.000245425
0.000245426
0.000245427
0.000245428
0.000245429
0.00024543
0.000245431
0.000245432
0.000245433
0.000245434
0.000245434
0.000245435
0.000245436
0.000245437
0.000245438
0.000245439
0.000245439
0.00024544
0.000245441
0.000245442
0.000245443
0.000245443
0.000245444
0.000245445
0.000245446
0.000245446
0.000245447
0.000245448
0.000245448
0.000245449
0.00024545
0.00024545
0.000245451
0.000245452
0.000245452
0.000245453
0.000245453
0.000245454
0.000245454
0.000245455
0.000245455
0.000245456
0.000245456
0.000245457
0.000245457
0.000245458
0.000245458
0.000245459
0.000245459
0.000245459
0.00024546
0.00024546
0.00024546
0.000245461
0.000245461
0.000245461
0.000245461
0.000245462
0.000245461
0.000245463
0.000245459
0.000245452
0.000245447
0.000245444
0.000245441
0.000245439
0.000245437
0.000245435
0.000245433
0.000245431
0.00024543
0.000245428
0.000245427
0.000245425
0.000245424
0.000245423
0.000245422
0.000245419
0.000245423
0.000232076
0.000232068
0.000232064
0.000232062
0.000232061
0.00023206
0.00023206
0.00023206
0.00023206
0.00023206
0.00023206
0.00023206
0.00023206
0.00023206
0.00023206
0.00023206
0.000232061
0.000232061
0.000232061
0.000232061
0.000232062
0.000232062
0.000232062
0.000232062
0.000232063
0.000232066
0.000232069
0.000232072
0.000232075
0.000232077
0.000232079
0.000232081
0.000232083
0.000232085
0.000232086
0.000232088
0.000232089
0.00023209
0.000232092
0.000232093
0.000232094
0.000232095
0.000232096
0.000232097
0.000232098
0.000232099
0.0002321
0.000232101
0.000232102
0.000232103
0.000232104
0.000232104
0.000232105
0.000232106
0.000232107
0.000232108
0.000232108
0.000232109
0.00023211
0.000232111
0.000232111
0.000232112
0.000232113
0.000232114
0.000232114
0.000232115
0.000232116
0.000232116
0.000232117
0.000232118
0.000232118
0.000232119
0.00023212
0.00023212
0.000232121
0.000232121
0.000232122
0.000232122
0.000232123
0.000232123
0.000232124
0.000232124
0.000232125
0.000232125
0.000232126
0.000232126
0.000232126
0.000232127
0.000232127
0.000232128
0.000232128
0.000232128
0.000232128
0.000232129
0.000232129
0.000232129
0.000232129
0.00023213
0.00023213
0.00023213
0.000232131
0.000232129
0.000232126
0.000232122
0.000232119
0.000232116
0.000232114
0.000232112
0.00023211
0.000232108
0.000232107
0.000232105
0.000232104
0.000232103
0.000232101
0.0002321
0.000232099
0.000232098
0.000232096
0.000232099
0.000219061
0.000219053
0.00021905
0.000219048
0.000219046
0.000219045
0.000219045
0.000219045
0.000219045
0.000219045
0.000219045
0.000219044
0.000219044
0.000219045
0.000219045
0.000219045
0.000219045
0.000219046
0.000219046
0.000219046
0.000219046
0.000219047
0.000219047
0.000219047
0.000219047
0.000219049
0.000219051
0.000219053
0.000219055
0.000219057
0.000219059
0.000219061
0.000219063
0.000219064
0.000219066
0.000219067
0.000219068
0.00021907
0.000219071
0.000219072
0.000219073
0.000219074
0.000219075
0.000219076
0.000219077
0.000219078
0.000219079
0.00021908
0.000219081
0.000219082
0.000219082
0.000219083
0.000219084
0.000219085
0.000219086
0.000219086
0.000219087
0.000219088
0.000219089
0.000219089
0.00021909
0.000219091
0.000219091
0.000219092
0.000219093
0.000219093
0.000219094
0.000219095
0.000219095
0.000219096
0.000219096
0.000219097
0.000219098
0.000219098
0.000219099
0.000219099
0.0002191
0.0002191
0.000219101
0.000219101
0.000219102
0.000219102
0.000219102
0.000219103
0.000219103
0.000219104
0.000219104
0.000219104
0.000219105
0.000219105
0.000219105
0.000219106
0.000219106
0.000219106
0.000219106
0.000219107
0.000219107
0.000219107
0.000219107
0.000219107
0.000219108
0.000219107
0.000219105
0.000219103
0.0002191
0.000219098
0.000219096
0.000219094
0.000219093
0.000219091
0.00021909
0.000219089
0.000219087
0.000219086
0.000219085
0.000219084
0.000219083
0.000219082
0.00021908
0.000219083
0.00020634
0.000206332
0.000206329
0.000206327
0.000206325
0.000206325
0.000206324
0.000206324
0.000206324
0.000206323
0.000206323
0.000206323
0.000206323
0.000206323
0.000206323
0.000206324
0.000206324
0.000206324
0.000206324
0.000206325
0.000206325
0.000206325
0.000206325
0.000206325
0.000206326
0.000206326
0.000206328
0.00020633
0.000206331
0.000206333
0.000206334
0.000206336
0.000206338
0.000206339
0.00020634
0.000206342
0.000206343
0.000206344
0.000206345
0.000206346
0.000206347
0.000206348
0.000206349
0.00020635
0.000206351
0.000206352
0.000206353
0.000206354
0.000206355
0.000206355
0.000206356
0.000206357
0.000206358
0.000206358
0.000206359
0.00020636
0.000206361
0.000206361
0.000206362
0.000206363
0.000206363
0.000206364
0.000206365
0.000206365
0.000206366
0.000206366
0.000206367
0.000206368
0.000206368
0.000206369
0.000206369
0.00020637
0.00020637
0.000206371
0.000206371
0.000206372
0.000206372
0.000206373
0.000206373
0.000206374
0.000206374
0.000206374
0.000206375
0.000206375
0.000206376
0.000206376
0.000206376
0.000206377
0.000206377
0.000206377
0.000206378
0.000206378
0.000206378
0.000206378
0.000206378
0.000206379
0.000206379
0.000206379
0.000206379
0.000206379
0.00020638
0.00020638
0.000206379
0.000206377
0.000206375
0.000206374
0.000206372
0.00020637
0.000206369
0.000206368
0.000206367
0.000206365
0.000206364
0.000206363
0.000206362
0.000206361
0.00020636
0.000206359
0.000206357
0.00020636
0.0001939
0.000193893
0.000193889
0.000193887
0.000193886
0.000193885
0.000193884
0.000193884
0.000193884
0.000193884
0.000193884
0.000193884
0.000193883
0.000193883
0.000193884
0.000193884
0.000193884
0.000193884
0.000193884
0.000193885
0.000193885
0.000193885
0.000193885
0.000193885
0.000193886
0.000193886
0.000193887
0.000193888
0.000193889
0.000193891
0.000193892
0.000193893
0.000193895
0.000193896
0.000193897
0.000193898
0.000193899
0.0001939
0.000193902
0.000193903
0.000193903
0.000193904
0.000193905
0.000193906
0.000193907
0.000193908
0.000193909
0.00019391
0.000193911
0.000193911
0.000193912
0.000193913
0.000193914
0.000193914
0.000193915
0.000193916
0.000193916
0.000193917
0.000193918
0.000193918
0.000193919
0.00019392
0.00019392
0.000193921
0.000193921
0.000193922
0.000193922
0.000193923
0.000193923
0.000193924
0.000193924
0.000193925
0.000193925
0.000193926
0.000193926
0.000193927
0.000193927
0.000193928
0.000193928
0.000193928
0.000193929
0.000193929
0.000193929
0.00019393
0.00019393
0.00019393
0.000193931
0.000193931
0.000193931
0.000193932
0.000193932
0.000193932
0.000193932
0.000193933
0.000193933
0.000193933
0.000193933
0.000193933
0.000193933
0.000193934
0.000193934
0.000193934
0.000193933
0.000193933
0.000193931
0.00019393
0.000193929
0.000193927
0.000193926
0.000193925
0.000193924
0.000193923
0.000193922
0.000193921
0.00019392
0.000193919
0.000193918
0.000193918
0.000193916
0.000193919
0.00018173
0.000181723
0.00018172
0.000181718
0.000181717
0.000181716
0.000181715
0.000181715
0.000181715
0.000181715
0.000181714
0.000181714
0.000181714
0.000181714
0.000181714
0.000181714
0.000181715
0.000181715
0.000181715
0.000181715
0.000181715
0.000181716
0.000181716
0.000181716
0.000181716
0.000181716
0.000181717
0.000181718
0.000181719
0.00018172
0.000181721
0.000181722
0.000181723
0.000181724
0.000181725
0.000181726
0.000181727
0.000181728
0.000181729
0.00018173
0.000181731
0.000181732
0.000181733
0.000181734
0.000181735
0.000181735
0.000181736
0.000181737
0.000181738
0.000181738
0.000181739
0.00018174
0.000181741
0.000181741
0.000181742
0.000181742
0.000181743
0.000181744
0.000181744
0.000181745
0.000181746
0.000181746
0.000181747
0.000181747
0.000181748
0.000181748
0.000181749
0.000181749
0.00018175
0.00018175
0.000181751
0.000181751
0.000181751
0.000181752
0.000181752
0.000181753
0.000181753
0.000181754
0.000181754
0.000181754
0.000181754
0.000181755
0.000181755
0.000181755
0.000181756
0.000181756
0.000181756
0.000181757
0.000181757
0.000181757
0.000181757
0.000181758
0.000181758
0.000181758
0.000181758
0.000181758
0.000181758
0.000181758
0.000181759
0.000181759
0.000181759
0.000181759
0.000181759
0.000181758
0.000181758
0.000181757
0.000181756
0.000181755
0.000181754
0.000181753
0.000181752
0.000181751
0.00018175
0.000181749
0.000181749
0.000181748
0.000181747
0.000181746
0.000181745
0.000181748
0.000169822
0.000169816
0.000169813
0.000169811
0.000169809
0.000169808
0.000169808
0.000169807
0.000169807
0.000169807
0.000169807
0.000169806
0.000169806
0.000169806
0.000169806
0.000169806
0.000169806
0.000169807
0.000169807
0.000169807
0.000169807
0.000169807
0.000169807
0.000169808
0.000169808
0.000169808
0.000169809
0.000169809
0.00016981
0.000169811
0.000169811
0.000169812
0.000169813
0.000169814
0.000169815
0.000169816
0.000169817
0.000169818
0.000169819
0.00016982
0.000169821
0.000169821
0.000169822
0.000169823
0.000169824
0.000169825
0.000169825
0.000169826
0.000169827
0.000169827
0.000169828
0.000169829
0.000169829
0.00016983
0.000169831
0.000169831
0.000169832
0.000169832
0.000169833
0.000169833
0.000169834
0.000169835
0.000169835
0.000169835
0.000169836
0.000169836
0.000169837
0.000169837
0.000169838
0.000169838
0.000169839
0.000169839
0.000169839
0.00016984
0.00016984
0.00016984
0.000169841
0.000169841
0.000169842
0.000169842
0.000169842
0.000169842
0.000169843
0.000169843
0.000169843
0.000169843
0.000169844
0.000169844
0.000169844
0.000169845
0.000169845
0.000169845
0.000169845
0.000169845
0.000169845
0.000169845
0.000169845
0.000169846
0.000169846
0.000169846
0.000169846
0.000169846
0.000169846
0.000169846
0.000169845
0.000169845
0.000169844
0.000169843
0.000169843
0.000169842
0.000169841
0.00016984
0.00016984
0.000169839
0.000169838
0.000169837
0.000169837
0.000169836
0.000169835
0.000169837
0.000158167
0.000158162
0.000158159
0.000158157
0.000158156
0.000158155
0.000158154
0.000158153
0.000158153
0.000158153
0.000158153
0.000158152
0.000158152
0.000158152
0.000158152
0.000158152
0.000158152
0.000158152
0.000158152
0.000158153
0.000158153
0.000158153
0.000158153
0.000158153
0.000158153
0.000158154
0.000158154
0.000158154
0.000158155
0.000158156
0.000158156
0.000158157
0.000158158
0.000158159
0.000158159
0.00015816
0.000158161
0.000158162
0.000158163
0.000158164
0.000158164
0.000158165
0.000158166
0.000158167
0.000158167
0.000158168
0.000158169
0.000158169
0.00015817
0.000158171
0.000158171
0.000158172
0.000158173
0.000158173
0.000158174
0.000158174
0.000158175
0.000158175
0.000158176
0.000158176
0.000158177
0.000158177
0.000158178
0.000158178
0.000158178
0.000158179
0.000158179
0.00015818
0.00015818
0.000158181
0.000158181
0.000158181
0.000158182
0.000158182
0.000158182
0.000158183
0.000158183
0.000158183
0.000158183
0.000158184
0.000158184
0.000158184
0.000158184
0.000158185
0.000158185
0.000158185
0.000158185
0.000158186
0.000158186
0.000158186
0.000158186
0.000158186
0.000158187
0.000158187
0.000158187
0.000158187
0.000158187
0.000158187
0.000158187
0.000158187
0.000158187
0.000158188
0.000158188
0.000158187
0.000158187
0.000158187
0.000158186
0.000158186
0.000158185
0.000158185
0.000158184
0.000158183
0.000158183
0.000158182
0.000158181
0.000158181
0.00015818
0.00015818
0.000158178
0.000158181
0.000146761
0.000146756
0.000146753
0.000146751
0.00014675
0.000146749
0.000146748
0.000146748
0.000146747
0.000146747
0.000146747
0.000146747
0.000146746
0.000146746
0.000146746
0.000146746
0.000146746
0.000146746
0.000146746
0.000146746
0.000146746
0.000146747
0.000146747
0.000146747
0.000146747
0.000146747
0.000146748
0.000146748
0.000146748
0.000146749
0.00014675
0.00014675
0.000146751
0.000146752
0.000146752
0.000146753
0.000146754
0.000146754
0.000146755
0.000146756
0.000146757
0.000146757
0.000146758
0.000146759
0.000146759
0.00014676
0.000146761
0.000146761
0.000146762
0.000146762
0.000146763
0.000146764
0.000146764
0.000146765
0.000146765
0.000146766
0.000146766
0.000146767
0.000146767
0.000146768
0.000146768
0.000146768
0.000146769
0.000146769
0.000146769
0.00014677
0.00014677
0.000146771
0.000146771
0.000146771
0.000146772
0.000146772
0.000146772
0.000146772
0.000146773
0.000146773
0.000146773
0.000146774
0.000146774
0.000146774
0.000146774
0.000146775
0.000146775
0.000146775
0.000146775
0.000146775
0.000146776
0.000146776
0.000146776
0.000146776
0.000146776
0.000146777
0.000146777
0.000146777
0.000146777
0.000146777
0.000146777
0.000146777
0.000146777
0.000146777
0.000146777
0.000146778
0.000146778
0.000146777
0.000146777
0.000146777
0.000146777
0.000146776
0.000146776
0.000146775
0.000146775
0.000146775
0.000146774
0.000146773
0.000146773
0.000146772
0.000146772
0.000146771
0.00014677
0.000146772
0.000135598
0.000135594
0.000135592
0.00013559
0.000135589
0.000135588
0.000135587
0.000135586
0.000135586
0.000135586
0.000135585
0.000135585
0.000135585
0.000135584
0.000135584
0.000135584
0.000135584
0.000135584
0.000135584
0.000135584
0.000135585
0.000135585
0.000135585
0.000135585
0.000135585
0.000135585
0.000135586
0.000135586
0.000135586
0.000135587
0.000135587
0.000135588
0.000135588
0.000135589
0.00013559
0.00013559
0.000135591
0.000135592
0.000135592
0.000135593
0.000135594
0.000135594
0.000135595
0.000135595
0.000135596
0.000135597
0.000135597
0.000135598
0.000135598
0.000135599
0.000135599
0.0001356
0.0001356
0.000135601
0.000135601
0.000135602
0.000135602
0.000135603
0.000135603
0.000135603
0.000135604
0.000135604
0.000135605
0.000135605
0.000135605
0.000135606
0.000135606
0.000135606
0.000135607
0.000135607
0.000135607
0.000135607
0.000135608
0.000135608
0.000135608
0.000135608
0.000135609
0.000135609
0.000135609
0.000135609
0.00013561
0.00013561
0.00013561
0.00013561
0.00013561
0.00013561
0.00013561
0.000135611
0.000135611
0.000135611
0.000135611
0.000135611
0.000135612
0.000135612
0.000135612
0.000135612
0.000135612
0.000135612
0.000135612
0.000135612
0.000135612
0.000135612
0.000135612
0.000135612
0.000135612
0.000135612
0.000135612
0.000135611
0.000135611
0.000135611
0.00013561
0.00013561
0.00013561
0.000135609
0.000135609
0.000135608
0.000135608
0.000135607
0.000135606
0.000135608
0.000124679
0.000124675
0.000124673
0.000124671
0.00012467
0.000124669
0.000124668
0.000124668
0.000124667
0.000124667
0.000124666
0.000124666
0.000124666
0.000124666
0.000124665
0.000124665
0.000124665
0.000124665
0.000124665
0.000124665
0.000124665
0.000124665
0.000124666
0.000124666
0.000124666
0.000124666
0.000124666
0.000124667
0.000124667
0.000124667
0.000124668
0.000124668
0.000124669
0.000124669
0.00012467
0.00012467
0.000124671
0.000124672
0.000124672
0.000124673
0.000124673
0.000124674
0.000124675
0.000124675
0.000124676
0.000124676
0.000124677
0.000124677
0.000124678
0.000124678
0.000124679
0.000124679
0.00012468
0.00012468
0.00012468
0.000124681
0.000124681
0.000124682
0.000124682
0.000124682
0.000124683
0.000124683
0.000124683
0.000124684
0.000124684
0.000124684
0.000124685
0.000124685
0.000124685
0.000124685
0.000124686
0.000124686
0.000124686
0.000124686
0.000124686
0.000124687
0.000124687
0.000124687
0.000124687
0.000124687
0.000124688
0.000124688
0.000124688
0.000124688
0.000124688
0.000124688
0.000124688
0.000124689
0.000124689
0.000124689
0.000124689
0.000124689
0.000124689
0.000124689
0.000124689
0.00012469
0.00012469
0.00012469
0.00012469
0.00012469
0.00012469
0.00012469
0.00012469
0.00012469
0.00012469
0.00012469
0.00012469
0.000124689
0.000124689
0.000124689
0.000124689
0.000124688
0.000124688
0.000124688
0.000124687
0.000124687
0.000124686
0.000124686
0.000124685
0.000124687
0.000114003
0.000113999
0.000113997
0.000113996
0.000113995
0.000113994
0.000113993
0.000113992
0.000113992
0.000113991
0.000113991
0.00011399
0.00011399
0.00011399
0.00011399
0.000113989
0.000113989
0.000113989
0.000113989
0.000113989
0.000113989
0.00011399
0.00011399
0.00011399
0.00011399
0.00011399
0.000113991
0.000113991
0.000113991
0.000113991
0.000113992
0.000113992
0.000113993
0.000113993
0.000113994
0.000113994
0.000113995
0.000113995
0.000113996
0.000113996
0.000113997
0.000113997
0.000113998
0.000113998
0.000113999
0.000113999
0.000114
0.000114
0.000114001
0.000114001
0.000114001
0.000114002
0.000114002
0.000114003
0.000114003
0.000114003
0.000114004
0.000114004
0.000114004
0.000114005
0.000114005
0.000114005
0.000114006
0.000114006
0.000114006
0.000114006
0.000114007
0.000114007
0.000114007
0.000114007
0.000114007
0.000114008
0.000114008
0.000114008
0.000114008
0.000114008
0.000114009
0.000114009
0.000114009
0.000114009
0.000114009
0.000114009
0.000114009
0.00011401
0.00011401
0.00011401
0.00011401
0.00011401
0.00011401
0.00011401
0.00011401
0.00011401
0.000114011
0.000114011
0.000114011
0.000114011
0.000114011
0.000114011
0.000114011
0.000114011
0.000114011
0.000114011
0.000114011
0.000114011
0.000114011
0.000114011
0.000114011
0.000114011
0.000114011
0.00011401
0.00011401
0.00011401
0.00011401
0.000114009
0.000114009
0.000114009
0.000114008
0.000114008
0.000114007
0.000114009
0.000103573
0.00010357
0.000103568
0.000103567
0.000103566
0.000103565
0.000103564
0.000103563
0.000103563
0.000103562
0.000103562
0.000103561
0.000103561
0.00010356
0.00010356
0.00010356
0.00010356
0.00010356
0.00010356
0.00010356
0.00010356
0.00010356
0.00010356
0.00010356
0.000103561
0.000103561
0.000103561
0.000103561
0.000103561
0.000103562
0.000103562
0.000103562
0.000103563
0.000103563
0.000103564
0.000103564
0.000103565
0.000103565
0.000103565
0.000103566
0.000103566
0.000103567
0.000103567
0.000103568
0.000103568
0.000103569
0.000103569
0.000103569
0.00010357
0.00010357
0.000103571
0.000103571
0.000103571
0.000103572
0.000103572
0.000103572
0.000103573
0.000103573
0.000103573
0.000103573
0.000103574
0.000103574
0.000103574
0.000103574
0.000103575
0.000103575
0.000103575
0.000103575
0.000103576
0.000103576
0.000103576
0.000103576
0.000103576
0.000103576
0.000103576
0.000103577
0.000103577
0.000103577
0.000103577
0.000103577
0.000103577
0.000103577
0.000103577
0.000103578
0.000103578
0.000103578
0.000103578
0.000103578
0.000103578
0.000103578
0.000103578
0.000103578
0.000103578
0.000103579
0.000103579
0.000103579
0.000103579
0.000103579
0.000103579
0.000103579
0.000103579
0.000103579
0.000103579
0.000103579
0.000103579
0.000103579
0.000103579
0.000103579
0.000103579
0.000103578
0.000103578
0.000103578
0.000103578
0.000103578
0.000103577
0.000103577
0.000103577
0.000103577
0.000103576
0.000103577
9.33948e-05
9.33927e-05
9.33911e-05
9.33898e-05
9.33888e-05
9.33879e-05
9.3387e-05
9.33863e-05
9.33856e-05
9.3385e-05
9.33845e-05
9.3384e-05
9.33836e-05
9.33833e-05
9.3383e-05
9.33828e-05
9.33827e-05
9.33826e-05
9.33826e-05
9.33826e-05
9.33826e-05
9.33827e-05
9.33829e-05
9.3383e-05
9.33832e-05
9.33834e-05
9.33836e-05
9.33839e-05
9.33841e-05
9.33844e-05
9.33847e-05
9.33851e-05
9.33854e-05
9.33857e-05
9.33861e-05
9.33865e-05
9.33869e-05
9.33873e-05
9.33877e-05
9.33881e-05
9.33885e-05
9.33889e-05
9.33893e-05
9.33897e-05
9.33901e-05
9.33905e-05
9.33908e-05
9.33912e-05
9.33916e-05
9.33919e-05
9.33922e-05
9.33925e-05
9.33928e-05
9.33932e-05
9.33934e-05
9.33937e-05
9.3394e-05
9.33942e-05
9.33945e-05
9.33947e-05
9.33949e-05
9.33951e-05
9.33953e-05
9.33955e-05
9.33957e-05
9.33959e-05
9.33961e-05
9.33962e-05
9.33964e-05
9.33966e-05
9.33967e-05
9.33968e-05
9.33969e-05
9.3397e-05
9.33972e-05
9.33973e-05
9.33974e-05
9.33975e-05
9.33976e-05
9.33977e-05
9.33979e-05
9.3398e-05
9.33981e-05
9.33981e-05
9.33982e-05
9.33983e-05
9.33983e-05
9.33984e-05
9.33985e-05
9.33986e-05
9.33987e-05
9.33988e-05
9.33989e-05
9.33989e-05
9.3399e-05
9.3399e-05
9.33991e-05
9.33991e-05
9.33992e-05
9.33992e-05
9.33992e-05
9.33993e-05
9.33993e-05
9.33993e-05
9.33993e-05
9.33993e-05
9.33992e-05
9.33991e-05
9.3399e-05
9.33989e-05
9.33988e-05
9.33986e-05
9.33984e-05
9.33982e-05
9.3398e-05
9.33977e-05
9.33975e-05
9.33973e-05
9.33968e-05
9.33973e-05
8.34786e-05
8.3477e-05
8.34756e-05
8.34744e-05
8.34734e-05
8.34725e-05
8.34716e-05
8.34709e-05
8.34702e-05
8.34695e-05
8.3469e-05
8.34685e-05
8.34681e-05
8.34677e-05
8.34674e-05
8.34672e-05
8.34671e-05
8.3467e-05
8.3467e-05
8.3467e-05
8.3467e-05
8.34671e-05
8.34672e-05
8.34674e-05
8.34676e-05
8.34678e-05
8.3468e-05
8.34682e-05
8.34685e-05
8.34687e-05
8.3469e-05
8.34693e-05
8.34696e-05
8.34699e-05
8.34702e-05
8.34705e-05
8.34709e-05
8.34712e-05
8.34716e-05
8.34719e-05
8.34723e-05
8.34726e-05
8.3473e-05
8.34733e-05
8.34737e-05
8.3474e-05
8.34743e-05
8.34746e-05
8.3475e-05
8.34753e-05
8.34755e-05
8.34758e-05
8.34761e-05
8.34763e-05
8.34766e-05
8.34768e-05
8.3477e-05
8.34772e-05
8.34774e-05
8.34776e-05
8.34778e-05
8.3478e-05
8.34782e-05
8.34783e-05
8.34785e-05
8.34786e-05
8.34788e-05
8.34789e-05
8.34791e-05
8.34792e-05
8.34793e-05
8.34794e-05
8.34795e-05
8.34796e-05
8.34797e-05
8.34798e-05
8.34799e-05
8.348e-05
8.34801e-05
8.34801e-05
8.34802e-05
8.34803e-05
8.34804e-05
8.34805e-05
8.34805e-05
8.34806e-05
8.34807e-05
8.34807e-05
8.34808e-05
8.34809e-05
8.34809e-05
8.3481e-05
8.34811e-05
8.34811e-05
8.34812e-05
8.34812e-05
8.34812e-05
8.34813e-05
8.34813e-05
8.34814e-05
8.34814e-05
8.34814e-05
8.34814e-05
8.34814e-05
8.34814e-05
8.34814e-05
8.34814e-05
8.34813e-05
8.34813e-05
8.34812e-05
8.34811e-05
8.34809e-05
8.34808e-05
8.34806e-05
8.34804e-05
8.34802e-05
8.348e-05
8.34798e-05
8.34795e-05
8.34797e-05
7.38373e-05
7.38361e-05
7.38349e-05
7.38338e-05
7.38329e-05
7.38319e-05
7.38311e-05
7.38303e-05
7.38296e-05
7.38289e-05
7.38284e-05
7.38279e-05
7.38274e-05
7.38271e-05
7.38268e-05
7.38266e-05
7.38265e-05
7.38264e-05
7.38264e-05
7.38264e-05
7.38264e-05
7.38265e-05
7.38266e-05
7.38268e-05
7.38269e-05
7.38271e-05
7.38273e-05
7.38275e-05
7.38277e-05
7.3828e-05
7.38282e-05
7.38285e-05
7.38287e-05
7.3829e-05
7.38292e-05
7.38296e-05
7.38299e-05
7.38302e-05
7.38305e-05
7.38307e-05
7.3831e-05
7.38313e-05
7.38317e-05
7.3832e-05
7.38323e-05
7.38325e-05
7.38328e-05
7.38331e-05
7.38334e-05
7.38336e-05
7.38338e-05
7.38341e-05
7.38343e-05
7.38345e-05
7.38347e-05
7.38349e-05
7.38351e-05
7.38353e-05
7.38355e-05
7.38356e-05
7.38358e-05
7.38359e-05
7.38361e-05
7.38362e-05
7.38363e-05
7.38365e-05
7.38366e-05
7.38367e-05
7.38368e-05
7.38369e-05
7.3837e-05
7.3837e-05
7.38371e-05
7.38372e-05
7.38373e-05
7.38374e-05
7.38374e-05
7.38375e-05
7.38376e-05
7.38377e-05
7.38377e-05
7.38378e-05
7.38379e-05
7.38379e-05
7.3838e-05
7.3838e-05
7.38381e-05
7.38381e-05
7.38382e-05
7.38382e-05
7.38383e-05
7.38384e-05
7.38384e-05
7.38385e-05
7.38385e-05
7.38385e-05
7.38386e-05
7.38386e-05
7.38386e-05
7.38387e-05
7.38387e-05
7.38387e-05
7.38387e-05
7.38387e-05
7.38387e-05
7.38387e-05
7.38387e-05
7.38387e-05
7.38386e-05
7.38385e-05
7.38385e-05
7.38383e-05
7.38382e-05
7.38381e-05
7.38379e-05
7.38378e-05
7.38376e-05
7.38374e-05
7.38372e-05
7.38372e-05
6.44891e-05
6.44883e-05
6.44873e-05
6.44863e-05
6.44854e-05
6.44845e-05
6.44836e-05
6.44828e-05
6.44821e-05
6.44815e-05
6.44809e-05
6.44804e-05
6.448e-05
6.44797e-05
6.44794e-05
6.44792e-05
6.44791e-05
6.4479e-05
6.4479e-05
6.4479e-05
6.4479e-05
6.44791e-05
6.44792e-05
6.44793e-05
6.44795e-05
6.44797e-05
6.44799e-05
6.448e-05
6.44802e-05
6.44804e-05
6.44807e-05
6.44809e-05
6.44811e-05
6.44813e-05
6.44816e-05
6.44818e-05
6.44821e-05
6.44823e-05
6.44826e-05
6.44828e-05
6.44831e-05
6.44833e-05
6.44836e-05
6.44839e-05
6.44841e-05
6.44843e-05
6.44846e-05
6.44848e-05
6.4485e-05
6.44853e-05
6.44855e-05
6.44856e-05
6.44858e-05
6.4486e-05
6.44862e-05
6.44864e-05
6.44865e-05
6.44866e-05
6.44868e-05
6.44869e-05
6.44871e-05
6.44872e-05
6.44873e-05
6.44874e-05
6.44875e-05
6.44876e-05
6.44877e-05
6.44878e-05
6.44879e-05
6.44879e-05
6.4488e-05
6.44881e-05
6.44881e-05
6.44882e-05
6.44883e-05
6.44883e-05
6.44884e-05
6.44884e-05
6.44885e-05
6.44886e-05
6.44886e-05
6.44887e-05
6.44887e-05
6.44888e-05
6.44888e-05
6.44889e-05
6.44889e-05
6.4489e-05
6.4489e-05
6.4489e-05
6.44891e-05
6.44891e-05
6.44892e-05
6.44892e-05
6.44892e-05
6.44893e-05
6.44893e-05
6.44893e-05
6.44894e-05
6.44894e-05
6.44894e-05
6.44894e-05
6.44894e-05
6.44894e-05
6.44894e-05
6.44894e-05
6.44894e-05
6.44894e-05
6.44894e-05
6.44893e-05
6.44892e-05
6.44892e-05
6.44891e-05
6.44889e-05
6.44888e-05
6.44887e-05
6.44885e-05
6.44884e-05
6.44882e-05
6.4488e-05
5.54587e-05
5.54583e-05
5.54574e-05
5.54565e-05
5.54556e-05
5.54547e-05
5.54539e-05
5.54531e-05
5.54525e-05
5.54518e-05
5.54513e-05
5.54508e-05
5.54504e-05
5.54501e-05
5.54499e-05
5.54497e-05
5.54496e-05
5.54495e-05
5.54495e-05
5.54495e-05
5.54495e-05
5.54496e-05
5.54497e-05
5.54498e-05
5.545e-05
5.54501e-05
5.54503e-05
5.54504e-05
5.54506e-05
5.54508e-05
5.5451e-05
5.54512e-05
5.54514e-05
5.54516e-05
5.54517e-05
5.5452e-05
5.54522e-05
5.54524e-05
5.54526e-05
5.54528e-05
5.5453e-05
5.54532e-05
5.54535e-05
5.54537e-05
5.54539e-05
5.54541e-05
5.54543e-05
5.54545e-05
5.54547e-05
5.54548e-05
5.5455e-05
5.54551e-05
5.54553e-05
5.54555e-05
5.54556e-05
5.54557e-05
5.54559e-05
5.5456e-05
5.54561e-05
5.54562e-05
5.54563e-05
5.54564e-05
5.54565e-05
5.54566e-05
5.54567e-05
5.54567e-05
5.54568e-05
5.54569e-05
5.5457e-05
5.5457e-05
5.54571e-05
5.54571e-05
5.54572e-05
5.54572e-05
5.54573e-05
5.54573e-05
5.54573e-05
5.54574e-05
5.54574e-05
5.54575e-05
5.54575e-05
5.54576e-05
5.54576e-05
5.54577e-05
5.54577e-05
5.54577e-05
5.54578e-05
5.54578e-05
5.54578e-05
5.54579e-05
5.54579e-05
5.54579e-05
5.5458e-05
5.5458e-05
5.5458e-05
5.54581e-05
5.54581e-05
5.54581e-05
5.54581e-05
5.54582e-05
5.54582e-05
5.54582e-05
5.54582e-05
5.54582e-05
5.54582e-05
5.54582e-05
5.54582e-05
5.54582e-05
5.54582e-05
5.54581e-05
5.54581e-05
5.5458e-05
5.54579e-05
5.54578e-05
5.54577e-05
5.54576e-05
5.54575e-05
5.54574e-05
5.54573e-05
5.54569e-05
4.67792e-05
4.67791e-05
4.67783e-05
4.67775e-05
4.67767e-05
4.67758e-05
4.67751e-05
4.67744e-05
4.67737e-05
4.67732e-05
4.67727e-05
4.67722e-05
4.67719e-05
4.67716e-05
4.67714e-05
4.67712e-05
4.67711e-05
4.6771e-05
4.6771e-05
4.6771e-05
4.67711e-05
4.67711e-05
4.67712e-05
4.67713e-05
4.67715e-05
4.67716e-05
4.67717e-05
4.67719e-05
4.6772e-05
4.67722e-05
4.67723e-05
4.67725e-05
4.67726e-05
4.67728e-05
4.6773e-05
4.67731e-05
4.67733e-05
4.67735e-05
4.67737e-05
4.67738e-05
4.6774e-05
4.67742e-05
4.67743e-05
4.67745e-05
4.67747e-05
4.67749e-05
4.6775e-05
4.67752e-05
4.67753e-05
4.67755e-05
4.67756e-05
4.67757e-05
4.67759e-05
4.6776e-05
4.67761e-05
4.67762e-05
4.67763e-05
4.67764e-05
4.67765e-05
4.67766e-05
4.67766e-05
4.67767e-05
4.67768e-05
4.67769e-05
4.67769e-05
4.6777e-05
4.67771e-05
4.67771e-05
4.67772e-05
4.67772e-05
4.67772e-05
4.67773e-05
4.67773e-05
4.67774e-05
4.67774e-05
4.67774e-05
4.67775e-05
4.67775e-05
4.67775e-05
4.67776e-05
4.67776e-05
4.67777e-05
4.67777e-05
4.67777e-05
4.67778e-05
4.67778e-05
4.67778e-05
4.67778e-05
4.67779e-05
4.67779e-05
4.67779e-05
4.67779e-05
4.6778e-05
4.6778e-05
4.6778e-05
4.6778e-05
4.67781e-05
4.67781e-05
4.67781e-05
4.67781e-05
4.67781e-05
4.67781e-05
4.67781e-05
4.67782e-05
4.67782e-05
4.67782e-05
4.67782e-05
4.67782e-05
4.67781e-05
4.67781e-05
4.67781e-05
4.6778e-05
4.6778e-05
4.67779e-05
4.67778e-05
4.67777e-05
4.67776e-05
4.67775e-05
4.67775e-05
4.6777e-05
3.84957e-05
3.84957e-05
3.8495e-05
3.84943e-05
3.84935e-05
3.84928e-05
3.84921e-05
3.84914e-05
3.84909e-05
3.84904e-05
3.84899e-05
3.84895e-05
3.84892e-05
3.8489e-05
3.84888e-05
3.84887e-05
3.84886e-05
3.84885e-05
3.84885e-05
3.84885e-05
3.84885e-05
3.84886e-05
3.84887e-05
3.84888e-05
3.84889e-05
3.8489e-05
3.84891e-05
3.84892e-05
3.84893e-05
3.84895e-05
3.84896e-05
3.84897e-05
3.84899e-05
3.849e-05
3.84901e-05
3.84902e-05
3.84904e-05
3.84905e-05
3.84907e-05
3.84908e-05
3.84909e-05
3.84911e-05
3.84912e-05
3.84914e-05
3.84915e-05
3.84916e-05
3.84917e-05
3.84919e-05
3.8492e-05
3.84921e-05
3.84922e-05
3.84923e-05
3.84924e-05
3.84925e-05
3.84926e-05
3.84927e-05
3.84928e-05
3.84928e-05
3.84929e-05
3.8493e-05
3.8493e-05
3.84931e-05
3.84931e-05
3.84932e-05
3.84933e-05
3.84933e-05
3.84933e-05
3.84934e-05
3.84934e-05
3.84935e-05
3.84935e-05
3.84935e-05
3.84936e-05
3.84936e-05
3.84936e-05
3.84936e-05
3.84937e-05
3.84937e-05
3.84937e-05
3.84938e-05
3.84938e-05
3.84938e-05
3.84938e-05
3.84939e-05
3.84939e-05
3.84939e-05
3.84939e-05
3.8494e-05
3.8494e-05
3.8494e-05
3.8494e-05
3.8494e-05
3.84941e-05
3.84941e-05
3.84941e-05
3.84941e-05
3.84941e-05
3.84942e-05
3.84942e-05
3.84942e-05
3.84942e-05
3.84942e-05
3.84942e-05
3.84942e-05
3.84942e-05
3.84942e-05
3.84942e-05
3.84942e-05
3.84942e-05
3.84942e-05
3.84942e-05
3.84942e-05
3.84941e-05
3.84941e-05
3.8494e-05
3.84939e-05
3.84938e-05
3.84937e-05
3.84937e-05
3.84932e-05
3.06699e-05
3.067e-05
3.06695e-05
3.06688e-05
3.06681e-05
3.06675e-05
3.06669e-05
3.06664e-05
3.06659e-05
3.06654e-05
3.06651e-05
3.06647e-05
3.06645e-05
3.06643e-05
3.06641e-05
3.0664e-05
3.06639e-05
3.06639e-05
3.06639e-05
3.06639e-05
3.06639e-05
3.0664e-05
3.0664e-05
3.06641e-05
3.06642e-05
3.06643e-05
3.06644e-05
3.06645e-05
3.06646e-05
3.06647e-05
3.06647e-05
3.06648e-05
3.06649e-05
3.0665e-05
3.06651e-05
3.06653e-05
3.06654e-05
3.06655e-05
3.06656e-05
3.06657e-05
3.06658e-05
3.06659e-05
3.0666e-05
3.06661e-05
3.06662e-05
3.06663e-05
3.06664e-05
3.06665e-05
3.06666e-05
3.06667e-05
3.06668e-05
3.06669e-05
3.06669e-05
3.0667e-05
3.06671e-05
3.06671e-05
3.06672e-05
3.06672e-05
3.06673e-05
3.06673e-05
3.06674e-05
3.06674e-05
3.06675e-05
3.06675e-05
3.06676e-05
3.06676e-05
3.06676e-05
3.06677e-05
3.06677e-05
3.06677e-05
3.06678e-05
3.06678e-05
3.06678e-05
3.06678e-05
3.06679e-05
3.06679e-05
3.06679e-05
3.06679e-05
3.06679e-05
3.0668e-05
3.0668e-05
3.0668e-05
3.0668e-05
3.0668e-05
3.06681e-05
3.06681e-05
3.06681e-05
3.06681e-05
3.06681e-05
3.06682e-05
3.06682e-05
3.06682e-05
3.06682e-05
3.06682e-05
3.06682e-05
3.06683e-05
3.06683e-05
3.06683e-05
3.06683e-05
3.06683e-05
3.06683e-05
3.06683e-05
3.06683e-05
3.06683e-05
3.06684e-05
3.06684e-05
3.06684e-05
3.06684e-05
3.06684e-05
3.06683e-05
3.06683e-05
3.06683e-05
3.06683e-05
3.06682e-05
3.06682e-05
3.06681e-05
3.06681e-05
3.0668e-05
3.0668e-05
3.06675e-05
2.33892e-05
2.33894e-05
2.3389e-05
2.33884e-05
2.33879e-05
2.33874e-05
2.33869e-05
2.33864e-05
2.3386e-05
2.33857e-05
2.33854e-05
2.33851e-05
2.33849e-05
2.33847e-05
2.33846e-05
2.33845e-05
2.33845e-05
2.33844e-05
2.33844e-05
2.33844e-05
2.33845e-05
2.33845e-05
2.33845e-05
2.33846e-05
2.33847e-05
2.33847e-05
2.33848e-05
2.33849e-05
2.33849e-05
2.3385e-05
2.33851e-05
2.33852e-05
2.33852e-05
2.33853e-05
2.33854e-05
2.33855e-05
2.33855e-05
2.33856e-05
2.33857e-05
2.33858e-05
2.33859e-05
2.33859e-05
2.3386e-05
2.33861e-05
2.33862e-05
2.33863e-05
2.33863e-05
2.33864e-05
2.33865e-05
2.33865e-05
2.33866e-05
2.33867e-05
2.33867e-05
2.33868e-05
2.33868e-05
2.33869e-05
2.33869e-05
2.3387e-05
2.3387e-05
2.3387e-05
2.33871e-05
2.33871e-05
2.33871e-05
2.33872e-05
2.33872e-05
2.33872e-05
2.33873e-05
2.33873e-05
2.33873e-05
2.33873e-05
2.33873e-05
2.33874e-05
2.33874e-05
2.33874e-05
2.33874e-05
2.33874e-05
2.33874e-05
2.33875e-05
2.33875e-05
2.33875e-05
2.33875e-05
2.33875e-05
2.33875e-05
2.33876e-05
2.33876e-05
2.33876e-05
2.33876e-05
2.33876e-05
2.33876e-05
2.33877e-05
2.33877e-05
2.33877e-05
2.33877e-05
2.33877e-05
2.33877e-05
2.33877e-05
2.33877e-05
2.33878e-05
2.33878e-05
2.33878e-05
2.33878e-05
2.33878e-05
2.33878e-05
2.33878e-05
2.33878e-05
2.33878e-05
2.33878e-05
2.33878e-05
2.33878e-05
2.33878e-05
2.33878e-05
2.33878e-05
2.33878e-05
2.33877e-05
2.33877e-05
2.33877e-05
2.33876e-05
2.33876e-05
2.33876e-05
2.33871e-05
1.67791e-05
1.67792e-05
1.67789e-05
1.67785e-05
1.67781e-05
1.67777e-05
1.67774e-05
1.6777e-05
1.67767e-05
1.67764e-05
1.67762e-05
1.6776e-05
1.67759e-05
1.67757e-05
1.67756e-05
1.67756e-05
1.67755e-05
1.67755e-05
1.67755e-05
1.67755e-05
1.67755e-05
1.67755e-05
1.67756e-05
1.67756e-05
1.67757e-05
1.67757e-05
1.67758e-05
1.67758e-05
1.67759e-05
1.67759e-05
1.6776e-05
1.6776e-05
1.67761e-05
1.67761e-05
1.67762e-05
1.67762e-05
1.67763e-05
1.67763e-05
1.67764e-05
1.67764e-05
1.67765e-05
1.67766e-05
1.67766e-05
1.67767e-05
1.67767e-05
1.67768e-05
1.67768e-05
1.67769e-05
1.67769e-05
1.6777e-05
1.6777e-05
1.67771e-05
1.67771e-05
1.67772e-05
1.67772e-05
1.67772e-05
1.67773e-05
1.67773e-05
1.67773e-05
1.67773e-05
1.67774e-05
1.67774e-05
1.67774e-05
1.67774e-05
1.67775e-05
1.67775e-05
1.67775e-05
1.67775e-05
1.67775e-05
1.67776e-05
1.67776e-05
1.67776e-05
1.67776e-05
1.67776e-05
1.67776e-05
1.67776e-05
1.67776e-05
1.67777e-05
1.67777e-05
1.67777e-05
1.67777e-05
1.67777e-05
1.67777e-05
1.67777e-05
1.67778e-05
1.67778e-05
1.67778e-05
1.67778e-05
1.67778e-05
1.67778e-05
1.67778e-05
1.67778e-05
1.67778e-05
1.67779e-05
1.67779e-05
1.67779e-05
1.67779e-05
1.67779e-05
1.67779e-05
1.67779e-05
1.67779e-05
1.67779e-05
1.67779e-05
1.67779e-05
1.67779e-05
1.67779e-05
1.67779e-05
1.67779e-05
1.6778e-05
1.67779e-05
1.67779e-05
1.67779e-05
1.67779e-05
1.67779e-05
1.67779e-05
1.67778e-05
1.67778e-05
1.67778e-05
1.67778e-05
1.67774e-05
1.10186e-05
1.10188e-05
1.10186e-05
1.10183e-05
1.10181e-05
1.10178e-05
1.10176e-05
1.10173e-05
1.10171e-05
1.10169e-05
1.10167e-05
1.10166e-05
1.10165e-05
1.10164e-05
1.10163e-05
1.10163e-05
1.10163e-05
1.10162e-05
1.10162e-05
1.10162e-05
1.10162e-05
1.10163e-05
1.10163e-05
1.10163e-05
1.10163e-05
1.10164e-05
1.10164e-05
1.10164e-05
1.10165e-05
1.10165e-05
1.10165e-05
1.10166e-05
1.10166e-05
1.10166e-05
1.10167e-05
1.10167e-05
1.10167e-05
1.10168e-05
1.10168e-05
1.10168e-05
1.10169e-05
1.10169e-05
1.1017e-05
1.1017e-05
1.1017e-05
1.10171e-05
1.10171e-05
1.10171e-05
1.10172e-05
1.10172e-05
1.10172e-05
1.10173e-05
1.10173e-05
1.10173e-05
1.10173e-05
1.10174e-05
1.10174e-05
1.10174e-05
1.10174e-05
1.10174e-05
1.10175e-05
1.10175e-05
1.10175e-05
1.10175e-05
1.10175e-05
1.10175e-05
1.10176e-05
1.10176e-05
1.10176e-05
1.10176e-05
1.10176e-05
1.10176e-05
1.10176e-05
1.10176e-05
1.10176e-05
1.10177e-05
1.10177e-05
1.10177e-05
1.10177e-05
1.10177e-05
1.10177e-05
1.10177e-05
1.10177e-05
1.10177e-05
1.10177e-05
1.10178e-05
1.10178e-05
1.10178e-05
1.10178e-05
1.10178e-05
1.10178e-05
1.10178e-05
1.10178e-05
1.10178e-05
1.10178e-05
1.10178e-05
1.10178e-05
1.10178e-05
1.10179e-05
1.10179e-05
1.10179e-05
1.10179e-05
1.10179e-05
1.10179e-05
1.10179e-05
1.10179e-05
1.10179e-05
1.10179e-05
1.10179e-05
1.10179e-05
1.10179e-05
1.10179e-05
1.10179e-05
1.10179e-05
1.10179e-05
1.10178e-05
1.10178e-05
1.10178e-05
1.10178e-05
1.10175e-05
6.34639e-06
6.34654e-06
6.34648e-06
6.34636e-06
6.34622e-06
6.34606e-06
6.3459e-06
6.34575e-06
6.34561e-06
6.3455e-06
6.34539e-06
6.34531e-06
6.34524e-06
6.34519e-06
6.34514e-06
6.34511e-06
6.34509e-06
6.34508e-06
6.34507e-06
6.34507e-06
6.34507e-06
6.34508e-06
6.34509e-06
6.3451e-06
6.34512e-06
6.34513e-06
6.34515e-06
6.34517e-06
6.34519e-06
6.34521e-06
6.34523e-06
6.34525e-06
6.34526e-06
6.34528e-06
6.3453e-06
6.34532e-06
6.34534e-06
6.34536e-06
6.34539e-06
6.34541e-06
6.34543e-06
6.34545e-06
6.34547e-06
6.3455e-06
6.34552e-06
6.34554e-06
6.34556e-06
6.34559e-06
6.34561e-06
6.34563e-06
6.34565e-06
6.34566e-06
6.34568e-06
6.3457e-06
6.34571e-06
6.34573e-06
6.34574e-06
6.34575e-06
6.34577e-06
6.34578e-06
6.34579e-06
6.3458e-06
6.34581e-06
6.34582e-06
6.34583e-06
6.34584e-06
6.34585e-06
6.34586e-06
6.34587e-06
6.34587e-06
6.34588e-06
6.34589e-06
6.3459e-06
6.3459e-06
6.34591e-06
6.34592e-06
6.34592e-06
6.34593e-06
6.34593e-06
6.34594e-06
6.34594e-06
6.34595e-06
6.34596e-06
6.34596e-06
6.34597e-06
6.34598e-06
6.34598e-06
6.34599e-06
6.346e-06
6.346e-06
6.34601e-06
6.34601e-06
6.34602e-06
6.34602e-06
6.34603e-06
6.34603e-06
6.34604e-06
6.34604e-06
6.34605e-06
6.34605e-06
6.34605e-06
6.34606e-06
6.34606e-06
6.34607e-06
6.34607e-06
6.34607e-06
6.34607e-06
6.34608e-06
6.34608e-06
6.34608e-06
6.34608e-06
6.34608e-06
6.34607e-06
6.34606e-06
6.34605e-06
6.34604e-06
6.34603e-06
6.34601e-06
6.34601e-06
6.34587e-06
3.00686e-06
3.00697e-06
3.00697e-06
3.00693e-06
3.00686e-06
3.00678e-06
3.0067e-06
3.00663e-06
3.00656e-06
3.0065e-06
3.00644e-06
3.0064e-06
3.00636e-06
3.00634e-06
3.00631e-06
3.0063e-06
3.00628e-06
3.00627e-06
3.00627e-06
3.00627e-06
3.00627e-06
3.00627e-06
3.00627e-06
3.00628e-06
3.00629e-06
3.00629e-06
3.0063e-06
3.00631e-06
3.00632e-06
3.00633e-06
3.00634e-06
3.00635e-06
3.00636e-06
3.00637e-06
3.00637e-06
3.00638e-06
3.00639e-06
3.0064e-06
3.00642e-06
3.00643e-06
3.00644e-06
3.00645e-06
3.00646e-06
3.00647e-06
3.00648e-06
3.00649e-06
3.0065e-06
3.00652e-06
3.00653e-06
3.00654e-06
3.00655e-06
3.00656e-06
3.00656e-06
3.00657e-06
3.00658e-06
3.00659e-06
3.0066e-06
3.0066e-06
3.00661e-06
3.00662e-06
3.00662e-06
3.00663e-06
3.00663e-06
3.00664e-06
3.00664e-06
3.00665e-06
3.00665e-06
3.00666e-06
3.00666e-06
3.00667e-06
3.00667e-06
3.00668e-06
3.00668e-06
3.00668e-06
3.00669e-06
3.00669e-06
3.00669e-06
3.0067e-06
3.0067e-06
3.0067e-06
3.00671e-06
3.00671e-06
3.00671e-06
3.00672e-06
3.00672e-06
3.00672e-06
3.00673e-06
3.00673e-06
3.00673e-06
3.00674e-06
3.00674e-06
3.00674e-06
3.00675e-06
3.00675e-06
3.00675e-06
3.00675e-06
3.00676e-06
3.00676e-06
3.00676e-06
3.00677e-06
3.00677e-06
3.00677e-06
3.00677e-06
3.00677e-06
3.00678e-06
3.00678e-06
3.00678e-06
3.00678e-06
3.00678e-06
3.00678e-06
3.00678e-06
3.00678e-06
3.00678e-06
3.00678e-06
3.00677e-06
3.00677e-06
3.00676e-06
3.00675e-06
3.00675e-06
3.00669e-06
1.07286e-06
1.0729e-06
1.07292e-06
1.07291e-06
1.07288e-06
1.07285e-06
1.07282e-06
1.07279e-06
1.07277e-06
1.07274e-06
1.07272e-06
1.07271e-06
1.07269e-06
1.07268e-06
1.07267e-06
1.07267e-06
1.07266e-06
1.07266e-06
1.07265e-06
1.07265e-06
1.07265e-06
1.07265e-06
1.07265e-06
1.07266e-06
1.07266e-06
1.07266e-06
1.07266e-06
1.07267e-06
1.07267e-06
1.07267e-06
1.07268e-06
1.07268e-06
1.07268e-06
1.07269e-06
1.07269e-06
1.07269e-06
1.0727e-06
1.0727e-06
1.0727e-06
1.07271e-06
1.07271e-06
1.07272e-06
1.07272e-06
1.07273e-06
1.07273e-06
1.07273e-06
1.07274e-06
1.07274e-06
1.07275e-06
1.07275e-06
1.07275e-06
1.07276e-06
1.07276e-06
1.07276e-06
1.07277e-06
1.07277e-06
1.07277e-06
1.07278e-06
1.07278e-06
1.07278e-06
1.07278e-06
1.07279e-06
1.07279e-06
1.07279e-06
1.07279e-06
1.0728e-06
1.0728e-06
1.0728e-06
1.0728e-06
1.0728e-06
1.0728e-06
1.07281e-06
1.07281e-06
1.07281e-06
1.07281e-06
1.07281e-06
1.07281e-06
1.07281e-06
1.07282e-06
1.07282e-06
1.07282e-06
1.07282e-06
1.07282e-06
1.07282e-06
1.07282e-06
1.07283e-06
1.07283e-06
1.07283e-06
1.07283e-06
1.07283e-06
1.07283e-06
1.07283e-06
1.07283e-06
1.07284e-06
1.07284e-06
1.07284e-06
1.07284e-06
1.07284e-06
1.07284e-06
1.07284e-06
1.07284e-06
1.07284e-06
1.07285e-06
1.07285e-06
1.07285e-06
1.07285e-06
1.07285e-06
1.07285e-06
1.07285e-06
1.07285e-06
1.07285e-06
1.07285e-06
1.07285e-06
1.07285e-06
1.07285e-06
1.07284e-06
1.07284e-06
1.07284e-06
1.07284e-06
1.07282e-06
2.56132e-07
2.56144e-07
2.56149e-07
2.56147e-07
2.56142e-07
2.56134e-07
2.56127e-07
2.5612e-07
2.56113e-07
2.56107e-07
2.56102e-07
2.56098e-07
2.56094e-07
2.56091e-07
2.56089e-07
2.56087e-07
2.56086e-07
2.56085e-07
2.56084e-07
2.56084e-07
2.56084e-07
2.56084e-07
2.56084e-07
2.56084e-07
2.56085e-07
2.56085e-07
2.56086e-07
2.56087e-07
2.56088e-07
2.56088e-07
2.56089e-07
2.5609e-07
2.56091e-07
2.56091e-07
2.56092e-07
2.56093e-07
2.56094e-07
2.56095e-07
2.56096e-07
2.56097e-07
2.56098e-07
2.56099e-07
2.561e-07
2.56101e-07
2.56102e-07
2.56103e-07
2.56104e-07
2.56105e-07
2.56106e-07
2.56107e-07
2.56108e-07
2.56109e-07
2.5611e-07
2.56111e-07
2.56112e-07
2.56113e-07
2.56113e-07
2.56114e-07
2.56115e-07
2.56115e-07
2.56116e-07
2.56117e-07
2.56117e-07
2.56118e-07
2.56118e-07
2.56119e-07
2.56119e-07
2.5612e-07
2.5612e-07
2.56121e-07
2.56121e-07
2.56122e-07
2.56122e-07
2.56122e-07
2.56123e-07
2.56123e-07
2.56124e-07
2.56124e-07
2.56124e-07
2.56125e-07
2.56125e-07
2.56125e-07
2.56126e-07
2.56126e-07
2.56126e-07
2.56127e-07
2.56127e-07
2.56128e-07
2.56128e-07
2.56128e-07
2.56128e-07
2.56129e-07
2.56129e-07
2.56129e-07
2.5613e-07
2.5613e-07
2.5613e-07
2.56131e-07
2.56131e-07
2.56131e-07
2.56131e-07
2.56132e-07
2.56132e-07
2.56132e-07
2.56132e-07
2.56132e-07
2.56133e-07
2.56133e-07
2.56133e-07
2.56133e-07
2.56133e-07
2.56133e-07
2.56133e-07
2.56133e-07
2.56132e-07
2.56132e-07
2.56131e-07
2.56131e-07
2.56131e-07
2.56126e-07
3.37037e-08
3.37053e-08
3.3706e-08
3.37058e-08
3.3705e-08
3.37041e-08
3.37031e-08
3.37021e-08
3.37013e-08
3.37005e-08
3.36998e-08
3.36992e-08
3.36987e-08
3.36983e-08
3.3698e-08
3.36977e-08
3.36975e-08
3.36974e-08
3.36973e-08
3.36972e-08
3.36972e-08
3.36972e-08
3.36972e-08
3.36973e-08
3.36974e-08
3.36974e-08
3.36975e-08
3.36976e-08
3.36977e-08
3.36978e-08
3.36979e-08
3.3698e-08
3.36981e-08
3.36982e-08
3.36983e-08
3.36984e-08
3.36986e-08
3.36987e-08
3.36988e-08
3.3699e-08
3.36991e-08
3.36992e-08
3.36994e-08
3.36995e-08
3.36997e-08
3.36998e-08
3.37e-08
3.37001e-08
3.37002e-08
3.37004e-08
3.37005e-08
3.37006e-08
3.37007e-08
3.37009e-08
3.3701e-08
3.37011e-08
3.37012e-08
3.37013e-08
3.37014e-08
3.37014e-08
3.37015e-08
3.37016e-08
3.37017e-08
3.37018e-08
3.37018e-08
3.37019e-08
3.3702e-08
3.37021e-08
3.37021e-08
3.37022e-08
3.37022e-08
3.37023e-08
3.37024e-08
3.37024e-08
3.37025e-08
3.37025e-08
3.37026e-08
3.37026e-08
3.37027e-08
3.37027e-08
3.37027e-08
3.37028e-08
3.37028e-08
3.37029e-08
3.3703e-08
3.3703e-08
3.37031e-08
3.37031e-08
3.37032e-08
3.37032e-08
3.37032e-08
3.37033e-08
3.37033e-08
3.37034e-08
3.37034e-08
3.37034e-08
3.37035e-08
3.37035e-08
3.37036e-08
3.37036e-08
3.37036e-08
3.37037e-08
3.37037e-08
3.37037e-08
3.37038e-08
3.37038e-08
3.37038e-08
3.37038e-08
3.37039e-08
3.37039e-08
3.37039e-08
3.37039e-08
3.37039e-08
3.37038e-08
3.37038e-08
3.37037e-08
3.37037e-08
3.37036e-08
3.37035e-08
3.3703e-08
1.57929e-09
1.57936e-09
1.5794e-09
1.57939e-09
1.57935e-09
1.57931e-09
1.57926e-09
1.57922e-09
1.57918e-09
1.57914e-09
1.57911e-09
1.57908e-09
1.57905e-09
1.57904e-09
1.57902e-09
1.57901e-09
1.579e-09
1.57899e-09
1.57899e-09
1.57899e-09
1.57898e-09
1.57898e-09
1.57899e-09
1.57899e-09
1.57899e-09
1.57899e-09
1.579e-09
1.579e-09
1.57901e-09
1.57901e-09
1.57902e-09
1.57902e-09
1.57903e-09
1.57903e-09
1.57904e-09
1.57904e-09
1.57905e-09
1.57905e-09
1.57906e-09
1.57907e-09
1.57907e-09
1.57908e-09
1.57909e-09
1.57909e-09
1.5791e-09
1.57911e-09
1.57911e-09
1.57912e-09
1.57913e-09
1.57913e-09
1.57914e-09
1.57914e-09
1.57915e-09
1.57916e-09
1.57916e-09
1.57917e-09
1.57917e-09
1.57918e-09
1.57918e-09
1.57918e-09
1.57919e-09
1.57919e-09
1.57919e-09
1.5792e-09
1.5792e-09
1.57921e-09
1.57921e-09
1.57921e-09
1.57922e-09
1.57922e-09
1.57922e-09
1.57922e-09
1.57923e-09
1.57923e-09
1.57923e-09
1.57923e-09
1.57924e-09
1.57924e-09
1.57924e-09
1.57924e-09
1.57925e-09
1.57925e-09
1.57925e-09
1.57925e-09
1.57925e-09
1.57926e-09
1.57926e-09
1.57926e-09
1.57926e-09
1.57927e-09
1.57927e-09
1.57927e-09
1.57927e-09
1.57927e-09
1.57928e-09
1.57928e-09
1.57928e-09
1.57928e-09
1.57928e-09
1.57929e-09
1.57929e-09
1.57929e-09
1.57929e-09
1.57929e-09
1.57929e-09
1.57929e-09
1.5793e-09
1.5793e-09
1.5793e-09
1.5793e-09
1.5793e-09
1.5793e-09
1.5793e-09
1.5793e-09
1.57929e-09
1.57929e-09
1.57929e-09
1.57928e-09
1.57928e-09
1.57926e-09
8.51304e-12
8.51343e-12
8.51361e-12
8.51356e-12
8.51337e-12
8.51314e-12
8.51288e-12
8.51264e-12
8.51241e-12
8.51221e-12
8.51204e-12
8.51189e-12
8.51176e-12
8.51166e-12
8.51158e-12
8.51151e-12
8.51146e-12
8.51143e-12
8.5114e-12
8.51139e-12
8.51138e-12
8.51138e-12
8.51139e-12
8.5114e-12
8.51142e-12
8.51144e-12
8.51146e-12
8.51148e-12
8.51151e-12
8.51153e-12
8.51156e-12
8.51158e-12
8.51161e-12
8.51164e-12
8.51166e-12
8.51169e-12
8.51172e-12
8.51175e-12
8.51179e-12
8.51182e-12
8.51186e-12
8.51189e-12
8.51193e-12
8.51196e-12
8.512e-12
8.51204e-12
8.51208e-12
8.51211e-12
8.51215e-12
8.51218e-12
8.51221e-12
8.51225e-12
8.51228e-12
8.51231e-12
8.51233e-12
8.51236e-12
8.51239e-12
8.51241e-12
8.51243e-12
8.51246e-12
8.51248e-12
8.5125e-12
8.51252e-12
8.51254e-12
8.51256e-12
8.51258e-12
8.51259e-12
8.51261e-12
8.51263e-12
8.51264e-12
8.51266e-12
8.51267e-12
8.51269e-12
8.5127e-12
8.51271e-12
8.51273e-12
8.51274e-12
8.51275e-12
8.51276e-12
8.51278e-12
8.51279e-12
8.5128e-12
8.51281e-12
8.51283e-12
8.51284e-12
8.51285e-12
8.51287e-12
8.51288e-12
8.51289e-12
8.5129e-12
8.51291e-12
8.51292e-12
8.51293e-12
8.51294e-12
8.51296e-12
8.51297e-12
8.51298e-12
8.51299e-12
8.513e-12
8.51301e-12
8.51302e-12
8.51302e-12
8.51303e-12
8.51304e-12
8.51305e-12
8.51305e-12
8.51306e-12
8.51307e-12
8.51307e-12
8.51308e-12
8.51308e-12
8.51308e-12
8.51308e-12
8.51307e-12
8.51306e-12
8.51304e-12
8.51302e-12
8.513e-12
8.513e-12
8.51285e-12
)
;

boundaryField
{
    bottomWall
    {
        type            nutUWallFunction;
        Cmu             0.09;
        kappa           0.41;
        E               9.8;
        value           nonuniform 0();
    }
    topWall
    {
        type            nutUWallFunction;
        Cmu             0.09;
        kappa           0.41;
        E               9.8;
        value           uniform 0;
    }
    sides1_half0
    {
        type            cyclic;
    }
    sides1_half1
    {
        type            cyclic;
    }
    sides2_half0
    {
        type            cyclic;
    }
    sides2_half1
    {
        type            cyclic;
    }
    inout1_half0
    {
        type            cyclic;
    }
    inout1_half1
    {
        type            cyclic;
    }
    inout2_half0
    {
        type            cyclic;
    }
    inout2_half1
    {
        type            cyclic;
    }
    procBoundary0to1
    {
        type            processor;
        value           nonuniform List<scalar> 
122
(
0.000302194
0.00030219
0.000302191
0.000302193
0.000302196
0.000302197
0.000302199
0.000302201
0.000302203
0.000302204
0.000302205
0.000302207
0.000302208
0.000302209
0.00030221
0.000302211
0.000302212
0.000302213
0.000302214
0.000302215
0.000302216
0.000302217
0.000302218
0.000302219
0.000302219
0.00030222
0.000302221
0.000302222
0.000302223
0.000302224
0.000302225
0.000302226
0.000302226
0.000302227
0.000302228
0.000302229
0.00030223
0.000302231
0.000302232
0.000302232
0.000302233
0.000302234
0.000302235
0.000302236
0.000302237
0.000302237
0.000302238
0.000302239
0.00030224
0.00030224
0.000302241
0.000302242
0.000302242
0.000302243
0.000302244
0.000302244
0.000302245
0.000302246
0.000302246
0.000302247
0.000302247
0.000302248
0.000302248
0.000302249
0.000302249
0.00030225
0.00030225
0.000302251
0.000302251
0.000302251
0.000302252
0.000302252
0.000302252
0.000302253
0.000302253
0.000302253
0.000302253
0.000287414
0.000287407
0.000287405
0.000287404
0.000287404
0.000287404
0.000287404
0.000287404
0.000287404
0.000287405
0.000287404
0.000287404
0.000287405
0.000287405
0.000287405
0.000287405
0.000287406
0.000287406
0.000287406
0.000287406
0.000287406
0.000287407
0.000287407
0.000287407
0.000287407
0.000287465
0.000287465
0.000287465
0.000287464
0.000287462
0.00028746
0.000287458
0.000287457
0.000287455
0.000287453
0.000287452
0.00028745
0.000287448
0.000287447
0.000287445
0.000287444
0.000287442
0.000287441
0.000287439
0.000287442
)
;
    }
}


// ************************************************************************* //
