/*--------------------------------*- C++ -*----------------------------------*\
  =========                 |
  \\      /  F ield         | OpenFOAM: The Open Source CFD Toolbox
   \\    /   O peration     | Website:  https://openfoam.org
    \\  /    A nd           | Version:  7
     \\/     M anipulation  |
\*---------------------------------------------------------------------------*/
FoamFile
{
    version     2.0;
    format      ascii;
    class       labelList;
    note        "nPoints: 8204 nCells: 3974 nFaces: 16023 nInternalFaces: 7821";
    location    "constant/polyMesh";
    object      neighbour;
}
// * * * * * * * * * * * * * * * * * * * * * * * * * * * * * * * * * * * * * //


7821
(
1
40
2
41
3
42
4
43
5
44
6
45
7
46
8
47
9
48
10
49
11
50
12
51
13
52
14
53
15
54
16
55
17
56
18
57
19
58
20
59
21
60
22
61
23
62
24
63
25
64
26
65
27
66
28
67
29
68
30
69
31
70
32
71
33
72
34
73
35
74
36
75
37
76
77
39
82
40
83
41
84
42
85
43
86
44
87
45
88
46
89
47
90
48
91
49
92
50
93
51
94
52
95
53
96
54
97
55
98
56
99
57
100
58
101
59
102
60
103
61
104
62
105
63
106
64
107
65
108
66
109
67
110
68
111
69
112
70
113
71
114
72
115
73
116
74
117
75
118
76
119
77
120
78
121
79
122
123
81
139
82
140
83
141
84
142
85
143
86
144
87
145
88
146
89
147
90
148
91
149
92
150
93
151
94
152
95
153
96
154
97
155
98
156
99
157
100
158
101
159
102
160
103
161
104
162
105
163
106
164
107
165
108
166
109
167
110
168
111
169
112
170
113
171
114
172
115
173
116
174
117
175
118
176
119
177
120
178
121
179
122
180
123
181
124
182
125
183
126
184
127
185
128
186
129
187
130
188
131
189
132
190
133
191
134
192
135
193
136
194
137
195
138
196
197
140
198
141
199
142
200
143
201
144
202
145
203
146
204
147
205
148
206
149
207
150
208
151
209
152
210
153
211
154
212
155
213
156
214
157
215
158
216
159
217
160
218
161
219
162
220
163
221
164
222
165
223
166
224
167
225
168
226
169
227
170
228
171
229
172
230
173
231
174
232
175
233
176
234
177
235
178
236
179
237
180
238
181
239
182
240
183
241
184
242
185
243
186
244
187
245
188
246
189
247
190
248
191
249
192
250
193
251
194
252
195
253
196
254
197
255
256
199
257
200
258
201
259
202
260
203
261
204
262
205
263
206
264
207
265
208
266
209
267
210
268
211
269
212
270
213
271
214
272
215
273
216
274
217
275
218
276
219
277
220
278
221
279
222
280
223
281
224
282
225
283
226
284
227
285
228
286
229
287
230
288
231
289
232
290
233
291
234
292
235
293
236
294
237
295
238
296
239
297
240
298
241
299
242
300
243
301
244
302
245
303
246
304
247
305
248
306
249
307
250
308
251
309
252
310
253
311
254
312
255
313
256
314
315
258
316
259
317
260
318
261
319
262
320
263
321
264
322
265
323
266
324
267
325
268
326
269
327
270
328
271
329
272
330
273
331
274
332
275
333
276
334
277
335
278
336
279
337
280
338
281
339
282
340
283
341
284
342
285
343
286
344
287
345
288
346
289
347
290
348
291
349
292
350
293
351
294
352
295
353
296
354
297
355
298
356
299
357
300
358
301
359
302
360
303
361
304
362
305
363
306
364
307
365
308
366
309
367
310
368
311
369
312
370
313
371
314
372
315
373
374
317
375
318
376
319
377
320
378
321
379
322
380
323
381
324
382
325
383
326
384
327
385
328
386
329
387
330
388
331
389
332
390
333
391
334
392
335
393
336
394
337
395
338
396
339
397
340
398
341
399
342
400
343
401
344
402
345
403
346
404
347
405
348
406
349
407
350
408
351
409
352
410
353
411
354
412
355
413
356
414
357
415
358
416
359
417
360
418
361
419
362
420
363
421
364
422
365
423
366
424
367
425
368
426
369
427
370
428
371
429
372
430
373
431
374
432
433
376
434
377
435
378
436
379
437
380
438
381
439
382
440
383
441
384
442
385
443
386
444
387
445
388
446
389
447
390
448
391
449
392
450
393
451
394
452
395
453
396
454
397
455
398
456
399
457
400
458
401
459
402
460
403
461
404
462
405
463
406
464
407
465
408
466
409
467
410
468
411
469
412
470
413
471
414
472
415
473
416
474
417
475
418
476
419
477
420
478
421
479
422
480
423
481
424
482
425
483
426
484
427
485
428
486
429
487
430
488
431
489
432
490
433
491
492
435
493
436
494
437
495
438
496
439
497
440
498
441
499
442
500
443
501
444
502
445
503
446
504
447
505
448
506
449
507
450
508
451
509
452
510
453
511
454
512
455
513
456
514
457
515
458
516
459
517
460
518
461
519
462
520
463
521
464
522
465
523
466
524
467
525
468
526
469
527
470
528
471
529
472
530
473
531
474
532
475
533
476
534
477
535
478
536
479
537
480
538
481
539
482
540
483
541
484
542
485
543
486
544
487
545
488
546
489
547
490
548
491
549
492
550
551
494
552
495
553
496
554
497
555
498
556
499
557
500
558
501
559
502
560
503
561
504
562
505
563
506
564
507
565
508
566
509
567
510
568
511
569
512
570
513
571
514
572
515
573
516
574
517
575
518
576
519
577
520
578
521
579
522
580
523
581
524
582
525
583
526
584
527
585
528
586
529
587
530
588
531
589
532
590
533
591
534
592
535
593
536
594
537
595
538
596
539
597
540
598
541
599
542
600
543
601
544
602
545
603
546
604
547
605
548
606
549
607
550
608
551
609
610
553
611
554
612
555
613
556
614
557
615
558
616
559
617
560
618
561
619
562
620
563
621
564
622
565
623
566
624
567
625
568
626
569
627
570
628
571
629
572
630
573
631
574
632
575
633
576
634
577
635
578
636
579
637
580
638
581
639
582
640
583
641
584
642
585
643
586
644
587
645
588
646
589
647
590
648
591
649
592
650
593
651
594
652
595
653
596
654
597
655
598
656
599
657
600
658
601
659
602
660
603
661
604
662
605
663
606
664
607
665
608
666
609
667
610
668
669
612
670
613
671
614
672
615
673
616
674
617
675
618
676
619
677
620
678
621
679
622
680
623
681
624
682
625
683
626
684
627
685
628
686
629
687
630
688
631
689
632
690
633
691
634
692
635
693
636
694
637
695
638
696
639
697
640
698
641
699
642
700
643
701
644
702
645
703
646
704
647
705
648
706
649
707
650
708
651
709
652
710
653
711
654
712
655
713
656
714
657
715
658
716
659
717
660
718
661
719
662
720
663
721
664
722
665
723
666
724
667
725
668
726
669
727
728
671
729
672
730
673
731
674
732
675
733
676
734
677
735
678
736
679
737
680
738
681
739
682
740
683
741
684
742
685
743
686
744
687
745
688
746
689
747
690
748
691
749
692
750
693
751
694
752
695
753
696
754
697
755
698
756
699
757
700
758
701
759
702
760
703
761
704
762
705
763
706
764
707
765
708
766
709
767
710
768
711
769
712
770
713
771
714
772
715
773
716
774
717
775
718
776
719
777
720
778
721
779
722
780
723
781
724
782
725
783
726
784
727
785
728
786
787
730
788
731
789
732
790
733
791
734
792
735
793
736
794
737
795
738
796
739
797
740
798
741
799
742
800
743
801
744
802
745
803
746
804
747
805
748
806
749
807
750
808
751
809
752
810
753
811
754
812
755
813
756
814
757
815
758
816
759
817
760
818
761
819
762
820
763
821
764
822
765
823
766
824
767
825
768
826
769
827
770
828
771
829
772
830
773
831
774
832
775
833
776
834
777
835
778
836
779
837
780
838
781
839
782
840
783
841
784
842
785
843
786
844
787
845
846
789
847
790
848
791
849
792
850
793
851
794
852
795
853
796
854
797
855
798
856
799
857
800
858
801
859
802
860
803
861
804
862
805
863
806
864
807
865
808
866
809
867
810
868
811
869
812
870
813
871
814
872
815
873
816
874
817
875
818
876
819
877
820
878
821
879
822
880
823
881
824
882
825
883
826
884
827
885
828
886
829
887
830
888
831
889
832
890
833
891
834
892
835
893
836
894
837
895
838
896
839
897
840
898
841
899
842
900
843
901
844
902
845
903
846
904
905
848
906
849
907
850
908
851
909
852
910
853
911
854
912
855
913
856
914
857
915
858
916
859
917
860
918
861
919
862
920
863
921
864
922
865
923
866
924
867
925
868
926
869
927
870
928
871
929
872
930
873
931
874
932
875
933
876
934
877
935
878
936
879
937
880
938
881
939
882
940
883
941
884
942
885
943
886
944
887
945
888
946
889
947
890
948
891
949
892
950
893
951
894
952
895
953
896
954
897
955
898
956
899
957
900
958
901
959
902
960
903
961
904
962
905
963
964
907
965
908
966
909
967
910
968
911
969
912
970
913
971
914
972
915
973
916
974
917
975
918
976
919
977
920
978
921
979
922
980
923
981
924
982
925
983
926
984
927
985
928
986
929
987
930
988
931
989
932
990
933
991
934
992
935
993
936
994
937
995
938
996
939
997
940
998
941
999
942
1000
943
1001
944
1002
945
1003
946
1004
947
1005
948
1006
949
1007
950
1008
951
1009
952
1010
953
1011
954
1012
955
1013
956
1014
957
1015
958
1016
959
1017
960
1018
961
1019
962
1020
963
1021
964
1022
1023
966
1024
967
1025
968
1026
969
1027
970
1028
971
1029
972
1030
973
1031
974
1032
975
1033
976
1034
977
1035
978
1036
979
1037
980
1038
981
1039
982
1040
983
1041
984
1042
985
1043
986
1044
987
1045
988
1046
989
1047
990
1048
991
1049
992
1050
993
1051
994
1052
995
1053
996
1054
997
1055
998
1056
999
1057
1000
1058
1001
1059
1002
1060
1003
1061
1004
1062
1005
1063
1006
1064
1007
1065
1008
1066
1009
1067
1010
1068
1011
1069
1012
1070
1013
1071
1014
1072
1015
1073
1016
1074
1017
1075
1018
1076
1019
1077
1020
1078
1021
1079
1022
1080
1023
1081
1082
1025
1083
1026
1084
1027
1085
1028
1086
1029
1087
1030
1088
1031
1089
1032
1090
1033
1091
1034
1092
1035
1093
1036
1094
1037
1095
1038
1096
1039
1097
1040
1098
1041
1099
1042
1100
1043
1101
1044
1102
1045
1103
1046
1104
1047
1105
1048
1106
1049
1107
1050
1108
1051
1109
1052
1110
1053
1111
1054
1112
1055
1113
1056
1114
1057
1115
1058
1116
1059
1117
1060
1118
1061
1119
1062
1120
1063
1121
1064
1122
1065
1123
1066
1124
1067
1125
1068
1126
1069
1127
1070
1128
1071
1129
1072
1130
1073
1131
1074
1132
1075
1133
1076
1134
1077
1135
1078
1136
1079
1137
1080
1138
1081
1139
1082
1140
1141
1084
1142
1085
1143
1086
1144
1087
1145
1088
1146
1089
1147
1090
1148
1091
1149
1092
1150
1093
1151
1094
1152
1095
1153
1096
1154
1097
1155
1098
1156
1099
1157
1100
1158
1101
1159
1102
1160
1103
1161
1104
1162
1105
1163
1106
1164
1107
1165
1108
1166
1109
1167
1110
1168
1111
1169
1112
1170
1113
1171
1114
1172
1115
1173
1116
1174
1117
1175
1118
1176
1119
1177
1120
1178
1121
1179
1122
1180
1123
1181
1124
1182
1125
1183
1126
1184
1127
1185
1128
1186
1129
1187
1130
1188
1131
1189
1132
1190
1133
1191
1134
1192
1135
1193
1136
1194
1137
1195
1138
1196
1139
1197
1140
1198
1141
1199
1200
1143
1201
1144
1202
1145
1203
1146
1204
1147
1205
1148
1206
1149
1207
1150
1208
1151
1209
1152
1210
1153
1211
1154
1212
1155
1213
1156
1214
1157
1215
1158
1216
1159
1217
1160
1218
1161
1219
1162
1220
1163
1221
1164
1222
1165
1223
1166
1224
1167
1225
1168
1226
1169
1227
1170
1228
1171
1229
1172
1230
1173
1231
1174
1232
1175
1233
1176
1234
1177
1235
1178
1236
1179
1237
1180
1238
1181
1239
1182
1240
1183
1241
1184
1242
1185
1243
1186
1244
1187
1245
1188
1246
1189
1247
1190
1248
1191
1249
1192
1250
1193
1251
1194
1252
1195
1253
1196
1254
1197
1255
1198
1256
1199
1257
1200
1258
1259
1202
1260
1203
1261
1204
1262
1205
1263
1206
1264
1207
1265
1208
1266
1209
1267
1210
1268
1211
1269
1212
1270
1213
1271
1214
1272
1215
1273
1216
1274
1217
1275
1218
1276
1219
1277
1220
1278
1221
1279
1222
1280
1223
1281
1224
1282
1225
1283
1226
1284
1227
1285
1228
1286
1229
1287
1230
1288
1231
1289
1232
1290
1233
1291
1234
1292
1235
1293
1236
1294
1237
1295
1238
1296
1239
1297
1240
1298
1241
1299
1242
1300
1243
1301
1244
1302
1245
1303
1246
1304
1247
1305
1248
1306
1249
1307
1250
1308
1251
1309
1252
1310
1253
1311
1254
1312
1255
1313
1256
1314
1257
1315
1258
1316
1259
1317
1318
1261
1319
1262
1320
1263
1321
1264
1322
1265
1323
1266
1324
1267
1325
1268
1326
1269
1327
1270
1328
1271
1329
1272
1330
1273
1331
1274
1332
1275
1333
1276
1334
1277
1335
1278
1336
1279
1337
1280
1338
1281
1339
1282
1340
1283
1341
1284
1342
1285
1343
1286
1344
1287
1345
1288
1346
1289
1347
1290
1348
1291
1349
1292
1350
1293
1351
1294
1352
1295
1353
1296
1354
1297
1355
1298
1356
1299
1357
1300
1358
1301
1359
1302
1360
1303
1361
1304
1362
1305
1363
1306
1364
1307
1365
1308
1366
1309
1367
1310
1368
1311
1369
1312
1370
1313
1371
1314
1372
1315
1373
1316
1374
1317
1375
1318
1376
1377
1320
1378
1321
1379
1322
1380
1323
1381
1324
1382
1325
1383
1326
1384
1327
1385
1328
1386
1329
1387
1330
1388
1331
1389
1332
1390
1333
1391
1334
1392
1335
1393
1336
1394
1337
1395
1338
1396
1339
1397
1340
1398
1341
1399
1342
1400
1343
1401
1344
1402
1345
1403
1346
1404
1347
1405
1348
1406
1349
1407
1350
1408
1351
1409
1352
1410
1353
1411
1354
1412
1355
1413
1356
1414
1357
1415
1358
1416
1359
1417
1360
1418
1361
1419
1362
1420
1363
1421
1364
1422
1365
1423
1366
1424
1367
1425
1368
1426
1369
1427
1370
1428
1371
1429
1372
1430
1373
1431
1374
1432
1375
1433
1376
1434
1377
1435
1436
1379
1437
1380
1438
1381
1439
1382
1440
1383
1441
1384
1442
1385
1443
1386
1444
1387
1445
1388
1446
1389
1447
1390
1448
1391
1449
1392
1450
1393
1451
1394
1452
1395
1453
1396
1454
1397
1455
1398
1456
1399
1457
1400
1458
1401
1459
1402
1460
1403
1461
1404
1462
1405
1463
1406
1464
1407
1465
1408
1466
1409
1467
1410
1468
1411
1469
1412
1470
1413
1471
1414
1472
1415
1473
1416
1474
1417
1475
1418
1476
1419
1477
1420
1478
1421
1479
1422
1480
1423
1481
1424
1482
1425
1483
1426
1484
1427
1485
1428
1486
1429
1487
1430
1488
1431
1489
1432
1490
1433
1491
1434
1492
1435
1493
1436
1494
1495
1438
1496
1439
1497
1440
1498
1441
1499
1442
1500
1443
1501
1444
1502
1445
1503
1446
1504
1447
1505
1448
1506
1449
1507
1450
1508
1451
1509
1452
1510
1453
1511
1454
1512
1455
1513
1456
1514
1457
1515
1458
1516
1459
1517
1460
1518
1461
1519
1462
1520
1463
1521
1464
1522
1465
1523
1466
1524
1467
1525
1468
1526
1469
1527
1470
1528
1471
1529
1472
1530
1473
1531
1474
1532
1475
1533
1476
1534
1477
1535
1478
1536
1479
1537
1480
1538
1481
1539
1482
1540
1483
1541
1484
1542
1485
1543
1486
1544
1487
1545
1488
1546
1489
1547
1490
1548
1491
1549
1492
1550
1493
1551
1494
1552
1495
1553
1554
1497
1555
1498
1556
1499
1557
1500
1558
1501
1559
1502
1560
1503
1561
1504
1562
1505
1563
1506
1564
1507
1565
1508
1566
1509
1567
1510
1568
1511
1569
1512
1570
1513
1571
1514
1572
1515
1573
1516
1574
1517
1575
1518
1576
1519
1577
1520
1578
1521
1579
1522
1580
1523
1581
1524
1582
1525
1583
1526
1584
1527
1585
1528
1586
1529
1587
1530
1588
1531
1589
1532
1590
1533
1591
1534
1592
1535
1593
1536
1594
1537
1595
1538
1596
1539
1597
1540
1598
1541
1599
1542
1600
1543
1601
1544
1602
1545
1603
1546
1604
1547
1605
1548
1606
1549
1607
1550
1608
1551
1609
1552
1610
1553
1611
1554
1612
1613
1556
1614
1557
1615
1558
1616
1559
1617
1560
1618
1561
1619
1562
1620
1563
1621
1564
1622
1565
1623
1566
1624
1567
1625
1568
1626
1569
1627
1570
1628
1571
1629
1572
1630
1573
1631
1574
1632
1575
1633
1576
1634
1577
1635
1578
1636
1579
1637
1580
1638
1581
1639
1582
1640
1583
1641
1584
1642
1585
1643
1586
1644
1587
1645
1588
1646
1589
1647
1590
1648
1591
1649
1592
1650
1593
1651
1594
1652
1595
1653
1596
1654
1597
1655
1598
1656
1599
1657
1600
1658
1601
1659
1602
1660
1603
1661
1604
1662
1605
1663
1606
1664
1607
1665
1608
1666
1609
1667
1610
1668
1611
1669
1612
1670
1613
1671
1672
1615
1673
1616
1674
1617
1675
1618
1676
1619
1677
1620
1678
1621
1679
1622
1680
1623
1681
1624
1682
1625
1683
1626
1684
1627
1685
1628
1686
1629
1687
1630
1688
1631
1689
1632
1690
1633
1691
1634
1692
1635
1693
1636
1694
1637
1695
1638
1696
1639
1697
1640
1698
1641
1699
1642
1700
1643
1701
1644
1702
1645
1703
1646
1704
1647
1705
1648
1706
1649
1707
1650
1708
1651
1709
1652
1710
1653
1711
1654
1712
1655
1713
1656
1714
1657
1715
1658
1716
1659
1717
1660
1718
1661
1719
1662
1720
1663
1721
1664
1722
1665
1723
1666
1724
1667
1725
1668
1726
1669
1727
1670
1728
1671
1729
1672
1730
1731
1674
1732
1675
1733
1676
1734
1677
1735
1678
1736
1679
1737
1680
1738
1681
1739
1682
1740
1683
1741
1684
1742
1685
1743
1686
1744
1687
1745
1688
1746
1689
1747
1690
1748
1691
1749
1692
1750
1693
1751
1694
1752
1695
1753
1696
1754
1697
1755
1698
1756
1699
1757
1700
1758
1701
1759
1702
1760
1703
1761
1704
1762
1705
1763
1706
1764
1707
1765
1708
1766
1709
1767
1710
1768
1711
1769
1712
1770
1713
1771
1714
1772
1715
1773
1716
1774
1717
1775
1718
1776
1719
1777
1720
1778
1721
1779
1722
1780
1723
1781
1724
1782
1725
1783
1726
1784
1727
1785
1728
1786
1729
1787
1730
1788
1731
1789
1790
1733
1791
1734
1792
1735
1793
1736
1794
1737
1795
1738
1796
1739
1797
1740
1798
1741
1799
1742
1800
1743
1801
1744
1802
1745
1803
1746
1804
1747
1805
1748
1806
1749
1807
1750
1808
1751
1809
1752
1810
1753
1811
1754
1812
1755
1813
1756
1814
1757
1815
1758
1816
1759
1817
1760
1818
1761
1819
1762
1820
1763
1821
1764
1822
1765
1823
1766
1824
1767
1825
1768
1826
1769
1827
1770
1828
1771
1829
1772
1830
1773
1831
1774
1832
1775
1833
1776
1834
1777
1835
1778
1836
1779
1837
1780
1838
1781
1839
1782
1840
1783
1841
1784
1842
1785
1843
1786
1844
1787
1845
1788
1846
1789
1847
1790
1848
1849
1792
1850
1793
1851
1794
1852
1795
1853
1796
1854
1797
1855
1798
1856
1799
1857
1800
1858
1801
1859
1802
1860
1803
1861
1804
1862
1805
1863
1806
1864
1807
1865
1808
1866
1809
1867
1810
1868
1811
1869
1812
1870
1813
1871
1814
1872
1815
1873
1816
1874
1817
1875
1818
1876
1819
1877
1820
1878
1821
1879
1822
1880
1823
1881
1824
1882
1825
1883
1826
1884
1827
1885
1828
1886
1829
1887
1830
1888
1831
1889
1832
1890
1833
1891
1834
1892
1835
1893
1836
1894
1837
1895
1838
1896
1839
1897
1840
1898
1841
1899
1842
1900
1843
1901
1844
1902
1845
1903
1846
1904
1847
1905
1848
1906
1849
1907
1908
1851
1909
1852
1910
1853
1911
1854
1912
1855
1913
1856
1914
1857
1915
1858
1916
1859
1917
1860
1918
1861
1919
1862
1920
1863
1921
1864
1922
1865
1923
1866
1924
1867
1925
1868
1926
1869
1927
1870
1928
1871
1929
1872
1930
1873
1931
1874
1932
1875
1933
1876
1934
1877
1935
1878
1936
1879
1937
1880
1938
1881
1939
1882
1940
1883
1941
1884
1942
1885
1943
1886
1944
1887
1945
1888
1946
1889
1947
1890
1948
1891
1949
1892
1950
1893
1951
1894
1952
1895
1953
1896
1954
1897
1955
1898
1956
1899
1957
1900
1958
1901
1959
1902
1960
1903
1961
1904
1962
1905
1963
1906
1964
1907
1965
1908
1966
1967
1910
1968
1911
1969
1912
1970
1913
1971
1914
1972
1915
1973
1916
1974
1917
1975
1918
1976
1919
1977
1920
1978
1921
1979
1922
1980
1923
1981
1924
1982
1925
1983
1926
1984
1927
1985
1928
1986
1929
1987
1930
1988
1931
1989
1932
1990
1933
1991
1934
1992
1935
1993
1936
1994
1937
1995
1938
1996
1939
1997
1940
1998
1941
1999
1942
2000
1943
2001
1944
2002
1945
2003
1946
2004
1947
2005
1948
2006
1949
2007
1950
2008
1951
2009
1952
2010
1953
2011
1954
2012
1955
2013
1956
2014
1957
2015
1958
2016
1959
2017
1960
2018
1961
2019
1962
2020
1963
2021
1964
2022
1965
2023
1966
2024
1967
2025
2026
1969
2027
1970
2028
1971
2029
1972
2030
1973
2031
1974
2032
1975
2033
1976
2034
1977
2035
1978
2036
1979
2037
1980
2038
1981
2039
1982
2040
1983
2041
1984
2042
1985
2043
1986
2044
1987
2045
1988
2046
1989
2047
1990
2048
1991
2049
1992
2050
1993
2051
1994
2052
1995
2053
1996
2054
1997
2055
1998
2056
1999
2057
2000
2058
2001
2059
2002
2060
2003
2061
2004
2062
2005
2063
2006
2064
2007
2065
2008
2066
2009
2067
2010
2068
2011
2069
2012
2070
2013
2071
2014
2072
2015
2073
2016
2074
2017
2075
2018
2076
2019
2077
2020
2078
2021
2079
2022
2080
2023
2081
2024
2082
2025
2083
2026
2084
2085
2028
2086
2029
2087
2030
2088
2031
2089
2032
2090
2033
2091
2034
2092
2035
2093
2036
2094
2037
2095
2038
2096
2039
2097
2040
2098
2041
2099
2042
2100
2043
2101
2044
2102
2045
2103
2046
2104
2047
2105
2048
2106
2049
2107
2050
2108
2051
2109
2052
2110
2053
2111
2054
2112
2055
2113
2056
2114
2057
2115
2058
2116
2059
2117
2060
2118
2061
2119
2062
2120
2063
2121
2064
2122
2065
2123
2066
2124
2067
2125
2068
2126
2069
2127
2070
2128
2071
2129
2072
2130
2073
2131
2074
2132
2075
2133
2076
2134
2077
2135
2078
2136
2079
2137
2080
2138
2081
2139
2082
2140
2083
2141
2084
2142
2085
2143
2144
2087
2145
2088
2146
2089
2147
2090
2148
2091
2149
2092
2150
2093
2151
2094
2152
2095
2153
2096
2154
2097
2155
2098
2156
2099
2157
2100
2158
2101
2159
2102
2160
2103
2161
2104
2162
2105
2163
2106
2164
2107
2165
2108
2166
2109
2167
2110
2168
2111
2169
2112
2170
2113
2171
2114
2172
2115
2173
2116
2174
2117
2175
2118
2176
2119
2177
2120
2178
2121
2179
2122
2180
2123
2181
2124
2182
2125
2183
2126
2184
2127
2185
2128
2186
2129
2187
2130
2188
2131
2189
2132
2190
2133
2191
2134
2192
2135
2193
2136
2194
2137
2195
2138
2196
2139
2197
2140
2198
2141
2199
2142
2200
2143
2201
2144
2202
2203
2146
2204
2147
2205
2148
2206
2149
2207
2150
2208
2151
2209
2152
2210
2153
2211
2154
2212
2155
2213
2156
2214
2157
2215
2158
2216
2159
2217
2160
2218
2161
2219
2162
2220
2163
2221
2164
2222
2165
2223
2166
2224
2167
2225
2168
2226
2169
2227
2170
2228
2171
2229
2172
2230
2173
2231
2174
2232
2175
2233
2176
2234
2177
2235
2178
2236
2179
2237
2180
2238
2181
2239
2182
2240
2183
2241
2184
2242
2185
2243
2186
2244
2187
2245
2188
2246
2189
2247
2190
2248
2191
2249
2192
2250
2193
2251
2194
2252
2195
2253
2196
2254
2197
2255
2198
2256
2199
2257
2200
2258
2201
2259
2202
2260
2203
2261
2262
2205
2263
2206
2264
2207
2265
2208
2266
2209
2267
2210
2268
2211
2269
2212
2270
2213
2271
2214
2272
2215
2273
2216
2274
2217
2275
2218
2276
2219
2277
2220
2278
2221
2279
2222
2280
2223
2281
2224
2282
2225
2283
2226
2284
2227
2285
2228
2286
2229
2287
2230
2288
2231
2289
2232
2290
2233
2291
2234
2292
2235
2293
2236
2294
2237
2295
2238
2296
2239
2297
2240
2298
2241
2299
2242
2300
2243
2301
2244
2302
2245
2303
2246
2304
2247
2305
2248
2306
2249
2307
2250
2308
2251
2309
2252
2310
2253
2311
2254
2312
2255
2313
2256
2314
2257
2315
2258
2316
2259
2317
2260
2318
2261
2319
2262
2320
2321
2264
2322
2265
2323
2266
2324
2267
2325
2268
2326
2269
2327
2270
2328
2271
2329
2272
2330
2273
2331
2274
2332
2275
2333
2276
2334
2277
2335
2278
2336
2279
2337
2280
2338
2281
2339
2282
2340
2283
2341
2284
2342
2285
2343
2286
2344
2287
2345
2288
2346
2289
2347
2290
2348
2291
2349
2292
2350
2293
2351
2294
2352
2295
2353
2296
2354
2297
2355
2298
2356
2299
2357
2300
2358
2301
2359
2302
2360
2303
2361
2304
2362
2305
2363
2306
2364
2307
2365
2308
2366
2309
2367
2310
2368
2311
2369
2312
2370
2313
2371
2314
2372
2315
2373
2316
2374
2317
2375
2318
2376
2319
2377
2320
2378
2321
2379
2380
2323
2381
2324
2382
2325
2383
2326
2384
2327
2385
2328
2386
2329
2387
2330
2388
2331
2389
2332
2390
2333
2391
2334
2392
2335
2393
2336
2394
2337
2395
2338
2396
2339
2397
2340
2398
2341
2399
2342
2400
2343
2401
2344
2402
2345
2403
2346
2404
2347
2405
2348
2406
2349
2407
2350
2408
2351
2409
2352
2410
2353
2411
2354
2412
2355
2413
2356
2414
2357
2415
2358
2416
2359
2417
2360
2418
2361
2419
2362
2420
2363
2421
2364
2422
2365
2423
2366
2424
2367
2425
2368
2426
2369
2427
2370
2428
2371
2429
2372
2430
2373
2431
2374
2432
2375
2433
2376
2434
2377
2435
2378
2436
2379
2437
2380
2438
2439
2382
2440
2383
2441
2384
2442
2385
2443
2386
2444
2387
2445
2388
2446
2389
2447
2390
2448
2391
2449
2392
2450
2393
2451
2394
2452
2395
2453
2396
2454
2397
2455
2398
2456
2399
2457
2400
2458
2401
2459
2402
2460
2403
2461
2404
2462
2405
2463
2406
2464
2407
2465
2408
2466
2409
2467
2410
2468
2411
2469
2412
2470
2413
2471
2414
2472
2415
2473
2416
2474
2417
2475
2418
2476
2419
2477
2420
2478
2421
2479
2422
2480
2423
2481
2424
2482
2425
2483
2426
2484
2427
2485
2428
2486
2429
2487
2430
2488
2431
2489
2432
2490
2433
2491
2434
2492
2435
2493
2436
2494
2437
2495
2438
2496
2439
2497
2498
2441
2499
2442
2500
2443
2501
2444
2502
2445
2503
2446
2504
2447
2505
2448
2506
2449
2507
2450
2508
2451
2509
2452
2510
2453
2511
2454
2512
2455
2513
2456
2514
2457
2515
2458
2516
2459
2517
2460
2518
2461
2519
2462
2520
2463
2521
2464
2522
2465
2523
2466
2524
2467
2525
2468
2526
2469
2527
2470
2528
2471
2529
2472
2530
2473
2531
2474
2532
2475
2533
2476
2534
2477
2535
2478
2536
2479
2537
2480
2538
2481
2539
2482
2540
2483
2541
2484
2542
2485
2543
2486
2544
2487
2545
2488
2546
2489
2547
2490
2548
2491
2549
2492
2550
2493
2551
2494
2552
2495
2553
2496
2554
2497
2555
2498
2556
2557
2500
2558
2501
2559
2502
2560
2503
2561
2504
2562
2505
2563
2506
2564
2507
2565
2508
2566
2509
2567
2510
2568
2511
2569
2512
2570
2513
2571
2514
2572
2515
2573
2516
2574
2517
2575
2518
2576
2519
2577
2520
2578
2521
2579
2522
2580
2523
2581
2524
2582
2525
2583
2526
2584
2527
2585
2528
2586
2529
2587
2530
2588
2531
2589
2532
2590
2533
2591
2534
2592
2535
2593
2536
2594
2537
2595
2538
2596
2539
2597
2540
2598
2541
2599
2542
2600
2543
2601
2544
2602
2545
2603
2546
2604
2547
2605
2548
2606
2549
2607
2550
2608
2551
2609
2552
2610
2553
2611
2554
2612
2555
2613
2556
2614
2557
2615
2616
2559
2617
2560
2618
2561
2619
2562
2620
2563
2621
2564
2622
2565
2623
2566
2624
2567
2625
2568
2626
2569
2627
2570
2628
2571
2629
2572
2630
2573
2631
2574
2632
2575
2633
2576
2634
2577
2635
2578
2636
2579
2637
2580
2638
2581
2639
2582
2640
2583
2641
2584
2642
2585
2643
2586
2644
2587
2645
2588
2646
2589
2647
2590
2648
2591
2649
2592
2650
2593
2651
2594
2652
2595
2653
2596
2654
2597
2655
2598
2656
2599
2657
2600
2658
2601
2659
2602
2660
2603
2661
2604
2662
2605
2663
2606
2664
2607
2665
2608
2666
2609
2667
2610
2668
2611
2669
2612
2670
2613
2671
2614
2672
2615
2673
2616
2674
2675
2618
2676
2619
2677
2620
2678
2621
2679
2622
2680
2623
2681
2624
2682
2625
2683
2626
2684
2627
2685
2628
2686
2629
2687
2630
2688
2631
2689
2632
2690
2633
2691
2634
2692
2635
2693
2636
2694
2637
2695
2638
2696
2639
2697
2640
2698
2641
2699
2642
2700
2643
2701
2644
2702
2645
2703
2646
2704
2647
2705
2648
2706
2649
2707
2650
2708
2651
2709
2652
2710
2653
2711
2654
2712
2655
2713
2656
2714
2657
2715
2658
2716
2659
2717
2660
2718
2661
2719
2662
2720
2663
2721
2664
2722
2665
2723
2666
2724
2667
2725
2668
2726
2669
2727
2670
2728
2671
2729
2672
2730
2673
2731
2674
2732
2675
2733
2734
2677
2735
2678
2736
2679
2737
2680
2738
2681
2739
2682
2740
2683
2741
2684
2742
2685
2743
2686
2744
2687
2745
2688
2746
2689
2747
2690
2748
2691
2749
2692
2750
2693
2751
2694
2752
2695
2753
2696
2754
2697
2755
2698
2756
2699
2757
2700
2758
2701
2759
2702
2760
2703
2761
2704
2762
2705
2763
2706
2764
2707
2765
2708
2766
2709
2767
2710
2768
2711
2769
2712
2770
2713
2771
2714
2772
2715
2773
2716
2774
2717
2775
2718
2776
2719
2777
2720
2778
2721
2779
2722
2780
2723
2781
2724
2782
2725
2783
2726
2784
2727
2785
2728
2786
2729
2787
2730
2788
2731
2789
2732
2790
2733
2791
2734
2792
2793
2736
2794
2737
2795
2738
2796
2739
2797
2740
2798
2741
2799
2742
2800
2743
2801
2744
2802
2745
2803
2746
2804
2747
2805
2748
2806
2749
2807
2750
2808
2751
2809
2752
2810
2753
2811
2754
2812
2755
2813
2756
2814
2757
2815
2758
2816
2759
2817
2760
2818
2761
2819
2762
2820
2763
2821
2764
2822
2765
2823
2766
2824
2767
2825
2768
2826
2769
2827
2770
2828
2771
2829
2772
2830
2773
2831
2774
2832
2775
2833
2776
2834
2777
2835
2778
2836
2779
2837
2780
2838
2781
2839
2782
2840
2783
2841
2784
2842
2785
2843
2786
2844
2787
2845
2788
2846
2789
2847
2790
2848
2791
2849
2792
2850
2793
2851
2852
2795
2853
2796
2854
2797
2855
2798
2856
2799
2857
2800
2858
2801
2859
2802
2860
2803
2861
2804
2862
2805
2863
2806
2864
2807
2865
2808
2866
2809
2867
2810
2868
2811
2869
2812
2870
2813
2871
2814
2872
2815
2873
2816
2874
2817
2875
2818
2876
2819
2877
2820
2878
2821
2879
2822
2880
2823
2881
2824
2882
2825
2883
2826
2884
2827
2885
2828
2886
2829
2887
2830
2888
2831
2889
2832
2890
2833
2891
2834
2892
2835
2893
2836
2894
2837
2895
2838
2896
2839
2897
2840
2898
2841
2899
2842
2900
2843
2901
2844
2902
2845
2903
2846
2904
2847
2905
2848
2906
2849
2907
2850
2908
2851
2909
2852
2910
2911
2854
2912
2855
2913
2856
2914
2857
2915
2858
2916
2859
2917
2860
2918
2861
2919
2862
2920
2863
2921
2864
2922
2865
2923
2866
2924
2867
2925
2868
2926
2869
2927
2870
2928
2871
2929
2872
2930
2873
2931
2874
2932
2875
2933
2876
2934
2877
2935
2878
2936
2879
2937
2880
2938
2881
2939
2882
2940
2883
2941
2884
2942
2885
2943
2886
2944
2887
2945
2888
2946
2889
2947
2890
2948
2891
2949
2892
2950
2893
2951
2894
2952
2895
2953
2896
2954
2897
2955
2898
2956
2899
2957
2900
2958
2901
2959
2902
2960
2903
2961
2904
2962
2905
2963
2906
2964
2907
2965
2908
2966
2909
2967
2910
2968
2911
2969
2970
2913
2971
2914
2972
2915
2973
2916
2974
2917
2975
2918
2976
2919
2977
2920
2978
2921
2979
2922
2980
2923
2981
2924
2982
2925
2983
2926
2984
2927
2985
2928
2986
2929
2987
2930
2988
2931
2989
2932
2990
2933
2991
2934
2992
2935
2993
2936
2994
2937
2995
2938
2996
2939
2997
2940
2998
2941
2999
2942
3000
2943
3001
2944
3002
2945
3003
2946
3004
2947
3005
2948
3006
2949
3007
2950
3008
2951
3009
2952
3010
2953
3011
2954
3012
2955
3013
2956
3014
2957
3015
2958
3016
2959
3017
2960
3018
2961
3019
2962
3020
2963
3021
2964
3022
2965
3023
2966
3024
2967
3025
2968
3026
2969
3027
2970
3028
3029
2972
3030
2973
3031
2974
3032
2975
3033
2976
3034
2977
3035
2978
3036
2979
3037
2980
3038
2981
3039
2982
3040
2983
3041
2984
3042
2985
3043
2986
3044
2987
3045
2988
3046
2989
3047
2990
3048
2991
3049
2992
3050
2993
3051
2994
3052
2995
3053
2996
3054
2997
3055
2998
3056
2999
3057
3000
3058
3001
3059
3002
3060
3003
3061
3004
3062
3005
3063
3006
3064
3007
3065
3008
3066
3009
3067
3010
3068
3011
3069
3012
3070
3013
3071
3014
3072
3015
3073
3016
3074
3017
3075
3018
3076
3019
3077
3020
3078
3021
3079
3022
3080
3023
3081
3024
3082
3025
3083
3026
3084
3027
3085
3028
3086
3029
3087
3088
3031
3089
3032
3090
3033
3091
3034
3092
3035
3093
3036
3094
3037
3095
3038
3096
3039
3097
3040
3098
3041
3099
3042
3100
3043
3101
3044
3102
3045
3103
3046
3104
3047
3105
3048
3106
3049
3107
3050
3108
3051
3109
3052
3110
3053
3111
3054
3112
3055
3113
3056
3114
3057
3115
3058
3116
3059
3117
3060
3118
3061
3119
3062
3120
3063
3121
3064
3122
3065
3123
3066
3124
3067
3125
3068
3126
3069
3127
3070
3128
3071
3129
3072
3130
3073
3131
3074
3132
3075
3133
3076
3134
3077
3135
3078
3136
3079
3137
3080
3138
3081
3139
3082
3140
3083
3141
3084
3142
3085
3143
3086
3144
3087
3145
3088
3146
3147
3090
3148
3091
3149
3092
3150
3093
3151
3094
3152
3095
3153
3096
3154
3097
3155
3098
3156
3099
3157
3100
3158
3101
3159
3102
3160
3103
3161
3104
3162
3105
3163
3106
3164
3107
3165
3108
3166
3109
3167
3110
3168
3111
3169
3112
3170
3113
3171
3114
3172
3115
3173
3116
3174
3117
3175
3118
3176
3119
3177
3120
3178
3121
3179
3122
3180
3123
3181
3124
3182
3125
3183
3126
3184
3127
3185
3128
3186
3129
3187
3130
3188
3131
3189
3132
3190
3133
3191
3134
3192
3135
3193
3136
3194
3137
3195
3138
3196
3139
3197
3140
3198
3141
3199
3142
3200
3143
3201
3144
3202
3145
3203
3146
3204
3147
3205
3206
3149
3207
3150
3208
3151
3209
3152
3210
3153
3211
3154
3212
3155
3213
3156
3214
3157
3215
3158
3216
3159
3217
3160
3218
3161
3219
3162
3220
3163
3221
3164
3222
3165
3223
3166
3224
3167
3225
3168
3226
3169
3227
3170
3228
3171
3229
3172
3230
3173
3231
3174
3232
3175
3233
3176
3234
3177
3235
3178
3236
3179
3237
3180
3238
3181
3239
3182
3240
3183
3241
3184
3242
3185
3243
3186
3244
3187
3245
3188
3246
3189
3247
3190
3248
3191
3249
3192
3250
3193
3251
3194
3252
3195
3253
3196
3254
3197
3255
3198
3256
3199
3257
3200
3258
3201
3259
3202
3260
3203
3261
3204
3262
3205
3263
3206
3264
3265
3208
3266
3209
3267
3210
3268
3211
3269
3212
3270
3213
3271
3214
3272
3215
3273
3216
3274
3217
3275
3218
3276
3219
3277
3220
3278
3221
3279
3222
3280
3223
3281
3224
3282
3225
3283
3226
3284
3227
3285
3228
3286
3229
3287
3230
3288
3231
3289
3232
3290
3233
3291
3234
3292
3235
3293
3236
3294
3237
3295
3238
3296
3239
3297
3240
3298
3241
3299
3242
3300
3243
3301
3244
3302
3245
3303
3246
3304
3247
3305
3248
3306
3249
3307
3250
3308
3251
3309
3252
3310
3253
3311
3254
3312
3255
3313
3256
3314
3257
3315
3258
3316
3259
3317
3260
3318
3261
3319
3262
3320
3263
3321
3264
3322
3265
3323
3324
3267
3325
3268
3326
3269
3327
3270
3328
3271
3329
3272
3330
3273
3331
3274
3332
3275
3333
3276
3334
3277
3335
3278
3336
3279
3337
3280
3338
3281
3339
3282
3340
3283
3341
3284
3342
3285
3343
3286
3344
3287
3345
3288
3346
3289
3347
3290
3348
3291
3349
3292
3350
3293
3351
3294
3352
3295
3353
3296
3354
3297
3355
3298
3356
3299
3357
3300
3358
3301
3359
3302
3360
3303
3361
3304
3362
3305
3363
3306
3364
3307
3365
3308
3366
3309
3367
3310
3368
3311
3369
3312
3370
3313
3371
3314
3372
3315
3373
3316
3374
3317
3375
3318
3376
3319
3377
3320
3378
3321
3379
3322
3380
3323
3381
3324
3382
3383
3326
3384
3327
3385
3328
3386
3329
3387
3330
3388
3331
3389
3332
3390
3333
3391
3334
3392
3335
3393
3336
3394
3337
3395
3338
3396
3339
3397
3340
3398
3341
3399
3342
3400
3343
3401
3344
3402
3345
3403
3346
3404
3347
3405
3348
3406
3349
3407
3350
3408
3351
3409
3352
3410
3353
3411
3354
3412
3355
3413
3356
3414
3357
3415
3358
3416
3359
3417
3360
3418
3361
3419
3362
3420
3363
3421
3364
3422
3365
3423
3366
3424
3367
3425
3368
3426
3369
3427
3370
3428
3371
3429
3372
3430
3373
3431
3374
3432
3375
3433
3376
3434
3377
3435
3378
3436
3379
3437
3380
3438
3381
3439
3382
3440
3383
3441
3442
3385
3443
3386
3444
3387
3445
3388
3446
3389
3447
3390
3448
3391
3449
3392
3450
3393
3451
3394
3452
3395
3453
3396
3454
3397
3455
3398
3456
3399
3457
3400
3458
3401
3459
3402
3460
3403
3461
3404
3462
3405
3463
3406
3464
3407
3465
3408
3466
3409
3467
3410
3468
3411
3469
3412
3470
3413
3471
3414
3472
3415
3473
3416
3474
3417
3475
3418
3476
3419
3477
3420
3478
3421
3479
3422
3480
3423
3481
3424
3482
3425
3483
3426
3484
3427
3485
3428
3486
3429
3487
3430
3488
3431
3489
3432
3490
3433
3491
3434
3492
3435
3493
3436
3494
3437
3495
3438
3496
3439
3497
3440
3498
3441
3499
3442
3500
3501
3444
3502
3445
3503
3446
3504
3447
3505
3448
3506
3449
3507
3450
3508
3451
3509
3452
3510
3453
3511
3454
3512
3455
3513
3456
3514
3457
3515
3458
3516
3459
3517
3460
3518
3461
3519
3462
3520
3463
3521
3464
3522
3465
3523
3466
3524
3467
3525
3468
3526
3469
3527
3470
3528
3471
3529
3472
3530
3473
3531
3474
3532
3475
3533
3476
3534
3477
3535
3478
3536
3479
3537
3480
3538
3481
3539
3482
3540
3483
3541
3484
3542
3485
3543
3486
3544
3487
3545
3488
3546
3489
3547
3490
3548
3491
3549
3492
3550
3493
3551
3494
3552
3495
3553
3496
3554
3497
3555
3498
3556
3499
3557
3500
3558
3501
3559
3560
3503
3561
3504
3562
3505
3563
3506
3564
3507
3565
3508
3566
3509
3567
3510
3568
3511
3569
3512
3570
3513
3571
3514
3572
3515
3573
3516
3574
3517
3575
3518
3576
3519
3577
3520
3578
3521
3579
3522
3580
3523
3581
3524
3582
3525
3583
3526
3584
3527
3585
3528
3586
3529
3587
3530
3588
3531
3589
3532
3590
3533
3591
3534
3592
3535
3593
3536
3594
3537
3595
3538
3596
3539
3597
3540
3598
3541
3599
3542
3600
3543
3601
3544
3602
3545
3603
3546
3604
3547
3605
3548
3606
3549
3607
3550
3608
3551
3609
3552
3610
3553
3611
3554
3612
3555
3613
3556
3614
3557
3615
3558
3616
3559
3617
3560
3618
3619
3562
3620
3563
3621
3564
3622
3565
3623
3566
3624
3567
3625
3568
3626
3569
3627
3570
3628
3571
3629
3572
3630
3573
3631
3574
3632
3575
3633
3576
3634
3577
3635
3578
3636
3579
3637
3580
3638
3581
3639
3582
3640
3583
3641
3584
3642
3585
3643
3586
3644
3587
3645
3588
3646
3589
3647
3590
3648
3591
3649
3592
3650
3593
3651
3594
3652
3595
3653
3596
3654
3597
3655
3598
3656
3599
3657
3600
3658
3601
3659
3602
3660
3603
3661
3604
3662
3605
3663
3606
3664
3607
3665
3608
3666
3609
3667
3610
3668
3611
3669
3612
3670
3613
3671
3614
3672
3615
3673
3616
3674
3617
3675
3618
3676
3619
3677
3678
3621
3679
3622
3680
3623
3681
3624
3682
3625
3683
3626
3684
3627
3685
3628
3686
3629
3687
3630
3688
3631
3689
3632
3690
3633
3691
3634
3692
3635
3693
3636
3694
3637
3695
3638
3696
3639
3697
3640
3698
3641
3699
3642
3700
3643
3701
3644
3702
3645
3703
3646
3704
3647
3705
3648
3706
3649
3707
3650
3708
3651
3709
3652
3710
3653
3711
3654
3712
3655
3713
3656
3714
3657
3715
3658
3716
3659
3717
3660
3718
3661
3719
3662
3720
3663
3721
3664
3722
3665
3723
3666
3724
3667
3725
3668
3726
3669
3727
3670
3728
3671
3729
3672
3730
3673
3731
3674
3732
3675
3733
3676
3734
3677
3735
3678
3736
3737
3680
3738
3681
3739
3682
3740
3683
3741
3684
3742
3685
3743
3686
3744
3687
3745
3688
3746
3689
3747
3690
3748
3691
3749
3692
3750
3693
3751
3694
3752
3695
3753
3696
3754
3697
3755
3698
3756
3699
3757
3700
3758
3701
3759
3702
3760
3703
3761
3704
3762
3705
3763
3706
3764
3707
3765
3708
3766
3709
3767
3710
3768
3711
3769
3712
3770
3713
3771
3714
3772
3715
3773
3716
3774
3717
3775
3718
3776
3719
3777
3720
3778
3721
3779
3722
3780
3723
3781
3724
3782
3725
3783
3726
3784
3727
3785
3728
3786
3729
3787
3730
3788
3731
3789
3732
3790
3733
3791
3734
3792
3735
3793
3736
3794
3737
3795
3796
3739
3797
3740
3798
3741
3799
3742
3800
3743
3801
3744
3802
3745
3803
3746
3804
3747
3805
3748
3806
3749
3807
3750
3808
3751
3809
3752
3810
3753
3811
3754
3812
3755
3813
3756
3814
3757
3815
3758
3816
3759
3817
3760
3818
3761
3819
3762
3820
3763
3821
3764
3822
3765
3823
3766
3824
3767
3825
3768
3826
3769
3827
3770
3828
3771
3829
3772
3830
3773
3831
3774
3832
3775
3833
3776
3834
3777
3835
3778
3836
3779
3837
3780
3838
3781
3839
3782
3840
3783
3841
3784
3842
3785
3843
3786
3844
3787
3845
3788
3846
3789
3847
3790
3848
3791
3849
3792
3850
3793
3851
3794
3852
3795
3853
3796
3854
3855
3798
3856
3799
3857
3800
3858
3801
3859
3802
3860
3803
3861
3804
3862
3805
3863
3806
3864
3807
3865
3808
3866
3809
3867
3810
3868
3811
3869
3812
3870
3813
3871
3814
3872
3815
3873
3816
3874
3817
3875
3818
3876
3819
3877
3820
3878
3821
3879
3822
3880
3823
3881
3824
3882
3825
3883
3826
3884
3827
3885
3828
3886
3829
3887
3830
3888
3831
3889
3832
3890
3833
3891
3834
3892
3835
3893
3836
3894
3837
3895
3838
3896
3839
3897
3840
3898
3841
3899
3842
3900
3843
3901
3844
3902
3845
3903
3846
3904
3847
3905
3848
3906
3849
3907
3850
3908
3851
3909
3852
3910
3853
3911
3854
3912
3855
3913
3914
3857
3915
3858
3916
3859
3917
3860
3918
3861
3919
3862
3920
3863
3921
3864
3922
3865
3923
3866
3924
3867
3925
3868
3926
3869
3927
3870
3928
3871
3929
3872
3930
3873
3931
3874
3932
3875
3933
3876
3934
3877
3935
3878
3936
3879
3937
3880
3938
3881
3939
3882
3940
3883
3941
3884
3942
3885
3943
3886
3944
3887
3945
3888
3946
3889
3947
3890
3948
3891
3949
3892
3950
3893
3951
3894
3952
3895
3953
3896
3954
3897
3955
3898
3956
3899
3957
3900
3958
3901
3959
3902
3960
3903
3961
3904
3962
3905
3963
3906
3964
3907
3965
3908
3966
3909
3967
3910
3968
3911
3969
3912
3970
3913
3971
3914
3972
3973
3916
3917
3918
3919
3920
3921
3922
3923
3924
3925
3926
3927
3928
3929
3930
3931
3932
3933
3934
3935
3936
3937
3938
3939
3940
3941
3942
3943
3944
3945
3946
3947
3948
3949
3950
3951
3952
3953
3954
3955
3956
3957
3958
3959
3960
3961
3962
3963
3964
3965
3966
3967
3968
3969
3970
3971
3972
3973
)


// ************************************************************************* //
