/*--------------------------------*- C++ -*----------------------------------*\
  =========                 |
  \\      /  F ield         | OpenFOAM: The Open Source CFD Toolbox
   \\    /   O peration     | Website:  https://openfoam.org
    \\  /    A nd           | Version:  7
     \\/     M anipulation  |
\*---------------------------------------------------------------------------*/
FoamFile
{
    version     2.0;
    format      ascii;
    class       volScalarField;
    location    "4000";
    object      nut;
}
// * * * * * * * * * * * * * * * * * * * * * * * * * * * * * * * * * * * * * //

dimensions      [0 2 -1 0 0 0 0];

internalField   nonuniform List<scalar> 
3974
(
0.000259281
0.000259277
0.000259275
0.000259273
0.00025927
0.000259268
0.000259266
0.000259264
0.000259262
0.00025926
0.000259258
0.000259257
0.000259255
0.000259254
0.000259252
0.000259251
0.00025925
0.000259248
0.000259247
0.000259246
0.000259245
0.000259243
0.000259242
0.000259241
0.00025924
0.000259239
0.000259238
0.000259237
0.000259236
0.000259235
0.000259234
0.000259233
0.000259232
0.000259231
0.00025923
0.000259228
0.000259227
0.000259226
0.00027345
0.000273449
0.000273462
0.000273465
0.000273465
0.000273465
0.000273463
0.000273462
0.00027346
0.000273458
0.000273457
0.000273455
0.000273454
0.000273452
0.000273451
0.000273449
0.000273448
0.000273447
0.000273445
0.000273444
0.000273443
0.000273441
0.00027344
0.000273439
0.000273438
0.000273436
0.000273435
0.000273434
0.000273433
0.000273431
0.00027343
0.000273429
0.000273428
0.000273427
0.000273425
0.000273424
0.000273423
0.000273422
0.00027342
0.000273421
0.000273394
0.000273388
0.000288047
0.000288048
0.000288062
0.000288067
0.000288077
0.000288083
0.000288085
0.000288086
0.000288086
0.000288085
0.000288084
0.000288083
0.000288082
0.000288081
0.000288079
0.000288078
0.000288077
0.000288075
0.000288074
0.000288073
0.000288071
0.00028807
0.000288069
0.000288067
0.000288066
0.000288064
0.000288063
0.000288062
0.00028806
0.000288059
0.000288058
0.000288056
0.000288055
0.000288054
0.000288052
0.000288051
0.000288049
0.000288048
0.000288047
0.000288045
0.000288044
0.000288044
0.000288029
0.000288021
0.000287994
0.000287988
0.00028799
0.000287993
0.000287996
0.000287998
0.000288
0.000288002
0.000288004
0.000288006
0.000288007
0.000288009
0.00028801
0.000288011
0.000288013
0.000303126
0.000303126
0.000303136
0.000303143
0.000303151
0.000303158
0.000303162
0.000303164
0.000303165
0.000303166
0.000303165
0.000303165
0.000303164
0.000303163
0.000303162
0.000303161
0.00030316
0.000303158
0.000303157
0.000303156
0.000303154
0.000303153
0.000303151
0.00030315
0.000303148
0.000303147
0.000303145
0.000303144
0.000303142
0.000303141
0.000303139
0.000303138
0.000303136
0.000303135
0.000303133
0.000303132
0.00030313
0.000303128
0.000303127
0.000303125
0.000303123
0.000303123
0.000303115
0.000303108
0.00030309
0.000303079
0.000303076
0.000303076
0.000303077
0.000303078
0.000303079
0.000303081
0.000303082
0.000303083
0.000303084
0.000303085
0.000303086
0.000303087
0.000303089
0.000318693
0.000318692
0.000318699
0.000318706
0.000318713
0.00031872
0.000318725
0.000318729
0.000318731
0.000318731
0.000318732
0.000318732
0.000318731
0.000318731
0.00031873
0.000318729
0.000318728
0.000318727
0.000318726
0.000318724
0.000318723
0.000318721
0.00031872
0.000318718
0.000318717
0.000318715
0.000318713
0.000318712
0.00031871
0.000318708
0.000318707
0.000318705
0.000318703
0.000318701
0.0003187
0.000318698
0.000318696
0.000318694
0.000318692
0.000318691
0.000318688
0.000318688
0.000318683
0.000318677
0.000318665
0.000318654
0.000318648
0.000318645
0.000318644
0.000318644
0.000318644
0.000318645
0.000318645
0.000318646
0.000318646
0.000318647
0.000318647
0.000318647
0.00031865
0.000334777
0.000334777
0.000334782
0.000334788
0.000334794
0.000334801
0.000334806
0.00033481
0.000334812
0.000334814
0.000334815
0.000334815
0.000334815
0.000334815
0.000334815
0.000334814
0.000334813
0.000334812
0.000334811
0.00033481
0.000334808
0.000334806
0.000334805
0.000334803
0.000334801
0.0003348
0.000334798
0.000334796
0.000334794
0.000334792
0.00033479
0.000334788
0.000334786
0.000334784
0.000334782
0.00033478
0.000334778
0.000334776
0.000334774
0.000334772
0.00033477
0.000334768
0.000334764
0.00033476
0.000334752
0.000334742
0.000334735
0.00033473
0.000334728
0.000334726
0.000334725
0.000334724
0.000334724
0.000334724
0.000334724
0.000334724
0.000334724
0.000334724
0.000334725
0.000351412
0.000351412
0.000351416
0.000351421
0.000351427
0.000351432
0.000351437
0.000351441
0.000351444
0.000351447
0.000351448
0.000351449
0.000351449
0.000351449
0.000351449
0.000351449
0.000351448
0.000351447
0.000351446
0.000351444
0.000351443
0.000351441
0.000351439
0.000351437
0.000351436
0.000351434
0.000351432
0.000351429
0.000351427
0.000351425
0.000351423
0.000351421
0.000351419
0.000351416
0.000351414
0.000351412
0.000351409
0.000351407
0.000351405
0.000351402
0.0003514
0.000351398
0.000351394
0.000351391
0.000351384
0.000351377
0.000351369
0.000351364
0.00035136
0.000351357
0.000351355
0.000351353
0.000351352
0.000351351
0.00035135
0.00035135
0.000351349
0.000351348
0.000351349
0.000368632
0.000368633
0.000368636
0.000368641
0.000368645
0.00036865
0.000368655
0.000368659
0.000368662
0.000368664
0.000368666
0.000368667
0.000368668
0.000368668
0.000368668
0.000368668
0.000368667
0.000368666
0.000368665
0.000368664
0.000368662
0.00036866
0.000368658
0.000368656
0.000368654
0.000368652
0.00036865
0.000368648
0.000368645
0.000368643
0.00036864
0.000368638
0.000368635
0.000368633
0.00036863
0.000368627
0.000368625
0.000368622
0.000368619
0.000368617
0.000368614
0.000368611
0.000368608
0.000368604
0.000368599
0.000368593
0.000368586
0.00036858
0.000368575
0.000368571
0.000368568
0.000368565
0.000368563
0.000368562
0.00036856
0.000368559
0.000368557
0.000368556
0.000368555
0.000386475
0.000386477
0.00038648
0.000386484
0.000386488
0.000386492
0.000386496
0.0003865
0.000386503
0.000386505
0.000386507
0.000386508
0.000386509
0.000386509
0.00038651
0.000386509
0.000386509
0.000386508
0.000386507
0.000386505
0.000386503
0.000386501
0.000386499
0.000386497
0.000386495
0.000386493
0.00038649
0.000386487
0.000386485
0.000386482
0.000386479
0.000386476
0.000386474
0.000386471
0.000386468
0.000386465
0.000386462
0.000386459
0.000386455
0.000386452
0.000386449
0.000386446
0.000386443
0.000386439
0.000386434
0.000386429
0.000386423
0.000386416
0.000386411
0.000386406
0.000386402
0.000386399
0.000386396
0.000386393
0.000386391
0.000386389
0.000386387
0.000386385
0.000386382
0.000404979
0.000404983
0.000404986
0.00040499
0.000404993
0.000404997
0.000405
0.000405004
0.000405006
0.000405008
0.00040501
0.000405011
0.000405012
0.000405013
0.000405013
0.000405013
0.000405012
0.000405011
0.00040501
0.000405008
0.000405006
0.000405004
0.000405002
0.000405
0.000404997
0.000404994
0.000404992
0.000404989
0.000404986
0.000404983
0.00040498
0.000404976
0.000404973
0.00040497
0.000404966
0.000404963
0.00040496
0.000404956
0.000404952
0.000404949
0.000404945
0.000404942
0.000404938
0.000404934
0.00040493
0.000404924
0.000404918
0.000404912
0.000404907
0.000404901
0.000404896
0.000404892
0.000404888
0.000404885
0.000404882
0.000404879
0.000404876
0.000404874
0.000404869
0.000424187
0.000424194
0.000424198
0.0004242
0.000424203
0.000424207
0.00042421
0.000424212
0.000424215
0.000424216
0.000424218
0.000424219
0.00042422
0.00042422
0.000424221
0.00042422
0.00042422
0.000424219
0.000424217
0.000424215
0.000424213
0.000424211
0.000424208
0.000424206
0.000424203
0.0004242
0.000424197
0.000424193
0.00042419
0.000424187
0.000424183
0.000424179
0.000424176
0.000424172
0.000424168
0.000424164
0.00042416
0.000424156
0.000424152
0.000424148
0.000424144
0.00042414
0.000424136
0.000424131
0.000424127
0.000424122
0.000424116
0.00042411
0.000424104
0.000424098
0.000424092
0.000424087
0.000424083
0.000424078
0.000424074
0.000424071
0.000424067
0.000424064
0.000424057
0.000444144
0.000444154
0.000444158
0.00044416
0.000444163
0.000444166
0.000444168
0.00044417
0.000444172
0.000444173
0.000444175
0.000444175
0.000444176
0.000444176
0.000444177
0.000444176
0.000444175
0.000444174
0.000444172
0.00044417
0.000444168
0.000444165
0.000444163
0.000444159
0.000444156
0.000444153
0.000444149
0.000444146
0.000444142
0.000444138
0.000444134
0.00044413
0.000444126
0.000444121
0.000444117
0.000444113
0.000444108
0.000444104
0.000444099
0.000444094
0.00044409
0.000444085
0.00044408
0.000444075
0.00044407
0.000444065
0.000444059
0.000444053
0.000444047
0.00044404
0.000444034
0.000444028
0.000444023
0.000444018
0.000444013
0.000444008
0.000444004
0.000444001
0.000443991
0.000464896
0.000464909
0.000464913
0.000464916
0.000464918
0.00046492
0.000464922
0.000464924
0.000464925
0.000464926
0.000464927
0.000464927
0.000464928
0.000464928
0.000464928
0.000464927
0.000464926
0.000464924
0.000464922
0.00046492
0.000464917
0.000464914
0.000464911
0.000464908
0.000464904
0.0004649
0.000464896
0.000464892
0.000464888
0.000464883
0.000464879
0.000464874
0.00046487
0.000464865
0.00046486
0.000464855
0.00046485
0.000464845
0.000464839
0.000464834
0.000464829
0.000464823
0.000464818
0.000464813
0.000464807
0.000464801
0.000464795
0.000464789
0.000464782
0.000464775
0.000464769
0.000464762
0.000464756
0.00046475
0.000464744
0.000464739
0.000464733
0.00046473
0.000464717
0.000486492
0.000486508
0.000486514
0.000486516
0.000486518
0.00048652
0.000486521
0.000486523
0.000486523
0.000486524
0.000486524
0.000486524
0.000486524
0.000486524
0.000486523
0.000486522
0.000486521
0.000486519
0.000486516
0.000486514
0.00048651
0.000486507
0.000486503
0.000486499
0.000486495
0.000486491
0.000486486
0.000486482
0.000486477
0.000486472
0.000486467
0.000486462
0.000486456
0.000486451
0.000486445
0.00048644
0.000486434
0.000486428
0.000486422
0.000486416
0.00048641
0.000486404
0.000486398
0.000486392
0.000486386
0.000486379
0.000486372
0.000486366
0.000486359
0.000486351
0.000486344
0.000486337
0.00048633
0.000486323
0.000486316
0.00048631
0.000486304
0.0004863
0.000486284
0.000508984
0.000509004
0.00050901
0.000509013
0.000509015
0.000509016
0.000509017
0.000509017
0.000509017
0.000509017
0.000509017
0.000509017
0.000509016
0.000509015
0.000509014
0.000509013
0.000509011
0.000509008
0.000509005
0.000509002
0.000508999
0.000508995
0.00050899
0.000508986
0.000508981
0.000508976
0.000508971
0.000508966
0.00050896
0.000508955
0.000508949
0.000508943
0.000508937
0.000508931
0.000508925
0.000508918
0.000508912
0.000508905
0.000508899
0.000508892
0.000508885
0.000508878
0.000508871
0.000508864
0.000508857
0.00050885
0.000508843
0.000508835
0.000508828
0.00050882
0.000508812
0.000508804
0.000508796
0.000508789
0.000508781
0.000508774
0.000508766
0.000508762
0.000508742
0.000532425
0.00053245
0.000532457
0.000532459
0.000532461
0.000532462
0.000532462
0.000532462
0.000532462
0.000532461
0.00053246
0.000532459
0.000532458
0.000532456
0.000532455
0.000532452
0.00053245
0.000532447
0.000532444
0.00053244
0.000532435
0.000532431
0.000532426
0.000532421
0.000532416
0.00053241
0.000532404
0.000532398
0.000532392
0.000532385
0.000532379
0.000532372
0.000532365
0.000532358
0.000532351
0.000532344
0.000532337
0.00053233
0.000532322
0.000532315
0.000532307
0.000532299
0.000532291
0.000532284
0.000532276
0.000532268
0.00053226
0.000532251
0.000532243
0.000532234
0.000532226
0.000532217
0.000532208
0.0005322
0.000532191
0.000532183
0.000532175
0.00053217
0.000532146
0.000556872
0.000556901
0.000556909
0.000556912
0.000556913
0.000556914
0.000556913
0.000556913
0.000556912
0.00055691
0.000556909
0.000556907
0.000556905
0.000556903
0.0005569
0.000556898
0.000556894
0.000556891
0.000556887
0.000556882
0.000556877
0.000556872
0.000556866
0.00055686
0.000556854
0.000556848
0.000556841
0.000556834
0.000556827
0.00055682
0.000556813
0.000556805
0.000556797
0.00055679
0.000556782
0.000556774
0.000556765
0.000556757
0.000556749
0.00055674
0.000556732
0.000556723
0.000556714
0.000556706
0.000556697
0.000556688
0.000556679
0.00055667
0.00055666
0.000556651
0.000556641
0.000556632
0.000556622
0.000556613
0.000556603
0.000556594
0.000556584
0.000556579
0.000556552
0.000582382
0.000582417
0.000582426
0.000582429
0.00058243
0.00058243
0.000582429
0.000582428
0.000582426
0.000582424
0.000582421
0.000582419
0.000582416
0.000582413
0.00058241
0.000582406
0.000582402
0.000582398
0.000582393
0.000582387
0.000582382
0.000582375
0.000582369
0.000582362
0.000582355
0.000582348
0.00058234
0.000582333
0.000582325
0.000582317
0.000582308
0.0005823
0.000582291
0.000582282
0.000582273
0.000582264
0.000582255
0.000582246
0.000582236
0.000582227
0.000582217
0.000582208
0.000582198
0.000582188
0.000582178
0.000582168
0.000582158
0.000582148
0.000582138
0.000582127
0.000582117
0.000582106
0.000582096
0.000582085
0.000582075
0.000582064
0.000582053
0.000582047
0.000582016
0.000609017
0.000609058
0.000609068
0.000609071
0.000609071
0.00060907
0.000609069
0.000609067
0.000609064
0.000609061
0.000609058
0.000609055
0.000609051
0.000609047
0.000609043
0.000609039
0.000609034
0.000609028
0.000609022
0.000609016
0.000609009
0.000609002
0.000608995
0.000608987
0.000608979
0.000608971
0.000608962
0.000608953
0.000608944
0.000608935
0.000608926
0.000608916
0.000608907
0.000608897
0.000608887
0.000608876
0.000608866
0.000608856
0.000608845
0.000608835
0.000608824
0.000608813
0.000608802
0.000608791
0.00060878
0.000608769
0.000608758
0.000608746
0.000608735
0.000608724
0.000608712
0.0006087
0.000608689
0.000608677
0.000608665
0.000608654
0.000608641
0.000608635
0.000608599
0.000636838
0.000636885
0.000636897
0.000636899
0.000636899
0.000636898
0.000636896
0.000636893
0.000636889
0.000636885
0.000636881
0.000636877
0.000636872
0.000636868
0.000636863
0.000636857
0.000636851
0.000636844
0.000636837
0.00063683
0.000636822
0.000636814
0.000636805
0.000636797
0.000636787
0.000636778
0.000636768
0.000636758
0.000636748
0.000636738
0.000636728
0.000636717
0.000636706
0.000636695
0.000636684
0.000636672
0.000636661
0.000636649
0.000636637
0.000636625
0.000636613
0.000636601
0.000636589
0.000636577
0.000636565
0.000636552
0.00063654
0.000636527
0.000636514
0.000636502
0.000636489
0.000636476
0.000636463
0.00063645
0.000636437
0.000636425
0.000636411
0.000636404
0.000636362
0.000665909
0.000665964
0.000665976
0.000665979
0.000665978
0.000665976
0.000665973
0.000665969
0.000665965
0.00066596
0.000665955
0.00066595
0.000665944
0.000665938
0.000665932
0.000665925
0.000665918
0.00066591
0.000665902
0.000665893
0.000665884
0.000665875
0.000665865
0.000665855
0.000665845
0.000665834
0.000665823
0.000665812
0.0006658
0.000665789
0.000665777
0.000665765
0.000665753
0.00066574
0.000665728
0.000665715
0.000665702
0.000665689
0.000665676
0.000665663
0.000665649
0.000665636
0.000665622
0.000665609
0.000665595
0.000665581
0.000665567
0.000665554
0.00066554
0.000665525
0.000665511
0.000665497
0.000665483
0.000665468
0.000665454
0.00066544
0.000665425
0.000665417
0.000665371
0.000696295
0.000696359
0.000696373
0.000696375
0.000696374
0.000696371
0.000696367
0.000696362
0.000696357
0.000696351
0.000696345
0.000696338
0.000696331
0.000696324
0.000696317
0.000696309
0.0006963
0.000696291
0.000696281
0.000696271
0.000696261
0.00069625
0.000696239
0.000696227
0.000696216
0.000696203
0.000696191
0.000696179
0.000696166
0.000696153
0.00069614
0.000696126
0.000696112
0.000696099
0.000696085
0.00069607
0.000696056
0.000696042
0.000696027
0.000696012
0.000695997
0.000695982
0.000695967
0.000695952
0.000695937
0.000695922
0.000695906
0.000695891
0.000695875
0.00069586
0.000695844
0.000695828
0.000695813
0.000695797
0.000695781
0.000695766
0.000695749
0.00069574
0.000695688
0.000728065
0.000728137
0.000728152
0.000728155
0.000728153
0.000728149
0.000728144
0.000728138
0.000728131
0.000728124
0.000728117
0.000728109
0.000728101
0.000728092
0.000728083
0.000728074
0.000728064
0.000728053
0.000728042
0.000728031
0.000728019
0.000728006
0.000727993
0.00072798
0.000727967
0.000727953
0.00072794
0.000727925
0.000727911
0.000727896
0.000727882
0.000727867
0.000727851
0.000727836
0.00072782
0.000727805
0.000727789
0.000727773
0.000727756
0.00072774
0.000727724
0.000727707
0.00072769
0.000727674
0.000727657
0.00072764
0.000727623
0.000727606
0.000727589
0.000727571
0.000727554
0.000727537
0.000727519
0.000727502
0.000727484
0.000727467
0.000727449
0.000727439
0.000727382
0.000761284
0.000761365
0.000761383
0.000761385
0.000761382
0.000761377
0.000761371
0.000761364
0.000761356
0.000761348
0.000761339
0.00076133
0.00076132
0.00076131
0.000761299
0.000761288
0.000761277
0.000761265
0.000761252
0.000761238
0.000761225
0.000761211
0.000761196
0.000761181
0.000761166
0.000761151
0.000761135
0.00076112
0.000761103
0.000761087
0.000761071
0.000761054
0.000761037
0.00076102
0.000761002
0.000760985
0.000760967
0.000760949
0.000760931
0.000760913
0.000760895
0.000760877
0.000760858
0.00076084
0.000760821
0.000760803
0.000760784
0.000760765
0.000760746
0.000760727
0.000760708
0.000760689
0.00076067
0.00076065
0.000760631
0.000760612
0.000760592
0.000760581
0.000760518
0.000796021
0.000796113
0.000796132
0.000796134
0.00079613
0.000796124
0.000796116
0.000796108
0.000796099
0.000796089
0.000796079
0.000796068
0.000796057
0.000796045
0.000796033
0.00079602
0.000796007
0.000795993
0.000795978
0.000795963
0.000795947
0.000795931
0.000795915
0.000795898
0.000795881
0.000795864
0.000795846
0.000795829
0.000795811
0.000795793
0.000795774
0.000795756
0.000795737
0.000795718
0.000795698
0.000795679
0.000795659
0.00079564
0.00079562
0.0007956
0.00079558
0.000795559
0.000795539
0.000795519
0.000795498
0.000795478
0.000795457
0.000795436
0.000795415
0.000795394
0.000795373
0.000795352
0.000795331
0.00079531
0.000795289
0.000795268
0.000795246
0.000795234
0.000795165
0.000832344
0.000832447
0.000832468
0.000832469
0.000832464
0.000832457
0.000832448
0.000832438
0.000832427
0.000832416
0.000832404
0.000832392
0.000832379
0.000832365
0.000832351
0.000832336
0.000832321
0.000832305
0.000832288
0.000832271
0.000832253
0.000832235
0.000832217
0.000832198
0.000832179
0.00083216
0.00083214
0.000832121
0.000832101
0.00083208
0.00083206
0.000832039
0.000832018
0.000831997
0.000831976
0.000831955
0.000831933
0.000831911
0.000831889
0.000831867
0.000831845
0.000831823
0.0008318
0.000831778
0.000831755
0.000831732
0.00083171
0.000831687
0.000831664
0.000831641
0.000831618
0.000831595
0.000831572
0.000831549
0.000831525
0.000831503
0.000831478
0.000831464
0.00083139
0.000870319
0.000870434
0.000870457
0.000870458
0.000870452
0.000870443
0.000870433
0.000870422
0.000870409
0.000870396
0.000870382
0.000870368
0.000870353
0.000870338
0.000870321
0.000870305
0.000870287
0.000870269
0.00087025
0.000870231
0.000870211
0.00087019
0.00087017
0.000870149
0.000870128
0.000870106
0.000870084
0.000870062
0.00087004
0.000870017
0.000869995
0.000869972
0.000869949
0.000869925
0.000869902
0.000869878
0.000869854
0.00086983
0.000869806
0.000869782
0.000869758
0.000869733
0.000869708
0.000869684
0.000869659
0.000869634
0.000869609
0.000869584
0.000869559
0.000869534
0.000869508
0.000869483
0.000869458
0.000869432
0.000869407
0.000869382
0.000869355
0.00086934
0.000869259
0.000910013
0.000910142
0.000910167
0.000910167
0.00091016
0.000910149
0.000910137
0.000910124
0.00091011
0.000910095
0.000910079
0.000910063
0.000910046
0.000910028
0.00091001
0.000909991
0.000909971
0.00090995
0.000909929
0.000909907
0.000909885
0.000909862
0.000909839
0.000909815
0.000909792
0.000909768
0.000909744
0.000909719
0.000909694
0.00090967
0.000909644
0.000909619
0.000909594
0.000909568
0.000909542
0.000909516
0.00090949
0.000909463
0.000909437
0.00090941
0.000909383
0.000909357
0.00090933
0.000909302
0.000909275
0.000909248
0.000909221
0.000909193
0.000909166
0.000909138
0.000909111
0.000909083
0.000909055
0.000909028
0.000909
0.000908973
0.000908943
0.000908926
0.000908839
0.000951489
0.000951632
0.000951659
0.000951659
0.00095165
0.000951638
0.000951624
0.000951609
0.000951593
0.000951576
0.000951558
0.00095154
0.00095152
0.0009515
0.00095148
0.000951458
0.000951436
0.000951412
0.000951389
0.000951364
0.000951339
0.000951314
0.000951288
0.000951262
0.000951236
0.000951209
0.000951182
0.000951155
0.000951128
0.0009511
0.000951073
0.000951045
0.000951017
0.000950988
0.00095096
0.000950931
0.000950903
0.000950874
0.000950845
0.000950815
0.000950786
0.000950757
0.000950727
0.000950697
0.000950668
0.000950638
0.000950608
0.000950578
0.000950548
0.000950518
0.000950488
0.000950458
0.000950427
0.000950397
0.000950367
0.000950337
0.000950306
0.000950286
0.000950194
0.000994809
0.000994967
0.000994996
0.000994995
0.000994985
0.000994971
0.000994956
0.000994938
0.00099492
0.000994901
0.000994881
0.00099486
0.000994838
0.000994815
0.000994792
0.000994768
0.000994743
0.000994717
0.00099469
0.000994663
0.000994635
0.000994607
0.000994578
0.000994549
0.00099452
0.000994491
0.000994461
0.000994431
0.000994401
0.000994371
0.00099434
0.00099431
0.000994279
0.000994248
0.000994217
0.000994185
0.000994154
0.000994122
0.00099409
0.000994058
0.000994026
0.000993994
0.000993962
0.000993929
0.000993897
0.000993865
0.000993832
0.000993799
0.000993767
0.000993734
0.000993701
0.000993668
0.000993635
0.000993602
0.00099357
0.000993537
0.000993503
0.000993481
0.000993383
0.00104003
0.0010402
0.00104024
0.00104023
0.00104022
0.00104021
0.00104019
0.00104017
0.00104015
0.00104013
0.0010401
0.00104008
0.00104006
0.00104003
0.00104
0.00103998
0.00103995
0.00103992
0.00103989
0.00103986
0.00103983
0.0010398
0.00103977
0.00103973
0.0010397
0.00103967
0.00103964
0.0010396
0.00103957
0.00103954
0.0010395
0.00103947
0.00103944
0.0010394
0.00103937
0.00103933
0.0010393
0.00103927
0.00103923
0.0010392
0.00103916
0.00103913
0.00103909
0.00103906
0.00103902
0.00103898
0.00103895
0.00103891
0.00103888
0.00103884
0.00103881
0.00103877
0.00103874
0.0010387
0.00103866
0.00103863
0.00103859
0.00103857
0.00103846
0.0010872
0.00108739
0.00108743
0.00108743
0.00108741
0.00108739
0.00108737
0.00108735
0.00108733
0.0010873
0.00108728
0.00108725
0.00108723
0.0010872
0.00108717
0.00108714
0.00108711
0.00108707
0.00108704
0.00108701
0.00108697
0.00108694
0.0010869
0.00108687
0.00108683
0.0010868
0.00108676
0.00108673
0.00108669
0.00108665
0.00108662
0.00108658
0.00108654
0.00108651
0.00108647
0.00108643
0.00108639
0.00108636
0.00108632
0.00108628
0.00108624
0.0010862
0.00108617
0.00108613
0.00108609
0.00108605
0.00108601
0.00108597
0.00108594
0.0010859
0.00108586
0.00108582
0.00108578
0.00108574
0.0010857
0.00108567
0.00108563
0.0010856
0.00108549
0.00113638
0.00113658
0.00113662
0.00113662
0.0011366
0.00113658
0.00113656
0.00113654
0.00113651
0.00113648
0.00113646
0.00113643
0.0011364
0.00113636
0.00113633
0.0011363
0.00113626
0.00113623
0.00113619
0.00113615
0.00113612
0.00113608
0.00113604
0.001136
0.00113596
0.00113592
0.00113588
0.00113585
0.00113581
0.00113577
0.00113573
0.00113569
0.00113565
0.00113561
0.00113556
0.00113552
0.00113548
0.00113544
0.0011354
0.00113536
0.00113532
0.00113528
0.00113524
0.00113519
0.00113515
0.00113511
0.00113507
0.00113503
0.00113499
0.00113495
0.0011349
0.00113486
0.00113482
0.00113478
0.00113474
0.00113469
0.00113465
0.00113462
0.00113451
0.00118759
0.00118782
0.00118786
0.00118785
0.00118783
0.00118781
0.00118779
0.00118776
0.00118773
0.0011877
0.00118767
0.00118764
0.0011876
0.00118757
0.00118753
0.0011875
0.00118746
0.00118742
0.00118738
0.00118734
0.0011873
0.00118726
0.00118721
0.00118717
0.00118713
0.00118709
0.00118704
0.001187
0.00118696
0.00118691
0.00118687
0.00118683
0.00118678
0.00118674
0.0011867
0.00118665
0.00118661
0.00118656
0.00118652
0.00118647
0.00118643
0.00118638
0.00118634
0.00118629
0.00118625
0.0011862
0.00118616
0.00118611
0.00118607
0.00118602
0.00118598
0.00118593
0.00118589
0.00118584
0.0011858
0.00118576
0.00118571
0.00118567
0.00118556
0.00124088
0.00124112
0.00124116
0.00124116
0.00124114
0.00124111
0.00124109
0.00124106
0.00124102
0.00124099
0.00124096
0.00124092
0.00124088
0.00124085
0.00124081
0.00124077
0.00124072
0.00124068
0.00124064
0.00124059
0.00124055
0.0012405
0.00124046
0.00124041
0.00124036
0.00124032
0.00124027
0.00124022
0.00124018
0.00124013
0.00124008
0.00124003
0.00123999
0.00123994
0.00123989
0.00123984
0.0012398
0.00123975
0.0012397
0.00123965
0.0012396
0.00123956
0.00123951
0.00123946
0.00123941
0.00123936
0.00123931
0.00123927
0.00123922
0.00123917
0.00123912
0.00123907
0.00123902
0.00123898
0.00123893
0.00123888
0.00123883
0.00123879
0.00123868
0.00129626
0.00129652
0.00129657
0.00129656
0.00129654
0.00129651
0.00129648
0.00129645
0.00129641
0.00129637
0.00129634
0.0012963
0.00129626
0.00129622
0.00129617
0.00129613
0.00129608
0.00129603
0.00129599
0.00129594
0.00129589
0.00129584
0.00129579
0.00129574
0.00129569
0.00129564
0.00129559
0.00129554
0.00129549
0.00129543
0.00129538
0.00129533
0.00129528
0.00129523
0.00129518
0.00129513
0.00129507
0.00129502
0.00129497
0.00129492
0.00129487
0.00129482
0.00129476
0.00129471
0.00129466
0.00129461
0.00129456
0.0012945
0.00129445
0.0012944
0.00129435
0.0012943
0.00129424
0.00129419
0.00129414
0.00129409
0.00129404
0.00129399
0.00129388
0.00135374
0.00135403
0.00135407
0.00135406
0.00135404
0.00135401
0.00135398
0.00135394
0.0013539
0.00135386
0.00135382
0.00135378
0.00135373
0.00135369
0.00135364
0.00135359
0.00135354
0.00135349
0.00135344
0.00135339
0.00135333
0.00135328
0.00135323
0.00135317
0.00135312
0.00135306
0.00135301
0.00135295
0.0013529
0.00135284
0.00135279
0.00135273
0.00135268
0.00135262
0.00135257
0.00135251
0.00135245
0.0013524
0.00135234
0.00135229
0.00135223
0.00135218
0.00135212
0.00135206
0.00135201
0.00135195
0.0013519
0.00135184
0.00135179
0.00135173
0.00135168
0.00135162
0.00135156
0.00135151
0.00135145
0.0013514
0.00135134
0.00135129
0.00135118
0.00141333
0.00141364
0.00141369
0.00141368
0.00141365
0.00141362
0.00141358
0.00141354
0.0014135
0.00141346
0.00141341
0.00141336
0.00141332
0.00141327
0.00141322
0.00141316
0.00141311
0.00141305
0.001413
0.00141294
0.00141288
0.00141282
0.00141276
0.00141271
0.00141265
0.00141259
0.00141253
0.00141247
0.00141241
0.00141235
0.00141229
0.00141223
0.00141217
0.00141211
0.00141205
0.00141199
0.00141193
0.00141187
0.00141182
0.00141176
0.0014117
0.00141164
0.00141158
0.00141152
0.00141146
0.0014114
0.00141134
0.00141128
0.00141122
0.00141116
0.0014111
0.00141104
0.00141098
0.00141092
0.00141086
0.0014108
0.00141074
0.00141069
0.00141058
0.00147501
0.00147534
0.00147539
0.00147538
0.00147535
0.00147531
0.00147527
0.00147523
0.00147519
0.00147514
0.00147509
0.00147504
0.00147499
0.00147494
0.00147488
0.00147482
0.00147476
0.0014747
0.00147464
0.00147458
0.00147452
0.00147445
0.00147439
0.00147433
0.00147427
0.0014742
0.00147414
0.00147407
0.00147401
0.00147395
0.00147388
0.00147382
0.00147376
0.00147369
0.00147363
0.00147357
0.0014735
0.00147344
0.00147337
0.00147331
0.00147325
0.00147318
0.00147312
0.00147306
0.00147299
0.00147293
0.00147287
0.0014728
0.00147274
0.00147268
0.00147261
0.00147255
0.00147249
0.00147242
0.00147236
0.0014723
0.00147223
0.00147218
0.00147207
0.00153875
0.0015391
0.00153916
0.00153915
0.00153911
0.00153907
0.00153903
0.00153898
0.00153894
0.00153889
0.00153883
0.00153878
0.00153872
0.00153866
0.0015386
0.00153854
0.00153848
0.00153841
0.00153835
0.00153828
0.00153822
0.00153815
0.00153808
0.00153801
0.00153794
0.00153788
0.00153781
0.00153774
0.00153767
0.0015376
0.00153754
0.00153747
0.0015374
0.00153733
0.00153726
0.0015372
0.00153713
0.00153706
0.00153699
0.00153692
0.00153686
0.00153679
0.00153672
0.00153665
0.00153659
0.00153652
0.00153645
0.00153638
0.00153632
0.00153625
0.00153618
0.00153612
0.00153605
0.00153598
0.00153592
0.00153585
0.00153578
0.00153572
0.00153561
0.00160451
0.00160489
0.00160494
0.00160493
0.00160489
0.00160485
0.0016048
0.00160475
0.0016047
0.00160465
0.00160459
0.00160453
0.00160447
0.00160441
0.00160435
0.00160428
0.00160421
0.00160414
0.00160407
0.001604
0.00160393
0.00160386
0.00160378
0.00160371
0.00160364
0.00160357
0.00160349
0.00160342
0.00160335
0.00160328
0.0016032
0.00160313
0.00160306
0.00160299
0.00160291
0.00160284
0.00160277
0.0016027
0.00160263
0.00160255
0.00160248
0.00160241
0.00160234
0.00160227
0.00160219
0.00160212
0.00160205
0.00160198
0.00160191
0.00160184
0.00160177
0.0016017
0.00160163
0.00160155
0.00160148
0.00160141
0.00160134
0.00160128
0.00160118
0.00167223
0.00167262
0.00167268
0.00167267
0.00167263
0.00167258
0.00167253
0.00167248
0.00167242
0.00167236
0.0016723
0.00167224
0.00167218
0.00167211
0.00167204
0.00167197
0.0016719
0.00167182
0.00167175
0.00167167
0.00167159
0.00167152
0.00167144
0.00167136
0.00167129
0.00167121
0.00167113
0.00167105
0.00167098
0.0016709
0.00167082
0.00167075
0.00167067
0.00167059
0.00167052
0.00167044
0.00167036
0.00167029
0.00167021
0.00167013
0.00167006
0.00166998
0.00166991
0.00166983
0.00166976
0.00166968
0.0016696
0.00166953
0.00166945
0.00166938
0.0016693
0.00166923
0.00166915
0.00166908
0.00166901
0.00166893
0.00166886
0.00166879
0.0016687
0.00174182
0.00174223
0.00174229
0.00174228
0.00174223
0.00174218
0.00174213
0.00174207
0.00174201
0.00174195
0.00174189
0.00174182
0.00174175
0.00174168
0.00174161
0.00174153
0.00174145
0.00174137
0.00174129
0.00174121
0.00174113
0.00174105
0.00174097
0.00174089
0.0017408
0.00174072
0.00174064
0.00174056
0.00174048
0.0017404
0.00174031
0.00174023
0.00174015
0.00174007
0.00173999
0.00173991
0.00173983
0.00173975
0.00173967
0.00173959
0.00173951
0.00173943
0.00173935
0.00173927
0.00173919
0.00173911
0.00173903
0.00173895
0.00173887
0.00173879
0.00173871
0.00173863
0.00173856
0.00173848
0.0017384
0.00173832
0.00173824
0.00173817
0.00173809
0.00181317
0.00181361
0.00181368
0.00181366
0.00181361
0.00181356
0.0018135
0.00181344
0.00181338
0.00181331
0.00181324
0.00181317
0.0018131
0.00181302
0.00181294
0.00181286
0.00181278
0.0018127
0.00181261
0.00181253
0.00181244
0.00181235
0.00181227
0.00181218
0.00181209
0.00181201
0.00181192
0.00181183
0.00181175
0.00181166
0.00181158
0.00181149
0.0018114
0.00181132
0.00181123
0.00181115
0.00181106
0.00181098
0.0018109
0.00181081
0.00181073
0.00181064
0.00181056
0.00181048
0.00181039
0.00181031
0.00181022
0.00181014
0.00181006
0.00180998
0.00180989
0.00180981
0.00180973
0.00180965
0.00180956
0.00180948
0.0018094
0.00180932
0.00180925
0.00188618
0.00188664
0.00188671
0.00188668
0.00188663
0.00188658
0.00188651
0.00188645
0.00188638
0.00188631
0.00188624
0.00188617
0.00188609
0.00188601
0.00188593
0.00188584
0.00188575
0.00188567
0.00188558
0.00188549
0.00188539
0.0018853
0.00188521
0.00188512
0.00188503
0.00188494
0.00188485
0.00188476
0.00188467
0.00188458
0.00188449
0.0018844
0.00188431
0.00188422
0.00188413
0.00188404
0.00188395
0.00188386
0.00188377
0.00188368
0.00188359
0.00188351
0.00188342
0.00188333
0.00188324
0.00188316
0.00188307
0.00188298
0.0018829
0.00188281
0.00188272
0.00188264
0.00188255
0.00188246
0.00188238
0.00188229
0.00188221
0.00188212
0.00188207
0.00196069
0.00196117
0.00196123
0.00196121
0.00196115
0.00196109
0.00196103
0.00196096
0.00196089
0.00196082
0.00196074
0.00196066
0.00196058
0.0019605
0.00196041
0.00196032
0.00196023
0.00196013
0.00196004
0.00195994
0.00195985
0.00195975
0.00195966
0.00195956
0.00195947
0.00195937
0.00195927
0.00195918
0.00195908
0.00195899
0.0019589
0.0019588
0.00195871
0.00195861
0.00195852
0.00195843
0.00195833
0.00195824
0.00195815
0.00195806
0.00195796
0.00195787
0.00195778
0.00195769
0.0019576
0.00195751
0.00195742
0.00195733
0.00195724
0.00195715
0.00195706
0.00195697
0.00195688
0.00195679
0.0019567
0.00195661
0.00195652
0.00195643
0.0019564
0.00203652
0.00203702
0.00203709
0.00203706
0.002037
0.00203694
0.00203687
0.0020368
0.00203672
0.00203665
0.00203657
0.00203648
0.0020364
0.00203631
0.00203622
0.00203613
0.00203603
0.00203593
0.00203583
0.00203573
0.00203563
0.00203553
0.00203543
0.00203533
0.00203523
0.00203513
0.00203503
0.00203493
0.00203483
0.00203474
0.00203464
0.00203454
0.00203444
0.00203434
0.00203425
0.00203415
0.00203405
0.00203396
0.00203386
0.00203376
0.00203367
0.00203357
0.00203348
0.00203338
0.00203329
0.00203319
0.0020331
0.00203301
0.00203291
0.00203282
0.00203273
0.00203263
0.00203254
0.00203245
0.00203235
0.00203226
0.00203217
0.00203207
0.00203206
0.00211349
0.00211401
0.00211408
0.00211404
0.00211399
0.00211392
0.00211384
0.00211377
0.00211369
0.00211361
0.00211353
0.00211344
0.00211335
0.00211326
0.00211316
0.00211306
0.00211296
0.00211286
0.00211276
0.00211265
0.00211255
0.00211245
0.00211234
0.00211224
0.00211213
0.00211203
0.00211193
0.00211182
0.00211172
0.00211162
0.00211151
0.00211141
0.00211131
0.00211121
0.00211111
0.00211101
0.00211091
0.00211081
0.00211071
0.00211061
0.00211051
0.00211041
0.00211031
0.00211021
0.00211012
0.00211002
0.00210992
0.00210982
0.00210973
0.00210963
0.00210953
0.00210944
0.00210934
0.00210925
0.00210915
0.00210906
0.00210896
0.00210886
0.00210887
0.00219137
0.00219191
0.00219198
0.00219194
0.00219188
0.0021918
0.00219173
0.00219165
0.00219157
0.00219148
0.00219139
0.0021913
0.00219121
0.00219112
0.00219102
0.00219091
0.00219081
0.0021907
0.0021906
0.00219049
0.00219038
0.00219027
0.00219016
0.00219005
0.00218995
0.00218984
0.00218973
0.00218963
0.00218952
0.00218941
0.00218931
0.0021892
0.0021891
0.00218899
0.00218889
0.00218878
0.00218868
0.00218858
0.00218847
0.00218837
0.00218827
0.00218817
0.00218807
0.00218796
0.00218786
0.00218776
0.00218766
0.00218756
0.00218746
0.00218736
0.00218726
0.00218716
0.00218707
0.00218697
0.00218687
0.00218677
0.00218667
0.00218657
0.0021866
0.00226992
0.00227047
0.00227053
0.00227049
0.00227043
0.00227035
0.00227027
0.00227019
0.0022701
0.00227001
0.00226992
0.00226983
0.00226973
0.00226963
0.00226953
0.00226943
0.00226932
0.00226921
0.0022691
0.00226898
0.00226887
0.00226876
0.00226865
0.00226854
0.00226842
0.00226831
0.0022682
0.00226809
0.00226798
0.00226787
0.00226776
0.00226766
0.00226755
0.00226744
0.00226733
0.00226723
0.00226712
0.00226701
0.00226691
0.0022668
0.0022667
0.00226659
0.00226649
0.00226638
0.00226628
0.00226618
0.00226607
0.00226597
0.00226587
0.00226577
0.00226566
0.00226556
0.00226546
0.00226536
0.00226526
0.00226516
0.00226506
0.00226495
0.00226501
0.00234884
0.00234941
0.00234947
0.00234943
0.00234936
0.00234928
0.0023492
0.00234911
0.00234902
0.00234893
0.00234883
0.00234874
0.00234864
0.00234853
0.00234843
0.00234832
0.00234821
0.00234809
0.00234798
0.00234786
0.00234775
0.00234763
0.00234752
0.0023474
0.00234729
0.00234717
0.00234706
0.00234695
0.00234683
0.00234672
0.00234661
0.0023465
0.00234639
0.00234628
0.00234617
0.00234606
0.00234595
0.00234584
0.00234573
0.00234562
0.00234552
0.00234541
0.0023453
0.0023452
0.00234509
0.00234498
0.00234488
0.00234477
0.00234467
0.00234456
0.00234446
0.00234436
0.00234425
0.00234415
0.00234405
0.00234394
0.00234384
0.00234373
0.00234382
0.00242785
0.00242843
0.00242849
0.00242844
0.00242837
0.00242828
0.00242819
0.0024281
0.00242801
0.00242792
0.00242782
0.00242772
0.00242762
0.00242751
0.0024274
0.00242729
0.00242718
0.00242706
0.00242694
0.00242682
0.0024267
0.00242658
0.00242647
0.00242635
0.00242623
0.00242611
0.002426
0.00242588
0.00242577
0.00242565
0.00242554
0.00242542
0.00242531
0.0024252
0.00242509
0.00242497
0.00242486
0.00242475
0.00242464
0.00242453
0.00242442
0.00242431
0.0024242
0.00242409
0.00242399
0.00242388
0.00242377
0.00242366
0.00242356
0.00242345
0.00242335
0.00242324
0.00242313
0.00242303
0.00242292
0.00242282
0.00242272
0.0024226
0.00242272
0.00250659
0.00250718
0.00250725
0.00250719
0.00250711
0.00250702
0.00250693
0.00250684
0.00250674
0.00250664
0.00250654
0.00250644
0.00250634
0.00250623
0.00250612
0.002506
0.00250588
0.00250576
0.00250564
0.00250552
0.0025054
0.00250528
0.00250515
0.00250503
0.00250491
0.0025048
0.00250468
0.00250456
0.00250444
0.00250432
0.00250421
0.00250409
0.00250398
0.00250386
0.00250375
0.00250364
0.00250352
0.00250341
0.0025033
0.00250319
0.00250307
0.00250296
0.00250285
0.00250274
0.00250263
0.00250252
0.00250242
0.00250231
0.0025022
0.00250209
0.00250198
0.00250188
0.00250177
0.00250166
0.00250156
0.00250145
0.00250135
0.00250123
0.00250138
0.00258471
0.00258531
0.00258537
0.00258531
0.00258523
0.00258514
0.00258504
0.00258494
0.00258484
0.00258474
0.00258464
0.00258453
0.00258443
0.00258431
0.0025842
0.00258408
0.00258396
0.00258384
0.00258372
0.00258359
0.00258347
0.00258334
0.00258322
0.0025831
0.00258297
0.00258285
0.00258273
0.00258261
0.00258249
0.00258237
0.00258226
0.00258214
0.00258202
0.00258191
0.00258179
0.00258168
0.00258156
0.00258145
0.00258134
0.00258122
0.00258111
0.002581
0.00258089
0.00258078
0.00258067
0.00258055
0.00258045
0.00258034
0.00258023
0.00258012
0.00258001
0.0025799
0.00257979
0.00257969
0.00257958
0.00257947
0.00257937
0.00257924
0.00257943
0.00266181
0.00266242
0.00266247
0.00266241
0.00266232
0.00266222
0.00266212
0.00266202
0.00266192
0.00266181
0.00266171
0.0026616
0.00266149
0.00266137
0.00266126
0.00266114
0.00266101
0.00266089
0.00266076
0.00266064
0.00266051
0.00266038
0.00266026
0.00266013
0.00266001
0.00265988
0.00265976
0.00265964
0.00265952
0.0026594
0.00265928
0.00265917
0.00265905
0.00265893
0.00265882
0.0026587
0.00265858
0.00265847
0.00265836
0.00265824
0.00265813
0.00265802
0.0026579
0.00265779
0.00265768
0.00265757
0.00265746
0.00265735
0.00265724
0.00265713
0.00265702
0.00265691
0.00265681
0.0026567
0.00265659
0.00265648
0.00265638
0.00265625
0.00265647
0.00273745
0.00273807
0.00273812
0.00273805
0.00273795
0.00273785
0.00273775
0.00273764
0.00273754
0.00273743
0.00273732
0.00273721
0.00273709
0.00273698
0.00273686
0.00273673
0.00273661
0.00273648
0.00273635
0.00273622
0.00273609
0.00273597
0.00273584
0.00273571
0.00273559
0.00273546
0.00273534
0.00273522
0.0027351
0.00273498
0.00273486
0.00273474
0.00273462
0.0027345
0.00273439
0.00273427
0.00273416
0.00273404
0.00273393
0.00273381
0.0027337
0.00273359
0.00273348
0.00273336
0.00273325
0.00273314
0.00273303
0.00273292
0.00273281
0.0027327
0.00273259
0.00273249
0.00273238
0.00273227
0.00273216
0.00273205
0.00273195
0.00273183
0.00273208
0.00281118
0.0028118
0.00281185
0.00281177
0.00281167
0.00281157
0.00281146
0.00281135
0.00281124
0.00281112
0.00281101
0.0028109
0.00281078
0.00281066
0.00281054
0.00281041
0.00281028
0.00281015
0.00281002
0.00280989
0.00280976
0.00280963
0.0028095
0.00280938
0.00280925
0.00280912
0.002809
0.00280888
0.00280876
0.00280864
0.00280852
0.0028084
0.00280828
0.00280817
0.00280805
0.00280793
0.00280782
0.0028077
0.00280759
0.00280748
0.00280736
0.00280725
0.00280714
0.00280703
0.00280692
0.00280681
0.0028067
0.00280659
0.00280648
0.00280637
0.00280626
0.00280616
0.00280605
0.00280594
0.00280583
0.00280573
0.00280562
0.0028055
0.00280578
0.0028825
0.00288313
0.00288317
0.00288309
0.00288298
0.00288287
0.00288276
0.00288264
0.00288253
0.00288241
0.00288229
0.00288217
0.00288205
0.00288193
0.0028818
0.00288168
0.00288155
0.00288142
0.00288128
0.00288115
0.00288102
0.00288089
0.00288076
0.00288063
0.0028805
0.00288038
0.00288025
0.00288013
0.00288001
0.00287989
0.00287977
0.00287965
0.00287954
0.00287942
0.00287931
0.00287919
0.00287908
0.00287896
0.00287885
0.00287874
0.00287863
0.00287852
0.00287841
0.0028783
0.00287819
0.00287808
0.00287797
0.00287786
0.00287775
0.00287765
0.00287754
0.00287743
0.00287733
0.00287722
0.00287711
0.00287701
0.0028769
0.00287678
0.0028771
0.0029509
0.00295153
0.00295157
0.00295148
0.00295137
0.00295125
0.00295113
0.00295101
0.00295089
0.00295076
0.00295064
0.00295052
0.00295039
0.00295027
0.00295014
0.00295001
0.00294987
0.00294974
0.00294961
0.00294947
0.00294934
0.00294921
0.00294908
0.00294895
0.00294882
0.0029487
0.00294858
0.00294845
0.00294833
0.00294822
0.0029481
0.00294798
0.00294787
0.00294775
0.00294764
0.00294753
0.00294741
0.0029473
0.00294719
0.00294708
0.00294697
0.00294686
0.00294675
0.00294665
0.00294654
0.00294643
0.00294632
0.00294622
0.00294611
0.00294601
0.0029459
0.0029458
0.00294569
0.00294559
0.00294548
0.00294538
0.00294528
0.00294516
0.00294551
0.00301583
0.00301647
0.0030165
0.0030164
0.00301628
0.00301615
0.00301602
0.00301589
0.00301576
0.00301564
0.00301551
0.00301538
0.00301525
0.00301512
0.00301499
0.00301485
0.00301472
0.00301458
0.00301445
0.00301431
0.00301418
0.00301405
0.00301392
0.00301379
0.00301366
0.00301354
0.00301342
0.0030133
0.00301318
0.00301306
0.00301295
0.00301283
0.00301272
0.00301261
0.0030125
0.00301239
0.00301228
0.00301217
0.00301206
0.00301195
0.00301185
0.00301174
0.00301163
0.00301153
0.00301142
0.00301132
0.00301121
0.00301111
0.00301101
0.0030109
0.0030108
0.0030107
0.00301059
0.00301049
0.00301039
0.00301029
0.00301019
0.00301007
0.00301046
0.00307673
0.00307736
0.00307738
0.00307728
0.00307715
0.00307701
0.00307687
0.00307673
0.00307659
0.00307645
0.00307631
0.00307618
0.00307604
0.00307591
0.00307577
0.00307564
0.0030755
0.00307537
0.00307523
0.0030751
0.00307496
0.00307483
0.0030747
0.00307458
0.00307445
0.00307433
0.00307421
0.00307409
0.00307398
0.00307386
0.00307375
0.00307364
0.00307353
0.00307342
0.00307331
0.00307321
0.0030731
0.00307299
0.00307289
0.00307278
0.00307268
0.00307258
0.00307247
0.00307237
0.00307227
0.00307217
0.00307207
0.00307197
0.00307187
0.00307177
0.00307167
0.00307157
0.00307147
0.00307137
0.00307127
0.00307117
0.00307107
0.00307096
0.00307138
0.00313299
0.00313362
0.00313364
0.00313352
0.00313337
0.00313322
0.00313306
0.00313291
0.00313276
0.00313261
0.00313247
0.00313232
0.00313218
0.00313205
0.00313191
0.00313177
0.00313163
0.0031315
0.00313136
0.00313123
0.0031311
0.00313097
0.00313084
0.00313072
0.0031306
0.00313048
0.00313036
0.00313025
0.00313014
0.00313003
0.00312992
0.00312981
0.0031297
0.0031296
0.00312949
0.00312939
0.00312929
0.00312919
0.00312909
0.00312899
0.00312889
0.00312879
0.00312869
0.00312859
0.00312849
0.00312839
0.0031283
0.0031282
0.0031281
0.003128
0.00312791
0.00312781
0.00312772
0.00312762
0.00312753
0.00312743
0.00312734
0.00312723
0.00312767
0.00318403
0.00318466
0.00318465
0.00318452
0.00318435
0.00318417
0.00318399
0.00318382
0.00318366
0.0031835
0.00318335
0.0031832
0.00318306
0.00318292
0.00318278
0.00318264
0.00318251
0.00318238
0.00318224
0.00318211
0.00318198
0.00318186
0.00318173
0.00318161
0.0031815
0.00318138
0.00318127
0.00318116
0.00318105
0.00318095
0.00318084
0.00318074
0.00318064
0.00318054
0.00318044
0.00318034
0.00318025
0.00318015
0.00318005
0.00317996
0.00317986
0.00317977
0.00317967
0.00317958
0.00317948
0.00317939
0.0031793
0.0031792
0.00317911
0.00317902
0.00317893
0.00317884
0.00317874
0.00317865
0.00317856
0.00317847
0.00317838
0.00317828
0.00317875
0.00322923
0.00322984
0.00322981
0.00322964
0.00322944
0.00322923
0.00322903
0.00322885
0.00322867
0.00322851
0.00322835
0.0032282
0.00322806
0.00322792
0.00322778
0.00322765
0.00322752
0.00322739
0.00322726
0.00322713
0.00322701
0.00322689
0.00322677
0.00322666
0.00322655
0.00322644
0.00322633
0.00322623
0.00322613
0.00322603
0.00322593
0.00322583
0.00322574
0.00322564
0.00322555
0.00322545
0.00322536
0.00322527
0.00322518
0.00322509
0.003225
0.00322491
0.00322482
0.00322473
0.00322464
0.00322456
0.00322447
0.00322438
0.00322429
0.0032242
0.00322412
0.00322403
0.00322394
0.00322385
0.00322377
0.00322368
0.00322359
0.0032235
0.003224
0.00326799
0.00326856
0.00326848
0.00326825
0.003268
0.00326777
0.00326756
0.00326736
0.00326718
0.00326701
0.00326686
0.00326671
0.00326657
0.00326644
0.00326631
0.00326618
0.00326605
0.00326593
0.00326581
0.00326569
0.00326558
0.00326546
0.00326535
0.00326525
0.00326514
0.00326504
0.00326494
0.00326485
0.00326475
0.00326466
0.00326457
0.00326448
0.00326439
0.0032643
0.00326421
0.00326413
0.00326404
0.00326396
0.00326387
0.00326379
0.0032637
0.00326362
0.00326354
0.00326345
0.00326337
0.00326329
0.0032632
0.00326312
0.00326304
0.00326296
0.00326287
0.00326279
0.00326271
0.00326263
0.00326254
0.00326246
0.00326238
0.00326229
0.00326281
0.0032997
0.00330018
0.00329999
0.0032997
0.00329942
0.00329917
0.00329895
0.00329876
0.00329859
0.00329843
0.00329828
0.00329815
0.00329802
0.00329789
0.00329777
0.00329765
0.00329754
0.00329743
0.00329732
0.00329721
0.0032971
0.003297
0.0032969
0.0032968
0.00329671
0.00329661
0.00329652
0.00329643
0.00329635
0.00329626
0.00329618
0.0032961
0.00329602
0.00329594
0.00329586
0.00329578
0.0032957
0.00329562
0.00329554
0.00329546
0.00329539
0.00329531
0.00329523
0.00329515
0.00329508
0.003295
0.00329492
0.00329485
0.00329477
0.00329469
0.00329462
0.00329454
0.00329446
0.00329438
0.00329431
0.00329423
0.00329415
0.00329406
0.0032946
0.00332372
0.00332401
0.00332369
0.00332335
0.00332307
0.00332284
0.00332265
0.00332248
0.00332233
0.0033222
0.00332207
0.00332195
0.00332184
0.00332173
0.00332162
0.00332152
0.00332142
0.00332132
0.00332122
0.00332113
0.00332104
0.00332094
0.00332086
0.00332077
0.00332068
0.0033206
0.00332052
0.00332044
0.00332036
0.00332029
0.00332021
0.00332014
0.00332007
0.00331999
0.00331992
0.00331985
0.00331978
0.00331971
0.00331964
0.00331957
0.0033195
0.00331943
0.00331935
0.00331928
0.00331921
0.00331914
0.00331907
0.003319
0.00331893
0.00331886
0.00331878
0.00331871
0.00331864
0.00331857
0.0033185
0.00331842
0.00331835
0.00331827
0.00331879
0.00333937
0.00333927
0.00333891
0.00333864
0.00333845
0.00333829
0.00333816
0.00333803
0.00333792
0.00333782
0.00333772
0.00333763
0.00333754
0.00333745
0.00333736
0.00333728
0.0033372
0.00333711
0.00333703
0.00333695
0.00333687
0.00333679
0.00333672
0.00333664
0.00333657
0.0033365
0.00333643
0.00333636
0.00333629
0.00333623
0.00333616
0.0033361
0.00333603
0.00333597
0.0033359
0.00333584
0.00333578
0.00333571
0.00333565
0.00333558
0.00333552
0.00333546
0.00333539
0.00333533
0.00333526
0.0033352
0.00333513
0.00333507
0.003335
0.00333494
0.00333487
0.0033348
0.00333474
0.00333467
0.0033346
0.00333453
0.00333446
0.00333439
0.00333481
)
;

boundaryField
{
    bottomWall
    {
        type            nutUWallFunction;
        Cmu             0.09;
        kappa           0.41;
        E               9.8;
        value           nonuniform 0();
    }
    topWall
    {
        type            nutUWallFunction;
        Cmu             0.09;
        kappa           0.41;
        E               9.8;
        value           nonuniform 0();
    }
    sides1_half0
    {
        type            cyclic;
    }
    sides1_half1
    {
        type            cyclic;
    }
    sides2_half0
    {
        type            cyclic;
    }
    sides2_half1
    {
        type            cyclic;
    }
    inout1_half0
    {
        type            cyclic;
    }
    inout1_half1
    {
        type            cyclic;
    }
    inout2_half0
    {
        type            cyclic;
    }
    inout2_half1
    {
        type            cyclic;
    }
    procBoundary4to2
    {
        type            processor;
        value           nonuniform List<scalar> 
59
(
0.00334072
0.00334136
0.00334156
0.00334158
0.00334154
0.00334148
0.00334141
0.00334135
0.00334128
0.00334122
0.00334115
0.00334109
0.00334102
0.00334096
0.00334089
0.00334083
0.00334076
0.0033407
0.00334063
0.00334057
0.0033405
0.00334044
0.00334037
0.00334031
0.00334025
0.00334019
0.00334013
0.00334007
0.00334002
0.00333996
0.0033399
0.00333985
0.00333979
0.00333973
0.00333968
0.00333962
0.00333956
0.00333951
0.00333945
0.00333939
0.00333934
0.00333928
0.00333922
0.00333916
0.0033391
0.00333904
0.00333898
0.00333892
0.00333886
0.0033388
0.00333874
0.00333868
0.00333862
0.00333855
0.00333849
0.00333843
0.00333836
0.0033383
0.00333838
)
;
    }
    procBoundary4to3
    {
        type            processor;
        value           nonuniform List<scalar> 
63
(
0.000245553
0.00024554
0.000245534
0.00024553
0.000245526
0.000245524
0.000245521
0.000245519
0.000245516
0.000245515
0.000245513
0.000245511
0.00024551
0.000245508
0.000245507
0.000245505
0.000245504
0.000245503
0.000245502
0.0002455
0.000245499
0.000245498
0.000245497
0.000245496
0.000245495
0.000245494
0.000245493
0.000245492
0.000245491
0.00024549
0.000245489
0.000245488
0.000245488
0.000245487
0.000245486
0.000245485
0.000245484
0.000245482
0.000259313
0.000259306
0.000259306
0.000259222
0.000259222
0.000259229
0.00027347
0.00027347
0.00027347
0.000273386
0.000273386
0.000273397
0.000273404
0.000273409
0.000273412
0.000273416
0.000273418
0.000273421
0.000273423
0.000273425
0.000273427
0.000273429
0.00027343
0.000273431
0.000273433
)
;
    }
    procBoundary4to5
    {
        type            processor;
        value           nonuniform List<scalar> 
132
(
0.000288062
0.000287999
0.000303143
0.000303072
0.00031871
0.000318633
0.000334792
0.000334712
0.000351422
0.000351339
0.000368636
0.000368552
0.000386471
0.000386385
0.000404967
0.00040488
0.000424165
0.000424079
0.00044411
0.000444024
0.000464849
0.000464763
0.00048643
0.000486345
0.000508904
0.000508821
0.000532325
0.000532244
0.00055675
0.000556671
0.000582235
0.00058216
0.000608842
0.00060877
0.000636632
0.000636565
0.00066567
0.000665606
0.000696019
0.000695961
0.000727748
0.000727695
0.000760922
0.000760876
0.00079561
0.000795572
0.00083188
0.00083185
0.000869798
0.000869776
0.00090943
0.000909418
0.00095084
0.000950839
0.000994089
0.0009941
0.00103923
0.00103926
0.00108633
0.00108636
0.00113541
0.00113547
0.00118654
0.00118661
0.00123973
0.00123982
0.00129501
0.00129512
0.00135239
0.00135252
0.00141187
0.00141203
0.00147344
0.00147363
0.00153707
0.00153729
0.00160272
0.00160296
0.00167031
0.0016706
0.00173978
0.00174011
0.00181102
0.00181139
0.00188391
0.00188433
0.0019583
0.00195877
0.00203402
0.00203455
0.00211088
0.00211147
0.00218865
0.00218931
0.00226709
0.00226782
0.00234591
0.00234673
0.00242482
0.00242572
0.00250347
0.00250447
0.00258151
0.00258261
0.00265852
0.00265973
0.00273409
0.00273542
0.00280774
0.0028092
0.002879
0.00288058
0.00294734
0.00294905
0.00301222
0.00301406
0.00307306
0.00307503
0.00312928
0.00313138
0.00318027
0.00318249
0.00322544
0.00322777
0.00326419
0.0032666
0.00329591
0.00329837
0.00332005
0.00332245
0.00333604
0.00333813
)
;
    }
}


// ************************************************************************* //
