/*--------------------------------*- C++ -*----------------------------------*\
  =========                 |
  \\      /  F ield         | OpenFOAM: The Open Source CFD Toolbox
   \\    /   O peration     | Website:  https://openfoam.org
    \\  /    A nd           | Version:  7
     \\/     M anipulation  |
\*---------------------------------------------------------------------------*/
FoamFile
{
    version     2.0;
    format      ascii;
    class       volScalarField;
    location    "1000";
    object      k;
}
// * * * * * * * * * * * * * * * * * * * * * * * * * * * * * * * * * * * * * //

dimensions      [0 2 -2 0 0 0 0];

internalField   nonuniform List<scalar> 
3974
(
0.000116105
0.000116104
0.000116104
0.000116102
0.000116101
0.000116099
0.000116097
0.000116096
0.000116094
0.000116093
0.000116091
0.00011609
0.000116088
0.000116086
0.000116085
0.000116083
0.000116082
0.00011608
0.000116079
0.000116077
0.000116075
0.000116074
0.000116072
0.00011607
0.000116068
0.000116067
0.000116065
0.000116063
0.000116061
0.000116059
0.000116057
0.000116055
0.000116053
0.000116052
0.00011605
0.000116048
0.000116046
0.000116045
0.000112487
0.000112489
0.000112506
0.000112514
0.000112517
0.000112518
0.000112518
0.000112518
0.000112517
0.000112516
0.000112516
0.000112515
0.000112514
0.000112512
0.000112511
0.00011251
0.000112509
0.000112508
0.000112506
0.000112505
0.000112503
0.000112502
0.000112501
0.000112499
0.000112498
0.000112496
0.000112494
0.000112493
0.000112491
0.000112489
0.000112488
0.000112486
0.000112484
0.000112482
0.00011248
0.000112479
0.000112477
0.000112475
0.000112473
0.000112474
0.000112442
0.000112432
0.000108843
0.000108843
0.000108862
0.000108871
0.000108882
0.000108891
0.000108897
0.0001089
0.000108903
0.000108904
0.000108905
0.000108905
0.000108905
0.000108905
0.000108904
0.000108904
0.000108903
0.000108902
0.000108902
0.000108901
0.0001089
0.000108899
0.000108898
0.000108896
0.000108895
0.000108894
0.000108893
0.000108891
0.00010889
0.000108888
0.000108887
0.000108885
0.000108884
0.000108882
0.000108881
0.000108879
0.000108877
0.000108876
0.000108874
0.000108872
0.00010887
0.000108871
0.000108856
0.000108847
0.000108809
0.000108796
0.000108794
0.000108795
0.000108796
0.000108797
0.000108798
0.0001088
0.000108801
0.000108802
0.000108803
0.000108804
0.000108806
0.000108806
0.000108812
0.000105223
0.000105221
0.000105231
0.000105241
0.000105251
0.00010526
0.000105268
0.000105274
0.000105277
0.00010528
0.000105282
0.000105284
0.000105285
0.000105285
0.000105286
0.000105286
0.000105286
0.000105286
0.000105285
0.000105285
0.000105284
0.000105283
0.000105283
0.000105282
0.000105281
0.00010528
0.000105279
0.000105278
0.000105277
0.000105275
0.000105274
0.000105273
0.000105271
0.00010527
0.000105269
0.000105267
0.000105266
0.000105264
0.000105263
0.000105261
0.000105259
0.000105259
0.000105252
0.000105245
0.000105225
0.000105209
0.0001052
0.000105197
0.000105195
0.000105195
0.000105195
0.000105195
0.000105195
0.000105196
0.000105196
0.000105197
0.000105198
0.000105198
0.000105205
0.000101614
0.000101609
0.000101616
0.000101624
0.000101633
0.000101642
0.00010165
0.000101657
0.000101662
0.000101666
0.000101669
0.000101671
0.000101673
0.000101675
0.000101676
0.000101677
0.000101677
0.000101678
0.000101678
0.000101678
0.000101678
0.000101677
0.000101677
0.000101677
0.000101676
0.000101675
0.000101674
0.000101674
0.000101673
0.000101672
0.000101671
0.00010167
0.000101669
0.000101667
0.000101666
0.000101665
0.000101664
0.000101662
0.000101661
0.00010166
0.000101658
0.000101657
0.000101654
0.000101649
0.000101637
0.000101624
0.000101614
0.000101608
0.000101604
0.000101601
0.0001016
0.000101599
0.000101598
0.000101598
0.000101598
0.000101598
0.000101599
0.000101598
0.000101605
9.80345e-05
9.80286e-05
9.80323e-05
9.80388e-05
9.80464e-05
9.80542e-05
9.80618e-05
9.80686e-05
9.80745e-05
9.80793e-05
9.80833e-05
9.80865e-05
9.80893e-05
9.80915e-05
9.80933e-05
9.80948e-05
9.8096e-05
9.80969e-05
9.80976e-05
9.80981e-05
9.80984e-05
9.80985e-05
9.80985e-05
9.80984e-05
9.80982e-05
9.80978e-05
9.80974e-05
9.80969e-05
9.80963e-05
9.80956e-05
9.80948e-05
9.8094e-05
9.80931e-05
9.80922e-05
9.80912e-05
9.80902e-05
9.80891e-05
9.80879e-05
9.80868e-05
9.80856e-05
9.80842e-05
9.80834e-05
9.80813e-05
9.80783e-05
9.80715e-05
9.80622e-05
9.80532e-05
9.80459e-05
9.80407e-05
9.80369e-05
9.80342e-05
9.80322e-05
9.80308e-05
9.80297e-05
9.80291e-05
9.80286e-05
9.80286e-05
9.80272e-05
9.80348e-05
9.4502e-05
9.44951e-05
9.44971e-05
9.4502e-05
9.45081e-05
9.45147e-05
9.45215e-05
9.4528e-05
9.45339e-05
9.4539e-05
9.45435e-05
9.45473e-05
9.45507e-05
9.45535e-05
9.45559e-05
9.4558e-05
9.45597e-05
9.45611e-05
9.45623e-05
9.45632e-05
9.4564e-05
9.45645e-05
9.4565e-05
9.45652e-05
9.45653e-05
9.45653e-05
9.45652e-05
9.4565e-05
9.45647e-05
9.45643e-05
9.45638e-05
9.45633e-05
9.45627e-05
9.4562e-05
9.45612e-05
9.45604e-05
9.45596e-05
9.45587e-05
9.45577e-05
9.45568e-05
9.45556e-05
9.45548e-05
9.45534e-05
9.45515e-05
9.45475e-05
9.45414e-05
9.45344e-05
9.45278e-05
9.45222e-05
9.45178e-05
9.45144e-05
9.45117e-05
9.45095e-05
9.45079e-05
9.45066e-05
9.45056e-05
9.45052e-05
9.45033e-05
9.45108e-05
9.10331e-05
9.10256e-05
9.10266e-05
9.10302e-05
9.1035e-05
9.10405e-05
9.10463e-05
9.10521e-05
9.10576e-05
9.10627e-05
9.10674e-05
9.10715e-05
9.10751e-05
9.10784e-05
9.10812e-05
9.10837e-05
9.10859e-05
9.10878e-05
9.10894e-05
9.10907e-05
9.10919e-05
9.10928e-05
9.10936e-05
9.10942e-05
9.10947e-05
9.1095e-05
9.10952e-05
9.10953e-05
9.10953e-05
9.10952e-05
9.1095e-05
9.10947e-05
9.10944e-05
9.1094e-05
9.10935e-05
9.10929e-05
9.10923e-05
9.10916e-05
9.10909e-05
9.10901e-05
9.10893e-05
9.10885e-05
9.10875e-05
9.10863e-05
9.10839e-05
9.10801e-05
9.10751e-05
9.10698e-05
9.10647e-05
9.10603e-05
9.10566e-05
9.10536e-05
9.1051e-05
9.10489e-05
9.10472e-05
9.10458e-05
9.1045e-05
9.10426e-05
9.10499e-05
8.76441e-05
8.76363e-05
8.76367e-05
8.76395e-05
8.76433e-05
8.76477e-05
8.76526e-05
8.76576e-05
8.76626e-05
8.76673e-05
8.76718e-05
8.7676e-05
8.76798e-05
8.76832e-05
8.76863e-05
8.76891e-05
8.76916e-05
8.76938e-05
8.76957e-05
8.76974e-05
8.76989e-05
8.77002e-05
8.77013e-05
8.77022e-05
8.7703e-05
8.77037e-05
8.77042e-05
8.77046e-05
8.77048e-05
8.7705e-05
8.77051e-05
8.77051e-05
8.7705e-05
8.77048e-05
8.77046e-05
8.77042e-05
8.77039e-05
8.77034e-05
8.77029e-05
8.77024e-05
8.77018e-05
8.77012e-05
8.77005e-05
8.76996e-05
8.76982e-05
8.76958e-05
8.76925e-05
8.76886e-05
8.76845e-05
8.76806e-05
8.76771e-05
8.7674e-05
8.76713e-05
8.7669e-05
8.7667e-05
8.76653e-05
8.76643e-05
8.76616e-05
8.76685e-05
8.4351e-05
8.43431e-05
8.43432e-05
8.43455e-05
8.43485e-05
8.43521e-05
8.43561e-05
8.43603e-05
8.43647e-05
8.4369e-05
8.43731e-05
8.43771e-05
8.43808e-05
8.43842e-05
8.43875e-05
8.43904e-05
8.43931e-05
8.43955e-05
8.43977e-05
8.43996e-05
8.44013e-05
8.44029e-05
8.44043e-05
8.44055e-05
8.44065e-05
8.44075e-05
8.44082e-05
8.44089e-05
8.44094e-05
8.44098e-05
8.44102e-05
8.44104e-05
8.44105e-05
8.44106e-05
8.44106e-05
8.44105e-05
8.44104e-05
8.44101e-05
8.44099e-05
8.44095e-05
8.44092e-05
8.44087e-05
8.44083e-05
8.44077e-05
8.44069e-05
8.44055e-05
8.44034e-05
8.44007e-05
8.43976e-05
8.43944e-05
8.43914e-05
8.43885e-05
8.43859e-05
8.43836e-05
8.43816e-05
8.43798e-05
8.43786e-05
8.43757e-05
8.43824e-05
8.11689e-05
8.11611e-05
8.11611e-05
8.11629e-05
8.11655e-05
8.11685e-05
8.11717e-05
8.11753e-05
8.1179e-05
8.11827e-05
8.11864e-05
8.119e-05
8.11935e-05
8.11969e-05
8.12e-05
8.1203e-05
8.12057e-05
8.12083e-05
8.12106e-05
8.12127e-05
8.12146e-05
8.12163e-05
8.12179e-05
8.12193e-05
8.12206e-05
8.12217e-05
8.12227e-05
8.12236e-05
8.12243e-05
8.1225e-05
8.12255e-05
8.1226e-05
8.12264e-05
8.12266e-05
8.12269e-05
8.1227e-05
8.1227e-05
8.1227e-05
8.1227e-05
8.12269e-05
8.12267e-05
8.12265e-05
8.12262e-05
8.12259e-05
8.12254e-05
8.12246e-05
8.12234e-05
8.12216e-05
8.12195e-05
8.12171e-05
8.12147e-05
8.12123e-05
8.121e-05
8.12078e-05
8.12059e-05
8.12041e-05
8.12029e-05
8.11999e-05
8.12063e-05
7.8112e-05
7.81043e-05
7.81042e-05
7.81059e-05
7.81081e-05
7.81106e-05
7.81133e-05
7.81163e-05
7.81194e-05
7.81226e-05
7.81258e-05
7.81291e-05
7.81323e-05
7.81354e-05
7.81384e-05
7.81412e-05
7.81439e-05
7.81464e-05
7.81488e-05
7.81509e-05
7.81529e-05
7.81548e-05
7.81565e-05
7.8158e-05
7.81595e-05
7.81608e-05
7.81619e-05
7.8163e-05
7.81639e-05
7.81648e-05
7.81655e-05
7.81661e-05
7.81667e-05
7.81672e-05
7.81676e-05
7.81679e-05
7.81682e-05
7.81683e-05
7.81685e-05
7.81686e-05
7.81686e-05
7.81685e-05
7.81685e-05
7.81683e-05
7.81681e-05
7.81677e-05
7.81671e-05
7.8166e-05
7.81647e-05
7.8163e-05
7.81612e-05
7.81593e-05
7.81574e-05
7.81556e-05
7.81539e-05
7.81523e-05
7.81511e-05
7.81482e-05
7.81544e-05
7.51933e-05
7.51857e-05
7.51855e-05
7.5187e-05
7.5189e-05
7.51912e-05
7.51936e-05
7.51961e-05
7.51987e-05
7.52014e-05
7.52042e-05
7.5207e-05
7.52098e-05
7.52126e-05
7.52154e-05
7.5218e-05
7.52206e-05
7.5223e-05
7.52253e-05
7.52275e-05
7.52295e-05
7.52314e-05
7.52331e-05
7.52348e-05
7.52363e-05
7.52377e-05
7.5239e-05
7.52401e-05
7.52412e-05
7.52422e-05
7.52431e-05
7.52439e-05
7.52446e-05
7.52452e-05
7.52458e-05
7.52463e-05
7.52467e-05
7.52471e-05
7.52474e-05
7.52476e-05
7.52478e-05
7.5248e-05
7.52481e-05
7.52481e-05
7.52481e-05
7.5248e-05
7.52477e-05
7.52472e-05
7.52464e-05
7.52454e-05
7.52442e-05
7.52428e-05
7.52414e-05
7.52399e-05
7.52385e-05
7.52371e-05
7.52361e-05
7.52334e-05
7.52394e-05
7.24241e-05
7.24167e-05
7.24165e-05
7.24179e-05
7.24197e-05
7.24216e-05
7.24237e-05
7.24258e-05
7.24281e-05
7.24304e-05
7.24327e-05
7.24352e-05
7.24376e-05
7.24401e-05
7.24426e-05
7.2445e-05
7.24474e-05
7.24496e-05
7.24518e-05
7.24538e-05
7.24558e-05
7.24577e-05
7.24594e-05
7.24611e-05
7.24626e-05
7.24641e-05
7.24654e-05
7.24667e-05
7.24678e-05
7.24689e-05
7.24699e-05
7.24708e-05
7.24716e-05
7.24724e-05
7.24731e-05
7.24737e-05
7.24743e-05
7.24748e-05
7.24753e-05
7.24757e-05
7.2476e-05
7.24763e-05
7.24765e-05
7.24768e-05
7.24769e-05
7.2477e-05
7.2477e-05
7.24769e-05
7.24765e-05
7.2476e-05
7.24752e-05
7.24744e-05
7.24734e-05
7.24723e-05
7.24712e-05
7.24701e-05
7.24693e-05
7.24668e-05
7.24727e-05
6.98142e-05
6.98071e-05
6.98069e-05
6.98082e-05
6.98098e-05
6.98116e-05
6.98134e-05
6.98153e-05
6.98172e-05
6.98192e-05
6.98212e-05
6.98232e-05
6.98254e-05
6.98275e-05
6.98297e-05
6.98318e-05
6.9834e-05
6.9836e-05
6.9838e-05
6.984e-05
6.98418e-05
6.98436e-05
6.98453e-05
6.98469e-05
6.98484e-05
6.98498e-05
6.98512e-05
6.98525e-05
6.98537e-05
6.98548e-05
6.98559e-05
6.98569e-05
6.98578e-05
6.98586e-05
6.98594e-05
6.98602e-05
6.98609e-05
6.98615e-05
6.9862e-05
6.98626e-05
6.9863e-05
6.98635e-05
6.98638e-05
6.98642e-05
6.98645e-05
6.98648e-05
6.9865e-05
6.98651e-05
6.9865e-05
6.98649e-05
6.98645e-05
6.9864e-05
6.98634e-05
6.98627e-05
6.9862e-05
6.98611e-05
6.98606e-05
6.98584e-05
6.98641e-05
6.73716e-05
6.73648e-05
6.73646e-05
6.73658e-05
6.73673e-05
6.73689e-05
6.73706e-05
6.73722e-05
6.73739e-05
6.73756e-05
6.73773e-05
6.7379e-05
6.73808e-05
6.73827e-05
6.73846e-05
6.73864e-05
6.73883e-05
6.73902e-05
6.7392e-05
6.73937e-05
6.73954e-05
6.73971e-05
6.73986e-05
6.74002e-05
6.74016e-05
6.7403e-05
6.74044e-05
6.74057e-05
6.74069e-05
6.7408e-05
6.74091e-05
6.74101e-05
6.74111e-05
6.7412e-05
6.74128e-05
6.74136e-05
6.74144e-05
6.74151e-05
6.74158e-05
6.74164e-05
6.7417e-05
6.74175e-05
6.7418e-05
6.74184e-05
6.74189e-05
6.74193e-05
6.74196e-05
6.74199e-05
6.74201e-05
6.74202e-05
6.74201e-05
6.742e-05
6.74197e-05
6.74193e-05
6.74189e-05
6.74183e-05
6.7418e-05
6.74161e-05
6.74216e-05
6.51022e-05
6.50958e-05
6.50955e-05
6.50966e-05
6.50981e-05
6.50995e-05
6.5101e-05
6.51025e-05
6.51039e-05
6.51054e-05
6.51068e-05
6.51083e-05
6.51098e-05
6.51114e-05
6.5113e-05
6.51146e-05
6.51163e-05
6.51179e-05
6.51195e-05
6.5121e-05
6.51226e-05
6.5124e-05
6.51255e-05
6.51269e-05
6.51283e-05
6.51296e-05
6.51309e-05
6.51321e-05
6.51333e-05
6.51344e-05
6.51355e-05
6.51365e-05
6.51375e-05
6.51384e-05
6.51393e-05
6.51401e-05
6.51409e-05
6.51417e-05
6.51424e-05
6.51431e-05
6.51438e-05
6.51444e-05
6.51449e-05
6.51455e-05
6.5146e-05
6.51465e-05
6.5147e-05
6.51474e-05
6.51477e-05
6.5148e-05
6.51482e-05
6.51483e-05
6.51483e-05
6.51481e-05
6.5148e-05
6.51476e-05
6.51475e-05
6.51459e-05
6.51513e-05
6.30097e-05
6.30037e-05
6.30034e-05
6.30044e-05
6.30057e-05
6.3007e-05
6.30084e-05
6.30097e-05
6.3011e-05
6.30122e-05
6.30135e-05
6.30147e-05
6.3016e-05
6.30173e-05
6.30187e-05
6.30201e-05
6.30215e-05
6.30229e-05
6.30243e-05
6.30256e-05
6.30269e-05
6.30283e-05
6.30296e-05
6.30308e-05
6.30321e-05
6.30333e-05
6.30345e-05
6.30356e-05
6.30367e-05
6.30378e-05
6.30388e-05
6.30398e-05
6.30408e-05
6.30417e-05
6.30426e-05
6.30435e-05
6.30443e-05
6.30451e-05
6.30458e-05
6.30466e-05
6.30473e-05
6.30479e-05
6.30486e-05
6.30492e-05
6.30498e-05
6.30504e-05
6.30509e-05
6.30514e-05
6.30519e-05
6.30523e-05
6.30526e-05
6.30529e-05
6.30531e-05
6.30532e-05
6.30532e-05
6.30531e-05
6.30532e-05
6.30519e-05
6.3057e-05
6.10957e-05
6.109e-05
6.10897e-05
6.10907e-05
6.10918e-05
6.1093e-05
6.10942e-05
6.10954e-05
6.10965e-05
6.10976e-05
6.10987e-05
6.10997e-05
6.11008e-05
6.11019e-05
6.1103e-05
6.11042e-05
6.11054e-05
6.11066e-05
6.11077e-05
6.11089e-05
6.111e-05
6.11112e-05
6.11123e-05
6.11135e-05
6.11146e-05
6.11157e-05
6.11167e-05
6.11178e-05
6.11188e-05
6.11198e-05
6.11208e-05
6.11217e-05
6.11226e-05
6.11235e-05
6.11244e-05
6.11252e-05
6.11261e-05
6.11269e-05
6.11276e-05
6.11284e-05
6.11291e-05
6.11298e-05
6.11305e-05
6.11311e-05
6.11318e-05
6.11324e-05
6.1133e-05
6.11336e-05
6.11341e-05
6.11346e-05
6.11351e-05
6.11355e-05
6.11358e-05
6.11361e-05
6.11363e-05
6.11363e-05
6.11366e-05
6.11355e-05
6.11403e-05
5.93593e-05
5.93541e-05
5.93538e-05
5.93546e-05
5.93557e-05
5.93567e-05
5.93578e-05
5.93588e-05
5.93598e-05
5.93607e-05
5.93616e-05
5.93625e-05
5.93634e-05
5.93643e-05
5.93653e-05
5.93662e-05
5.93672e-05
5.93682e-05
5.93692e-05
5.93702e-05
5.93711e-05
5.93721e-05
5.93731e-05
5.93741e-05
5.9375e-05
5.9376e-05
5.93769e-05
5.93779e-05
5.93788e-05
5.93797e-05
5.93806e-05
5.93815e-05
5.93823e-05
5.93832e-05
5.9384e-05
5.93848e-05
5.93856e-05
5.93864e-05
5.93872e-05
5.93879e-05
5.93887e-05
5.93894e-05
5.93901e-05
5.93907e-05
5.93914e-05
5.93921e-05
5.93927e-05
5.93933e-05
5.93939e-05
5.93945e-05
5.9395e-05
5.93955e-05
5.93959e-05
5.93963e-05
5.93966e-05
5.93968e-05
5.93972e-05
5.93964e-05
5.94008e-05
5.77978e-05
5.7793e-05
5.77928e-05
5.77935e-05
5.77944e-05
5.77953e-05
5.77962e-05
5.77971e-05
5.77979e-05
5.77987e-05
5.77995e-05
5.78003e-05
5.7801e-05
5.78018e-05
5.78025e-05
5.78033e-05
5.78041e-05
5.78049e-05
5.78057e-05
5.78065e-05
5.78073e-05
5.78082e-05
5.7809e-05
5.78098e-05
5.78106e-05
5.78114e-05
5.78123e-05
5.78131e-05
5.78139e-05
5.78147e-05
5.78155e-05
5.78163e-05
5.78171e-05
5.78179e-05
5.78187e-05
5.78194e-05
5.78202e-05
5.7821e-05
5.78217e-05
5.78224e-05
5.78232e-05
5.78239e-05
5.78246e-05
5.78252e-05
5.78259e-05
5.78266e-05
5.78273e-05
5.78279e-05
5.78285e-05
5.78291e-05
5.78297e-05
5.78302e-05
5.78307e-05
5.78312e-05
5.78316e-05
5.78319e-05
5.78323e-05
5.78317e-05
5.78358e-05
5.64064e-05
5.64021e-05
5.64018e-05
5.64024e-05
5.64032e-05
5.6404e-05
5.64048e-05
5.64055e-05
5.64062e-05
5.64069e-05
5.64075e-05
5.64081e-05
5.64088e-05
5.64094e-05
5.641e-05
5.64106e-05
5.64113e-05
5.64119e-05
5.64126e-05
5.64132e-05
5.64139e-05
5.64145e-05
5.64152e-05
5.64159e-05
5.64166e-05
5.64172e-05
5.64179e-05
5.64186e-05
5.64194e-05
5.64201e-05
5.64208e-05
5.64215e-05
5.64222e-05
5.64229e-05
5.64236e-05
5.64243e-05
5.64251e-05
5.64258e-05
5.64265e-05
5.64272e-05
5.64279e-05
5.64286e-05
5.64293e-05
5.64299e-05
5.64306e-05
5.64313e-05
5.64319e-05
5.64326e-05
5.64332e-05
5.64338e-05
5.64344e-05
5.6435e-05
5.64355e-05
5.6436e-05
5.64365e-05
5.64368e-05
5.64373e-05
5.64369e-05
5.64406e-05
5.51785e-05
5.51747e-05
5.51744e-05
5.51749e-05
5.51756e-05
5.51763e-05
5.51769e-05
5.51775e-05
5.51781e-05
5.51786e-05
5.51792e-05
5.51796e-05
5.51801e-05
5.51806e-05
5.51811e-05
5.51816e-05
5.51821e-05
5.51826e-05
5.51831e-05
5.51836e-05
5.51841e-05
5.51846e-05
5.51852e-05
5.51857e-05
5.51863e-05
5.51868e-05
5.51874e-05
5.5188e-05
5.51886e-05
5.51892e-05
5.51898e-05
5.51905e-05
5.51911e-05
5.51917e-05
5.51924e-05
5.5193e-05
5.51937e-05
5.51944e-05
5.5195e-05
5.51957e-05
5.51963e-05
5.5197e-05
5.51977e-05
5.51983e-05
5.5199e-05
5.51996e-05
5.52003e-05
5.52009e-05
5.52016e-05
5.52022e-05
5.52028e-05
5.52034e-05
5.52039e-05
5.52044e-05
5.52049e-05
5.52053e-05
5.52058e-05
5.52055e-05
5.52088e-05
5.41062e-05
5.41029e-05
5.41026e-05
5.4103e-05
5.41035e-05
5.41041e-05
5.41046e-05
5.41051e-05
5.41056e-05
5.4106e-05
5.41064e-05
5.41067e-05
5.41071e-05
5.41074e-05
5.41078e-05
5.41082e-05
5.41086e-05
5.41089e-05
5.41093e-05
5.41097e-05
5.41101e-05
5.41105e-05
5.41109e-05
5.41113e-05
5.41118e-05
5.41122e-05
5.41127e-05
5.41132e-05
5.41137e-05
5.41142e-05
5.41147e-05
5.41153e-05
5.41158e-05
5.41164e-05
5.4117e-05
5.41175e-05
5.41181e-05
5.41187e-05
5.41194e-05
5.412e-05
5.41206e-05
5.41212e-05
5.41219e-05
5.41225e-05
5.41231e-05
5.41238e-05
5.41244e-05
5.4125e-05
5.41256e-05
5.41262e-05
5.41268e-05
5.41274e-05
5.41279e-05
5.41285e-05
5.4129e-05
5.41294e-05
5.41299e-05
5.41297e-05
5.41326e-05
5.31803e-05
5.31775e-05
5.31772e-05
5.31775e-05
5.31779e-05
5.31783e-05
5.31787e-05
5.31791e-05
5.31794e-05
5.31797e-05
5.318e-05
5.31803e-05
5.31805e-05
5.31808e-05
5.3181e-05
5.31813e-05
5.31816e-05
5.31818e-05
5.31821e-05
5.31824e-05
5.31826e-05
5.31829e-05
5.31832e-05
5.31835e-05
5.31839e-05
5.31842e-05
5.31846e-05
5.3185e-05
5.31854e-05
5.31858e-05
5.31863e-05
5.31867e-05
5.31872e-05
5.31877e-05
5.31882e-05
5.31887e-05
5.31893e-05
5.31898e-05
5.31904e-05
5.31909e-05
5.31915e-05
5.31921e-05
5.31927e-05
5.31933e-05
5.31939e-05
5.31945e-05
5.31951e-05
5.31957e-05
5.31963e-05
5.31969e-05
5.31974e-05
5.3198e-05
5.31985e-05
5.3199e-05
5.31995e-05
5.32e-05
5.32005e-05
5.32004e-05
5.32028e-05
5.23909e-05
5.23885e-05
5.23882e-05
5.23884e-05
5.23887e-05
5.2389e-05
5.23893e-05
5.23895e-05
5.23898e-05
5.239e-05
5.23901e-05
5.23903e-05
5.23904e-05
5.23906e-05
5.23907e-05
5.23909e-05
5.23911e-05
5.23912e-05
5.23914e-05
5.23916e-05
5.23917e-05
5.23919e-05
5.23921e-05
5.23924e-05
5.23926e-05
5.23929e-05
5.23931e-05
5.23935e-05
5.23938e-05
5.23941e-05
5.23945e-05
5.23949e-05
5.23953e-05
5.23957e-05
5.23961e-05
5.23966e-05
5.23971e-05
5.23976e-05
5.23981e-05
5.23986e-05
5.23991e-05
5.23997e-05
5.24002e-05
5.24008e-05
5.24013e-05
5.24019e-05
5.24025e-05
5.2403e-05
5.24036e-05
5.24042e-05
5.24047e-05
5.24052e-05
5.24058e-05
5.24062e-05
5.24067e-05
5.24071e-05
5.24076e-05
5.24076e-05
5.24096e-05
5.17273e-05
5.17254e-05
5.17251e-05
5.17252e-05
5.17254e-05
5.17256e-05
5.17258e-05
5.17259e-05
5.1726e-05
5.17261e-05
5.17262e-05
5.17263e-05
5.17263e-05
5.17264e-05
5.17264e-05
5.17265e-05
5.17266e-05
5.17266e-05
5.17267e-05
5.17268e-05
5.17269e-05
5.1727e-05
5.17271e-05
5.17273e-05
5.17274e-05
5.17276e-05
5.17278e-05
5.1728e-05
5.17283e-05
5.17285e-05
5.17288e-05
5.17291e-05
5.17295e-05
5.17298e-05
5.17302e-05
5.17306e-05
5.17311e-05
5.17315e-05
5.17319e-05
5.17324e-05
5.17329e-05
5.17334e-05
5.17339e-05
5.17344e-05
5.1735e-05
5.17355e-05
5.1736e-05
5.17365e-05
5.17371e-05
5.17376e-05
5.17381e-05
5.17386e-05
5.17391e-05
5.17396e-05
5.174e-05
5.17404e-05
5.17408e-05
5.17409e-05
5.17425e-05
5.1179e-05
5.11774e-05
5.11772e-05
5.11772e-05
5.11773e-05
5.11774e-05
5.11774e-05
5.11775e-05
5.11775e-05
5.11775e-05
5.11775e-05
5.11775e-05
5.11774e-05
5.11774e-05
5.11774e-05
5.11774e-05
5.11773e-05
5.11773e-05
5.11773e-05
5.11773e-05
5.11773e-05
5.11774e-05
5.11774e-05
5.11775e-05
5.11776e-05
5.11777e-05
5.11778e-05
5.1178e-05
5.11782e-05
5.11784e-05
5.11786e-05
5.11788e-05
5.11791e-05
5.11794e-05
5.11797e-05
5.11801e-05
5.11805e-05
5.11809e-05
5.11813e-05
5.11817e-05
5.11821e-05
5.11826e-05
5.1183e-05
5.11835e-05
5.1184e-05
5.11845e-05
5.1185e-05
5.11855e-05
5.1186e-05
5.11865e-05
5.11869e-05
5.11874e-05
5.11879e-05
5.11883e-05
5.11887e-05
5.11891e-05
5.11895e-05
5.11896e-05
5.11908e-05
5.07351e-05
5.07339e-05
5.07337e-05
5.07337e-05
5.07337e-05
5.07336e-05
5.07336e-05
5.07335e-05
5.07335e-05
5.07334e-05
5.07333e-05
5.07332e-05
5.0733e-05
5.07329e-05
5.07328e-05
5.07327e-05
5.07327e-05
5.07326e-05
5.07325e-05
5.07324e-05
5.07324e-05
5.07323e-05
5.07323e-05
5.07323e-05
5.07324e-05
5.07324e-05
5.07325e-05
5.07326e-05
5.07327e-05
5.07328e-05
5.0733e-05
5.07332e-05
5.07334e-05
5.07337e-05
5.07339e-05
5.07342e-05
5.07346e-05
5.07349e-05
5.07353e-05
5.07357e-05
5.0736e-05
5.07365e-05
5.07369e-05
5.07373e-05
5.07378e-05
5.07382e-05
5.07387e-05
5.07391e-05
5.07396e-05
5.074e-05
5.07405e-05
5.07409e-05
5.07413e-05
5.07417e-05
5.07421e-05
5.07425e-05
5.07428e-05
5.0743e-05
5.07438e-05
5.03852e-05
5.03844e-05
5.03842e-05
5.03841e-05
5.0384e-05
5.03839e-05
5.03837e-05
5.03836e-05
5.03834e-05
5.03833e-05
5.03831e-05
5.03829e-05
5.03827e-05
5.03825e-05
5.03823e-05
5.03822e-05
5.0382e-05
5.03819e-05
5.03817e-05
5.03816e-05
5.03815e-05
5.03814e-05
5.03813e-05
5.03813e-05
5.03812e-05
5.03812e-05
5.03813e-05
5.03813e-05
5.03814e-05
5.03815e-05
5.03816e-05
5.03817e-05
5.03819e-05
5.03821e-05
5.03823e-05
5.03826e-05
5.03829e-05
5.03832e-05
5.03835e-05
5.03838e-05
5.03842e-05
5.03846e-05
5.03849e-05
5.03853e-05
5.03857e-05
5.03862e-05
5.03866e-05
5.0387e-05
5.03874e-05
5.03878e-05
5.03882e-05
5.03886e-05
5.0389e-05
5.03894e-05
5.03897e-05
5.039e-05
5.03903e-05
5.03905e-05
5.03911e-05
5.01192e-05
5.01187e-05
5.01185e-05
5.01184e-05
5.01182e-05
5.0118e-05
5.01178e-05
5.01175e-05
5.01173e-05
5.01171e-05
5.01168e-05
5.01165e-05
5.01163e-05
5.0116e-05
5.01158e-05
5.01156e-05
5.01154e-05
5.01152e-05
5.0115e-05
5.01148e-05
5.01146e-05
5.01145e-05
5.01143e-05
5.01142e-05
5.01142e-05
5.01141e-05
5.01141e-05
5.01141e-05
5.01141e-05
5.01141e-05
5.01142e-05
5.01143e-05
5.01145e-05
5.01146e-05
5.01148e-05
5.0115e-05
5.01153e-05
5.01155e-05
5.01158e-05
5.01161e-05
5.01164e-05
5.01168e-05
5.01171e-05
5.01175e-05
5.01178e-05
5.01182e-05
5.01186e-05
5.0119e-05
5.01193e-05
5.01197e-05
5.01201e-05
5.01204e-05
5.01208e-05
5.01211e-05
5.01214e-05
5.01217e-05
5.01219e-05
5.01221e-05
5.01224e-05
4.99275e-05
4.99274e-05
4.99272e-05
4.9927e-05
4.99267e-05
4.99264e-05
4.99262e-05
4.99259e-05
4.99256e-05
4.99252e-05
4.99249e-05
4.99246e-05
4.99243e-05
4.9924e-05
4.99237e-05
4.99234e-05
4.99231e-05
4.99229e-05
4.99226e-05
4.99224e-05
4.99222e-05
4.9922e-05
4.99218e-05
4.99217e-05
4.99215e-05
4.99214e-05
4.99214e-05
4.99213e-05
4.99213e-05
4.99213e-05
4.99214e-05
4.99214e-05
4.99215e-05
4.99217e-05
4.99218e-05
4.9922e-05
4.99222e-05
4.99224e-05
4.99227e-05
4.99229e-05
4.99232e-05
4.99235e-05
4.99238e-05
4.99241e-05
4.99245e-05
4.99248e-05
4.99251e-05
4.99255e-05
4.99258e-05
4.99262e-05
4.99265e-05
4.99268e-05
4.99271e-05
4.99274e-05
4.99276e-05
4.99279e-05
4.99281e-05
4.99283e-05
4.99284e-05
4.98012e-05
4.98015e-05
4.98013e-05
4.9801e-05
4.98007e-05
4.98003e-05
4.98e-05
4.97996e-05
4.97992e-05
4.97988e-05
4.97985e-05
4.97981e-05
4.97977e-05
4.97974e-05
4.9797e-05
4.97967e-05
4.97963e-05
4.9796e-05
4.97957e-05
4.97955e-05
4.97952e-05
4.9795e-05
4.97948e-05
4.97946e-05
4.97944e-05
4.97943e-05
4.97942e-05
4.97941e-05
4.9794e-05
4.9794e-05
4.9794e-05
4.97941e-05
4.97941e-05
4.97942e-05
4.97943e-05
4.97945e-05
4.97947e-05
4.97948e-05
4.97951e-05
4.97953e-05
4.97955e-05
4.97958e-05
4.97961e-05
4.97964e-05
4.97967e-05
4.9797e-05
4.97973e-05
4.97976e-05
4.97979e-05
4.97982e-05
4.97985e-05
4.97987e-05
4.9799e-05
4.97993e-05
4.97995e-05
4.97997e-05
4.97999e-05
4.98e-05
4.97999e-05
4.97321e-05
4.97326e-05
4.97324e-05
4.97321e-05
4.97317e-05
4.97313e-05
4.97309e-05
4.97304e-05
4.973e-05
4.97296e-05
4.97291e-05
4.97287e-05
4.97283e-05
4.97279e-05
4.97275e-05
4.97271e-05
4.97267e-05
4.97264e-05
4.97261e-05
4.97257e-05
4.97254e-05
4.97252e-05
4.97249e-05
4.97247e-05
4.97245e-05
4.97243e-05
4.97242e-05
4.97241e-05
4.9724e-05
4.97239e-05
4.97239e-05
4.97239e-05
4.9724e-05
4.9724e-05
4.97241e-05
4.97242e-05
4.97244e-05
4.97245e-05
4.97247e-05
4.97249e-05
4.97251e-05
4.97254e-05
4.97256e-05
4.97259e-05
4.97261e-05
4.97264e-05
4.97267e-05
4.97269e-05
4.97272e-05
4.97275e-05
4.97277e-05
4.9728e-05
4.97282e-05
4.97284e-05
4.97286e-05
4.97288e-05
4.97289e-05
4.97291e-05
4.97287e-05
4.97124e-05
4.97132e-05
4.9713e-05
4.97127e-05
4.97122e-05
4.97117e-05
4.97113e-05
4.97108e-05
4.97103e-05
4.97098e-05
4.97093e-05
4.97089e-05
4.97084e-05
4.97079e-05
4.97075e-05
4.97071e-05
4.97067e-05
4.97063e-05
4.97059e-05
4.97056e-05
4.97052e-05
4.97049e-05
4.97046e-05
4.97044e-05
4.97042e-05
4.9704e-05
4.97038e-05
4.97037e-05
4.97036e-05
4.97035e-05
4.97034e-05
4.97034e-05
4.97034e-05
4.97034e-05
4.97035e-05
4.97036e-05
4.97037e-05
4.97038e-05
4.9704e-05
4.97042e-05
4.97043e-05
4.97046e-05
4.97048e-05
4.9705e-05
4.97052e-05
4.97055e-05
4.97057e-05
4.97059e-05
4.97062e-05
4.97064e-05
4.97066e-05
4.97068e-05
4.9707e-05
4.97072e-05
4.97073e-05
4.97075e-05
4.97076e-05
4.97077e-05
4.97072e-05
4.97353e-05
4.97364e-05
4.97362e-05
4.97358e-05
4.97353e-05
4.97348e-05
4.97342e-05
4.97337e-05
4.97332e-05
4.97327e-05
4.97321e-05
4.97316e-05
4.97311e-05
4.97306e-05
4.97301e-05
4.97297e-05
4.97292e-05
4.97288e-05
4.97284e-05
4.9728e-05
4.97276e-05
4.97273e-05
4.9727e-05
4.97267e-05
4.97265e-05
4.97262e-05
4.9726e-05
4.97259e-05
4.97257e-05
4.97256e-05
4.97255e-05
4.97255e-05
4.97255e-05
4.97255e-05
4.97255e-05
4.97256e-05
4.97257e-05
4.97258e-05
4.97259e-05
4.97261e-05
4.97262e-05
4.97264e-05
4.97266e-05
4.97268e-05
4.9727e-05
4.97272e-05
4.97274e-05
4.97276e-05
4.97278e-05
4.9728e-05
4.97282e-05
4.97283e-05
4.97285e-05
4.97286e-05
4.97287e-05
4.97288e-05
4.97289e-05
4.9729e-05
4.97284e-05
4.97945e-05
4.97957e-05
4.97956e-05
4.97951e-05
4.97946e-05
4.9794e-05
4.97935e-05
4.97929e-05
4.97923e-05
4.97917e-05
4.97912e-05
4.97906e-05
4.97901e-05
4.97895e-05
4.9789e-05
4.97885e-05
4.97881e-05
4.97876e-05
4.97872e-05
4.97867e-05
4.97864e-05
4.9786e-05
4.97856e-05
4.97853e-05
4.97851e-05
4.97848e-05
4.97846e-05
4.97844e-05
4.97842e-05
4.97841e-05
4.9784e-05
4.97839e-05
4.97839e-05
4.97839e-05
4.97839e-05
4.97839e-05
4.9784e-05
4.97841e-05
4.97842e-05
4.97843e-05
4.97844e-05
4.97846e-05
4.97847e-05
4.97849e-05
4.97851e-05
4.97852e-05
4.97854e-05
4.97856e-05
4.97858e-05
4.97859e-05
4.97861e-05
4.97862e-05
4.97863e-05
4.97864e-05
4.97865e-05
4.97866e-05
4.97866e-05
4.97867e-05
4.9786e-05
4.98842e-05
4.98857e-05
4.98856e-05
4.98851e-05
4.98845e-05
4.98839e-05
4.98833e-05
4.98826e-05
4.9882e-05
4.98814e-05
4.98808e-05
4.98802e-05
4.98797e-05
4.98791e-05
4.98785e-05
4.9878e-05
4.98775e-05
4.9877e-05
4.98766e-05
4.98761e-05
4.98757e-05
4.98753e-05
4.98749e-05
4.98746e-05
4.98743e-05
4.9874e-05
4.98738e-05
4.98736e-05
4.98734e-05
4.98732e-05
4.98731e-05
4.9873e-05
4.9873e-05
4.98729e-05
4.98729e-05
4.98729e-05
4.9873e-05
4.9873e-05
4.98731e-05
4.98732e-05
4.98733e-05
4.98734e-05
4.98735e-05
4.98737e-05
4.98738e-05
4.9874e-05
4.98741e-05
4.98743e-05
4.98744e-05
4.98745e-05
4.98747e-05
4.98748e-05
4.98748e-05
4.98749e-05
4.9875e-05
4.9875e-05
4.9875e-05
4.98751e-05
4.98743e-05
4.99994e-05
5.00011e-05
5.0001e-05
5.00004e-05
4.99998e-05
4.99992e-05
4.99985e-05
4.99979e-05
4.99972e-05
4.99966e-05
4.9996e-05
4.99953e-05
4.99947e-05
4.99941e-05
4.99936e-05
4.9993e-05
4.99925e-05
4.9992e-05
4.99915e-05
4.9991e-05
4.99906e-05
4.99901e-05
4.99898e-05
4.99894e-05
4.99891e-05
4.99888e-05
4.99885e-05
4.99883e-05
4.99881e-05
4.99879e-05
4.99877e-05
4.99876e-05
4.99875e-05
4.99875e-05
4.99874e-05
4.99874e-05
4.99875e-05
4.99875e-05
4.99875e-05
4.99876e-05
4.99877e-05
4.99878e-05
4.99879e-05
4.9988e-05
4.99881e-05
4.99882e-05
4.99884e-05
4.99885e-05
4.99886e-05
4.99887e-05
4.99888e-05
4.99888e-05
4.99889e-05
4.99889e-05
4.9989e-05
4.9989e-05
4.99889e-05
4.9989e-05
4.99882e-05
5.01356e-05
5.01374e-05
5.01373e-05
5.01367e-05
5.01361e-05
5.01354e-05
5.01347e-05
5.01341e-05
5.01334e-05
5.01327e-05
5.0132e-05
5.01314e-05
5.01308e-05
5.01301e-05
5.01295e-05
5.01289e-05
5.01284e-05
5.01278e-05
5.01273e-05
5.01268e-05
5.01264e-05
5.01259e-05
5.01255e-05
5.01251e-05
5.01248e-05
5.01245e-05
5.01242e-05
5.01239e-05
5.01237e-05
5.01235e-05
5.01233e-05
5.01232e-05
5.01231e-05
5.0123e-05
5.0123e-05
5.01229e-05
5.01229e-05
5.01229e-05
5.0123e-05
5.0123e-05
5.01231e-05
5.01231e-05
5.01232e-05
5.01233e-05
5.01234e-05
5.01235e-05
5.01236e-05
5.01237e-05
5.01237e-05
5.01238e-05
5.01239e-05
5.01239e-05
5.01239e-05
5.0124e-05
5.01239e-05
5.01239e-05
5.01239e-05
5.01239e-05
5.01231e-05
5.02886e-05
5.02906e-05
5.02905e-05
5.02899e-05
5.02892e-05
5.02885e-05
5.02878e-05
5.02871e-05
5.02864e-05
5.02857e-05
5.0285e-05
5.02843e-05
5.02836e-05
5.0283e-05
5.02824e-05
5.02818e-05
5.02812e-05
5.02806e-05
5.02801e-05
5.02796e-05
5.02791e-05
5.02786e-05
5.02782e-05
5.02778e-05
5.02774e-05
5.02771e-05
5.02768e-05
5.02765e-05
5.02762e-05
5.0276e-05
5.02758e-05
5.02757e-05
5.02755e-05
5.02754e-05
5.02754e-05
5.02753e-05
5.02753e-05
5.02753e-05
5.02753e-05
5.02753e-05
5.02753e-05
5.02754e-05
5.02754e-05
5.02755e-05
5.02755e-05
5.02756e-05
5.02757e-05
5.02757e-05
5.02758e-05
5.02758e-05
5.02759e-05
5.02759e-05
5.02759e-05
5.02759e-05
5.02758e-05
5.02758e-05
5.02757e-05
5.02757e-05
5.02749e-05
5.04548e-05
5.0457e-05
5.04569e-05
5.04563e-05
5.04556e-05
5.04548e-05
5.04541e-05
5.04533e-05
5.04526e-05
5.04519e-05
5.04512e-05
5.04505e-05
5.04498e-05
5.04491e-05
5.04485e-05
5.04478e-05
5.04472e-05
5.04466e-05
5.04461e-05
5.04455e-05
5.0445e-05
5.04445e-05
5.04441e-05
5.04437e-05
5.04433e-05
5.04429e-05
5.04426e-05
5.04423e-05
5.0442e-05
5.04418e-05
5.04416e-05
5.04414e-05
5.04412e-05
5.04411e-05
5.0441e-05
5.04409e-05
5.04409e-05
5.04408e-05
5.04408e-05
5.04408e-05
5.04408e-05
5.04408e-05
5.04409e-05
5.04409e-05
5.0441e-05
5.0441e-05
5.0441e-05
5.04411e-05
5.04411e-05
5.04411e-05
5.04411e-05
5.04411e-05
5.04411e-05
5.0441e-05
5.0441e-05
5.04409e-05
5.04408e-05
5.04407e-05
5.044e-05
5.06311e-05
5.06333e-05
5.06333e-05
5.06326e-05
5.06319e-05
5.06312e-05
5.06304e-05
5.06296e-05
5.06289e-05
5.06281e-05
5.06274e-05
5.06267e-05
5.0626e-05
5.06253e-05
5.06246e-05
5.06239e-05
5.06233e-05
5.06227e-05
5.06221e-05
5.06216e-05
5.0621e-05
5.06205e-05
5.06201e-05
5.06196e-05
5.06192e-05
5.06188e-05
5.06185e-05
5.06181e-05
5.06179e-05
5.06176e-05
5.06174e-05
5.06172e-05
5.0617e-05
5.06168e-05
5.06167e-05
5.06166e-05
5.06165e-05
5.06165e-05
5.06164e-05
5.06164e-05
5.06164e-05
5.06164e-05
5.06164e-05
5.06164e-05
5.06164e-05
5.06164e-05
5.06164e-05
5.06164e-05
5.06164e-05
5.06164e-05
5.06164e-05
5.06164e-05
5.06163e-05
5.06163e-05
5.06162e-05
5.06161e-05
5.06159e-05
5.06158e-05
5.06152e-05
5.08145e-05
5.08169e-05
5.08168e-05
5.08162e-05
5.08154e-05
5.08147e-05
5.08139e-05
5.08131e-05
5.08123e-05
5.08116e-05
5.08108e-05
5.08101e-05
5.08093e-05
5.08086e-05
5.08079e-05
5.08072e-05
5.08066e-05
5.0806e-05
5.08054e-05
5.08048e-05
5.08042e-05
5.08037e-05
5.08032e-05
5.08028e-05
5.08023e-05
5.08019e-05
5.08015e-05
5.08012e-05
5.08009e-05
5.08006e-05
5.08003e-05
5.08001e-05
5.07999e-05
5.07997e-05
5.07996e-05
5.07995e-05
5.07994e-05
5.07993e-05
5.07992e-05
5.07992e-05
5.07991e-05
5.07991e-05
5.07991e-05
5.07991e-05
5.0799e-05
5.0799e-05
5.0799e-05
5.0799e-05
5.0799e-05
5.0799e-05
5.07989e-05
5.07989e-05
5.07988e-05
5.07987e-05
5.07986e-05
5.07985e-05
5.07983e-05
5.07982e-05
5.07976e-05
5.10026e-05
5.10051e-05
5.10051e-05
5.10044e-05
5.10036e-05
5.10028e-05
5.1002e-05
5.10012e-05
5.10004e-05
5.09996e-05
5.09989e-05
5.09981e-05
5.09974e-05
5.09966e-05
5.09959e-05
5.09952e-05
5.09946e-05
5.09939e-05
5.09933e-05
5.09927e-05
5.09921e-05
5.09916e-05
5.09911e-05
5.09906e-05
5.09901e-05
5.09897e-05
5.09893e-05
5.09889e-05
5.09886e-05
5.09883e-05
5.0988e-05
5.09878e-05
5.09875e-05
5.09873e-05
5.09872e-05
5.0987e-05
5.09869e-05
5.09868e-05
5.09867e-05
5.09866e-05
5.09865e-05
5.09865e-05
5.09864e-05
5.09864e-05
5.09864e-05
5.09863e-05
5.09863e-05
5.09862e-05
5.09862e-05
5.09861e-05
5.09861e-05
5.0986e-05
5.09859e-05
5.09858e-05
5.09857e-05
5.09855e-05
5.09853e-05
5.09852e-05
5.09846e-05
5.11932e-05
5.11958e-05
5.11957e-05
5.11951e-05
5.11943e-05
5.11935e-05
5.11926e-05
5.11918e-05
5.1191e-05
5.11902e-05
5.11894e-05
5.11886e-05
5.11879e-05
5.11871e-05
5.11864e-05
5.11857e-05
5.1185e-05
5.11843e-05
5.11837e-05
5.11831e-05
5.11825e-05
5.11819e-05
5.11814e-05
5.11809e-05
5.11804e-05
5.11799e-05
5.11795e-05
5.11791e-05
5.11788e-05
5.11784e-05
5.11781e-05
5.11779e-05
5.11776e-05
5.11774e-05
5.11772e-05
5.1177e-05
5.11769e-05
5.11767e-05
5.11766e-05
5.11765e-05
5.11764e-05
5.11763e-05
5.11763e-05
5.11762e-05
5.11761e-05
5.11761e-05
5.1176e-05
5.11759e-05
5.11759e-05
5.11758e-05
5.11757e-05
5.11756e-05
5.11755e-05
5.11754e-05
5.11752e-05
5.1175e-05
5.11748e-05
5.11746e-05
5.11742e-05
5.13843e-05
5.1387e-05
5.13869e-05
5.13862e-05
5.13854e-05
5.13846e-05
5.13837e-05
5.13829e-05
5.13821e-05
5.13813e-05
5.13805e-05
5.13797e-05
5.13789e-05
5.13781e-05
5.13774e-05
5.13766e-05
5.13759e-05
5.13752e-05
5.13746e-05
5.1374e-05
5.13733e-05
5.13728e-05
5.13722e-05
5.13717e-05
5.13712e-05
5.13707e-05
5.13703e-05
5.13699e-05
5.13695e-05
5.13691e-05
5.13688e-05
5.13685e-05
5.13682e-05
5.1368e-05
5.13677e-05
5.13675e-05
5.13674e-05
5.13672e-05
5.1367e-05
5.13669e-05
5.13668e-05
5.13667e-05
5.13666e-05
5.13665e-05
5.13664e-05
5.13663e-05
5.13662e-05
5.13661e-05
5.13661e-05
5.13659e-05
5.13658e-05
5.13657e-05
5.13656e-05
5.13654e-05
5.13653e-05
5.13651e-05
5.13649e-05
5.13646e-05
5.13643e-05
5.15742e-05
5.15769e-05
5.15769e-05
5.15762e-05
5.15754e-05
5.15745e-05
5.15737e-05
5.15728e-05
5.1572e-05
5.15711e-05
5.15703e-05
5.15695e-05
5.15687e-05
5.15679e-05
5.15672e-05
5.15664e-05
5.15657e-05
5.1565e-05
5.15643e-05
5.15637e-05
5.1563e-05
5.15624e-05
5.15619e-05
5.15613e-05
5.15608e-05
5.15603e-05
5.15598e-05
5.15594e-05
5.1559e-05
5.15586e-05
5.15582e-05
5.15579e-05
5.15576e-05
5.15573e-05
5.15571e-05
5.15569e-05
5.15567e-05
5.15565e-05
5.15563e-05
5.15561e-05
5.1556e-05
5.15558e-05
5.15557e-05
5.15556e-05
5.15555e-05
5.15554e-05
5.15553e-05
5.15552e-05
5.1555e-05
5.15549e-05
5.15548e-05
5.15546e-05
5.15545e-05
5.15543e-05
5.15541e-05
5.15539e-05
5.15537e-05
5.15534e-05
5.15532e-05
5.17614e-05
5.17642e-05
5.17642e-05
5.17635e-05
5.17626e-05
5.17618e-05
5.17609e-05
5.17601e-05
5.17592e-05
5.17584e-05
5.17575e-05
5.17567e-05
5.17559e-05
5.17551e-05
5.17543e-05
5.17536e-05
5.17528e-05
5.17521e-05
5.17514e-05
5.17507e-05
5.17501e-05
5.17495e-05
5.17489e-05
5.17483e-05
5.17477e-05
5.17472e-05
5.17467e-05
5.17463e-05
5.17458e-05
5.17454e-05
5.1745e-05
5.17447e-05
5.17444e-05
5.17441e-05
5.17438e-05
5.17435e-05
5.17433e-05
5.17431e-05
5.17429e-05
5.17427e-05
5.17425e-05
5.17423e-05
5.17422e-05
5.1742e-05
5.17419e-05
5.17418e-05
5.17416e-05
5.17415e-05
5.17414e-05
5.17412e-05
5.17411e-05
5.17409e-05
5.17407e-05
5.17405e-05
5.17403e-05
5.17401e-05
5.17399e-05
5.17396e-05
5.17395e-05
5.19447e-05
5.19476e-05
5.19475e-05
5.19468e-05
5.1946e-05
5.19451e-05
5.19442e-05
5.19434e-05
5.19425e-05
5.19416e-05
5.19408e-05
5.194e-05
5.19391e-05
5.19383e-05
5.19375e-05
5.19368e-05
5.1936e-05
5.19353e-05
5.19346e-05
5.19339e-05
5.19332e-05
5.19325e-05
5.19319e-05
5.19313e-05
5.19308e-05
5.19302e-05
5.19297e-05
5.19292e-05
5.19287e-05
5.19283e-05
5.19279e-05
5.19275e-05
5.19272e-05
5.19268e-05
5.19265e-05
5.19262e-05
5.1926e-05
5.19257e-05
5.19255e-05
5.19253e-05
5.19251e-05
5.19249e-05
5.19247e-05
5.19245e-05
5.19244e-05
5.19242e-05
5.1924e-05
5.19239e-05
5.19237e-05
5.19236e-05
5.19234e-05
5.19232e-05
5.1923e-05
5.19228e-05
5.19226e-05
5.19223e-05
5.19221e-05
5.19218e-05
5.19218e-05
5.2123e-05
5.21259e-05
5.21258e-05
5.21251e-05
5.21243e-05
5.21234e-05
5.21225e-05
5.21216e-05
5.21208e-05
5.21199e-05
5.2119e-05
5.21182e-05
5.21174e-05
5.21165e-05
5.21157e-05
5.21149e-05
5.21142e-05
5.21134e-05
5.21127e-05
5.2112e-05
5.21113e-05
5.21106e-05
5.211e-05
5.21093e-05
5.21087e-05
5.21082e-05
5.21076e-05
5.21071e-05
5.21066e-05
5.21062e-05
5.21057e-05
5.21053e-05
5.21049e-05
5.21046e-05
5.21042e-05
5.21039e-05
5.21036e-05
5.21033e-05
5.21031e-05
5.21028e-05
5.21026e-05
5.21024e-05
5.21022e-05
5.2102e-05
5.21018e-05
5.21016e-05
5.21014e-05
5.21012e-05
5.2101e-05
5.21009e-05
5.21007e-05
5.21005e-05
5.21002e-05
5.21e-05
5.20998e-05
5.20995e-05
5.20993e-05
5.2099e-05
5.20991e-05
5.22952e-05
5.22982e-05
5.22982e-05
5.22975e-05
5.22966e-05
5.22957e-05
5.22948e-05
5.22939e-05
5.22931e-05
5.22922e-05
5.22913e-05
5.22905e-05
5.22896e-05
5.22888e-05
5.2288e-05
5.22871e-05
5.22864e-05
5.22856e-05
5.22848e-05
5.22841e-05
5.22834e-05
5.22827e-05
5.2282e-05
5.22814e-05
5.22808e-05
5.22802e-05
5.22796e-05
5.2279e-05
5.22785e-05
5.2278e-05
5.22776e-05
5.22771e-05
5.22767e-05
5.22763e-05
5.22759e-05
5.22756e-05
5.22753e-05
5.2275e-05
5.22747e-05
5.22744e-05
5.22741e-05
5.22739e-05
5.22736e-05
5.22734e-05
5.22732e-05
5.2273e-05
5.22728e-05
5.22726e-05
5.22724e-05
5.22722e-05
5.2272e-05
5.22717e-05
5.22715e-05
5.22713e-05
5.2271e-05
5.22708e-05
5.22705e-05
5.22702e-05
5.22704e-05
5.24608e-05
5.24638e-05
5.24638e-05
5.24631e-05
5.24622e-05
5.24613e-05
5.24604e-05
5.24595e-05
5.24586e-05
5.24577e-05
5.24569e-05
5.2456e-05
5.24551e-05
5.24543e-05
5.24535e-05
5.24526e-05
5.24518e-05
5.2451e-05
5.24503e-05
5.24495e-05
5.24488e-05
5.24481e-05
5.24474e-05
5.24467e-05
5.2446e-05
5.24454e-05
5.24448e-05
5.24442e-05
5.24437e-05
5.24432e-05
5.24427e-05
5.24422e-05
5.24417e-05
5.24413e-05
5.24409e-05
5.24405e-05
5.24402e-05
5.24398e-05
5.24395e-05
5.24392e-05
5.24389e-05
5.24386e-05
5.24384e-05
5.24381e-05
5.24379e-05
5.24377e-05
5.24374e-05
5.24372e-05
5.2437e-05
5.24367e-05
5.24365e-05
5.24363e-05
5.2436e-05
5.24358e-05
5.24355e-05
5.24353e-05
5.2435e-05
5.24346e-05
5.2435e-05
5.26189e-05
5.2622e-05
5.2622e-05
5.26213e-05
5.26204e-05
5.26195e-05
5.26186e-05
5.26177e-05
5.26168e-05
5.26159e-05
5.2615e-05
5.26142e-05
5.26133e-05
5.26124e-05
5.26116e-05
5.26107e-05
5.26099e-05
5.26091e-05
5.26083e-05
5.26075e-05
5.26068e-05
5.2606e-05
5.26053e-05
5.26046e-05
5.26039e-05
5.26033e-05
5.26027e-05
5.26021e-05
5.26015e-05
5.26009e-05
5.26004e-05
5.25999e-05
5.25994e-05
5.25989e-05
5.25985e-05
5.25981e-05
5.25977e-05
5.25973e-05
5.2597e-05
5.25967e-05
5.25963e-05
5.2596e-05
5.25957e-05
5.25955e-05
5.25952e-05
5.25949e-05
5.25947e-05
5.25944e-05
5.25942e-05
5.25939e-05
5.25937e-05
5.25934e-05
5.25932e-05
5.25929e-05
5.25927e-05
5.25924e-05
5.25921e-05
5.25917e-05
5.25922e-05
5.27692e-05
5.27724e-05
5.27723e-05
5.27716e-05
5.27708e-05
5.27699e-05
5.2769e-05
5.27681e-05
5.27672e-05
5.27663e-05
5.27654e-05
5.27645e-05
5.27636e-05
5.27627e-05
5.27619e-05
5.2761e-05
5.27602e-05
5.27593e-05
5.27585e-05
5.27577e-05
5.27569e-05
5.27561e-05
5.27554e-05
5.27547e-05
5.2754e-05
5.27533e-05
5.27526e-05
5.2752e-05
5.27514e-05
5.27508e-05
5.27502e-05
5.27497e-05
5.27492e-05
5.27487e-05
5.27482e-05
5.27478e-05
5.27474e-05
5.2747e-05
5.27466e-05
5.27462e-05
5.27459e-05
5.27455e-05
5.27452e-05
5.27449e-05
5.27446e-05
5.27443e-05
5.27441e-05
5.27438e-05
5.27435e-05
5.27433e-05
5.2743e-05
5.27427e-05
5.27425e-05
5.27422e-05
5.27419e-05
5.27416e-05
5.27413e-05
5.27409e-05
5.27416e-05
5.29113e-05
5.29145e-05
5.29144e-05
5.29137e-05
5.29129e-05
5.2912e-05
5.29111e-05
5.29102e-05
5.29093e-05
5.29083e-05
5.29074e-05
5.29065e-05
5.29056e-05
5.29048e-05
5.29039e-05
5.2903e-05
5.29021e-05
5.29013e-05
5.29004e-05
5.28996e-05
5.28988e-05
5.2898e-05
5.28972e-05
5.28965e-05
5.28957e-05
5.2895e-05
5.28943e-05
5.28937e-05
5.2893e-05
5.28924e-05
5.28918e-05
5.28912e-05
5.28907e-05
5.28902e-05
5.28897e-05
5.28892e-05
5.28888e-05
5.28883e-05
5.28879e-05
5.28875e-05
5.28871e-05
5.28868e-05
5.28865e-05
5.28861e-05
5.28858e-05
5.28855e-05
5.28852e-05
5.28849e-05
5.28846e-05
5.28844e-05
5.28841e-05
5.28838e-05
5.28835e-05
5.28832e-05
5.28829e-05
5.28826e-05
5.28823e-05
5.28819e-05
5.28827e-05
5.30449e-05
5.30481e-05
5.30481e-05
5.30473e-05
5.30465e-05
5.30456e-05
5.30447e-05
5.30438e-05
5.30429e-05
5.30419e-05
5.3041e-05
5.30401e-05
5.30392e-05
5.30383e-05
5.30374e-05
5.30365e-05
5.30356e-05
5.30347e-05
5.30339e-05
5.3033e-05
5.30322e-05
5.30313e-05
5.30305e-05
5.30297e-05
5.3029e-05
5.30282e-05
5.30275e-05
5.30268e-05
5.30262e-05
5.30255e-05
5.30249e-05
5.30243e-05
5.30237e-05
5.30232e-05
5.30226e-05
5.30221e-05
5.30216e-05
5.30212e-05
5.30207e-05
5.30203e-05
5.30199e-05
5.30195e-05
5.30192e-05
5.30188e-05
5.30185e-05
5.30182e-05
5.30178e-05
5.30175e-05
5.30172e-05
5.30169e-05
5.30167e-05
5.30164e-05
5.30161e-05
5.30158e-05
5.30155e-05
5.30152e-05
5.30149e-05
5.30145e-05
5.30154e-05
5.31698e-05
5.31731e-05
5.3173e-05
5.31723e-05
5.31715e-05
5.31706e-05
5.31697e-05
5.31688e-05
5.31678e-05
5.31669e-05
5.3166e-05
5.3165e-05
5.31641e-05
5.31632e-05
5.31622e-05
5.31613e-05
5.31604e-05
5.31595e-05
5.31586e-05
5.31577e-05
5.31568e-05
5.3156e-05
5.31552e-05
5.31543e-05
5.31535e-05
5.31528e-05
5.3152e-05
5.31513e-05
5.31506e-05
5.31499e-05
5.31493e-05
5.31486e-05
5.3148e-05
5.31475e-05
5.31469e-05
5.31464e-05
5.31459e-05
5.31454e-05
5.31449e-05
5.31445e-05
5.31441e-05
5.31437e-05
5.31433e-05
5.31429e-05
5.31425e-05
5.31422e-05
5.31419e-05
5.31415e-05
5.31412e-05
5.31409e-05
5.31406e-05
5.31403e-05
5.314e-05
5.31397e-05
5.31394e-05
5.31391e-05
5.31388e-05
5.31384e-05
5.31394e-05
5.32861e-05
5.32894e-05
5.32894e-05
5.32886e-05
5.32878e-05
5.32869e-05
5.3286e-05
5.3285e-05
5.32841e-05
5.32832e-05
5.32822e-05
5.32812e-05
5.32803e-05
5.32793e-05
5.32784e-05
5.32774e-05
5.32765e-05
5.32755e-05
5.32746e-05
5.32737e-05
5.32728e-05
5.32719e-05
5.32711e-05
5.32702e-05
5.32694e-05
5.32686e-05
5.32678e-05
5.32671e-05
5.32663e-05
5.32656e-05
5.3265e-05
5.32643e-05
5.32637e-05
5.32631e-05
5.32625e-05
5.32619e-05
5.32614e-05
5.32609e-05
5.32604e-05
5.326e-05
5.32595e-05
5.32591e-05
5.32587e-05
5.32583e-05
5.32579e-05
5.32575e-05
5.32572e-05
5.32569e-05
5.32565e-05
5.32562e-05
5.32559e-05
5.32556e-05
5.32553e-05
5.3255e-05
5.32547e-05
5.32544e-05
5.32541e-05
5.32536e-05
5.32548e-05
5.33937e-05
5.33971e-05
5.33971e-05
5.33964e-05
5.33955e-05
5.33946e-05
5.33937e-05
5.33927e-05
5.33917e-05
5.33908e-05
5.33898e-05
5.33888e-05
5.33878e-05
5.33868e-05
5.33858e-05
5.33848e-05
5.33838e-05
5.33829e-05
5.33819e-05
5.3381e-05
5.33801e-05
5.33792e-05
5.33783e-05
5.33774e-05
5.33766e-05
5.33757e-05
5.3375e-05
5.33742e-05
5.33734e-05
5.33727e-05
5.3372e-05
5.33713e-05
5.33707e-05
5.33701e-05
5.33695e-05
5.33689e-05
5.33683e-05
5.33678e-05
5.33673e-05
5.33668e-05
5.33663e-05
5.33659e-05
5.33655e-05
5.33651e-05
5.33647e-05
5.33643e-05
5.33639e-05
5.33636e-05
5.33633e-05
5.33629e-05
5.33626e-05
5.33623e-05
5.3362e-05
5.33617e-05
5.33614e-05
5.3361e-05
5.33607e-05
5.33603e-05
5.33616e-05
5.3493e-05
5.34963e-05
5.34964e-05
5.34956e-05
5.34948e-05
5.34938e-05
5.34929e-05
5.34919e-05
5.34909e-05
5.34898e-05
5.34888e-05
5.34878e-05
5.34867e-05
5.34857e-05
5.34847e-05
5.34837e-05
5.34827e-05
5.34817e-05
5.34807e-05
5.34797e-05
5.34788e-05
5.34779e-05
5.3477e-05
5.34761e-05
5.34752e-05
5.34744e-05
5.34736e-05
5.34728e-05
5.3472e-05
5.34713e-05
5.34706e-05
5.34699e-05
5.34692e-05
5.34686e-05
5.3468e-05
5.34674e-05
5.34668e-05
5.34663e-05
5.34657e-05
5.34652e-05
5.34648e-05
5.34643e-05
5.34639e-05
5.34634e-05
5.3463e-05
5.34627e-05
5.34623e-05
5.34619e-05
5.34616e-05
5.34612e-05
5.34609e-05
5.34606e-05
5.34603e-05
5.346e-05
5.34597e-05
5.34593e-05
5.3459e-05
5.34586e-05
5.346e-05
5.35841e-05
5.35874e-05
5.35875e-05
5.35867e-05
5.35858e-05
5.35848e-05
5.35838e-05
5.35827e-05
5.35817e-05
5.35806e-05
5.35795e-05
5.35784e-05
5.35773e-05
5.35763e-05
5.35752e-05
5.35742e-05
5.35732e-05
5.35721e-05
5.35712e-05
5.35702e-05
5.35692e-05
5.35683e-05
5.35674e-05
5.35665e-05
5.35656e-05
5.35648e-05
5.3564e-05
5.35632e-05
5.35624e-05
5.35616e-05
5.35609e-05
5.35602e-05
5.35595e-05
5.35589e-05
5.35583e-05
5.35577e-05
5.35571e-05
5.35565e-05
5.3556e-05
5.35555e-05
5.3555e-05
5.35545e-05
5.35541e-05
5.35537e-05
5.35532e-05
5.35529e-05
5.35525e-05
5.35521e-05
5.35518e-05
5.35514e-05
5.35511e-05
5.35508e-05
5.35504e-05
5.35501e-05
5.35498e-05
5.35495e-05
5.35492e-05
5.35488e-05
5.35503e-05
5.36673e-05
5.36707e-05
5.36707e-05
5.36699e-05
5.36689e-05
5.36678e-05
5.36667e-05
5.36656e-05
5.36644e-05
5.36633e-05
5.36621e-05
5.3661e-05
5.36599e-05
5.36588e-05
5.36578e-05
5.36567e-05
5.36557e-05
5.36546e-05
5.36537e-05
5.36527e-05
5.36517e-05
5.36508e-05
5.36499e-05
5.3649e-05
5.36481e-05
5.36473e-05
5.36464e-05
5.36456e-05
5.36449e-05
5.36441e-05
5.36434e-05
5.36427e-05
5.3642e-05
5.36414e-05
5.36407e-05
5.36401e-05
5.36395e-05
5.3639e-05
5.36385e-05
5.36379e-05
5.36374e-05
5.3637e-05
5.36365e-05
5.36361e-05
5.36357e-05
5.36353e-05
5.36349e-05
5.36345e-05
5.36342e-05
5.36338e-05
5.36335e-05
5.36332e-05
5.36329e-05
5.36326e-05
5.36323e-05
5.3632e-05
5.36317e-05
5.36313e-05
5.36329e-05
5.37433e-05
5.37467e-05
5.37465e-05
5.37456e-05
5.37444e-05
5.37432e-05
5.3742e-05
5.37407e-05
5.37395e-05
5.37383e-05
5.37371e-05
5.3736e-05
5.37349e-05
5.37338e-05
5.37327e-05
5.37316e-05
5.37306e-05
5.37296e-05
5.37286e-05
5.37276e-05
5.37267e-05
5.37258e-05
5.37249e-05
5.3724e-05
5.37231e-05
5.37223e-05
5.37215e-05
5.37207e-05
5.37199e-05
5.37192e-05
5.37185e-05
5.37178e-05
5.37171e-05
5.37165e-05
5.37158e-05
5.37152e-05
5.37147e-05
5.37141e-05
5.37136e-05
5.37131e-05
5.37126e-05
5.37121e-05
5.37116e-05
5.37112e-05
5.37108e-05
5.37104e-05
5.371e-05
5.37097e-05
5.37093e-05
5.3709e-05
5.37086e-05
5.37083e-05
5.3708e-05
5.37077e-05
5.37074e-05
5.37071e-05
5.37068e-05
5.37064e-05
5.37081e-05
5.38124e-05
5.38156e-05
5.38153e-05
5.38141e-05
5.38127e-05
5.38113e-05
5.38099e-05
5.38086e-05
5.38073e-05
5.38061e-05
5.38049e-05
5.38038e-05
5.38027e-05
5.38016e-05
5.38005e-05
5.37995e-05
5.37985e-05
5.37975e-05
5.37966e-05
5.37956e-05
5.37947e-05
5.37938e-05
5.37929e-05
5.37921e-05
5.37912e-05
5.37904e-05
5.37896e-05
5.37889e-05
5.37881e-05
5.37874e-05
5.37867e-05
5.3786e-05
5.37854e-05
5.37847e-05
5.37841e-05
5.37835e-05
5.3783e-05
5.37824e-05
5.37819e-05
5.37814e-05
5.37809e-05
5.37804e-05
5.378e-05
5.37796e-05
5.37792e-05
5.37788e-05
5.37784e-05
5.3778e-05
5.37777e-05
5.37774e-05
5.37771e-05
5.37767e-05
5.37764e-05
5.37761e-05
5.37759e-05
5.37756e-05
5.37753e-05
5.37749e-05
5.37767e-05
5.38752e-05
5.3878e-05
5.38772e-05
5.38756e-05
5.3874e-05
5.38724e-05
5.3871e-05
5.38697e-05
5.38684e-05
5.38672e-05
5.38661e-05
5.3865e-05
5.3864e-05
5.38629e-05
5.38619e-05
5.3861e-05
5.386e-05
5.38591e-05
5.38582e-05
5.38573e-05
5.38564e-05
5.38555e-05
5.38547e-05
5.38539e-05
5.38531e-05
5.38523e-05
5.38516e-05
5.38508e-05
5.38501e-05
5.38494e-05
5.38487e-05
5.38481e-05
5.38474e-05
5.38468e-05
5.38462e-05
5.38457e-05
5.38451e-05
5.38446e-05
5.38441e-05
5.38436e-05
5.38431e-05
5.38427e-05
5.38422e-05
5.38418e-05
5.38414e-05
5.38411e-05
5.38407e-05
5.38403e-05
5.384e-05
5.38397e-05
5.38394e-05
5.38391e-05
5.38388e-05
5.38385e-05
5.38382e-05
5.3838e-05
5.38377e-05
5.38373e-05
5.38392e-05
5.39321e-05
5.3934e-05
5.39323e-05
5.39304e-05
5.39286e-05
5.39271e-05
5.39258e-05
5.39246e-05
5.39235e-05
5.39224e-05
5.39214e-05
5.39204e-05
5.39195e-05
5.39185e-05
5.39176e-05
5.39167e-05
5.39158e-05
5.3915e-05
5.39141e-05
5.39133e-05
5.39125e-05
5.39117e-05
5.39109e-05
5.39102e-05
5.39094e-05
5.39087e-05
5.3908e-05
5.39073e-05
5.39066e-05
5.39059e-05
5.39053e-05
5.39047e-05
5.39041e-05
5.39035e-05
5.39029e-05
5.39024e-05
5.39019e-05
5.39014e-05
5.39009e-05
5.39004e-05
5.39e-05
5.38995e-05
5.38991e-05
5.38987e-05
5.38983e-05
5.3898e-05
5.38976e-05
5.38973e-05
5.3897e-05
5.38967e-05
5.38964e-05
5.38961e-05
5.38958e-05
5.38956e-05
5.38953e-05
5.3895e-05
5.38948e-05
5.38944e-05
5.38962e-05
5.3983e-05
5.39825e-05
5.39804e-05
5.39787e-05
5.39774e-05
5.39763e-05
5.39753e-05
5.39744e-05
5.39734e-05
5.39726e-05
5.39717e-05
5.39709e-05
5.39701e-05
5.39692e-05
5.39684e-05
5.39677e-05
5.39669e-05
5.39661e-05
5.39654e-05
5.39646e-05
5.39639e-05
5.39631e-05
5.39624e-05
5.39617e-05
5.3961e-05
5.39604e-05
5.39597e-05
5.39591e-05
5.39584e-05
5.39578e-05
5.39572e-05
5.39566e-05
5.39561e-05
5.39555e-05
5.3955e-05
5.39545e-05
5.3954e-05
5.39535e-05
5.39531e-05
5.39526e-05
5.39522e-05
5.39518e-05
5.39514e-05
5.39511e-05
5.39507e-05
5.39504e-05
5.395e-05
5.39497e-05
5.39494e-05
5.39491e-05
5.39489e-05
5.39486e-05
5.39483e-05
5.39481e-05
5.39478e-05
5.39476e-05
5.39474e-05
5.39471e-05
5.39485e-05
)
;

boundaryField
{
    bottomWall
    {
        type            kqRWallFunction;
        value           nonuniform 0();
    }
    topWall
    {
        type            kqRWallFunction;
        value           nonuniform 0();
    }
    sides1_half0
    {
        type            cyclic;
    }
    sides1_half1
    {
        type            cyclic;
    }
    sides2_half0
    {
        type            cyclic;
    }
    sides2_half1
    {
        type            cyclic;
    }
    inout1_half0
    {
        type            cyclic;
    }
    inout1_half1
    {
        type            cyclic;
    }
    inout2_half0
    {
        type            cyclic;
    }
    inout2_half1
    {
        type            cyclic;
    }
    procBoundary4to2
    {
        type            processor;
        value           nonuniform List<scalar> 
59
(
5.3999e-05
5.40023e-05
5.40033e-05
5.40034e-05
5.4003e-05
5.40025e-05
5.40019e-05
5.40013e-05
5.40007e-05
5.4e-05
5.39994e-05
5.39987e-05
5.3998e-05
5.39974e-05
5.39967e-05
5.3996e-05
5.39953e-05
5.39947e-05
5.3994e-05
5.39933e-05
5.39927e-05
5.3992e-05
5.39914e-05
5.39908e-05
5.39901e-05
5.39895e-05
5.39889e-05
5.39883e-05
5.39877e-05
5.39872e-05
5.39866e-05
5.39861e-05
5.39856e-05
5.3985e-05
5.39846e-05
5.39841e-05
5.39836e-05
5.39832e-05
5.39827e-05
5.39823e-05
5.39819e-05
5.39816e-05
5.39812e-05
5.39808e-05
5.39805e-05
5.39802e-05
5.39799e-05
5.39796e-05
5.39793e-05
5.3979e-05
5.39788e-05
5.39785e-05
5.39783e-05
5.39781e-05
5.39778e-05
5.39776e-05
5.39774e-05
5.39771e-05
5.39773e-05
)
;
    }
    procBoundary4to3
    {
        type            processor;
        value           nonuniform List<scalar> 
63
(
0.000119701
0.000119686
0.000119681
0.000119677
0.000119674
0.000119672
0.000119669
0.000119667
0.000119665
0.000119663
0.000119661
0.000119659
0.000119658
0.000119656
0.000119654
0.000119652
0.000119651
0.000119649
0.000119647
0.000119645
0.000119643
0.000119642
0.00011964
0.000119638
0.000119636
0.000119634
0.000119632
0.00011963
0.000119629
0.000119627
0.000119625
0.000119623
0.000119621
0.000119619
0.000119617
0.000119615
0.000119613
0.00011961
0.000116136
0.000116127
0.000116127
0.000116027
0.000116027
0.000116034
0.00011251
0.000112508
0.000112508
0.000112413
0.000112413
0.000112423
0.00011243
0.000112435
0.000112438
0.000112441
0.000112443
0.000112445
0.000112447
0.000112448
0.00011245
0.000112452
0.000112453
0.000112454
0.000112459
)
;
    }
    procBoundary4to5
    {
        type            processor;
        value           nonuniform List<scalar> 
132
(
0.000108868
0.000108787
0.000105256
0.000105172
0.000101651
0.000101568
9.80736e-05
9.79951e-05
9.45422e-05
9.44695e-05
9.10739e-05
9.10076e-05
8.76852e-05
8.76257e-05
8.43921e-05
8.43394e-05
8.12097e-05
8.11636e-05
7.81523e-05
7.81123e-05
7.52327e-05
7.51982e-05
7.24623e-05
7.24328e-05
6.98511e-05
6.98258e-05
6.74069e-05
6.73851e-05
6.51357e-05
6.51169e-05
6.30412e-05
6.30249e-05
6.11249e-05
6.11107e-05
5.93862e-05
5.93737e-05
5.78223e-05
5.78113e-05
5.64284e-05
5.64188e-05
5.5198e-05
5.51897e-05
5.41232e-05
5.41161e-05
5.31948e-05
5.31889e-05
5.24029e-05
5.23982e-05
5.1737e-05
5.17336e-05
5.11864e-05
5.11842e-05
5.07404e-05
5.07394e-05
5.03884e-05
5.03887e-05
5.01205e-05
5.01219e-05
4.99271e-05
4.99297e-05
4.97991e-05
4.98029e-05
4.97284e-05
4.97333e-05
4.97074e-05
4.97132e-05
4.97289e-05
4.97357e-05
4.97869e-05
4.97946e-05
4.98755e-05
4.9884e-05
4.99897e-05
4.99989e-05
5.01249e-05
5.01347e-05
5.0277e-05
5.02874e-05
5.04425e-05
5.04533e-05
5.0618e-05
5.06291e-05
5.08008e-05
5.08122e-05
5.09883e-05
5.09999e-05
5.11783e-05
5.119e-05
5.13689e-05
5.13806e-05
5.15583e-05
5.157e-05
5.17451e-05
5.17567e-05
5.1928e-05
5.19394e-05
5.21059e-05
5.21171e-05
5.22778e-05
5.22887e-05
5.2443e-05
5.24536e-05
5.26009e-05
5.26111e-05
5.2751e-05
5.27607e-05
5.28928e-05
5.29021e-05
5.30261e-05
5.3035e-05
5.31509e-05
5.31592e-05
5.32669e-05
5.32748e-05
5.33744e-05
5.33818e-05
5.34735e-05
5.34803e-05
5.35644e-05
5.35708e-05
5.36475e-05
5.36535e-05
5.37233e-05
5.37289e-05
5.37923e-05
5.37975e-05
5.38551e-05
5.386e-05
5.39124e-05
5.39166e-05
5.39649e-05
5.39673e-05
)
;
    }
}


// ************************************************************************* //
