/*--------------------------------*- C++ -*----------------------------------*\
  =========                 |
  \\      /  F ield         | OpenFOAM: The Open Source CFD Toolbox
   \\    /   O peration     | Website:  https://openfoam.org
    \\  /    A nd           | Version:  7
     \\/     M anipulation  |
\*---------------------------------------------------------------------------*/
FoamFile
{
    version     2.0;
    format      ascii;
    class       volScalarField;
    location    "1500";
    object      k;
}
// * * * * * * * * * * * * * * * * * * * * * * * * * * * * * * * * * * * * * //

dimensions      [0 2 -2 0 0 0 0];

internalField   nonuniform List<scalar> 
4000
(
4.02243e-05
4.0227e-05
4.02275e-05
4.02274e-05
4.02272e-05
4.0227e-05
4.02268e-05
4.02266e-05
4.02265e-05
4.02263e-05
4.02261e-05
4.0226e-05
4.02258e-05
4.02257e-05
4.02255e-05
4.02254e-05
4.02252e-05
4.02251e-05
4.02249e-05
4.02248e-05
4.02246e-05
4.02245e-05
4.02244e-05
4.02242e-05
4.0224e-05
4.02239e-05
4.02237e-05
4.02236e-05
4.02234e-05
4.02232e-05
4.02231e-05
4.02229e-05
4.02227e-05
4.02225e-05
4.02223e-05
4.02222e-05
4.0222e-05
4.02218e-05
4.02215e-05
4.02213e-05
4.02211e-05
4.02209e-05
4.02207e-05
4.02204e-05
4.022e-05
4.02225e-05
4.02245e-05
4.02254e-05
4.02258e-05
4.02258e-05
4.02257e-05
4.02255e-05
4.02253e-05
4.0225e-05
4.02248e-05
4.02246e-05
4.02243e-05
4.0224e-05
4.02237e-05
4.02234e-05
4.02231e-05
4.02228e-05
4.02225e-05
4.02222e-05
4.02219e-05
4.02215e-05
4.02212e-05
4.02209e-05
4.02205e-05
4.02202e-05
4.02198e-05
4.02195e-05
4.02191e-05
4.02188e-05
4.02184e-05
4.02181e-05
4.02177e-05
4.02173e-05
4.0217e-05
4.02166e-05
4.02162e-05
4.02159e-05
4.02155e-05
4.02151e-05
4.02147e-05
4.02144e-05
4.0214e-05
4.02136e-05
4.02133e-05
4.02129e-05
4.02125e-05
4.02122e-05
4.02118e-05
4.02115e-05
4.02111e-05
4.02108e-05
4.02104e-05
4.02101e-05
4.02097e-05
4.02094e-05
4.02091e-05
4.02088e-05
4.02084e-05
4.0208e-05
4.02104e-05
4.02123e-05
4.02132e-05
4.02135e-05
4.02135e-05
4.02134e-05
4.02132e-05
4.0213e-05
4.02128e-05
4.02126e-05
4.02124e-05
4.02122e-05
4.0212e-05
4.02118e-05
4.02116e-05
4.02116e-05
4.02569e-05
4.02596e-05
4.02601e-05
4.02602e-05
4.02601e-05
4.026e-05
4.02599e-05
4.02598e-05
4.02597e-05
4.02596e-05
4.02594e-05
4.02593e-05
4.02592e-05
4.02591e-05
4.0259e-05
4.02589e-05
4.02588e-05
4.02587e-05
4.02585e-05
4.02584e-05
4.02583e-05
4.02582e-05
4.02581e-05
4.0258e-05
4.02578e-05
4.02577e-05
4.02576e-05
4.02574e-05
4.02573e-05
4.02572e-05
4.0257e-05
4.02569e-05
4.02567e-05
4.02565e-05
4.02564e-05
4.02562e-05
4.0256e-05
4.02559e-05
4.02557e-05
4.02555e-05
4.02553e-05
4.02551e-05
4.02549e-05
4.02547e-05
4.02544e-05
4.02547e-05
4.02555e-05
4.02563e-05
4.02568e-05
4.02571e-05
4.02573e-05
4.02574e-05
4.02574e-05
4.02573e-05
4.02572e-05
4.02571e-05
4.02569e-05
4.02567e-05
4.02565e-05
4.02563e-05
4.02561e-05
4.02559e-05
4.02556e-05
4.02554e-05
4.02551e-05
4.02548e-05
4.02545e-05
4.02543e-05
4.0254e-05
4.02537e-05
4.02534e-05
4.0253e-05
4.02527e-05
4.02524e-05
4.02521e-05
4.02518e-05
4.02514e-05
4.02511e-05
4.02508e-05
4.02504e-05
4.02501e-05
4.02497e-05
4.02494e-05
4.02491e-05
4.02487e-05
4.02484e-05
4.0248e-05
4.02477e-05
4.02473e-05
4.0247e-05
4.02467e-05
4.02463e-05
4.0246e-05
4.02457e-05
4.02453e-05
4.0245e-05
4.02447e-05
4.02443e-05
4.0244e-05
4.02437e-05
4.02434e-05
4.02431e-05
4.02428e-05
4.02424e-05
4.02427e-05
4.02434e-05
4.02441e-05
4.02446e-05
4.02449e-05
4.02451e-05
4.02452e-05
4.02452e-05
4.02451e-05
4.02451e-05
4.0245e-05
4.02449e-05
4.02448e-05
4.02446e-05
4.02445e-05
4.02445e-05
4.03096e-05
4.03122e-05
4.03127e-05
4.03129e-05
4.03129e-05
4.03128e-05
4.03128e-05
4.03127e-05
4.03127e-05
4.03126e-05
4.03125e-05
4.03125e-05
4.03124e-05
4.03123e-05
4.03122e-05
4.03122e-05
4.03121e-05
4.0312e-05
4.03119e-05
4.03118e-05
4.03117e-05
4.03117e-05
4.03116e-05
4.03115e-05
4.03114e-05
4.03113e-05
4.03112e-05
4.03111e-05
4.03109e-05
4.03108e-05
4.03107e-05
4.03106e-05
4.03105e-05
4.03103e-05
4.03102e-05
4.031e-05
4.03099e-05
4.03097e-05
4.03096e-05
4.03094e-05
4.03092e-05
4.0309e-05
4.03088e-05
4.03087e-05
4.03084e-05
4.03083e-05
4.03085e-05
4.03087e-05
4.0309e-05
4.03093e-05
4.03095e-05
4.03096e-05
4.03097e-05
4.03097e-05
4.03097e-05
4.03096e-05
4.03095e-05
4.03094e-05
4.03093e-05
4.03091e-05
4.0309e-05
4.03088e-05
4.03086e-05
4.03084e-05
4.03082e-05
4.03079e-05
4.03077e-05
4.03074e-05
4.03072e-05
4.03069e-05
4.03067e-05
4.03064e-05
4.03061e-05
4.03058e-05
4.03055e-05
4.03052e-05
4.03049e-05
4.03046e-05
4.03043e-05
4.0304e-05
4.03037e-05
4.03034e-05
4.03031e-05
4.03028e-05
4.03025e-05
4.03021e-05
4.03018e-05
4.03015e-05
4.03012e-05
4.03009e-05
4.03006e-05
4.03002e-05
4.02999e-05
4.02996e-05
4.02993e-05
4.0299e-05
4.02987e-05
4.02984e-05
4.02981e-05
4.02978e-05
4.02975e-05
4.02972e-05
4.02969e-05
4.02966e-05
4.02965e-05
4.02965e-05
4.02967e-05
4.0297e-05
4.02972e-05
4.02974e-05
4.02975e-05
4.02976e-05
4.02976e-05
4.02976e-05
4.02976e-05
4.02976e-05
4.02975e-05
4.02975e-05
4.02974e-05
4.02974e-05
4.03809e-05
4.03834e-05
4.0384e-05
4.03841e-05
4.03842e-05
4.03842e-05
4.03842e-05
4.03841e-05
4.03841e-05
4.03841e-05
4.03841e-05
4.0384e-05
4.0384e-05
4.03839e-05
4.03839e-05
4.03838e-05
4.03838e-05
4.03838e-05
4.03837e-05
4.03836e-05
4.03836e-05
4.03835e-05
4.03835e-05
4.03834e-05
4.03833e-05
4.03832e-05
4.03832e-05
4.03831e-05
4.0383e-05
4.03829e-05
4.03828e-05
4.03827e-05
4.03826e-05
4.03825e-05
4.03823e-05
4.03822e-05
4.03821e-05
4.0382e-05
4.03818e-05
4.03817e-05
4.03815e-05
4.03814e-05
4.03812e-05
4.0381e-05
4.03808e-05
4.03807e-05
4.03806e-05
4.03806e-05
4.03806e-05
4.03807e-05
4.03808e-05
4.03809e-05
4.03809e-05
4.03809e-05
4.03809e-05
4.03809e-05
4.03808e-05
4.03807e-05
4.03806e-05
4.03805e-05
4.03804e-05
4.03802e-05
4.03801e-05
4.03799e-05
4.03797e-05
4.03795e-05
4.03793e-05
4.03791e-05
4.03789e-05
4.03787e-05
4.03784e-05
4.03782e-05
4.03779e-05
4.03777e-05
4.03774e-05
4.03772e-05
4.03769e-05
4.03766e-05
4.03763e-05
4.03761e-05
4.03758e-05
4.03755e-05
4.03752e-05
4.03749e-05
4.03746e-05
4.03743e-05
4.0374e-05
4.03737e-05
4.03734e-05
4.03731e-05
4.03728e-05
4.03726e-05
4.03723e-05
4.0372e-05
4.03717e-05
4.03714e-05
4.03711e-05
4.03708e-05
4.03705e-05
4.03703e-05
4.037e-05
4.03697e-05
4.03695e-05
4.03692e-05
4.0369e-05
4.03688e-05
4.03687e-05
4.03688e-05
4.03688e-05
4.03689e-05
4.03689e-05
4.0369e-05
4.0369e-05
4.0369e-05
4.0369e-05
4.0369e-05
4.0369e-05
4.0369e-05
4.0369e-05
4.03689e-05
4.04699e-05
4.04724e-05
4.04729e-05
4.0473e-05
4.04731e-05
4.04731e-05
4.04731e-05
4.04731e-05
4.04731e-05
4.04731e-05
4.04731e-05
4.04731e-05
4.04731e-05
4.04731e-05
4.04731e-05
4.0473e-05
4.0473e-05
4.0473e-05
4.0473e-05
4.04729e-05
4.04729e-05
4.04729e-05
4.04728e-05
4.04728e-05
4.04727e-05
4.04727e-05
4.04726e-05
4.04725e-05
4.04725e-05
4.04724e-05
4.04723e-05
4.04722e-05
4.04721e-05
4.04721e-05
4.0472e-05
4.04719e-05
4.04717e-05
4.04716e-05
4.04715e-05
4.04714e-05
4.04712e-05
4.04711e-05
4.04709e-05
4.04708e-05
4.04706e-05
4.04705e-05
4.04703e-05
4.04702e-05
4.04701e-05
4.04701e-05
4.04701e-05
4.047e-05
4.047e-05
4.047e-05
4.047e-05
4.04699e-05
4.04699e-05
4.04698e-05
4.04697e-05
4.04696e-05
4.04695e-05
4.04694e-05
4.04692e-05
4.04691e-05
4.04689e-05
4.04687e-05
4.04685e-05
4.04684e-05
4.04682e-05
4.0468e-05
4.04677e-05
4.04675e-05
4.04673e-05
4.04671e-05
4.04668e-05
4.04666e-05
4.04663e-05
4.04661e-05
4.04658e-05
4.04656e-05
4.04653e-05
4.0465e-05
4.04648e-05
4.04645e-05
4.04642e-05
4.0464e-05
4.04637e-05
4.04634e-05
4.04631e-05
4.04629e-05
4.04626e-05
4.04623e-05
4.04621e-05
4.04618e-05
4.04615e-05
4.04612e-05
4.0461e-05
4.04607e-05
4.04605e-05
4.04602e-05
4.046e-05
4.04597e-05
4.04595e-05
4.04592e-05
4.0459e-05
4.04588e-05
4.04586e-05
4.04585e-05
4.04584e-05
4.04584e-05
4.04584e-05
4.04584e-05
4.04583e-05
4.04583e-05
4.04583e-05
4.04583e-05
4.04583e-05
4.04583e-05
4.04583e-05
4.04582e-05
4.05759e-05
4.05783e-05
4.05788e-05
4.0579e-05
4.0579e-05
4.0579e-05
4.05791e-05
4.05791e-05
4.05791e-05
4.05791e-05
4.05791e-05
4.05791e-05
4.05791e-05
4.05791e-05
4.05791e-05
4.05791e-05
4.05791e-05
4.05791e-05
4.05791e-05
4.05791e-05
4.05791e-05
4.05791e-05
4.0579e-05
4.0579e-05
4.0579e-05
4.0579e-05
4.05789e-05
4.05789e-05
4.05788e-05
4.05788e-05
4.05787e-05
4.05786e-05
4.05786e-05
4.05785e-05
4.05784e-05
4.05783e-05
4.05782e-05
4.05781e-05
4.0578e-05
4.05779e-05
4.05778e-05
4.05777e-05
4.05775e-05
4.05774e-05
4.05772e-05
4.05771e-05
4.0577e-05
4.05768e-05
4.05767e-05
4.05766e-05
4.05765e-05
4.05764e-05
4.05763e-05
4.05763e-05
4.05762e-05
4.05761e-05
4.0576e-05
4.05759e-05
4.05758e-05
4.05757e-05
4.05756e-05
4.05755e-05
4.05754e-05
4.05752e-05
4.05751e-05
4.05749e-05
4.05747e-05
4.05746e-05
4.05744e-05
4.05742e-05
4.0574e-05
4.05738e-05
4.05736e-05
4.05734e-05
4.05731e-05
4.05729e-05
4.05727e-05
4.05725e-05
4.05722e-05
4.0572e-05
4.05717e-05
4.05715e-05
4.05712e-05
4.0571e-05
4.05707e-05
4.05705e-05
4.05702e-05
4.057e-05
4.05697e-05
4.05695e-05
4.05692e-05
4.0569e-05
4.05687e-05
4.05685e-05
4.05682e-05
4.0568e-05
4.05677e-05
4.05675e-05
4.05672e-05
4.0567e-05
4.05668e-05
4.05665e-05
4.05663e-05
4.05661e-05
4.05659e-05
4.05657e-05
4.05655e-05
4.05653e-05
4.05652e-05
4.05651e-05
4.0565e-05
4.05649e-05
4.05649e-05
4.05648e-05
4.05648e-05
4.05648e-05
4.05647e-05
4.05647e-05
4.05647e-05
4.05646e-05
4.06987e-05
4.0701e-05
4.07015e-05
4.07016e-05
4.07017e-05
4.07017e-05
4.07017e-05
4.07018e-05
4.07018e-05
4.07018e-05
4.07018e-05
4.07018e-05
4.07019e-05
4.07019e-05
4.07019e-05
4.07019e-05
4.07019e-05
4.07019e-05
4.07019e-05
4.07019e-05
4.07019e-05
4.07019e-05
4.07019e-05
4.07019e-05
4.07019e-05
4.07019e-05
4.07018e-05
4.07018e-05
4.07018e-05
4.07017e-05
4.07017e-05
4.07016e-05
4.07016e-05
4.07015e-05
4.07015e-05
4.07014e-05
4.07013e-05
4.07012e-05
4.07011e-05
4.0701e-05
4.07009e-05
4.07008e-05
4.07007e-05
4.07006e-05
4.07005e-05
4.07003e-05
4.07002e-05
4.07e-05
4.06999e-05
4.06998e-05
4.06996e-05
4.06995e-05
4.06994e-05
4.06993e-05
4.06992e-05
4.06991e-05
4.0699e-05
4.06989e-05
4.06988e-05
4.06987e-05
4.06985e-05
4.06984e-05
4.06983e-05
4.06981e-05
4.0698e-05
4.06978e-05
4.06976e-05
4.06975e-05
4.06973e-05
4.06971e-05
4.06969e-05
4.06967e-05
4.06965e-05
4.06963e-05
4.06961e-05
4.06959e-05
4.06957e-05
4.06955e-05
4.06953e-05
4.0695e-05
4.06948e-05
4.06946e-05
4.06944e-05
4.06941e-05
4.06939e-05
4.06937e-05
4.06934e-05
4.06932e-05
4.0693e-05
4.06927e-05
4.06925e-05
4.06922e-05
4.0692e-05
4.06918e-05
4.06916e-05
4.06913e-05
4.06911e-05
4.06909e-05
4.06907e-05
4.06904e-05
4.06902e-05
4.069e-05
4.06898e-05
4.06896e-05
4.06894e-05
4.06892e-05
4.0689e-05
4.06888e-05
4.06887e-05
4.06886e-05
4.06884e-05
4.06883e-05
4.06882e-05
4.06882e-05
4.06881e-05
4.0688e-05
4.0688e-05
4.06879e-05
4.06879e-05
4.06878e-05
4.08382e-05
4.08404e-05
4.08409e-05
4.08411e-05
4.08411e-05
4.08411e-05
4.08412e-05
4.08412e-05
4.08412e-05
4.08412e-05
4.08413e-05
4.08413e-05
4.08413e-05
4.08413e-05
4.08414e-05
4.08414e-05
4.08414e-05
4.08414e-05
4.08414e-05
4.08415e-05
4.08415e-05
4.08415e-05
4.08415e-05
4.08415e-05
4.08415e-05
4.08415e-05
4.08415e-05
4.08414e-05
4.08414e-05
4.08414e-05
4.08414e-05
4.08413e-05
4.08413e-05
4.08412e-05
4.08412e-05
4.08411e-05
4.08411e-05
4.0841e-05
4.08409e-05
4.08408e-05
4.08407e-05
4.08406e-05
4.08405e-05
4.08404e-05
4.08403e-05
4.08402e-05
4.084e-05
4.08399e-05
4.08398e-05
4.08396e-05
4.08395e-05
4.08394e-05
4.08392e-05
4.08391e-05
4.0839e-05
4.08389e-05
4.08387e-05
4.08386e-05
4.08385e-05
4.08384e-05
4.08382e-05
4.08381e-05
4.08379e-05
4.08378e-05
4.08376e-05
4.08375e-05
4.08373e-05
4.08371e-05
4.0837e-05
4.08368e-05
4.08366e-05
4.08364e-05
4.08362e-05
4.0836e-05
4.08359e-05
4.08357e-05
4.08354e-05
4.08352e-05
4.0835e-05
4.08348e-05
4.08346e-05
4.08344e-05
4.08342e-05
4.0834e-05
4.08337e-05
4.08335e-05
4.08333e-05
4.08331e-05
4.08329e-05
4.08326e-05
4.08324e-05
4.08322e-05
4.0832e-05
4.08318e-05
4.08316e-05
4.08313e-05
4.08311e-05
4.08309e-05
4.08307e-05
4.08305e-05
4.08303e-05
4.08301e-05
4.08299e-05
4.08298e-05
4.08296e-05
4.08294e-05
4.08292e-05
4.08291e-05
4.08289e-05
4.08288e-05
4.08286e-05
4.08285e-05
4.08284e-05
4.08283e-05
4.08282e-05
4.08282e-05
4.08281e-05
4.0828e-05
4.0828e-05
4.08278e-05
4.09948e-05
4.0997e-05
4.09974e-05
4.09975e-05
4.09976e-05
4.09976e-05
4.09976e-05
4.09977e-05
4.09977e-05
4.09977e-05
4.09978e-05
4.09978e-05
4.09978e-05
4.09978e-05
4.09979e-05
4.09979e-05
4.09979e-05
4.0998e-05
4.0998e-05
4.0998e-05
4.0998e-05
4.0998e-05
4.09981e-05
4.09981e-05
4.09981e-05
4.09981e-05
4.09981e-05
4.09981e-05
4.09981e-05
4.0998e-05
4.0998e-05
4.0998e-05
4.0998e-05
4.09979e-05
4.09979e-05
4.09978e-05
4.09978e-05
4.09977e-05
4.09976e-05
4.09976e-05
4.09975e-05
4.09974e-05
4.09973e-05
4.09972e-05
4.09971e-05
4.0997e-05
4.09969e-05
4.09968e-05
4.09966e-05
4.09965e-05
4.09964e-05
4.09962e-05
4.09961e-05
4.0996e-05
4.09958e-05
4.09957e-05
4.09956e-05
4.09954e-05
4.09953e-05
4.09951e-05
4.0995e-05
4.09948e-05
4.09947e-05
4.09945e-05
4.09944e-05
4.09942e-05
4.09941e-05
4.09939e-05
4.09937e-05
4.09935e-05
4.09934e-05
4.09932e-05
4.0993e-05
4.09928e-05
4.09926e-05
4.09924e-05
4.09922e-05
4.0992e-05
4.09918e-05
4.09916e-05
4.09914e-05
4.09912e-05
4.0991e-05
4.09908e-05
4.09906e-05
4.09904e-05
4.09902e-05
4.099e-05
4.09898e-05
4.09896e-05
4.09894e-05
4.09892e-05
4.0989e-05
4.09888e-05
4.09886e-05
4.09884e-05
4.09882e-05
4.0988e-05
4.09878e-05
4.09876e-05
4.09875e-05
4.09873e-05
4.09871e-05
4.09869e-05
4.09868e-05
4.09866e-05
4.09864e-05
4.09863e-05
4.09862e-05
4.0986e-05
4.09859e-05
4.09858e-05
4.09857e-05
4.09855e-05
4.09855e-05
4.09854e-05
4.09853e-05
4.09852e-05
4.09852e-05
4.0985e-05
4.11691e-05
4.11711e-05
4.11716e-05
4.11717e-05
4.11717e-05
4.11717e-05
4.11718e-05
4.11718e-05
4.11718e-05
4.11719e-05
4.11719e-05
4.11719e-05
4.1172e-05
4.1172e-05
4.1172e-05
4.11721e-05
4.11721e-05
4.11721e-05
4.11722e-05
4.11722e-05
4.11722e-05
4.11722e-05
4.11723e-05
4.11723e-05
4.11723e-05
4.11723e-05
4.11723e-05
4.11723e-05
4.11723e-05
4.11723e-05
4.11723e-05
4.11723e-05
4.11722e-05
4.11722e-05
4.11722e-05
4.11721e-05
4.11721e-05
4.1172e-05
4.1172e-05
4.11719e-05
4.11719e-05
4.11718e-05
4.11717e-05
4.11716e-05
4.11715e-05
4.11714e-05
4.11713e-05
4.11712e-05
4.11711e-05
4.1171e-05
4.11708e-05
4.11707e-05
4.11706e-05
4.11704e-05
4.11703e-05
4.11701e-05
4.117e-05
4.11699e-05
4.11697e-05
4.11696e-05
4.11694e-05
4.11693e-05
4.11691e-05
4.11689e-05
4.11688e-05
4.11686e-05
4.11685e-05
4.11683e-05
4.11681e-05
4.11679e-05
4.11678e-05
4.11676e-05
4.11674e-05
4.11672e-05
4.1167e-05
4.11669e-05
4.11667e-05
4.11665e-05
4.11663e-05
4.11661e-05
4.11659e-05
4.11657e-05
4.11655e-05
4.11653e-05
4.11651e-05
4.11649e-05
4.11647e-05
4.11645e-05
4.11644e-05
4.11642e-05
4.1164e-05
4.11638e-05
4.11636e-05
4.11634e-05
4.11632e-05
4.11631e-05
4.11629e-05
4.11627e-05
4.11625e-05
4.11624e-05
4.11622e-05
4.1162e-05
4.11619e-05
4.11617e-05
4.11616e-05
4.11614e-05
4.11613e-05
4.11611e-05
4.1161e-05
4.11609e-05
4.11608e-05
4.11606e-05
4.11605e-05
4.11604e-05
4.11603e-05
4.11603e-05
4.11602e-05
4.11601e-05
4.116e-05
4.11598e-05
4.13618e-05
4.13637e-05
4.13641e-05
4.13643e-05
4.13643e-05
4.13643e-05
4.13644e-05
4.13644e-05
4.13644e-05
4.13645e-05
4.13645e-05
4.13645e-05
4.13646e-05
4.13646e-05
4.13647e-05
4.13647e-05
4.13647e-05
4.13648e-05
4.13648e-05
4.13648e-05
4.13649e-05
4.13649e-05
4.13649e-05
4.1365e-05
4.1365e-05
4.1365e-05
4.1365e-05
4.1365e-05
4.1365e-05
4.1365e-05
4.1365e-05
4.1365e-05
4.1365e-05
4.1365e-05
4.13649e-05
4.13649e-05
4.13649e-05
4.13648e-05
4.13648e-05
4.13647e-05
4.13647e-05
4.13646e-05
4.13645e-05
4.13644e-05
4.13643e-05
4.13642e-05
4.13641e-05
4.1364e-05
4.13639e-05
4.13638e-05
4.13637e-05
4.13636e-05
4.13635e-05
4.13633e-05
4.13632e-05
4.1363e-05
4.13629e-05
4.13628e-05
4.13626e-05
4.13625e-05
4.13623e-05
4.13621e-05
4.1362e-05
4.13618e-05
4.13617e-05
4.13615e-05
4.13613e-05
4.13612e-05
4.1361e-05
4.13608e-05
4.13607e-05
4.13605e-05
4.13603e-05
4.13601e-05
4.136e-05
4.13598e-05
4.13596e-05
4.13594e-05
4.13592e-05
4.1359e-05
4.13589e-05
4.13587e-05
4.13585e-05
4.13583e-05
4.13581e-05
4.13579e-05
4.13578e-05
4.13576e-05
4.13574e-05
4.13572e-05
4.1357e-05
4.13569e-05
4.13567e-05
4.13565e-05
4.13564e-05
4.13562e-05
4.1356e-05
4.13559e-05
4.13557e-05
4.13556e-05
4.13554e-05
4.13553e-05
4.13551e-05
4.1355e-05
4.13548e-05
4.13547e-05
4.13546e-05
4.13545e-05
4.13543e-05
4.13542e-05
4.13541e-05
4.1354e-05
4.13539e-05
4.13538e-05
4.13537e-05
4.13536e-05
4.13535e-05
4.13535e-05
4.13534e-05
4.13532e-05
4.15741e-05
4.15759e-05
4.15763e-05
4.15764e-05
4.15764e-05
4.15765e-05
4.15765e-05
4.15765e-05
4.15766e-05
4.15766e-05
4.15766e-05
4.15767e-05
4.15767e-05
4.15768e-05
4.15768e-05
4.15769e-05
4.15769e-05
4.15769e-05
4.1577e-05
4.1577e-05
4.15771e-05
4.15771e-05
4.15771e-05
4.15772e-05
4.15772e-05
4.15772e-05
4.15772e-05
4.15772e-05
4.15773e-05
4.15773e-05
4.15773e-05
4.15773e-05
4.15773e-05
4.15772e-05
4.15772e-05
4.15772e-05
4.15772e-05
4.15771e-05
4.15771e-05
4.1577e-05
4.1577e-05
4.15769e-05
4.15768e-05
4.15768e-05
4.15767e-05
4.15766e-05
4.15765e-05
4.15764e-05
4.15763e-05
4.15762e-05
4.15761e-05
4.1576e-05
4.15759e-05
4.15757e-05
4.15756e-05
4.15755e-05
4.15753e-05
4.15752e-05
4.1575e-05
4.15749e-05
4.15747e-05
4.15746e-05
4.15744e-05
4.15743e-05
4.15741e-05
4.15739e-05
4.15738e-05
4.15736e-05
4.15734e-05
4.15733e-05
4.15731e-05
4.15729e-05
4.15728e-05
4.15726e-05
4.15724e-05
4.15722e-05
4.15721e-05
4.15719e-05
4.15717e-05
4.15715e-05
4.15714e-05
4.15712e-05
4.1571e-05
4.15708e-05
4.15707e-05
4.15705e-05
4.15703e-05
4.15702e-05
4.157e-05
4.15698e-05
4.15697e-05
4.15695e-05
4.15693e-05
4.15692e-05
4.1569e-05
4.15689e-05
4.15687e-05
4.15686e-05
4.15684e-05
4.15683e-05
4.15682e-05
4.1568e-05
4.15679e-05
4.15678e-05
4.15676e-05
4.15675e-05
4.15674e-05
4.15673e-05
4.15672e-05
4.15671e-05
4.1567e-05
4.15669e-05
4.15668e-05
4.15667e-05
4.15666e-05
4.15666e-05
4.15665e-05
4.15664e-05
4.15664e-05
4.15661e-05
4.18072e-05
4.18088e-05
4.18092e-05
4.18093e-05
4.18093e-05
4.18094e-05
4.18094e-05
4.18095e-05
4.18095e-05
4.18096e-05
4.18096e-05
4.18097e-05
4.18097e-05
4.18098e-05
4.18098e-05
4.18099e-05
4.18099e-05
4.181e-05
4.181e-05
4.18101e-05
4.18101e-05
4.18101e-05
4.18102e-05
4.18102e-05
4.18102e-05
4.18103e-05
4.18103e-05
4.18103e-05
4.18103e-05
4.18103e-05
4.18104e-05
4.18104e-05
4.18104e-05
4.18103e-05
4.18103e-05
4.18103e-05
4.18103e-05
4.18102e-05
4.18102e-05
4.18102e-05
4.18101e-05
4.18101e-05
4.181e-05
4.18099e-05
4.18099e-05
4.18098e-05
4.18097e-05
4.18096e-05
4.18095e-05
4.18094e-05
4.18093e-05
4.18092e-05
4.18091e-05
4.1809e-05
4.18088e-05
4.18087e-05
4.18086e-05
4.18084e-05
4.18083e-05
4.18081e-05
4.1808e-05
4.18078e-05
4.18077e-05
4.18075e-05
4.18074e-05
4.18072e-05
4.18071e-05
4.18069e-05
4.18067e-05
4.18066e-05
4.18064e-05
4.18062e-05
4.18061e-05
4.18059e-05
4.18057e-05
4.18056e-05
4.18054e-05
4.18052e-05
4.18051e-05
4.18049e-05
4.18047e-05
4.18046e-05
4.18044e-05
4.18042e-05
4.18041e-05
4.18039e-05
4.18037e-05
4.18036e-05
4.18034e-05
4.18033e-05
4.18031e-05
4.1803e-05
4.18028e-05
4.18027e-05
4.18025e-05
4.18024e-05
4.18023e-05
4.18021e-05
4.1802e-05
4.18019e-05
4.18018e-05
4.18016e-05
4.18015e-05
4.18014e-05
4.18013e-05
4.18012e-05
4.18011e-05
4.1801e-05
4.18009e-05
4.18008e-05
4.18007e-05
4.18006e-05
4.18006e-05
4.18005e-05
4.18004e-05
4.18003e-05
4.18003e-05
4.18002e-05
4.18002e-05
4.17999e-05
4.20626e-05
4.20641e-05
4.20644e-05
4.20645e-05
4.20646e-05
4.20647e-05
4.20647e-05
4.20648e-05
4.20648e-05
4.20649e-05
4.20649e-05
4.2065e-05
4.2065e-05
4.20651e-05
4.20652e-05
4.20652e-05
4.20653e-05
4.20653e-05
4.20654e-05
4.20654e-05
4.20655e-05
4.20655e-05
4.20656e-05
4.20656e-05
4.20656e-05
4.20657e-05
4.20657e-05
4.20657e-05
4.20657e-05
4.20658e-05
4.20658e-05
4.20658e-05
4.20658e-05
4.20658e-05
4.20658e-05
4.20658e-05
4.20657e-05
4.20657e-05
4.20657e-05
4.20656e-05
4.20656e-05
4.20655e-05
4.20655e-05
4.20654e-05
4.20653e-05
4.20653e-05
4.20652e-05
4.20651e-05
4.2065e-05
4.20649e-05
4.20648e-05
4.20647e-05
4.20646e-05
4.20645e-05
4.20644e-05
4.20643e-05
4.20641e-05
4.2064e-05
4.20639e-05
4.20637e-05
4.20636e-05
4.20634e-05
4.20633e-05
4.20631e-05
4.2063e-05
4.20628e-05
4.20627e-05
4.20625e-05
4.20624e-05
4.20622e-05
4.20621e-05
4.20619e-05
4.20617e-05
4.20616e-05
4.20614e-05
4.20612e-05
4.20611e-05
4.20609e-05
4.20608e-05
4.20606e-05
4.20605e-05
4.20603e-05
4.20601e-05
4.206e-05
4.20598e-05
4.20597e-05
4.20595e-05
4.20594e-05
4.20593e-05
4.20591e-05
4.2059e-05
4.20588e-05
4.20587e-05
4.20586e-05
4.20584e-05
4.20583e-05
4.20582e-05
4.20581e-05
4.2058e-05
4.20578e-05
4.20577e-05
4.20576e-05
4.20575e-05
4.20574e-05
4.20573e-05
4.20572e-05
4.20571e-05
4.20571e-05
4.2057e-05
4.20569e-05
4.20568e-05
4.20567e-05
4.20567e-05
4.20566e-05
4.20565e-05
4.20565e-05
4.20564e-05
4.20563e-05
4.20563e-05
4.2056e-05
4.23421e-05
4.23434e-05
4.23437e-05
4.23438e-05
4.23439e-05
4.2344e-05
4.2344e-05
4.23441e-05
4.23442e-05
4.23442e-05
4.23443e-05
4.23443e-05
4.23444e-05
4.23445e-05
4.23445e-05
4.23446e-05
4.23447e-05
4.23447e-05
4.23448e-05
4.23448e-05
4.23449e-05
4.23449e-05
4.2345e-05
4.2345e-05
4.23451e-05
4.23451e-05
4.23451e-05
4.23452e-05
4.23452e-05
4.23452e-05
4.23452e-05
4.23453e-05
4.23453e-05
4.23453e-05
4.23453e-05
4.23452e-05
4.23452e-05
4.23452e-05
4.23452e-05
4.23451e-05
4.23451e-05
4.23451e-05
4.2345e-05
4.23449e-05
4.23449e-05
4.23448e-05
4.23447e-05
4.23447e-05
4.23446e-05
4.23445e-05
4.23444e-05
4.23443e-05
4.23442e-05
4.23441e-05
4.2344e-05
4.23439e-05
4.23437e-05
4.23436e-05
4.23435e-05
4.23434e-05
4.23432e-05
4.23431e-05
4.23429e-05
4.23428e-05
4.23427e-05
4.23425e-05
4.23424e-05
4.23422e-05
4.23421e-05
4.23419e-05
4.23418e-05
4.23416e-05
4.23415e-05
4.23413e-05
4.23412e-05
4.2341e-05
4.23409e-05
4.23407e-05
4.23406e-05
4.23404e-05
4.23403e-05
4.23401e-05
4.234e-05
4.23398e-05
4.23397e-05
4.23395e-05
4.23394e-05
4.23393e-05
4.23391e-05
4.2339e-05
4.23389e-05
4.23388e-05
4.23386e-05
4.23385e-05
4.23384e-05
4.23383e-05
4.23382e-05
4.23381e-05
4.2338e-05
4.23379e-05
4.23378e-05
4.23377e-05
4.23376e-05
4.23375e-05
4.23374e-05
4.23373e-05
4.23373e-05
4.23372e-05
4.23371e-05
4.23371e-05
4.2337e-05
4.23369e-05
4.23369e-05
4.23368e-05
4.23367e-05
4.23367e-05
4.23366e-05
4.23366e-05
4.23365e-05
4.23363e-05
4.26475e-05
4.26486e-05
4.26489e-05
4.2649e-05
4.26491e-05
4.26492e-05
4.26493e-05
4.26494e-05
4.26494e-05
4.26495e-05
4.26496e-05
4.26496e-05
4.26497e-05
4.26498e-05
4.26499e-05
4.26499e-05
4.265e-05
4.26501e-05
4.26501e-05
4.26502e-05
4.26503e-05
4.26503e-05
4.26504e-05
4.26504e-05
4.26505e-05
4.26505e-05
4.26505e-05
4.26506e-05
4.26506e-05
4.26506e-05
4.26507e-05
4.26507e-05
4.26507e-05
4.26507e-05
4.26507e-05
4.26507e-05
4.26507e-05
4.26506e-05
4.26506e-05
4.26506e-05
4.26506e-05
4.26505e-05
4.26505e-05
4.26504e-05
4.26504e-05
4.26503e-05
4.26502e-05
4.26502e-05
4.26501e-05
4.265e-05
4.26499e-05
4.26498e-05
4.26497e-05
4.26496e-05
4.26495e-05
4.26494e-05
4.26493e-05
4.26492e-05
4.26491e-05
4.26489e-05
4.26488e-05
4.26487e-05
4.26486e-05
4.26484e-05
4.26483e-05
4.26482e-05
4.2648e-05
4.26479e-05
4.26477e-05
4.26476e-05
4.26474e-05
4.26473e-05
4.26472e-05
4.2647e-05
4.26469e-05
4.26467e-05
4.26466e-05
4.26465e-05
4.26463e-05
4.26462e-05
4.2646e-05
4.26459e-05
4.26458e-05
4.26457e-05
4.26455e-05
4.26454e-05
4.26453e-05
4.26452e-05
4.2645e-05
4.26449e-05
4.26448e-05
4.26447e-05
4.26446e-05
4.26445e-05
4.26444e-05
4.26443e-05
4.26442e-05
4.26441e-05
4.2644e-05
4.26439e-05
4.26438e-05
4.26437e-05
4.26437e-05
4.26436e-05
4.26435e-05
4.26434e-05
4.26434e-05
4.26433e-05
4.26433e-05
4.26432e-05
4.26431e-05
4.26431e-05
4.2643e-05
4.2643e-05
4.26429e-05
4.26429e-05
4.26428e-05
4.26428e-05
4.26428e-05
4.26425e-05
4.29809e-05
4.29819e-05
4.29822e-05
4.29823e-05
4.29824e-05
4.29825e-05
4.29826e-05
4.29827e-05
4.29827e-05
4.29828e-05
4.29829e-05
4.2983e-05
4.29831e-05
4.29831e-05
4.29832e-05
4.29833e-05
4.29834e-05
4.29835e-05
4.29835e-05
4.29836e-05
4.29837e-05
4.29837e-05
4.29838e-05
4.29838e-05
4.29839e-05
4.29839e-05
4.2984e-05
4.2984e-05
4.29841e-05
4.29841e-05
4.29841e-05
4.29841e-05
4.29841e-05
4.29841e-05
4.29842e-05
4.29841e-05
4.29841e-05
4.29841e-05
4.29841e-05
4.29841e-05
4.29841e-05
4.2984e-05
4.2984e-05
4.29839e-05
4.29839e-05
4.29838e-05
4.29838e-05
4.29837e-05
4.29836e-05
4.29835e-05
4.29835e-05
4.29834e-05
4.29833e-05
4.29832e-05
4.29831e-05
4.2983e-05
4.29829e-05
4.29828e-05
4.29827e-05
4.29826e-05
4.29825e-05
4.29824e-05
4.29822e-05
4.29821e-05
4.2982e-05
4.29819e-05
4.29817e-05
4.29816e-05
4.29815e-05
4.29813e-05
4.29812e-05
4.29811e-05
4.29809e-05
4.29808e-05
4.29807e-05
4.29806e-05
4.29804e-05
4.29803e-05
4.29802e-05
4.298e-05
4.29799e-05
4.29798e-05
4.29797e-05
4.29796e-05
4.29795e-05
4.29793e-05
4.29792e-05
4.29791e-05
4.2979e-05
4.29789e-05
4.29788e-05
4.29787e-05
4.29786e-05
4.29785e-05
4.29784e-05
4.29784e-05
4.29783e-05
4.29782e-05
4.29781e-05
4.2978e-05
4.2978e-05
4.29779e-05
4.29778e-05
4.29778e-05
4.29777e-05
4.29776e-05
4.29776e-05
4.29775e-05
4.29775e-05
4.29774e-05
4.29774e-05
4.29773e-05
4.29773e-05
4.29773e-05
4.29772e-05
4.29772e-05
4.29771e-05
4.29771e-05
4.29771e-05
4.29768e-05
4.33447e-05
4.33455e-05
4.33457e-05
4.33459e-05
4.3346e-05
4.33461e-05
4.33462e-05
4.33463e-05
4.33464e-05
4.33464e-05
4.33465e-05
4.33466e-05
4.33467e-05
4.33468e-05
4.33469e-05
4.3347e-05
4.33471e-05
4.33471e-05
4.33472e-05
4.33473e-05
4.33474e-05
4.33474e-05
4.33475e-05
4.33476e-05
4.33476e-05
4.33477e-05
4.33477e-05
4.33478e-05
4.33478e-05
4.33478e-05
4.33479e-05
4.33479e-05
4.33479e-05
4.33479e-05
4.33479e-05
4.33479e-05
4.33479e-05
4.33479e-05
4.33479e-05
4.33479e-05
4.33479e-05
4.33478e-05
4.33478e-05
4.33478e-05
4.33477e-05
4.33477e-05
4.33476e-05
4.33476e-05
4.33475e-05
4.33474e-05
4.33474e-05
4.33473e-05
4.33472e-05
4.33471e-05
4.3347e-05
4.3347e-05
4.33469e-05
4.33468e-05
4.33467e-05
4.33466e-05
4.33465e-05
4.33464e-05
4.33462e-05
4.33461e-05
4.3346e-05
4.33459e-05
4.33458e-05
4.33457e-05
4.33456e-05
4.33454e-05
4.33453e-05
4.33452e-05
4.33451e-05
4.3345e-05
4.33448e-05
4.33447e-05
4.33446e-05
4.33445e-05
4.33444e-05
4.33443e-05
4.33442e-05
4.33441e-05
4.3344e-05
4.33438e-05
4.33437e-05
4.33436e-05
4.33436e-05
4.33435e-05
4.33434e-05
4.33433e-05
4.33432e-05
4.33431e-05
4.3343e-05
4.3343e-05
4.33429e-05
4.33428e-05
4.33427e-05
4.33427e-05
4.33426e-05
4.33425e-05
4.33425e-05
4.33424e-05
4.33424e-05
4.33423e-05
4.33423e-05
4.33422e-05
4.33422e-05
4.33421e-05
4.33421e-05
4.3342e-05
4.3342e-05
4.3342e-05
4.33419e-05
4.33419e-05
4.33419e-05
4.33418e-05
4.33418e-05
4.33417e-05
4.33417e-05
4.33415e-05
4.37412e-05
4.37418e-05
4.3742e-05
4.37422e-05
4.37423e-05
4.37424e-05
4.37425e-05
4.37426e-05
4.37427e-05
4.37428e-05
4.37429e-05
4.3743e-05
4.37431e-05
4.37432e-05
4.37433e-05
4.37434e-05
4.37435e-05
4.37436e-05
4.37437e-05
4.37437e-05
4.37438e-05
4.37439e-05
4.3744e-05
4.3744e-05
4.37441e-05
4.37441e-05
4.37442e-05
4.37442e-05
4.37443e-05
4.37443e-05
4.37444e-05
4.37444e-05
4.37444e-05
4.37444e-05
4.37445e-05
4.37445e-05
4.37445e-05
4.37445e-05
4.37445e-05
4.37445e-05
4.37444e-05
4.37444e-05
4.37444e-05
4.37444e-05
4.37443e-05
4.37443e-05
4.37443e-05
4.37442e-05
4.37442e-05
4.37441e-05
4.3744e-05
4.3744e-05
4.37439e-05
4.37438e-05
4.37438e-05
4.37437e-05
4.37436e-05
4.37435e-05
4.37434e-05
4.37434e-05
4.37433e-05
4.37432e-05
4.37431e-05
4.3743e-05
4.37429e-05
4.37428e-05
4.37427e-05
4.37426e-05
4.37425e-05
4.37424e-05
4.37423e-05
4.37421e-05
4.3742e-05
4.37419e-05
4.37418e-05
4.37417e-05
4.37416e-05
4.37415e-05
4.37414e-05
4.37413e-05
4.37412e-05
4.37411e-05
4.37411e-05
4.3741e-05
4.37409e-05
4.37408e-05
4.37407e-05
4.37406e-05
4.37406e-05
4.37405e-05
4.37404e-05
4.37403e-05
4.37403e-05
4.37402e-05
4.37401e-05
4.37401e-05
4.374e-05
4.374e-05
4.37399e-05
4.37399e-05
4.37398e-05
4.37398e-05
4.37397e-05
4.37397e-05
4.37397e-05
4.37396e-05
4.37396e-05
4.37395e-05
4.37395e-05
4.37395e-05
4.37395e-05
4.37394e-05
4.37394e-05
4.37394e-05
4.37393e-05
4.37393e-05
4.37393e-05
4.37392e-05
4.37392e-05
4.3739e-05
4.41732e-05
4.41735e-05
4.41737e-05
4.41739e-05
4.4174e-05
4.41741e-05
4.41742e-05
4.41743e-05
4.41744e-05
4.41745e-05
4.41746e-05
4.41748e-05
4.41749e-05
4.4175e-05
4.41751e-05
4.41752e-05
4.41753e-05
4.41754e-05
4.41754e-05
4.41755e-05
4.41756e-05
4.41757e-05
4.41758e-05
4.41758e-05
4.41759e-05
4.4176e-05
4.4176e-05
4.41761e-05
4.41761e-05
4.41762e-05
4.41762e-05
4.41763e-05
4.41763e-05
4.41763e-05
4.41764e-05
4.41764e-05
4.41764e-05
4.41764e-05
4.41764e-05
4.41764e-05
4.41764e-05
4.41764e-05
4.41764e-05
4.41764e-05
4.41764e-05
4.41763e-05
4.41763e-05
4.41763e-05
4.41762e-05
4.41762e-05
4.41761e-05
4.41761e-05
4.4176e-05
4.4176e-05
4.41759e-05
4.41759e-05
4.41758e-05
4.41757e-05
4.41757e-05
4.41756e-05
4.41755e-05
4.41754e-05
4.41753e-05
4.41753e-05
4.41752e-05
4.41751e-05
4.4175e-05
4.41749e-05
4.41748e-05
4.41747e-05
4.41746e-05
4.41745e-05
4.41745e-05
4.41744e-05
4.41743e-05
4.41742e-05
4.41741e-05
4.4174e-05
4.41739e-05
4.41738e-05
4.41738e-05
4.41737e-05
4.41736e-05
4.41735e-05
4.41735e-05
4.41734e-05
4.41733e-05
4.41733e-05
4.41732e-05
4.41731e-05
4.41731e-05
4.4173e-05
4.4173e-05
4.41729e-05
4.41729e-05
4.41728e-05
4.41728e-05
4.41727e-05
4.41727e-05
4.41727e-05
4.41726e-05
4.41726e-05
4.41726e-05
4.41725e-05
4.41725e-05
4.41725e-05
4.41725e-05
4.41724e-05
4.41724e-05
4.41724e-05
4.41724e-05
4.41723e-05
4.41723e-05
4.41723e-05
4.41722e-05
4.41722e-05
4.41722e-05
4.41721e-05
4.41721e-05
4.41719e-05
4.46433e-05
4.46434e-05
4.46435e-05
4.46437e-05
4.46438e-05
4.46439e-05
4.4644e-05
4.46442e-05
4.46443e-05
4.46444e-05
4.46445e-05
4.46446e-05
4.46447e-05
4.46448e-05
4.46449e-05
4.46451e-05
4.46452e-05
4.46453e-05
4.46454e-05
4.46454e-05
4.46455e-05
4.46456e-05
4.46457e-05
4.46458e-05
4.46459e-05
4.46459e-05
4.4646e-05
4.46461e-05
4.46461e-05
4.46462e-05
4.46462e-05
4.46463e-05
4.46463e-05
4.46464e-05
4.46464e-05
4.46464e-05
4.46465e-05
4.46465e-05
4.46465e-05
4.46465e-05
4.46466e-05
4.46466e-05
4.46466e-05
4.46466e-05
4.46466e-05
4.46466e-05
4.46466e-05
4.46465e-05
4.46465e-05
4.46465e-05
4.46465e-05
4.46464e-05
4.46464e-05
4.46464e-05
4.46463e-05
4.46463e-05
4.46462e-05
4.46462e-05
4.46461e-05
4.46461e-05
4.4646e-05
4.46459e-05
4.46459e-05
4.46458e-05
4.46457e-05
4.46456e-05
4.46456e-05
4.46455e-05
4.46454e-05
4.46453e-05
4.46453e-05
4.46452e-05
4.46451e-05
4.4645e-05
4.4645e-05
4.46449e-05
4.46448e-05
4.46448e-05
4.46447e-05
4.46446e-05
4.46446e-05
4.46445e-05
4.46444e-05
4.46444e-05
4.46443e-05
4.46443e-05
4.46442e-05
4.46442e-05
4.46441e-05
4.46441e-05
4.4644e-05
4.4644e-05
4.4644e-05
4.46439e-05
4.46439e-05
4.46438e-05
4.46438e-05
4.46438e-05
4.46438e-05
4.46437e-05
4.46437e-05
4.46437e-05
4.46437e-05
4.46436e-05
4.46436e-05
4.46436e-05
4.46436e-05
4.46436e-05
4.46436e-05
4.46435e-05
4.46435e-05
4.46435e-05
4.46435e-05
4.46434e-05
4.46434e-05
4.46433e-05
4.46433e-05
4.46432e-05
4.46432e-05
4.4643e-05
4.51544e-05
4.51543e-05
4.51544e-05
4.51545e-05
4.51547e-05
4.51548e-05
4.51549e-05
4.5155e-05
4.51552e-05
4.51553e-05
4.51554e-05
4.51555e-05
4.51556e-05
4.51557e-05
4.51559e-05
4.5156e-05
4.51561e-05
4.51562e-05
4.51563e-05
4.51564e-05
4.51565e-05
4.51566e-05
4.51567e-05
4.51568e-05
4.51568e-05
4.51569e-05
4.5157e-05
4.51571e-05
4.51571e-05
4.51572e-05
4.51573e-05
4.51574e-05
4.51574e-05
4.51575e-05
4.51576e-05
4.51576e-05
4.51577e-05
4.51577e-05
4.51578e-05
4.51578e-05
4.51579e-05
4.51579e-05
4.51579e-05
4.51579e-05
4.5158e-05
4.5158e-05
4.5158e-05
4.5158e-05
4.5158e-05
4.5158e-05
4.5158e-05
4.5158e-05
4.5158e-05
4.51579e-05
4.51579e-05
4.51579e-05
4.51578e-05
4.51578e-05
4.51578e-05
4.51577e-05
4.51577e-05
4.51576e-05
4.51576e-05
4.51575e-05
4.51575e-05
4.51574e-05
4.51573e-05
4.51573e-05
4.51572e-05
4.51572e-05
4.51571e-05
4.5157e-05
4.5157e-05
4.51569e-05
4.51569e-05
4.51568e-05
4.51568e-05
4.51567e-05
4.51566e-05
4.51566e-05
4.51565e-05
4.51565e-05
4.51565e-05
4.51564e-05
4.51564e-05
4.51563e-05
4.51563e-05
4.51563e-05
4.51562e-05
4.51562e-05
4.51562e-05
4.51562e-05
4.51561e-05
4.51561e-05
4.51561e-05
4.51561e-05
4.5156e-05
4.5156e-05
4.5156e-05
4.5156e-05
4.5156e-05
4.5156e-05
4.5156e-05
4.5156e-05
4.5156e-05
4.51559e-05
4.51559e-05
4.51559e-05
4.51559e-05
4.51559e-05
4.51558e-05
4.51558e-05
4.51558e-05
4.51557e-05
4.51557e-05
4.51556e-05
4.51555e-05
4.51554e-05
4.51554e-05
4.51553e-05
4.57097e-05
4.57093e-05
4.57094e-05
4.57095e-05
4.57096e-05
4.57097e-05
4.57099e-05
4.571e-05
4.57101e-05
4.57102e-05
4.57104e-05
4.57105e-05
4.57106e-05
4.57107e-05
4.57109e-05
4.5711e-05
4.57111e-05
4.57112e-05
4.57113e-05
4.57114e-05
4.57115e-05
4.57116e-05
4.57117e-05
4.57118e-05
4.57119e-05
4.5712e-05
4.57121e-05
4.57122e-05
4.57123e-05
4.57124e-05
4.57125e-05
4.57126e-05
4.57127e-05
4.57128e-05
4.57129e-05
4.5713e-05
4.57131e-05
4.57132e-05
4.57133e-05
4.57133e-05
4.57134e-05
4.57135e-05
4.57135e-05
4.57136e-05
4.57136e-05
4.57137e-05
4.57137e-05
4.57137e-05
4.57137e-05
4.57138e-05
4.57138e-05
4.57138e-05
4.57138e-05
4.57138e-05
4.57138e-05
4.57138e-05
4.57137e-05
4.57137e-05
4.57137e-05
4.57137e-05
4.57136e-05
4.57136e-05
4.57136e-05
4.57135e-05
4.57135e-05
4.57135e-05
4.57134e-05
4.57134e-05
4.57133e-05
4.57133e-05
4.57132e-05
4.57132e-05
4.57132e-05
4.57131e-05
4.57131e-05
4.5713e-05
4.5713e-05
4.57129e-05
4.57129e-05
4.57129e-05
4.57128e-05
4.57128e-05
4.57128e-05
4.57128e-05
4.57127e-05
4.57127e-05
4.57127e-05
4.57127e-05
4.57127e-05
4.57126e-05
4.57126e-05
4.57126e-05
4.57126e-05
4.57126e-05
4.57126e-05
4.57126e-05
4.57126e-05
4.57126e-05
4.57126e-05
4.57126e-05
4.57126e-05
4.57126e-05
4.57126e-05
4.57126e-05
4.57126e-05
4.57126e-05
4.57126e-05
4.57125e-05
4.57125e-05
4.57125e-05
4.57124e-05
4.57123e-05
4.57123e-05
4.57122e-05
4.57121e-05
4.5712e-05
4.57119e-05
4.57118e-05
4.57117e-05
4.57116e-05
4.63122e-05
4.63116e-05
4.63116e-05
4.63117e-05
4.63118e-05
4.63119e-05
4.63121e-05
4.63122e-05
4.63123e-05
4.63124e-05
4.63126e-05
4.63127e-05
4.63128e-05
4.6313e-05
4.63131e-05
4.63133e-05
4.63134e-05
4.63135e-05
4.63136e-05
4.63138e-05
4.63139e-05
4.6314e-05
4.63141e-05
4.63142e-05
4.63143e-05
4.63144e-05
4.63145e-05
4.63147e-05
4.63148e-05
4.63149e-05
4.63151e-05
4.63152e-05
4.63154e-05
4.63155e-05
4.63157e-05
4.63158e-05
4.63159e-05
4.63161e-05
4.63162e-05
4.63163e-05
4.63164e-05
4.63165e-05
4.63166e-05
4.63167e-05
4.63168e-05
4.63168e-05
4.63169e-05
4.6317e-05
4.6317e-05
4.6317e-05
4.63171e-05
4.63171e-05
4.63171e-05
4.63171e-05
4.63172e-05
4.63172e-05
4.63172e-05
4.63172e-05
4.63172e-05
4.63172e-05
4.63171e-05
4.63171e-05
4.63171e-05
4.63171e-05
4.63171e-05
4.6317e-05
4.6317e-05
4.6317e-05
4.6317e-05
4.63169e-05
4.63169e-05
4.63169e-05
4.63168e-05
4.63168e-05
4.63168e-05
4.63168e-05
4.63167e-05
4.63167e-05
4.63167e-05
4.63167e-05
4.63167e-05
4.63166e-05
4.63166e-05
4.63166e-05
4.63166e-05
4.63166e-05
4.63166e-05
4.63166e-05
4.63166e-05
4.63166e-05
4.63166e-05
4.63166e-05
4.63166e-05
4.63166e-05
4.63166e-05
4.63166e-05
4.63166e-05
4.63166e-05
4.63166e-05
4.63167e-05
4.63167e-05
4.63167e-05
4.63167e-05
4.63167e-05
4.63167e-05
4.63167e-05
4.63167e-05
4.63166e-05
4.63166e-05
4.63165e-05
4.63164e-05
4.63163e-05
4.63161e-05
4.6316e-05
4.63159e-05
4.63157e-05
4.63156e-05
4.63155e-05
4.63153e-05
4.63153e-05
4.69653e-05
4.69644e-05
4.69643e-05
4.69644e-05
4.69645e-05
4.69647e-05
4.69648e-05
4.69649e-05
4.69651e-05
4.69652e-05
4.69653e-05
4.69655e-05
4.69656e-05
4.69658e-05
4.69659e-05
4.69661e-05
4.69662e-05
4.69664e-05
4.69665e-05
4.69666e-05
4.69668e-05
4.69669e-05
4.6967e-05
4.69671e-05
4.69673e-05
4.69674e-05
4.69676e-05
4.69678e-05
4.6968e-05
4.69682e-05
4.69684e-05
4.69686e-05
4.69688e-05
4.6969e-05
4.69692e-05
4.69694e-05
4.69696e-05
4.69698e-05
4.697e-05
4.69702e-05
4.69703e-05
4.69704e-05
4.69706e-05
4.69707e-05
4.69708e-05
4.69709e-05
4.6971e-05
4.69711e-05
4.69711e-05
4.69712e-05
4.69713e-05
4.69713e-05
4.69714e-05
4.69714e-05
4.69714e-05
4.69715e-05
4.69715e-05
4.69715e-05
4.69715e-05
4.69715e-05
4.69715e-05
4.69715e-05
4.69715e-05
4.69715e-05
4.69715e-05
4.69715e-05
4.69715e-05
4.69715e-05
4.69714e-05
4.69714e-05
4.69714e-05
4.69714e-05
4.69714e-05
4.69714e-05
4.69714e-05
4.69714e-05
4.69713e-05
4.69713e-05
4.69713e-05
4.69713e-05
4.69713e-05
4.69713e-05
4.69713e-05
4.69713e-05
4.69713e-05
4.69713e-05
4.69714e-05
4.69714e-05
4.69714e-05
4.69714e-05
4.69714e-05
4.69714e-05
4.69715e-05
4.69715e-05
4.69715e-05
4.69715e-05
4.69715e-05
4.69716e-05
4.69716e-05
4.69716e-05
4.69716e-05
4.69716e-05
4.69717e-05
4.69717e-05
4.69717e-05
4.69716e-05
4.69716e-05
4.69715e-05
4.69713e-05
4.69712e-05
4.6971e-05
4.69708e-05
4.69706e-05
4.69704e-05
4.69702e-05
4.697e-05
4.69698e-05
4.69697e-05
4.69695e-05
4.69695e-05
4.76722e-05
4.7671e-05
4.76709e-05
4.7671e-05
4.76711e-05
4.76712e-05
4.76714e-05
4.76715e-05
4.76717e-05
4.76718e-05
4.7672e-05
4.76722e-05
4.76723e-05
4.76725e-05
4.76727e-05
4.76728e-05
4.7673e-05
4.76732e-05
4.76733e-05
4.76735e-05
4.76736e-05
4.76738e-05
4.76739e-05
4.76741e-05
4.76743e-05
4.76745e-05
4.76747e-05
4.7675e-05
4.76753e-05
4.76756e-05
4.76759e-05
4.76762e-05
4.76765e-05
4.76768e-05
4.76771e-05
4.76774e-05
4.76776e-05
4.76779e-05
4.76781e-05
4.76783e-05
4.76785e-05
4.76787e-05
4.76788e-05
4.7679e-05
4.76791e-05
4.76793e-05
4.76794e-05
4.76795e-05
4.76796e-05
4.76797e-05
4.76798e-05
4.76798e-05
4.76799e-05
4.768e-05
4.768e-05
4.76801e-05
4.76801e-05
4.76801e-05
4.76802e-05
4.76802e-05
4.76802e-05
4.76802e-05
4.76802e-05
4.76802e-05
4.76802e-05
4.76802e-05
4.76802e-05
4.76802e-05
4.76802e-05
4.76802e-05
4.76802e-05
4.76802e-05
4.76802e-05
4.76802e-05
4.76802e-05
4.76802e-05
4.76802e-05
4.76803e-05
4.76803e-05
4.76803e-05
4.76803e-05
4.76803e-05
4.76803e-05
4.76803e-05
4.76804e-05
4.76804e-05
4.76804e-05
4.76804e-05
4.76805e-05
4.76805e-05
4.76805e-05
4.76806e-05
4.76806e-05
4.76806e-05
4.76806e-05
4.76807e-05
4.76807e-05
4.76807e-05
4.76808e-05
4.76808e-05
4.76808e-05
4.76809e-05
4.76809e-05
4.76809e-05
4.76808e-05
4.76807e-05
4.76806e-05
4.76803e-05
4.76801e-05
4.76798e-05
4.76795e-05
4.76792e-05
4.76789e-05
4.76787e-05
4.76784e-05
4.76782e-05
4.7678e-05
4.76778e-05
4.76775e-05
4.76777e-05
4.84364e-05
4.8435e-05
4.84348e-05
4.84349e-05
4.8435e-05
4.84351e-05
4.84353e-05
4.84355e-05
4.84357e-05
4.84358e-05
4.8436e-05
4.84362e-05
4.84364e-05
4.84366e-05
4.84368e-05
4.8437e-05
4.84372e-05
4.84374e-05
4.84375e-05
4.84377e-05
4.84379e-05
4.8438e-05
4.84382e-05
4.84385e-05
4.84388e-05
4.84391e-05
4.84395e-05
4.84399e-05
4.84404e-05
4.84408e-05
4.84413e-05
4.84417e-05
4.84421e-05
4.84425e-05
4.84428e-05
4.84432e-05
4.84435e-05
4.84438e-05
4.84441e-05
4.84443e-05
4.84446e-05
4.84448e-05
4.8445e-05
4.84452e-05
4.84453e-05
4.84455e-05
4.84456e-05
4.84458e-05
4.84459e-05
4.8446e-05
4.84461e-05
4.84462e-05
4.84463e-05
4.84464e-05
4.84464e-05
4.84465e-05
4.84465e-05
4.84466e-05
4.84466e-05
4.84467e-05
4.84467e-05
4.84467e-05
4.84467e-05
4.84468e-05
4.84468e-05
4.84468e-05
4.84468e-05
4.84468e-05
4.84468e-05
4.84468e-05
4.84469e-05
4.84469e-05
4.84469e-05
4.84469e-05
4.84469e-05
4.84469e-05
4.84469e-05
4.8447e-05
4.8447e-05
4.8447e-05
4.8447e-05
4.84471e-05
4.84471e-05
4.84471e-05
4.84472e-05
4.84472e-05
4.84472e-05
4.84473e-05
4.84473e-05
4.84474e-05
4.84474e-05
4.84474e-05
4.84475e-05
4.84475e-05
4.84476e-05
4.84476e-05
4.84477e-05
4.84477e-05
4.84478e-05
4.84478e-05
4.84479e-05
4.84479e-05
4.84478e-05
4.84478e-05
4.84476e-05
4.84474e-05
4.8447e-05
4.84466e-05
4.84461e-05
4.84457e-05
4.84453e-05
4.84449e-05
4.84445e-05
4.84442e-05
4.84439e-05
4.84436e-05
4.84433e-05
4.84431e-05
4.84428e-05
4.84431e-05
4.92613e-05
4.92596e-05
4.92594e-05
4.92595e-05
4.92596e-05
4.92598e-05
4.926e-05
4.92602e-05
4.92604e-05
4.92607e-05
4.92609e-05
4.92611e-05
4.92613e-05
4.92616e-05
4.92618e-05
4.9262e-05
4.92622e-05
4.92624e-05
4.92626e-05
4.92629e-05
4.9263e-05
4.92632e-05
4.92635e-05
4.92639e-05
4.92644e-05
4.9265e-05
4.92656e-05
4.92662e-05
4.92669e-05
4.92675e-05
4.92681e-05
4.92686e-05
4.92691e-05
4.92696e-05
4.92701e-05
4.92705e-05
4.92708e-05
4.92712e-05
4.92715e-05
4.92718e-05
4.92721e-05
4.92723e-05
4.92726e-05
4.92728e-05
4.9273e-05
4.92732e-05
4.92733e-05
4.92735e-05
4.92736e-05
4.92737e-05
4.92739e-05
4.9274e-05
4.92741e-05
4.92741e-05
4.92742e-05
4.92743e-05
4.92744e-05
4.92744e-05
4.92745e-05
4.92745e-05
4.92745e-05
4.92746e-05
4.92746e-05
4.92746e-05
4.92747e-05
4.92747e-05
4.92747e-05
4.92747e-05
4.92748e-05
4.92748e-05
4.92748e-05
4.92748e-05
4.92749e-05
4.92749e-05
4.92749e-05
4.92749e-05
4.9275e-05
4.9275e-05
4.9275e-05
4.92751e-05
4.92751e-05
4.92751e-05
4.92752e-05
4.92752e-05
4.92753e-05
4.92753e-05
4.92754e-05
4.92754e-05
4.92755e-05
4.92755e-05
4.92756e-05
4.92757e-05
4.92757e-05
4.92758e-05
4.92758e-05
4.92759e-05
4.92759e-05
4.9276e-05
4.9276e-05
4.92761e-05
4.92762e-05
4.92761e-05
4.9276e-05
4.92758e-05
4.92754e-05
4.92749e-05
4.92742e-05
4.92735e-05
4.92728e-05
4.92721e-05
4.92715e-05
4.92711e-05
4.92706e-05
4.92703e-05
4.92699e-05
4.92697e-05
4.92694e-05
4.92692e-05
4.92688e-05
4.92692e-05
5.01505e-05
5.01485e-05
5.01482e-05
5.01483e-05
5.01485e-05
5.01487e-05
5.0149e-05
5.01493e-05
5.01495e-05
5.01498e-05
5.01501e-05
5.01504e-05
5.01506e-05
5.01509e-05
5.01512e-05
5.01514e-05
5.01517e-05
5.01519e-05
5.01522e-05
5.01524e-05
5.01526e-05
5.01529e-05
5.01535e-05
5.01541e-05
5.01549e-05
5.01558e-05
5.01568e-05
5.01577e-05
5.01585e-05
5.01593e-05
5.01601e-05
5.01607e-05
5.01614e-05
5.01619e-05
5.01624e-05
5.01629e-05
5.01633e-05
5.01637e-05
5.0164e-05
5.01644e-05
5.01647e-05
5.01649e-05
5.01652e-05
5.01654e-05
5.01656e-05
5.01658e-05
5.0166e-05
5.01661e-05
5.01663e-05
5.01664e-05
5.01666e-05
5.01667e-05
5.01668e-05
5.01669e-05
5.0167e-05
5.0167e-05
5.01671e-05
5.01672e-05
5.01672e-05
5.01673e-05
5.01673e-05
5.01674e-05
5.01674e-05
5.01674e-05
5.01675e-05
5.01675e-05
5.01675e-05
5.01676e-05
5.01676e-05
5.01676e-05
5.01676e-05
5.01677e-05
5.01677e-05
5.01677e-05
5.01678e-05
5.01678e-05
5.01678e-05
5.01679e-05
5.01679e-05
5.0168e-05
5.0168e-05
5.01681e-05
5.01681e-05
5.01682e-05
5.01683e-05
5.01683e-05
5.01684e-05
5.01684e-05
5.01685e-05
5.01686e-05
5.01686e-05
5.01687e-05
5.01688e-05
5.01689e-05
5.01689e-05
5.0169e-05
5.01691e-05
5.01691e-05
5.01692e-05
5.01693e-05
5.01693e-05
5.01691e-05
5.01686e-05
5.01683e-05
5.01675e-05
5.01664e-05
5.01652e-05
5.0164e-05
5.01631e-05
5.01623e-05
5.01617e-05
5.01612e-05
5.01607e-05
5.01604e-05
5.01601e-05
5.01598e-05
5.01596e-05
5.01594e-05
5.0159e-05
5.01596e-05
5.11072e-05
5.11048e-05
5.11045e-05
5.11047e-05
5.11051e-05
5.11054e-05
5.11058e-05
5.11061e-05
5.11064e-05
5.11068e-05
5.11071e-05
5.11074e-05
5.11078e-05
5.11081e-05
5.11084e-05
5.11087e-05
5.1109e-05
5.11093e-05
5.11096e-05
5.11099e-05
5.111e-05
5.11107e-05
5.11117e-05
5.11129e-05
5.11142e-05
5.11156e-05
5.11169e-05
5.11181e-05
5.11192e-05
5.11201e-05
5.1121e-05
5.11217e-05
5.11224e-05
5.1123e-05
5.11235e-05
5.1124e-05
5.11244e-05
5.11248e-05
5.11252e-05
5.11255e-05
5.11258e-05
5.11261e-05
5.11264e-05
5.11266e-05
5.11268e-05
5.1127e-05
5.11272e-05
5.11273e-05
5.11275e-05
5.11276e-05
5.11278e-05
5.11279e-05
5.1128e-05
5.11281e-05
5.11282e-05
5.11282e-05
5.11283e-05
5.11284e-05
5.11284e-05
5.11285e-05
5.11285e-05
5.11286e-05
5.11286e-05
5.11286e-05
5.11287e-05
5.11287e-05
5.11287e-05
5.11288e-05
5.11288e-05
5.11288e-05
5.11289e-05
5.11289e-05
5.11289e-05
5.1129e-05
5.1129e-05
5.11291e-05
5.11291e-05
5.11292e-05
5.11292e-05
5.11293e-05
5.11293e-05
5.11294e-05
5.11295e-05
5.11295e-05
5.11296e-05
5.11297e-05
5.11297e-05
5.11298e-05
5.11299e-05
5.113e-05
5.11301e-05
5.11301e-05
5.11302e-05
5.11303e-05
5.11304e-05
5.11305e-05
5.11305e-05
5.11306e-05
5.11307e-05
5.11308e-05
5.11306e-05
5.113e-05
5.1129e-05
5.11284e-05
5.11268e-05
5.11246e-05
5.11227e-05
5.11213e-05
5.11203e-05
5.11195e-05
5.1119e-05
5.11185e-05
5.11182e-05
5.11179e-05
5.11177e-05
5.11175e-05
5.11173e-05
5.11172e-05
5.11168e-05
5.11177e-05
5.21346e-05
5.21321e-05
5.21319e-05
5.21323e-05
5.21328e-05
5.21333e-05
5.21337e-05
5.21341e-05
5.21346e-05
5.2135e-05
5.21354e-05
5.21358e-05
5.21361e-05
5.21365e-05
5.21369e-05
5.21373e-05
5.21376e-05
5.21379e-05
5.21383e-05
5.21386e-05
5.21387e-05
5.21406e-05
5.21422e-05
5.21442e-05
5.21463e-05
5.21482e-05
5.21498e-05
5.21512e-05
5.21524e-05
5.21534e-05
5.21543e-05
5.21551e-05
5.21557e-05
5.21563e-05
5.21569e-05
5.21573e-05
5.21577e-05
5.21581e-05
5.21585e-05
5.21588e-05
5.21591e-05
5.21593e-05
5.21596e-05
5.21598e-05
5.216e-05
5.21602e-05
5.21603e-05
5.21605e-05
5.21606e-05
5.21608e-05
5.21609e-05
5.2161e-05
5.21611e-05
5.21612e-05
5.21613e-05
5.21613e-05
5.21614e-05
5.21614e-05
5.21615e-05
5.21615e-05
5.21616e-05
5.21616e-05
5.21617e-05
5.21617e-05
5.21617e-05
5.21618e-05
5.21618e-05
5.21618e-05
5.21619e-05
5.21619e-05
5.21619e-05
5.2162e-05
5.2162e-05
5.2162e-05
5.21621e-05
5.21621e-05
5.21622e-05
5.21622e-05
5.21623e-05
5.21624e-05
5.21624e-05
5.21625e-05
5.21626e-05
5.21627e-05
5.21627e-05
5.21628e-05
5.21629e-05
5.2163e-05
5.21631e-05
5.21632e-05
5.21633e-05
5.21634e-05
5.21634e-05
5.21635e-05
5.21636e-05
5.21637e-05
5.21638e-05
5.21639e-05
5.21639e-05
5.21643e-05
5.21633e-05
5.21616e-05
5.21599e-05
5.21594e-05
5.21553e-05
5.21517e-05
5.21495e-05
5.21483e-05
5.21476e-05
5.21471e-05
5.21468e-05
5.21466e-05
5.21464e-05
5.21463e-05
5.21462e-05
5.21461e-05
5.2146e-05
5.21459e-05
5.21457e-05
5.21468e-05
5.32355e-05
5.32336e-05
5.32339e-05
5.32345e-05
5.32351e-05
5.32357e-05
5.32362e-05
5.32367e-05
5.32372e-05
5.32377e-05
5.32382e-05
5.32386e-05
5.32391e-05
5.32395e-05
5.324e-05
5.32404e-05
5.32408e-05
5.32412e-05
5.32415e-05
5.32419e-05
5.3242e-05
5.32471e-05
5.32489e-05
5.32522e-05
5.32552e-05
5.32574e-05
5.32592e-05
5.32607e-05
5.32618e-05
5.32627e-05
5.32635e-05
5.32642e-05
5.32648e-05
5.32653e-05
5.32658e-05
5.32662e-05
5.32665e-05
5.32669e-05
5.32672e-05
5.32674e-05
5.32677e-05
5.32679e-05
5.32681e-05
5.32683e-05
5.32685e-05
5.32686e-05
5.32688e-05
5.32689e-05
5.3269e-05
5.32691e-05
5.32692e-05
5.32693e-05
5.32694e-05
5.32695e-05
5.32695e-05
5.32696e-05
5.32697e-05
5.32697e-05
5.32697e-05
5.32698e-05
5.32698e-05
5.32698e-05
5.32699e-05
5.32699e-05
5.32699e-05
5.32699e-05
5.327e-05
5.327e-05
5.327e-05
5.32701e-05
5.32701e-05
5.32701e-05
5.32702e-05
5.32702e-05
5.32703e-05
5.32703e-05
5.32704e-05
5.32704e-05
5.32705e-05
5.32706e-05
5.32706e-05
5.32707e-05
5.32708e-05
5.32709e-05
5.3271e-05
5.32711e-05
5.32712e-05
5.32713e-05
5.32714e-05
5.32715e-05
5.32716e-05
5.32717e-05
5.32718e-05
5.32719e-05
5.3272e-05
5.32721e-05
5.32722e-05
5.32723e-05
5.32723e-05
5.3273e-05
5.32694e-05
5.32661e-05
5.3264e-05
5.32639e-05
5.32532e-05
5.32495e-05
5.32486e-05
5.32484e-05
5.32484e-05
5.32485e-05
5.32485e-05
5.32486e-05
5.32487e-05
5.32488e-05
5.32488e-05
5.32489e-05
5.3249e-05
5.32491e-05
5.32489e-05
5.32503e-05
5.44321e-05
5.44346e-05
5.4442e-05
5.44449e-05
5.44469e-05
5.44485e-05
5.44496e-05
5.44505e-05
5.44512e-05
5.44517e-05
5.44522e-05
5.44526e-05
5.4453e-05
5.44534e-05
5.44537e-05
5.44539e-05
5.44542e-05
5.44544e-05
5.44546e-05
5.44548e-05
5.4455e-05
5.44551e-05
5.44552e-05
5.44554e-05
5.44555e-05
5.44556e-05
5.44557e-05
5.44558e-05
5.44559e-05
5.44559e-05
5.4456e-05
5.44561e-05
5.44561e-05
5.44561e-05
5.44562e-05
5.44562e-05
5.44562e-05
5.44563e-05
5.44563e-05
5.44563e-05
5.44563e-05
5.44563e-05
5.44563e-05
5.44564e-05
5.44564e-05
5.44564e-05
5.44564e-05
5.44564e-05
5.44565e-05
5.44565e-05
5.44565e-05
5.44566e-05
5.44566e-05
5.44567e-05
5.44567e-05
5.44568e-05
5.44568e-05
5.44569e-05
5.4457e-05
5.44571e-05
5.44571e-05
5.44572e-05
5.44573e-05
5.44574e-05
5.44575e-05
5.44576e-05
5.44577e-05
5.44579e-05
5.4458e-05
5.44581e-05
5.44582e-05
5.44583e-05
5.44584e-05
5.44585e-05
5.44586e-05
5.44587e-05
5.44588e-05
5.44588e-05
5.44599e-05
5.44487e-05
5.44451e-05
5.44443e-05
5.44445e-05
5.57149e-05
5.57176e-05
5.57195e-05
5.57204e-05
5.57208e-05
5.57212e-05
5.57214e-05
5.57217e-05
5.57219e-05
5.57221e-05
5.57222e-05
5.57224e-05
5.57226e-05
5.57227e-05
5.57228e-05
5.5723e-05
5.57231e-05
5.57232e-05
5.57233e-05
5.57234e-05
5.57235e-05
5.57235e-05
5.57236e-05
5.57237e-05
5.57237e-05
5.57238e-05
5.57238e-05
5.57238e-05
5.57239e-05
5.57239e-05
5.57239e-05
5.57239e-05
5.57239e-05
5.57239e-05
5.57239e-05
5.57239e-05
5.57239e-05
5.57239e-05
5.57239e-05
5.57239e-05
5.57239e-05
5.57239e-05
5.57239e-05
5.57239e-05
5.57239e-05
5.5724e-05
5.5724e-05
5.5724e-05
5.5724e-05
5.57241e-05
5.57241e-05
5.57241e-05
5.57242e-05
5.57243e-05
5.57243e-05
5.57244e-05
5.57245e-05
5.57246e-05
5.57247e-05
5.57248e-05
5.57249e-05
5.5725e-05
5.57251e-05
5.57252e-05
5.57253e-05
5.57254e-05
5.57256e-05
5.57257e-05
5.57258e-05
5.57259e-05
5.5726e-05
5.57262e-05
5.57263e-05
5.57264e-05
5.57265e-05
5.57266e-05
5.5727e-05
)
;

boundaryField
{
    bottomWall
    {
        type            kqRWallFunction;
        value           nonuniform 0();
    }
    topWall
    {
        type            kqRWallFunction;
        value           nonuniform 0();
    }
    sides1_half0
    {
        type            cyclic;
    }
    sides1_half1
    {
        type            cyclic;
    }
    sides2_half0
    {
        type            cyclic;
    }
    sides2_half1
    {
        type            cyclic;
    }
    inout1_half0
    {
        type            cyclic;
    }
    inout1_half1
    {
        type            cyclic;
    }
    inout2_half0
    {
        type            cyclic;
    }
    inout2_half1
    {
        type            cyclic;
    }
    procBoundary2to1
    {
        type            processor;
        value           nonuniform List<scalar> 
124
(
5.44327e-05
5.44298e-05
5.44299e-05
5.44305e-05
5.44312e-05
5.44318e-05
5.44325e-05
5.44331e-05
5.44337e-05
5.44342e-05
5.44348e-05
5.44353e-05
5.44358e-05
5.44363e-05
5.44368e-05
5.44373e-05
5.44378e-05
5.44382e-05
5.44387e-05
5.4439e-05
5.44397e-05
5.44369e-05
5.44387e-05
5.44405e-05
5.44417e-05
5.44425e-05
5.44431e-05
5.44436e-05
5.4444e-05
5.44444e-05
5.44448e-05
5.44451e-05
5.44453e-05
5.44455e-05
5.44458e-05
5.44457e-05
5.44473e-05
5.44397e-05
5.57289e-05
5.57246e-05
5.57186e-05
5.57204e-05
5.57223e-05
5.44369e-05
5.57232e-05
5.57246e-05
5.71053e-05
5.70988e-05
5.70966e-05
5.70958e-05
5.70953e-05
5.7095e-05
5.70948e-05
5.70947e-05
5.70946e-05
5.70945e-05
5.70944e-05
5.70944e-05
5.70944e-05
5.70944e-05
5.70944e-05
5.70944e-05
5.70944e-05
5.70944e-05
5.70945e-05
5.70945e-05
5.70945e-05
5.70945e-05
5.70945e-05
5.70945e-05
5.70945e-05
5.70945e-05
5.70945e-05
5.70945e-05
5.70945e-05
5.70945e-05
5.70945e-05
5.70944e-05
5.70944e-05
5.70944e-05
5.70944e-05
5.70943e-05
5.70943e-05
5.70943e-05
5.70942e-05
5.70942e-05
5.70942e-05
5.70942e-05
5.70942e-05
5.70942e-05
5.70941e-05
5.70941e-05
5.70942e-05
5.70942e-05
5.70942e-05
5.70942e-05
5.70943e-05
5.70943e-05
5.70943e-05
5.70944e-05
5.70945e-05
5.70946e-05
5.70946e-05
5.70947e-05
5.70948e-05
5.70949e-05
5.7095e-05
5.70952e-05
5.70953e-05
5.70954e-05
5.70955e-05
5.70957e-05
5.70958e-05
5.70959e-05
5.7096e-05
5.70962e-05
5.70963e-05
5.70964e-05
5.70966e-05
5.70967e-05
5.70968e-05
5.70969e-05
5.57186e-05
5.70968e-05
)
;
    }
    procBoundary2to4
    {
        type            processor;
        value           nonuniform List<scalar> 
59
(
4.02044e-05
4.02046e-05
4.02035e-05
4.02025e-05
4.02019e-05
4.02013e-05
4.02008e-05
4.02004e-05
4.02e-05
4.01996e-05
4.01992e-05
4.01988e-05
4.01984e-05
4.0198e-05
4.01977e-05
4.01973e-05
4.01969e-05
4.01965e-05
4.01962e-05
4.01958e-05
4.01954e-05
4.0195e-05
4.01946e-05
4.01942e-05
4.01939e-05
4.01935e-05
4.01931e-05
4.01927e-05
4.01923e-05
4.01919e-05
4.01915e-05
4.01911e-05
4.01907e-05
4.01903e-05
4.01899e-05
4.01895e-05
4.01891e-05
4.01887e-05
4.01883e-05
4.01879e-05
4.01875e-05
4.01872e-05
4.01868e-05
4.01864e-05
4.0186e-05
4.01856e-05
4.01852e-05
4.01848e-05
4.01845e-05
4.01841e-05
4.01837e-05
4.01834e-05
4.0183e-05
4.01826e-05
4.01823e-05
4.01819e-05
4.01816e-05
4.01813e-05
4.0181e-05
)
;
    }
    procBoundary2to5
    {
        type            processor;
        value           nonuniform List<scalar> 
61
(
4.01995e-05
4.02017e-05
4.02018e-05
4.02015e-05
4.02012e-05
4.02009e-05
4.02007e-05
4.02004e-05
4.02002e-05
4.02e-05
4.01998e-05
4.01996e-05
4.01994e-05
4.01992e-05
4.0199e-05
4.01988e-05
4.01987e-05
4.01985e-05
4.01983e-05
4.01981e-05
4.0198e-05
4.01978e-05
4.01976e-05
4.01974e-05
4.01973e-05
4.01971e-05
4.01969e-05
4.01967e-05
4.01965e-05
4.01963e-05
4.01961e-05
4.01959e-05
4.01957e-05
4.01955e-05
4.01953e-05
4.01951e-05
4.01949e-05
4.01947e-05
4.01944e-05
4.01942e-05
4.0194e-05
4.01937e-05
4.01935e-05
4.01932e-05
4.0193e-05
4.01923e-05
4.01924e-05
4.01913e-05
4.01903e-05
4.01896e-05
4.0189e-05
4.01886e-05
4.01882e-05
4.01878e-05
4.01874e-05
4.01871e-05
4.01868e-05
4.01865e-05
4.01862e-05
4.01859e-05
4.01856e-05
)
;
    }
}


// ************************************************************************* //
