/*--------------------------------*- C++ -*----------------------------------*\
  =========                 |
  \\      /  F ield         | OpenFOAM: The Open Source CFD Toolbox
   \\    /   O peration     | Website:  https://openfoam.org
    \\  /    A nd           | Version:  7
     \\/     M anipulation  |
\*---------------------------------------------------------------------------*/
FoamFile
{
    version     2.0;
    format      ascii;
    class       volScalarField;
    location    "17000";
    object      nut;
}
// * * * * * * * * * * * * * * * * * * * * * * * * * * * * * * * * * * * * * //

dimensions      [0 2 -1 0 0 0 0];

internalField   nonuniform List<scalar> 
4037
(
0.00027343
0.000273436
0.000273441
0.000273445
0.000273449
0.000273451
0.000273454
0.000273456
0.000273458
0.00027346
0.000273462
0.000273463
0.000273465
0.000273467
0.000273468
0.000273469
0.00027347
0.000273472
0.000273473
0.000273474
0.000273476
0.000273477
0.000273477
0.000273479
0.00027348
0.000273481
0.000273482
0.000273483
0.000273484
0.000273485
0.000273486
0.000273487
0.000273489
0.000273489
0.000273491
0.000273492
0.000273492
0.000273494
0.000273494
0.000273496
0.000273497
0.000273498
0.000273499
0.000273499
0.000273501
0.000273501
0.000273502
0.000273503
0.000273504
0.000273505
0.000273506
0.000273507
0.000273508
0.000273508
0.000273509
0.00027351
0.00027351
0.000273511
0.000273512
0.000273513
0.000273513
0.000273514
0.000273514
0.000273515
0.000273515
0.000273516
0.000273516
0.000273516
0.000273516
0.000273517
0.000273517
0.000273517
0.000273517
0.000273518
0.000273518
0.000273517
0.000273519
0.000259477
0.000259468
0.000259466
0.000259465
0.000259465
0.000259465
0.000259465
0.000259464
0.000259464
0.000259464
0.000259464
0.000259464
0.000259464
0.000259464
0.000259465
0.000259465
0.000259466
0.000259466
0.000259466
0.000259466
0.000259467
0.000259467
0.000259467
0.000259466
0.00025948
0.00025949
0.000259495
0.0002595
0.000259504
0.000259507
0.000259509
0.000259512
0.000259514
0.000259516
0.000259518
0.000259519
0.000259521
0.000259523
0.000259524
0.000259526
0.000259527
0.000259528
0.000259529
0.00025953
0.000259532
0.000259533
0.000259534
0.000259535
0.000259536
0.000259537
0.000259538
0.000259539
0.00025954
0.000259541
0.000259542
0.000259544
0.000259544
0.000259546
0.000259546
0.000259548
0.000259548
0.00025955
0.000259551
0.000259551
0.000259553
0.000259553
0.000259555
0.000259555
0.000259556
0.000259557
0.000259558
0.000259559
0.00025956
0.00025956
0.000259561
0.000259562
0.000259563
0.000259564
0.000259565
0.000259565
0.000259566
0.000259567
0.000259567
0.000259568
0.000259568
0.000259569
0.00025957
0.00025957
0.000259571
0.000259571
0.000259571
0.000259571
0.000259572
0.000259572
0.000259572
0.000259572
0.000259572
0.000259573
0.000259573
0.000259572
0.000259575
0.00025955
0.00025954
0.000259535
0.000259532
0.000259529
0.000259527
0.000259524
0.000259522
0.00025952
0.000259517
0.000259515
0.000259513
0.000259511
0.000259509
0.000259508
0.000259506
0.000259504
0.000259501
0.000259504
0.000245924
0.000245916
0.000245913
0.000245912
0.000245911
0.00024591
0.00024591
0.00024591
0.00024591
0.00024591
0.00024591
0.00024591
0.00024591
0.00024591
0.000245911
0.000245911
0.000245911
0.000245912
0.000245912
0.000245912
0.000245913
0.000245913
0.000245913
0.000245912
0.000245919
0.000245926
0.000245932
0.000245936
0.00024594
0.000245943
0.000245945
0.000245948
0.00024595
0.000245952
0.000245954
0.000245955
0.000245957
0.000245959
0.00024596
0.000245962
0.000245963
0.000245964
0.000245965
0.000245967
0.000245968
0.000245969
0.00024597
0.000245971
0.000245972
0.000245973
0.000245974
0.000245975
0.000245976
0.000245977
0.000245978
0.000245979
0.00024598
0.000245981
0.000245982
0.000245983
0.000245984
0.000245985
0.000245986
0.000245987
0.000245988
0.000245989
0.00024599
0.00024599
0.000245991
0.000245992
0.000245993
0.000245994
0.000245995
0.000245996
0.000245997
0.000245997
0.000245998
0.000245999
0.000245999
0.000246
0.000246001
0.000246001
0.000246002
0.000246003
0.000246003
0.000246004
0.000246004
0.000246005
0.000246005
0.000246006
0.000246006
0.000246006
0.000246007
0.000246007
0.000246007
0.000246007
0.000246007
0.000246007
0.000246007
0.000246007
0.000246009
0.000245998
0.000245988
0.000245982
0.000245978
0.000245975
0.000245973
0.00024597
0.000245968
0.000245966
0.000245963
0.000245962
0.000245959
0.000245958
0.000245956
0.000245954
0.000245952
0.000245951
0.000245948
0.000245951
0.000232728
0.00023272
0.000232716
0.000232714
0.000232714
0.000232713
0.000232713
0.000232713
0.000232712
0.000232712
0.000232712
0.000232712
0.000232712
0.000232713
0.000232713
0.000232713
0.000232714
0.000232714
0.000232714
0.000232715
0.000232715
0.000232715
0.000232715
0.000232715
0.000232718
0.000232722
0.000232727
0.000232731
0.000232734
0.000232737
0.00023274
0.000232742
0.000232744
0.000232746
0.000232748
0.000232749
0.000232751
0.000232753
0.000232754
0.000232755
0.000232757
0.000232758
0.000232759
0.00023276
0.000232761
0.000232763
0.000232764
0.000232765
0.000232766
0.000232767
0.000232768
0.000232769
0.00023277
0.000232771
0.000232772
0.000232773
0.000232774
0.000232775
0.000232776
0.000232776
0.000232777
0.000232778
0.000232779
0.00023278
0.000232781
0.000232782
0.000232783
0.000232784
0.000232784
0.000232785
0.000232786
0.000232787
0.000232788
0.000232788
0.000232789
0.00023279
0.00023279
0.000232791
0.000232792
0.000232792
0.000232793
0.000232794
0.000232794
0.000232795
0.000232795
0.000232796
0.000232796
0.000232797
0.000232797
0.000232798
0.000232798
0.000232798
0.000232799
0.000232799
0.000232799
0.000232799
0.000232799
0.0002328
0.0002328
0.000232799
0.000232801
0.000232796
0.000232789
0.000232784
0.00023278
0.000232777
0.000232774
0.000232772
0.000232769
0.000232768
0.000232765
0.000232764
0.000232762
0.00023276
0.000232758
0.000232757
0.000232755
0.000232753
0.000232751
0.000232754
0.000219868
0.00021986
0.000219856
0.000219854
0.000219853
0.000219852
0.000219852
0.000219852
0.000219852
0.000219851
0.000219852
0.000219851
0.000219852
0.000219852
0.000219852
0.000219852
0.000219853
0.000219853
0.000219854
0.000219854
0.000219854
0.000219854
0.000219855
0.000219854
0.000219856
0.000219858
0.000219862
0.000219865
0.000219868
0.00021987
0.000219872
0.000219875
0.000219877
0.000219878
0.00021988
0.000219882
0.000219883
0.000219885
0.000219886
0.000219888
0.000219889
0.00021989
0.000219891
0.000219892
0.000219893
0.000219895
0.000219895
0.000219897
0.000219898
0.000219898
0.000219899
0.0002199
0.000219901
0.000219902
0.000219903
0.000219904
0.000219905
0.000219906
0.000219907
0.000219908
0.000219909
0.00021991
0.00021991
0.000219911
0.000219912
0.000219913
0.000219914
0.000219915
0.000219915
0.000219916
0.000219917
0.000219918
0.000219918
0.000219919
0.00021992
0.00021992
0.000219921
0.000219922
0.000219922
0.000219923
0.000219923
0.000219924
0.000219925
0.000219925
0.000219926
0.000219926
0.000219927
0.000219927
0.000219927
0.000219928
0.000219928
0.000219928
0.000219929
0.000219929
0.000219929
0.000219929
0.000219929
0.000219929
0.00021993
0.000219929
0.00021993
0.000219928
0.000219925
0.00021992
0.000219917
0.000219914
0.000219911
0.000219909
0.000219907
0.000219905
0.000219903
0.000219902
0.0002199
0.000219898
0.000219897
0.000219895
0.000219894
0.000219892
0.00021989
0.000219893
0.000207326
0.000207318
0.000207315
0.000207313
0.000207312
0.000207311
0.00020731
0.00020731
0.00020731
0.00020731
0.000207309
0.000207309
0.000207309
0.00020731
0.00020731
0.00020731
0.000207311
0.000207311
0.000207311
0.000207312
0.000207312
0.000207312
0.000207312
0.000207312
0.000207313
0.000207315
0.000207317
0.000207319
0.000207322
0.000207324
0.000207326
0.000207328
0.000207329
0.000207331
0.000207333
0.000207334
0.000207336
0.000207337
0.000207338
0.00020734
0.000207341
0.000207342
0.000207343
0.000207344
0.000207345
0.000207346
0.000207347
0.000207348
0.000207349
0.00020735
0.000207351
0.000207352
0.000207353
0.000207354
0.000207355
0.000207355
0.000207356
0.000207357
0.000207358
0.000207359
0.00020736
0.00020736
0.000207361
0.000207362
0.000207363
0.000207364
0.000207365
0.000207365
0.000207366
0.000207367
0.000207367
0.000207368
0.000207369
0.000207369
0.00020737
0.000207371
0.000207371
0.000207372
0.000207373
0.000207373
0.000207374
0.000207374
0.000207375
0.000207375
0.000207376
0.000207376
0.000207376
0.000207377
0.000207377
0.000207378
0.000207378
0.000207378
0.000207378
0.000207378
0.000207379
0.000207379
0.000207379
0.000207379
0.000207379
0.000207379
0.00020738
0.000207379
0.000207377
0.000207374
0.000207371
0.000207369
0.000207367
0.000207365
0.000207363
0.000207361
0.000207359
0.000207358
0.000207356
0.000207355
0.000207353
0.000207352
0.000207351
0.00020735
0.000207347
0.00020735
0.000195087
0.000195079
0.000195076
0.000195074
0.000195072
0.000195072
0.000195071
0.000195071
0.000195071
0.00019507
0.00019507
0.00019507
0.00019507
0.00019507
0.000195071
0.000195071
0.000195071
0.000195072
0.000195072
0.000195072
0.000195072
0.000195073
0.000195073
0.000195073
0.000195073
0.000195074
0.000195076
0.000195077
0.000195079
0.000195081
0.000195083
0.000195084
0.000195086
0.000195088
0.000195089
0.00019509
0.000195092
0.000195093
0.000195094
0.000195095
0.000195096
0.000195098
0.000195099
0.0001951
0.000195101
0.000195102
0.000195103
0.000195104
0.000195105
0.000195105
0.000195106
0.000195107
0.000195108
0.000195109
0.00019511
0.000195111
0.000195111
0.000195112
0.000195113
0.000195114
0.000195114
0.000195115
0.000195116
0.000195117
0.000195117
0.000195118
0.000195119
0.000195119
0.00019512
0.000195121
0.000195122
0.000195122
0.000195123
0.000195124
0.000195124
0.000195125
0.000195125
0.000195126
0.000195126
0.000195127
0.000195127
0.000195128
0.000195128
0.000195129
0.000195129
0.00019513
0.00019513
0.00019513
0.000195131
0.000195131
0.000195131
0.000195132
0.000195132
0.000195132
0.000195132
0.000195132
0.000195132
0.000195133
0.000195133
0.000195133
0.000195133
0.000195133
0.000195132
0.00019513
0.000195128
0.000195126
0.000195124
0.000195122
0.000195121
0.000195119
0.000195118
0.000195116
0.000195115
0.000195114
0.000195112
0.000195111
0.00019511
0.000195109
0.000195107
0.00019511
0.000183136
0.000183128
0.000183125
0.000183123
0.000183122
0.000183121
0.00018312
0.00018312
0.00018312
0.00018312
0.000183119
0.000183119
0.000183119
0.000183119
0.00018312
0.00018312
0.00018312
0.00018312
0.000183121
0.000183121
0.000183121
0.000183121
0.000183122
0.000183122
0.000183122
0.000183123
0.000183124
0.000183125
0.000183126
0.000183128
0.000183129
0.000183131
0.000183132
0.000183133
0.000183135
0.000183136
0.000183137
0.000183138
0.000183139
0.00018314
0.000183141
0.000183143
0.000183144
0.000183145
0.000183146
0.000183146
0.000183147
0.000183148
0.000183149
0.00018315
0.000183151
0.000183152
0.000183152
0.000183153
0.000183154
0.000183155
0.000183155
0.000183156
0.000183157
0.000183158
0.000183158
0.000183159
0.00018316
0.00018316
0.000183161
0.000183162
0.000183163
0.000183163
0.000183164
0.000183164
0.000183165
0.000183166
0.000183166
0.000183167
0.000183167
0.000183168
0.000183168
0.000183169
0.000183169
0.00018317
0.00018317
0.000183171
0.000183171
0.000183172
0.000183172
0.000183172
0.000183173
0.000183173
0.000183173
0.000183174
0.000183174
0.000183174
0.000183174
0.000183174
0.000183175
0.000183175
0.000183175
0.000183175
0.000183175
0.000183175
0.000183175
0.000183175
0.000183175
0.000183174
0.000183172
0.000183171
0.000183169
0.000183168
0.000183167
0.000183165
0.000183164
0.000183163
0.000183162
0.00018316
0.000183159
0.000183158
0.000183157
0.000183156
0.000183154
0.000183157
0.00017146
0.000171454
0.00017145
0.000171448
0.000171447
0.000171446
0.000171445
0.000171445
0.000171445
0.000171445
0.000171444
0.000171444
0.000171444
0.000171444
0.000171444
0.000171445
0.000171445
0.000171445
0.000171445
0.000171446
0.000171446
0.000171446
0.000171446
0.000171447
0.000171447
0.000171447
0.000171448
0.000171449
0.00017145
0.000171451
0.000171452
0.000171453
0.000171454
0.000171456
0.000171457
0.000171458
0.000171459
0.00017146
0.000171461
0.000171462
0.000171463
0.000171464
0.000171465
0.000171466
0.000171467
0.000171468
0.000171469
0.000171469
0.00017147
0.000171471
0.000171472
0.000171473
0.000171473
0.000171474
0.000171475
0.000171476
0.000171476
0.000171477
0.000171478
0.000171478
0.000171479
0.00017148
0.00017148
0.000171481
0.000171481
0.000171482
0.000171483
0.000171483
0.000171484
0.000171484
0.000171485
0.000171485
0.000171486
0.000171486
0.000171487
0.000171487
0.000171488
0.000171488
0.000171489
0.000171489
0.00017149
0.00017149
0.00017149
0.000171491
0.000171491
0.000171491
0.000171492
0.000171492
0.000171492
0.000171493
0.000171493
0.000171493
0.000171493
0.000171493
0.000171494
0.000171494
0.000171494
0.000171494
0.000171494
0.000171494
0.000171494
0.000171494
0.000171494
0.000171493
0.000171493
0.000171491
0.00017149
0.000171489
0.000171488
0.000171487
0.000171486
0.000171485
0.000171484
0.000171483
0.000171482
0.000171481
0.00017148
0.000171479
0.000171477
0.00017148
0.00016005
0.000160044
0.00016004
0.000160038
0.000160038
0.000160037
0.000160035
0.000160035
0.000160034
0.000160035
0.000160034
0.000160035
0.000160034
0.000160034
0.000160035
0.000160034
0.000160034
0.000160036
0.000160035
0.000160035
0.000160035
0.000160035
0.000160036
0.000160036
0.000160037
0.000160038
0.000160038
0.000160038
0.000160039
0.000160039
0.000160041
0.000160042
0.000160042
0.000160044
0.000160045
0.000160046
0.000160046
0.000160048
0.000160049
0.000160049
0.00016005
0.000160051
0.000160053
0.000160053
0.000160054
0.000160054
0.000160055
0.000160057
0.000160057
0.000160058
0.000160058
0.000160059
0.000160059
0.000160061
0.000160062
0.000160062
0.000160063
0.000160063
0.000160063
0.000160064
0.000160066
0.000160066
0.000160066
0.000160067
0.000160067
0.000160068
0.000160068
0.000160068
0.00016007
0.00016007
0.000160071
0.000160071
0.000160071
0.000160072
0.000160072
0.000160072
0.000160073
0.000160073
0.000160075
0.000160075
0.000160075
0.000160075
0.000160076
0.000160076
0.000160076
0.000160076
0.000160076
0.000160077
0.000160077
0.000160077
0.000160077
0.000160079
0.000160079
0.000160079
0.000160079
0.000160079
0.000160079
0.000160079
0.000160079
0.000160079
0.000160079
0.000160079
0.000160079
0.000160079
0.000160079
0.000160077
0.000160076
0.000160076
0.000160074
0.000160073
0.000160073
0.000160072
0.00016007
0.00016007
0.000160069
0.000160069
0.000160068
0.000160066
0.000160065
0.000160068
0.000148896
0.000148889
0.000148887
0.000148886
0.000148884
0.000148883
0.000148883
0.000148881
0.000148882
0.000148881
0.000148881
0.000148881
0.00014888
0.000148881
0.00014888
0.00014888
0.000148881
0.000148881
0.000148881
0.000148881
0.000148881
0.000148882
0.000148882
0.000148883
0.000148883
0.000148883
0.000148883
0.000148884
0.000148884
0.000148884
0.000148886
0.000148887
0.000148887
0.000148888
0.00014889
0.00014889
0.000148891
0.000148892
0.000148892
0.000148894
0.000148895
0.000148895
0.000148896
0.000148896
0.000148898
0.000148899
0.000148899
0.0001489
0.0001489
0.000148902
0.000148902
0.000148903
0.000148903
0.000148904
0.000148904
0.000148906
0.000148906
0.000148906
0.000148907
0.000148907
0.000148908
0.000148908
0.00014891
0.00014891
0.00014891
0.000148911
0.000148911
0.000148911
0.000148911
0.000148912
0.000148913
0.000148914
0.000148914
0.000148914
0.000148914
0.000148915
0.000148915
0.000148915
0.000148915
0.000148916
0.000148917
0.000148917
0.000148918
0.000148918
0.000148918
0.000148918
0.000148918
0.000148918
0.000148919
0.000148919
0.000148919
0.000148919
0.000148919
0.000148919
0.000148919
0.000148921
0.000148921
0.000148921
0.000148921
0.000148921
0.000148921
0.000148921
0.000148921
0.000148921
0.00014892
0.000148919
0.000148918
0.000148918
0.000148918
0.000148917
0.000148915
0.000148915
0.000148914
0.000148914
0.000148913
0.000148911
0.000148911
0.00014891
0.000148908
0.000148912
0.000137991
0.000137986
0.000137983
0.000137981
0.00013798
0.000137978
0.000137978
0.000137977
0.000137977
0.000137976
0.000137977
0.000137976
0.000137977
0.000137976
0.000137976
0.000137976
0.000137976
0.000137976
0.000137976
0.000137976
0.000137977
0.000137977
0.000137977
0.000137978
0.000137978
0.000137978
0.000137978
0.000137979
0.000137979
0.000137979
0.00013798
0.000137982
0.000137982
0.000137983
0.000137983
0.000137984
0.000137985
0.000137986
0.000137987
0.000137987
0.000137988
0.000137989
0.00013799
0.00013799
0.000137991
0.000137991
0.000137993
0.000137993
0.000137994
0.000137994
0.000137995
0.000137995
0.000137997
0.000137997
0.000137997
0.000137998
0.000137998
0.000137999
0.000138
0.000138
0.000138
0.000138001
0.000138001
0.000138001
0.000138003
0.000138003
0.000138003
0.000138004
0.000138004
0.000138004
0.000138004
0.000138005
0.000138006
0.000138006
0.000138006
0.000138007
0.000138007
0.000138007
0.000138007
0.000138008
0.000138008
0.000138008
0.000138008
0.000138009
0.00013801
0.00013801
0.00013801
0.00013801
0.00013801
0.00013801
0.00013801
0.00013801
0.00013801
0.000138011
0.000138011
0.000138011
0.000138011
0.000138011
0.000138011
0.000138011
0.000138011
0.000138011
0.000138011
0.000138011
0.000138011
0.00013801
0.00013801
0.00013801
0.000138009
0.000138009
0.000138009
0.000138007
0.000138006
0.000138006
0.000138006
0.000138005
0.000138005
0.000138004
0.000138002
0.000138004
0.00012733
0.000127325
0.000127323
0.000127321
0.00012732
0.000127319
0.000127318
0.000127317
0.000127317
0.000127317
0.000127317
0.000127316
0.000127316
0.000127316
0.000127316
0.000127315
0.000127316
0.000127316
0.000127316
0.000127316
0.000127316
0.000127316
0.000127316
0.000127317
0.000127318
0.000127318
0.000127318
0.000127319
0.000127319
0.000127319
0.00012732
0.00012732
0.000127321
0.000127321
0.000127323
0.000127323
0.000127324
0.000127324
0.000127325
0.000127325
0.000127327
0.000127327
0.000127328
0.000127328
0.000127329
0.00012733
0.000127331
0.000127331
0.000127331
0.000127332
0.000127333
0.000127334
0.000127334
0.000127334
0.000127335
0.000127335
0.000127336
0.000127336
0.000127337
0.000127337
0.000127337
0.000127338
0.000127339
0.000127339
0.000127339
0.00012734
0.00012734
0.00012734
0.00012734
0.000127342
0.000127342
0.000127342
0.000127342
0.000127342
0.000127343
0.000127343
0.000127343
0.000127343
0.000127343
0.000127345
0.000127345
0.000127345
0.000127345
0.000127345
0.000127345
0.000127345
0.000127346
0.000127346
0.000127346
0.000127346
0.000127346
0.000127346
0.000127346
0.000127346
0.000127347
0.000127347
0.000127347
0.000127347
0.000127348
0.000127348
0.000127348
0.000127348
0.000127347
0.000127347
0.000127347
0.000127347
0.000127347
0.000127347
0.000127345
0.000127345
0.000127345
0.000127344
0.000127344
0.000127343
0.000127343
0.000127342
0.000127342
0.000127342
0.00012734
0.000127342
0.000116911
0.000116907
0.000116905
0.000116903
0.000116902
0.000116901
0.0001169
0.0001169
0.000116899
0.000116899
0.000116898
0.000116898
0.000116898
0.000116897
0.000116898
0.000116898
0.000116897
0.000116897
0.000116897
0.000116898
0.000116898
0.000116898
0.000116898
0.000116899
0.000116899
0.000116899
0.000116899
0.0001169
0.0001169
0.0001169
0.000116901
0.000116901
0.000116902
0.000116903
0.000116903
0.000116904
0.000116904
0.000116905
0.000116905
0.000116907
0.000116907
0.000116908
0.000116908
0.000116908
0.000116909
0.00011691
0.000116911
0.000116911
0.000116911
0.000116912
0.000116913
0.000116913
0.000116913
0.000116914
0.000116914
0.000116915
0.000116915
0.000116916
0.000116916
0.000116916
0.000116916
0.000116918
0.000116918
0.000116918
0.000116918
0.000116918
0.000116919
0.000116919
0.00011692
0.00011692
0.00011692
0.00011692
0.000116921
0.000116921
0.000116921
0.000116921
0.000116921
0.000116922
0.000116923
0.000116923
0.000116923
0.000116923
0.000116923
0.000116923
0.000116923
0.000116924
0.000116924
0.000116924
0.000116924
0.000116924
0.000116924
0.000116925
0.000116925
0.000116925
0.000116925
0.000116925
0.000116925
0.000116925
0.000116925
0.000116925
0.000116925
0.000116925
0.000116925
0.000116925
0.000116925
0.000116925
0.000116925
0.000116925
0.000116924
0.000116924
0.000116924
0.000116923
0.000116923
0.000116922
0.000116921
0.000116921
0.000116921
0.00011692
0.00011692
0.000116921
0.000106733
0.00010673
0.000106728
0.000106727
0.000106725
0.000106725
0.000106724
0.000106723
0.000106723
0.000106722
0.000106722
0.000106721
0.000106721
0.000106721
0.000106721
0.00010672
0.00010672
0.00010672
0.000106721
0.000106721
0.000106721
0.000106721
0.000106721
0.000106721
0.000106722
0.000106722
0.000106722
0.000106722
0.000106723
0.000106723
0.000106723
0.000106724
0.000106724
0.000106725
0.000106726
0.000106726
0.000106727
0.000106727
0.000106728
0.000106728
0.000106729
0.00010673
0.00010673
0.00010673
0.000106731
0.000106732
0.000106732
0.000106733
0.000106733
0.000106733
0.000106734
0.000106735
0.000106735
0.000106735
0.000106735
0.000106736
0.000106737
0.000106737
0.000106737
0.000106737
0.000106737
0.000106738
0.000106739
0.000106739
0.000106739
0.000106739
0.000106739
0.000106739
0.00010674
0.000106741
0.000106741
0.000106741
0.000106741
0.000106741
0.000106741
0.000106742
0.000106742
0.000106743
0.000106743
0.000106743
0.000106743
0.000106743
0.000106743
0.000106743
0.000106743
0.000106744
0.000106744
0.000106744
0.000106744
0.000106744
0.000106744
0.000106744
0.000106745
0.000106745
0.000106745
0.000106745
0.000106745
0.000106745
0.000106745
0.000106745
0.000106745
0.000106745
0.000106745
0.000106745
0.000106745
0.000106745
0.000106745
0.000106745
0.000106744
0.000106744
0.000106744
0.000106743
0.000106743
0.000106743
0.000106742
0.000106742
0.000106741
0.000106741
0.00010674
0.000106741
9.68003e-05
9.67976e-05
9.67953e-05
9.67942e-05
9.67932e-05
9.67922e-05
9.67912e-05
9.67902e-05
9.679e-05
9.67892e-05
9.67886e-05
9.67886e-05
9.67881e-05
9.67877e-05
9.67874e-05
9.67871e-05
9.67876e-05
9.67875e-05
9.67875e-05
9.67875e-05
9.67876e-05
9.67878e-05
9.67879e-05
9.67881e-05
9.67883e-05
9.67885e-05
9.67888e-05
9.67891e-05
9.67893e-05
9.67896e-05
9.67906e-05
9.67909e-05
9.67913e-05
9.67917e-05
9.67921e-05
9.67925e-05
9.67929e-05
9.67933e-05
9.67943e-05
9.67947e-05
9.67951e-05
9.67955e-05
9.67959e-05
9.67962e-05
9.67971e-05
9.67975e-05
9.67978e-05
9.67981e-05
9.67984e-05
9.67993e-05
9.67996e-05
9.67998e-05
9.68001e-05
9.68003e-05
9.68011e-05
9.68014e-05
9.68016e-05
9.68018e-05
9.6802e-05
9.68028e-05
9.6803e-05
9.68031e-05
9.68033e-05
9.68035e-05
9.68036e-05
9.68038e-05
9.68046e-05
9.68047e-05
9.68049e-05
9.6805e-05
9.68052e-05
9.68053e-05
9.68054e-05
9.68056e-05
9.68063e-05
9.68064e-05
9.68066e-05
9.68067e-05
9.68068e-05
9.68069e-05
9.68071e-05
9.68072e-05
9.68073e-05
9.68074e-05
9.68075e-05
9.68076e-05
9.68077e-05
9.68078e-05
9.68078e-05
9.68085e-05
9.68086e-05
9.68086e-05
9.68087e-05
9.68088e-05
9.68088e-05
9.68089e-05
9.68089e-05
9.6809e-05
9.6809e-05
9.6809e-05
9.6809e-05
9.6809e-05
9.6809e-05
9.6809e-05
9.68089e-05
9.68089e-05
9.68087e-05
9.68086e-05
9.68084e-05
9.68082e-05
9.68079e-05
9.68077e-05
9.68074e-05
9.68071e-05
9.68067e-05
9.68064e-05
9.68061e-05
9.68058e-05
9.68047e-05
9.68058e-05
8.71159e-05
8.71137e-05
8.71123e-05
8.71109e-05
8.71094e-05
8.71085e-05
8.7108e-05
8.71071e-05
8.71063e-05
8.71056e-05
8.71055e-05
8.71049e-05
8.71045e-05
8.71041e-05
8.71038e-05
8.71041e-05
8.71039e-05
8.71039e-05
8.71038e-05
8.71039e-05
8.7104e-05
8.71041e-05
8.71043e-05
8.71045e-05
8.71047e-05
8.71049e-05
8.71051e-05
8.71054e-05
8.71056e-05
8.71059e-05
8.71067e-05
8.7107e-05
8.71073e-05
8.71077e-05
8.7108e-05
8.71084e-05
8.71087e-05
8.71091e-05
8.71099e-05
8.71103e-05
8.71107e-05
8.7111e-05
8.71113e-05
8.71116e-05
8.71124e-05
8.71127e-05
8.7113e-05
8.71133e-05
8.71141e-05
8.71143e-05
8.71146e-05
8.71148e-05
8.7115e-05
8.71157e-05
8.71159e-05
8.71161e-05
8.71163e-05
8.71165e-05
8.71166e-05
8.71173e-05
8.71175e-05
8.71176e-05
8.71178e-05
8.71179e-05
8.71181e-05
8.71187e-05
8.71188e-05
8.7119e-05
8.71191e-05
8.71192e-05
8.71194e-05
8.71195e-05
8.71196e-05
8.71197e-05
8.71203e-05
8.71204e-05
8.71205e-05
8.71207e-05
8.71208e-05
8.71209e-05
8.7121e-05
8.71211e-05
8.71212e-05
8.71213e-05
8.71214e-05
8.71215e-05
8.71215e-05
8.71216e-05
8.71217e-05
8.71217e-05
8.71218e-05
8.71223e-05
8.71224e-05
8.71225e-05
8.71225e-05
8.71226e-05
8.71226e-05
8.71227e-05
8.71227e-05
8.71227e-05
8.71227e-05
8.71227e-05
8.71227e-05
8.71227e-05
8.71226e-05
8.71226e-05
8.71225e-05
8.71224e-05
8.71222e-05
8.7122e-05
8.71218e-05
8.71216e-05
8.71214e-05
8.71211e-05
8.71208e-05
8.71205e-05
8.71202e-05
8.71199e-05
8.71191e-05
8.71199e-05
7.76903e-05
7.76885e-05
7.7687e-05
7.76858e-05
7.76846e-05
7.76837e-05
7.76828e-05
7.7682e-05
7.76812e-05
7.76809e-05
7.76803e-05
7.76798e-05
7.76793e-05
7.7679e-05
7.76787e-05
7.76785e-05
7.76784e-05
7.76784e-05
7.76784e-05
7.76784e-05
7.76789e-05
7.7679e-05
7.76792e-05
7.76794e-05
7.76795e-05
7.76798e-05
7.768e-05
7.76802e-05
7.76804e-05
7.76807e-05
7.76809e-05
7.76812e-05
7.76819e-05
7.76822e-05
7.76825e-05
7.76828e-05
7.76831e-05
7.76834e-05
7.76837e-05
7.76845e-05
7.76848e-05
7.76851e-05
7.76854e-05
7.76856e-05
7.76863e-05
7.76866e-05
7.76868e-05
7.76871e-05
7.76873e-05
7.76879e-05
7.76881e-05
7.76884e-05
7.76885e-05
7.76887e-05
7.76893e-05
7.76895e-05
7.76896e-05
7.76898e-05
7.76899e-05
7.76905e-05
7.76906e-05
7.76908e-05
7.76909e-05
7.7691e-05
7.76911e-05
7.76912e-05
7.76918e-05
7.76919e-05
7.7692e-05
7.76921e-05
7.76922e-05
7.76923e-05
7.76924e-05
7.76925e-05
7.76926e-05
7.76927e-05
7.76928e-05
7.76933e-05
7.76934e-05
7.76935e-05
7.76936e-05
7.76937e-05
7.76938e-05
7.76939e-05
7.76939e-05
7.7694e-05
7.76941e-05
7.76941e-05
7.76942e-05
7.76943e-05
7.76943e-05
7.76944e-05
7.76944e-05
7.76945e-05
7.76945e-05
7.76946e-05
7.76946e-05
7.76947e-05
7.76947e-05
7.76947e-05
7.76947e-05
7.76947e-05
7.76947e-05
7.76947e-05
7.76947e-05
7.76946e-05
7.76946e-05
7.76945e-05
7.76943e-05
7.76942e-05
7.76944e-05
7.76943e-05
7.76941e-05
7.76938e-05
7.76936e-05
7.76933e-05
7.76931e-05
7.76928e-05
7.76921e-05
7.76927e-05
6.85361e-05
6.85344e-05
6.85333e-05
6.85323e-05
6.85312e-05
6.85304e-05
6.85295e-05
6.85287e-05
6.8528e-05
6.85273e-05
6.85268e-05
6.85263e-05
6.85259e-05
6.85256e-05
6.85253e-05
6.85251e-05
6.8525e-05
6.8525e-05
6.8525e-05
6.85251e-05
6.85252e-05
6.85253e-05
6.85254e-05
6.85256e-05
6.85258e-05
6.85259e-05
6.85261e-05
6.85267e-05
6.85269e-05
6.85271e-05
6.85273e-05
6.85275e-05
6.85278e-05
6.8528e-05
6.85286e-05
6.85289e-05
6.85292e-05
6.85294e-05
6.85297e-05
6.853e-05
6.85306e-05
6.85308e-05
6.85311e-05
6.85313e-05
6.85315e-05
6.85321e-05
6.85323e-05
6.85325e-05
6.85327e-05
6.85329e-05
6.85334e-05
6.85336e-05
6.85338e-05
6.85339e-05
6.85341e-05
6.85346e-05
6.85347e-05
6.85348e-05
6.8535e-05
6.85351e-05
6.85352e-05
6.85356e-05
6.85358e-05
6.85359e-05
6.8536e-05
6.85361e-05
6.85362e-05
6.85363e-05
6.85363e-05
6.85368e-05
6.85369e-05
6.8537e-05
6.8537e-05
6.85371e-05
6.85372e-05
6.85373e-05
6.85374e-05
6.85375e-05
6.85376e-05
6.85376e-05
6.85377e-05
6.85378e-05
6.85379e-05
6.8538e-05
6.8538e-05
6.85381e-05
6.85381e-05
6.85382e-05
6.85382e-05
6.85386e-05
6.85387e-05
6.85387e-05
6.85388e-05
6.85388e-05
6.85389e-05
6.85389e-05
6.8539e-05
6.8539e-05
6.8539e-05
6.8539e-05
6.8539e-05
6.8539e-05
6.8539e-05
6.8539e-05
6.8539e-05
6.8539e-05
6.85389e-05
6.85389e-05
6.85388e-05
6.85387e-05
6.85385e-05
6.85384e-05
6.85382e-05
6.8538e-05
6.85378e-05
6.85376e-05
6.85374e-05
6.85372e-05
6.85369e-05
6.8537e-05
5.96718e-05
5.96708e-05
5.96697e-05
5.96686e-05
5.96677e-05
5.96667e-05
5.96659e-05
5.96651e-05
5.96644e-05
5.96638e-05
5.9663e-05
5.96626e-05
5.96622e-05
5.96619e-05
5.96617e-05
5.96616e-05
5.96615e-05
5.96615e-05
5.96615e-05
5.96615e-05
5.96616e-05
5.96617e-05
5.96618e-05
5.9662e-05
5.96624e-05
5.96626e-05
5.96627e-05
5.96629e-05
5.96631e-05
5.96633e-05
5.96637e-05
5.96639e-05
5.96641e-05
5.96643e-05
5.96646e-05
5.96648e-05
5.96653e-05
5.96655e-05
5.96657e-05
5.96659e-05
5.96662e-05
5.96664e-05
5.96669e-05
5.96671e-05
5.96673e-05
5.96675e-05
5.96677e-05
5.96681e-05
5.96683e-05
5.96684e-05
5.96686e-05
5.96687e-05
5.96691e-05
5.96693e-05
5.96694e-05
5.96695e-05
5.96697e-05
5.967e-05
5.96701e-05
5.96702e-05
5.96703e-05
5.96704e-05
5.96705e-05
5.96706e-05
5.9671e-05
5.9671e-05
5.96711e-05
5.96712e-05
5.96713e-05
5.96714e-05
5.96714e-05
5.96715e-05
5.96716e-05
5.96717e-05
5.96717e-05
5.96718e-05
5.96719e-05
5.9672e-05
5.9672e-05
5.96724e-05
5.96725e-05
5.96725e-05
5.96726e-05
5.96727e-05
5.96727e-05
5.96728e-05
5.96728e-05
5.96729e-05
5.96729e-05
5.9673e-05
5.9673e-05
5.9673e-05
5.96731e-05
5.96731e-05
5.96732e-05
5.96732e-05
5.96733e-05
5.96733e-05
5.96733e-05
5.96733e-05
5.96733e-05
5.96733e-05
5.96733e-05
5.96733e-05
5.96733e-05
5.96733e-05
5.96733e-05
5.96732e-05
5.96732e-05
5.96731e-05
5.9673e-05
5.96729e-05
5.96727e-05
5.96726e-05
5.96724e-05
5.96722e-05
5.9672e-05
5.96718e-05
5.96716e-05
5.96714e-05
5.11225e-05
5.11219e-05
5.11211e-05
5.112e-05
5.1119e-05
5.1118e-05
5.11173e-05
5.11166e-05
5.11158e-05
5.11152e-05
5.11147e-05
5.11143e-05
5.1114e-05
5.11136e-05
5.11134e-05
5.11132e-05
5.11132e-05
5.11131e-05
5.11132e-05
5.11132e-05
5.11133e-05
5.11134e-05
5.11135e-05
5.11138e-05
5.11139e-05
5.11141e-05
5.11142e-05
5.11144e-05
5.11147e-05
5.11149e-05
5.1115e-05
5.11152e-05
5.11154e-05
5.11157e-05
5.11159e-05
5.11161e-05
5.11163e-05
5.11165e-05
5.11167e-05
5.11171e-05
5.11173e-05
5.11174e-05
5.11176e-05
5.11178e-05
5.11182e-05
5.11183e-05
5.11185e-05
5.11187e-05
5.11188e-05
5.11191e-05
5.11193e-05
5.11194e-05
5.11195e-05
5.11196e-05
5.11199e-05
5.11201e-05
5.11202e-05
5.11203e-05
5.11203e-05
5.11204e-05
5.11207e-05
5.11208e-05
5.11209e-05
5.11209e-05
5.1121e-05
5.11211e-05
5.11212e-05
5.11212e-05
5.11213e-05
5.11214e-05
5.11214e-05
5.11215e-05
5.11216e-05
5.11218e-05
5.11219e-05
5.1122e-05
5.1122e-05
5.11221e-05
5.11221e-05
5.11222e-05
5.11223e-05
5.11223e-05
5.11224e-05
5.11225e-05
5.11225e-05
5.11226e-05
5.11226e-05
5.11226e-05
5.11227e-05
5.11227e-05
5.11228e-05
5.11228e-05
5.11228e-05
5.11229e-05
5.11229e-05
5.1123e-05
5.1123e-05
5.1123e-05
5.1123e-05
5.11231e-05
5.11231e-05
5.11231e-05
5.11231e-05
5.11229e-05
5.11229e-05
5.11229e-05
5.11228e-05
5.11228e-05
5.1123e-05
5.11229e-05
5.11228e-05
5.11227e-05
5.11226e-05
5.11225e-05
5.11223e-05
5.11222e-05
5.1122e-05
5.11219e-05
5.11217e-05
5.11213e-05
4.29224e-05
4.2922e-05
4.29213e-05
4.29204e-05
4.29195e-05
4.29186e-05
4.29178e-05
4.29171e-05
4.29165e-05
4.29159e-05
4.29155e-05
4.29151e-05
4.29147e-05
4.29144e-05
4.29143e-05
4.29142e-05
4.29141e-05
4.29141e-05
4.29141e-05
4.29141e-05
4.29142e-05
4.29143e-05
4.29143e-05
4.29145e-05
4.29147e-05
4.29148e-05
4.2915e-05
4.29151e-05
4.29152e-05
4.29155e-05
4.29156e-05
4.29158e-05
4.29159e-05
4.29162e-05
4.29163e-05
4.29165e-05
4.29166e-05
4.29168e-05
4.29171e-05
4.29172e-05
4.29174e-05
4.29176e-05
4.29177e-05
4.2918e-05
4.29181e-05
4.29183e-05
4.29184e-05
4.29185e-05
4.29188e-05
4.29189e-05
4.29191e-05
4.29192e-05
4.29193e-05
4.29195e-05
4.29196e-05
4.29197e-05
4.29198e-05
4.29199e-05
4.29199e-05
4.292e-05
4.29202e-05
4.29203e-05
4.29204e-05
4.29204e-05
4.29205e-05
4.29205e-05
4.29206e-05
4.29207e-05
4.29207e-05
4.29208e-05
4.29208e-05
4.29209e-05
4.29209e-05
4.2921e-05
4.29211e-05
4.29211e-05
4.29212e-05
4.29212e-05
4.29213e-05
4.29213e-05
4.29214e-05
4.29214e-05
4.29215e-05
4.29215e-05
4.29216e-05
4.29216e-05
4.29217e-05
4.29217e-05
4.29217e-05
4.29218e-05
4.29218e-05
4.29218e-05
4.29219e-05
4.29219e-05
4.29219e-05
4.2922e-05
4.2922e-05
4.2922e-05
4.2922e-05
4.29221e-05
4.29221e-05
4.29221e-05
4.29221e-05
4.29221e-05
4.29221e-05
4.29221e-05
4.29221e-05
4.2922e-05
4.2922e-05
4.2922e-05
4.29219e-05
4.29218e-05
4.29218e-05
4.29217e-05
4.29216e-05
4.29214e-05
4.29213e-05
4.29212e-05
4.29211e-05
4.29207e-05
3.51177e-05
3.51175e-05
3.51169e-05
3.51161e-05
3.51152e-05
3.51144e-05
3.51137e-05
3.51131e-05
3.51125e-05
3.51121e-05
3.51116e-05
3.51113e-05
3.51109e-05
3.51107e-05
3.51106e-05
3.51105e-05
3.51104e-05
3.51104e-05
3.51104e-05
3.51104e-05
3.51105e-05
3.51105e-05
3.51106e-05
3.51108e-05
3.51109e-05
3.5111e-05
3.51112e-05
3.51113e-05
3.51114e-05
3.51115e-05
3.51117e-05
3.51119e-05
3.5112e-05
3.51121e-05
3.51123e-05
3.51124e-05
3.51125e-05
3.51127e-05
3.51129e-05
3.5113e-05
3.51131e-05
3.51133e-05
3.51134e-05
3.51135e-05
3.51137e-05
3.51138e-05
3.51139e-05
3.51141e-05
3.51142e-05
3.51144e-05
3.51145e-05
3.51145e-05
3.51146e-05
3.51147e-05
3.51148e-05
3.5115e-05
3.5115e-05
3.51151e-05
3.51152e-05
3.51152e-05
3.51153e-05
3.51153e-05
3.51154e-05
3.51155e-05
3.51155e-05
3.51156e-05
3.51156e-05
3.51157e-05
3.51157e-05
3.51158e-05
3.51158e-05
3.51158e-05
3.51159e-05
3.51159e-05
3.5116e-05
3.5116e-05
3.51161e-05
3.51161e-05
3.51162e-05
3.51162e-05
3.51163e-05
3.51163e-05
3.51164e-05
3.51164e-05
3.51164e-05
3.51165e-05
3.51165e-05
3.51165e-05
3.51166e-05
3.51166e-05
3.51166e-05
3.51167e-05
3.51167e-05
3.51167e-05
3.51167e-05
3.51168e-05
3.51168e-05
3.51168e-05
3.51167e-05
3.51167e-05
3.51168e-05
3.51168e-05
3.51168e-05
3.51168e-05
3.51168e-05
3.51168e-05
3.51168e-05
3.51168e-05
3.51167e-05
3.51167e-05
3.51167e-05
3.51166e-05
3.51165e-05
3.51165e-05
3.51164e-05
3.51163e-05
3.51162e-05
3.51161e-05
3.5116e-05
3.51156e-05
2.77724e-05
2.77724e-05
2.77718e-05
2.77711e-05
2.77704e-05
2.77697e-05
2.77691e-05
2.77686e-05
2.7768e-05
2.77677e-05
2.77673e-05
2.7767e-05
2.77667e-05
2.77666e-05
2.77664e-05
2.77663e-05
2.77663e-05
2.77663e-05
2.77663e-05
2.77663e-05
2.77663e-05
2.77664e-05
2.77665e-05
2.77666e-05
2.77666e-05
2.77668e-05
2.77669e-05
2.7767e-05
2.77671e-05
2.77672e-05
2.77673e-05
2.77674e-05
2.77675e-05
2.77676e-05
2.77677e-05
2.77679e-05
2.7768e-05
2.7768e-05
2.77681e-05
2.77682e-05
2.77684e-05
2.77685e-05
2.77686e-05
2.77687e-05
2.77688e-05
2.7769e-05
2.77691e-05
2.77691e-05
2.77692e-05
2.77693e-05
2.77694e-05
2.77695e-05
2.77696e-05
2.77697e-05
2.77697e-05
2.77698e-05
2.77698e-05
2.77699e-05
2.77699e-05
2.777e-05
2.777e-05
2.77701e-05
2.77701e-05
2.77702e-05
2.77702e-05
2.77703e-05
2.77703e-05
2.77703e-05
2.77704e-05
2.77704e-05
2.77705e-05
2.77705e-05
2.77705e-05
2.77706e-05
2.77706e-05
2.77707e-05
2.77707e-05
2.77707e-05
2.77708e-05
2.77708e-05
2.77708e-05
2.77709e-05
2.77709e-05
2.77709e-05
2.77709e-05
2.77709e-05
2.7771e-05
2.7771e-05
2.7771e-05
2.7771e-05
2.77711e-05
2.77711e-05
2.77711e-05
2.77712e-05
2.77712e-05
2.77712e-05
2.77712e-05
2.77712e-05
2.77713e-05
2.77712e-05
2.77712e-05
2.77712e-05
2.77712e-05
2.77712e-05
2.77712e-05
2.77712e-05
2.77712e-05
2.77712e-05
2.77712e-05
2.77712e-05
2.77712e-05
2.77711e-05
2.77711e-05
2.7771e-05
2.7771e-05
2.77709e-05
2.77708e-05
2.77707e-05
2.77707e-05
2.77702e-05
2.09766e-05
2.09766e-05
2.09761e-05
2.09755e-05
2.0975e-05
2.09744e-05
2.09739e-05
2.09735e-05
2.09731e-05
2.09727e-05
2.09725e-05
2.09722e-05
2.0972e-05
2.09719e-05
2.09718e-05
2.09717e-05
2.09717e-05
2.09716e-05
2.09716e-05
2.09716e-05
2.09717e-05
2.09718e-05
2.09718e-05
2.09719e-05
2.09719e-05
2.09721e-05
2.09721e-05
2.09722e-05
2.09723e-05
2.09724e-05
2.09724e-05
2.09725e-05
2.09726e-05
2.09727e-05
2.09727e-05
2.09728e-05
2.09729e-05
2.0973e-05
2.09731e-05
2.09731e-05
2.09732e-05
2.09733e-05
2.09734e-05
2.09735e-05
2.09735e-05
2.09736e-05
2.09737e-05
2.09738e-05
2.09739e-05
2.09739e-05
2.0974e-05
2.0974e-05
2.09741e-05
2.09742e-05
2.09742e-05
2.09742e-05
2.09743e-05
2.09743e-05
2.09744e-05
2.09744e-05
2.09745e-05
2.09745e-05
2.09745e-05
2.09746e-05
2.09746e-05
2.09746e-05
2.09747e-05
2.09747e-05
2.09747e-05
2.09748e-05
2.09748e-05
2.09748e-05
2.09748e-05
2.09748e-05
2.09749e-05
2.09749e-05
2.09749e-05
2.0975e-05
2.0975e-05
2.0975e-05
2.09751e-05
2.09751e-05
2.09751e-05
2.09751e-05
2.09751e-05
2.09751e-05
2.09752e-05
2.09752e-05
2.09752e-05
2.09752e-05
2.09753e-05
2.09753e-05
2.09753e-05
2.09753e-05
2.09753e-05
2.09753e-05
2.09753e-05
2.09753e-05
2.09754e-05
2.09754e-05
2.09754e-05
2.09754e-05
2.09754e-05
2.09754e-05
2.09754e-05
2.09754e-05
2.09754e-05
2.09754e-05
2.09754e-05
2.09754e-05
2.09754e-05
2.09753e-05
2.09753e-05
2.09753e-05
2.09752e-05
2.09752e-05
2.09751e-05
2.09751e-05
2.0975e-05
2.09746e-05
1.48581e-05
1.48581e-05
1.48577e-05
1.48573e-05
1.48569e-05
1.48565e-05
1.48561e-05
1.48558e-05
1.48555e-05
1.48552e-05
1.4855e-05
1.48548e-05
1.48547e-05
1.48546e-05
1.48545e-05
1.48544e-05
1.48544e-05
1.48544e-05
1.48544e-05
1.48544e-05
1.48544e-05
1.48545e-05
1.48545e-05
1.48546e-05
1.48546e-05
1.48547e-05
1.48547e-05
1.48548e-05
1.48548e-05
1.48549e-05
1.48549e-05
1.4855e-05
1.48551e-05
1.48551e-05
1.48551e-05
1.48552e-05
1.48552e-05
1.48553e-05
1.48554e-05
1.48554e-05
1.48555e-05
1.48555e-05
1.48556e-05
1.48557e-05
1.48557e-05
1.48558e-05
1.48558e-05
1.48559e-05
1.48559e-05
1.4856e-05
1.4856e-05
1.48561e-05
1.48561e-05
1.48562e-05
1.48562e-05
1.48562e-05
1.48563e-05
1.48563e-05
1.48563e-05
1.48564e-05
1.48564e-05
1.48564e-05
1.48564e-05
1.48564e-05
1.48565e-05
1.48565e-05
1.48565e-05
1.48565e-05
1.48566e-05
1.48566e-05
1.48566e-05
1.48566e-05
1.48566e-05
1.48567e-05
1.48567e-05
1.48567e-05
1.48567e-05
1.48567e-05
1.48567e-05
1.48568e-05
1.48568e-05
1.48568e-05
1.48569e-05
1.48569e-05
1.48569e-05
1.48569e-05
1.48569e-05
1.48569e-05
1.48569e-05
1.48569e-05
1.4857e-05
1.4857e-05
1.4857e-05
1.4857e-05
1.4857e-05
1.4857e-05
1.4857e-05
1.4857e-05
1.4857e-05
1.48571e-05
1.48571e-05
1.48571e-05
1.48571e-05
1.48571e-05
1.48571e-05
1.48571e-05
1.48571e-05
1.48571e-05
1.48571e-05
1.48571e-05
1.48571e-05
1.4857e-05
1.4857e-05
1.4857e-05
1.4857e-05
1.48569e-05
1.48569e-05
1.48568e-05
1.48568e-05
1.48565e-05
9.59499e-06
9.59499e-06
9.59477e-06
9.5945e-06
9.59421e-06
9.59394e-06
9.59367e-06
9.59344e-06
9.59322e-06
9.59304e-06
9.5929e-06
9.59278e-06
9.59267e-06
9.59261e-06
9.59255e-06
9.5925e-06
9.59249e-06
9.59247e-06
9.59247e-06
9.59247e-06
9.59249e-06
9.59251e-06
9.59252e-06
9.59256e-06
9.59259e-06
9.59264e-06
9.59267e-06
9.5927e-06
9.59274e-06
9.59277e-06
9.5928e-06
9.59285e-06
9.59288e-06
9.59291e-06
9.59294e-06
9.59297e-06
9.593e-06
9.59305e-06
9.59309e-06
9.59313e-06
9.59317e-06
9.5932e-06
9.59324e-06
9.59328e-06
9.59332e-06
9.59335e-06
9.59339e-06
9.59343e-06
9.59346e-06
9.59349e-06
9.59352e-06
9.59355e-06
9.59356e-06
9.59359e-06
9.59362e-06
9.59364e-06
9.59367e-06
9.59369e-06
9.59372e-06
9.59374e-06
9.59376e-06
9.59376e-06
9.59378e-06
9.5938e-06
9.59382e-06
9.59384e-06
9.59386e-06
9.59386e-06
9.59388e-06
9.5939e-06
9.59391e-06
9.59393e-06
9.59393e-06
9.59395e-06
9.59396e-06
9.59398e-06
9.594e-06
9.59402e-06
9.59402e-06
9.59403e-06
9.59405e-06
9.59407e-06
9.59409e-06
9.5941e-06
9.5941e-06
9.59411e-06
9.59413e-06
9.59413e-06
9.59414e-06
9.59415e-06
9.59417e-06
9.59416e-06
9.59417e-06
9.59419e-06
9.5942e-06
9.59421e-06
9.59422e-06
9.59423e-06
9.59422e-06
9.59423e-06
9.59424e-06
9.59424e-06
9.59425e-06
9.59426e-06
9.59426e-06
9.59426e-06
9.59427e-06
9.59425e-06
9.59425e-06
9.59425e-06
9.59424e-06
9.59423e-06
9.59422e-06
9.59421e-06
9.59419e-06
9.59416e-06
9.59414e-06
9.59411e-06
9.59409e-06
9.59387e-06
5.41037e-06
5.41038e-06
5.41027e-06
5.41013e-06
5.40997e-06
5.40981e-06
5.40965e-06
5.4095e-06
5.40937e-06
5.40926e-06
5.40917e-06
5.4091e-06
5.40904e-06
5.40899e-06
5.40896e-06
5.40893e-06
5.40891e-06
5.40889e-06
5.40889e-06
5.4089e-06
5.4089e-06
5.40892e-06
5.40892e-06
5.40895e-06
5.40896e-06
5.40898e-06
5.40901e-06
5.40902e-06
5.40904e-06
5.40906e-06
5.40908e-06
5.4091e-06
5.40912e-06
5.40914e-06
5.40915e-06
5.40917e-06
5.40919e-06
5.40922e-06
5.40924e-06
5.40926e-06
5.40928e-06
5.40931e-06
5.40933e-06
5.40935e-06
5.40938e-06
5.4094e-06
5.40942e-06
5.40945e-06
5.40945e-06
5.40947e-06
5.40949e-06
5.40951e-06
5.40952e-06
5.40954e-06
5.40955e-06
5.40957e-06
5.40958e-06
5.4096e-06
5.40962e-06
5.40962e-06
5.40963e-06
5.40965e-06
5.40966e-06
5.40966e-06
5.40968e-06
5.40969e-06
5.4097e-06
5.40971e-06
5.40972e-06
5.40973e-06
5.40974e-06
5.40975e-06
5.40975e-06
5.40976e-06
5.40977e-06
5.40978e-06
5.40979e-06
5.4098e-06
5.40981e-06
5.40982e-06
5.40983e-06
5.40983e-06
5.40985e-06
5.40986e-06
5.40987e-06
5.40987e-06
5.40987e-06
5.40988e-06
5.40988e-06
5.40989e-06
5.40989e-06
5.4099e-06
5.4099e-06
5.40991e-06
5.40992e-06
5.40992e-06
5.40993e-06
5.40993e-06
5.40994e-06
5.40994e-06
5.40995e-06
5.40995e-06
5.40996e-06
5.40996e-06
5.40996e-06
5.40996e-06
5.40996e-06
5.40996e-06
5.40996e-06
5.40996e-06
5.40996e-06
5.40995e-06
5.40995e-06
5.40994e-06
5.40993e-06
5.40992e-06
5.4099e-06
5.40988e-06
5.40988e-06
5.40974e-06
2.50223e-06
2.50224e-06
2.50222e-06
2.50215e-06
2.50208e-06
2.502e-06
2.50192e-06
2.50184e-06
2.50178e-06
2.50175e-06
2.5017e-06
2.50166e-06
2.50163e-06
2.5016e-06
2.50158e-06
2.50156e-06
2.50155e-06
2.50154e-06
2.50153e-06
2.50153e-06
2.50153e-06
2.50154e-06
2.50154e-06
2.50157e-06
2.50158e-06
2.50159e-06
2.5016e-06
2.50161e-06
2.50162e-06
2.50163e-06
2.50163e-06
2.50164e-06
2.50165e-06
2.50166e-06
2.50167e-06
2.50168e-06
2.50169e-06
2.5017e-06
2.50171e-06
2.50172e-06
2.50173e-06
2.50174e-06
2.50175e-06
2.50177e-06
2.50178e-06
2.50179e-06
2.5018e-06
2.50181e-06
2.50179e-06
2.5018e-06
2.50181e-06
2.50182e-06
2.50183e-06
2.50184e-06
2.50184e-06
2.50185e-06
2.50186e-06
2.50187e-06
2.50188e-06
2.50188e-06
2.50189e-06
2.5019e-06
2.5019e-06
2.50191e-06
2.50192e-06
2.50192e-06
2.50193e-06
2.50193e-06
2.50194e-06
2.50195e-06
2.50195e-06
2.50196e-06
2.50196e-06
2.50197e-06
2.50197e-06
2.50198e-06
2.50198e-06
2.50199e-06
2.502e-06
2.502e-06
2.50201e-06
2.50201e-06
2.50202e-06
2.50202e-06
2.50203e-06
2.50203e-06
2.50204e-06
2.50201e-06
2.50201e-06
2.50201e-06
2.50202e-06
2.50202e-06
2.50202e-06
2.50203e-06
2.50203e-06
2.50204e-06
2.50204e-06
2.50204e-06
2.50205e-06
2.50205e-06
2.50205e-06
2.50205e-06
2.50206e-06
2.50206e-06
2.50206e-06
2.50206e-06
2.50206e-06
2.50207e-06
2.50207e-06
2.50207e-06
2.50206e-06
2.50206e-06
2.50206e-06
2.50206e-06
2.50205e-06
2.50205e-06
2.50204e-06
2.50203e-06
2.50203e-06
2.50198e-06
8.72913e-07
8.72926e-07
8.72923e-07
8.72906e-07
8.72879e-07
8.7285e-07
8.7282e-07
8.72793e-07
8.72775e-07
8.72756e-07
8.72739e-07
8.72723e-07
8.7271e-07
8.727e-07
8.72691e-07
8.72684e-07
8.7268e-07
8.72676e-07
8.72673e-07
8.72672e-07
8.72679e-07
8.72681e-07
8.72681e-07
8.72686e-07
8.72689e-07
8.72692e-07
8.72696e-07
8.72698e-07
8.72701e-07
8.72704e-07
8.72707e-07
8.7271e-07
8.72714e-07
8.72717e-07
8.7272e-07
8.72723e-07
8.72726e-07
8.7273e-07
8.72735e-07
8.72739e-07
8.72743e-07
8.72747e-07
8.72752e-07
8.72756e-07
8.7276e-07
8.72764e-07
8.72769e-07
8.72773e-07
8.72775e-07
8.7277e-07
8.72772e-07
8.72776e-07
8.72779e-07
8.72783e-07
8.72786e-07
8.72789e-07
8.72792e-07
8.72795e-07
8.72798e-07
8.72801e-07
8.72804e-07
8.72806e-07
8.72808e-07
8.72811e-07
8.72813e-07
8.72816e-07
8.72818e-07
8.7282e-07
8.72822e-07
8.72825e-07
8.72827e-07
8.72829e-07
8.72831e-07
8.72833e-07
8.72835e-07
8.72837e-07
8.72839e-07
8.72841e-07
8.72843e-07
8.72845e-07
8.72848e-07
8.7285e-07
8.72852e-07
8.72854e-07
8.72856e-07
8.72858e-07
8.7286e-07
8.72851e-07
8.7285e-07
8.72851e-07
8.72853e-07
8.72855e-07
8.72856e-07
8.72858e-07
8.72859e-07
8.72861e-07
8.72862e-07
8.72863e-07
8.72865e-07
8.72866e-07
8.72867e-07
8.72868e-07
8.72869e-07
8.7287e-07
8.72871e-07
8.72871e-07
8.72872e-07
8.72872e-07
8.72872e-07
8.72872e-07
8.72872e-07
8.72872e-07
8.72871e-07
8.7287e-07
8.72868e-07
8.72866e-07
8.72863e-07
8.7286e-07
8.72859e-07
8.72841e-07
2.05138e-07
2.05144e-07
2.05145e-07
2.05141e-07
2.05135e-07
2.05128e-07
2.05121e-07
2.05114e-07
2.05108e-07
2.05104e-07
2.051e-07
2.05096e-07
2.05093e-07
2.0509e-07
2.05088e-07
2.05087e-07
2.05086e-07
2.05085e-07
2.05084e-07
2.05084e-07
2.05084e-07
2.05085e-07
2.05085e-07
2.05086e-07
2.05087e-07
2.05087e-07
2.05088e-07
2.05089e-07
2.0509e-07
2.0509e-07
2.05091e-07
2.05092e-07
2.05092e-07
2.05093e-07
2.05094e-07
2.05095e-07
2.05096e-07
2.05097e-07
2.05098e-07
2.05099e-07
2.05099e-07
2.05101e-07
2.05102e-07
2.05103e-07
2.05104e-07
2.05105e-07
2.05106e-07
2.05107e-07
2.05107e-07
2.05107e-07
2.05108e-07
2.05109e-07
2.0511e-07
2.05111e-07
2.05111e-07
2.05112e-07
2.05113e-07
2.05113e-07
2.05113e-07
2.05114e-07
2.05115e-07
2.05115e-07
2.05116e-07
2.05116e-07
2.05117e-07
2.05117e-07
2.05118e-07
2.05119e-07
2.05119e-07
2.0512e-07
2.0512e-07
2.05121e-07
2.05121e-07
2.05122e-07
2.05122e-07
2.05123e-07
2.05123e-07
2.05124e-07
2.05124e-07
2.05125e-07
2.05125e-07
2.05126e-07
2.05126e-07
2.05127e-07
2.05127e-07
2.05128e-07
2.05128e-07
2.05128e-07
2.05127e-07
2.05128e-07
2.05128e-07
2.05128e-07
2.05129e-07
2.05129e-07
2.0513e-07
2.0513e-07
2.0513e-07
2.05131e-07
2.05131e-07
2.05131e-07
2.05131e-07
2.05132e-07
2.05132e-07
2.05132e-07
2.05132e-07
2.05132e-07
2.05133e-07
2.05133e-07
2.05133e-07
2.05133e-07
2.05133e-07
2.05133e-07
2.05133e-07
2.05132e-07
2.05132e-07
2.05131e-07
2.05131e-07
2.0513e-07
2.0513e-07
2.05126e-07
2.67911e-08
2.6792e-08
2.67922e-08
2.67917e-08
2.67909e-08
2.679e-08
2.6789e-08
2.67881e-08
2.67875e-08
2.67868e-08
2.67863e-08
2.67858e-08
2.67854e-08
2.6785e-08
2.67847e-08
2.67845e-08
2.67844e-08
2.67842e-08
2.67842e-08
2.67841e-08
2.67842e-08
2.67842e-08
2.67842e-08
2.67843e-08
2.67845e-08
2.67846e-08
2.67847e-08
2.67847e-08
2.67848e-08
2.67849e-08
2.6785e-08
2.67851e-08
2.67852e-08
2.67853e-08
2.67854e-08
2.67855e-08
2.67856e-08
2.67857e-08
2.67859e-08
2.6786e-08
2.67861e-08
2.67863e-08
2.67864e-08
2.67866e-08
2.67867e-08
2.67868e-08
2.6787e-08
2.67871e-08
2.67872e-08
2.67872e-08
2.67873e-08
2.67874e-08
2.67875e-08
2.67876e-08
2.67877e-08
2.67878e-08
2.67879e-08
2.6788e-08
2.67881e-08
2.67881e-08
2.67882e-08
2.67883e-08
2.67884e-08
2.67885e-08
2.67885e-08
2.67886e-08
2.67887e-08
2.67888e-08
2.67888e-08
2.67889e-08
2.6789e-08
2.67891e-08
2.67891e-08
2.67892e-08
2.67892e-08
2.67893e-08
2.67894e-08
2.67895e-08
2.67895e-08
2.67896e-08
2.67897e-08
2.67897e-08
2.67898e-08
2.67899e-08
2.67899e-08
2.67899e-08
2.679e-08
2.67899e-08
2.67899e-08
2.67899e-08
2.67899e-08
2.679e-08
2.679e-08
2.67901e-08
2.67901e-08
2.67902e-08
2.67902e-08
2.67903e-08
2.67903e-08
2.67904e-08
2.67904e-08
2.67904e-08
2.67905e-08
2.67905e-08
2.67905e-08
2.67905e-08
2.67906e-08
2.67906e-08
2.67906e-08
2.67906e-08
2.67906e-08
2.67906e-08
2.67905e-08
2.67905e-08
2.67905e-08
2.67904e-08
2.67903e-08
2.67902e-08
2.67902e-08
2.67896e-08
1.25309e-09
1.25314e-09
1.25315e-09
1.25313e-09
1.25309e-09
1.25304e-09
1.253e-09
1.25296e-09
1.25292e-09
1.25289e-09
1.25287e-09
1.25285e-09
1.25283e-09
1.25281e-09
1.2528e-09
1.25279e-09
1.25278e-09
1.25277e-09
1.25277e-09
1.25277e-09
1.25277e-09
1.25277e-09
1.25277e-09
1.25278e-09
1.25278e-09
1.25279e-09
1.25279e-09
1.2528e-09
1.2528e-09
1.2528e-09
1.25281e-09
1.25281e-09
1.25282e-09
1.25282e-09
1.25283e-09
1.25283e-09
1.25284e-09
1.25284e-09
1.25285e-09
1.25286e-09
1.25286e-09
1.25287e-09
1.25287e-09
1.25288e-09
1.25289e-09
1.25289e-09
1.2529e-09
1.25291e-09
1.25291e-09
1.25291e-09
1.25291e-09
1.25292e-09
1.25292e-09
1.25293e-09
1.25293e-09
1.25294e-09
1.25294e-09
1.25295e-09
1.25295e-09
1.25296e-09
1.25296e-09
1.25296e-09
1.25297e-09
1.25297e-09
1.25297e-09
1.25298e-09
1.25298e-09
1.25299e-09
1.25299e-09
1.25299e-09
1.253e-09
1.253e-09
1.253e-09
1.253e-09
1.25301e-09
1.25301e-09
1.25301e-09
1.25302e-09
1.25302e-09
1.25302e-09
1.25303e-09
1.25303e-09
1.25303e-09
1.25304e-09
1.25304e-09
1.25304e-09
1.25304e-09
1.25304e-09
1.25304e-09
1.25304e-09
1.25304e-09
1.25304e-09
1.25305e-09
1.25305e-09
1.25305e-09
1.25305e-09
1.25306e-09
1.25306e-09
1.25306e-09
1.25306e-09
1.25306e-09
1.25306e-09
1.25307e-09
1.25307e-09
1.25307e-09
1.25307e-09
1.25307e-09
1.25307e-09
1.25307e-09
1.25307e-09
1.25307e-09
1.25307e-09
1.25307e-09
1.25307e-09
1.25307e-09
1.25306e-09
1.25306e-09
1.25306e-09
1.25305e-09
1.25303e-09
7.20634e-12
7.20661e-12
7.20665e-12
7.20652e-12
7.2063e-12
7.20605e-12
7.2058e-12
7.20556e-12
7.20536e-12
7.2052e-12
7.20504e-12
7.20491e-12
7.20479e-12
7.2047e-12
7.20462e-12
7.20457e-12
7.20453e-12
7.20449e-12
7.20447e-12
7.20446e-12
7.20447e-12
7.20448e-12
7.20449e-12
7.20452e-12
7.20455e-12
7.20458e-12
7.2046e-12
7.20463e-12
7.20465e-12
7.20468e-12
7.2047e-12
7.20473e-12
7.20476e-12
7.20478e-12
7.20481e-12
7.20484e-12
7.20487e-12
7.2049e-12
7.20493e-12
7.20497e-12
7.205e-12
7.20504e-12
7.20508e-12
7.20512e-12
7.20515e-12
7.20519e-12
7.20523e-12
7.20527e-12
7.20528e-12
7.20529e-12
7.20531e-12
7.20534e-12
7.20537e-12
7.2054e-12
7.20542e-12
7.20545e-12
7.20548e-12
7.2055e-12
7.20552e-12
7.20555e-12
7.20557e-12
7.20559e-12
7.20561e-12
7.20563e-12
7.20565e-12
7.20567e-12
7.2057e-12
7.20571e-12
7.20573e-12
7.20575e-12
7.20577e-12
7.20579e-12
7.20581e-12
7.20582e-12
7.20584e-12
7.20586e-12
7.20588e-12
7.2059e-12
7.20592e-12
7.20593e-12
7.20595e-12
7.20597e-12
7.20599e-12
7.20601e-12
7.20602e-12
7.20603e-12
7.20605e-12
7.20603e-12
7.20602e-12
7.20603e-12
7.20604e-12
7.20606e-12
7.20607e-12
7.20608e-12
7.2061e-12
7.20611e-12
7.20612e-12
7.20613e-12
7.20614e-12
7.20615e-12
7.20616e-12
7.20617e-12
7.20618e-12
7.20619e-12
7.2062e-12
7.2062e-12
7.20621e-12
7.20621e-12
7.20621e-12
7.20621e-12
7.20621e-12
7.20621e-12
7.20621e-12
7.2062e-12
7.20618e-12
7.20617e-12
7.20614e-12
7.20612e-12
7.20611e-12
7.20596e-12
)
;

boundaryField
{
    bottomWall
    {
        type            nutUWallFunction;
        Cmu             0.09;
        kappa           0.41;
        E               9.8;
        value           nonuniform 0();
    }
    topWall
    {
        type            nutUWallFunction;
        Cmu             0.09;
        kappa           0.41;
        E               9.8;
        value           uniform 0;
    }
    sides1_half0
    {
        type            cyclic;
    }
    sides1_half1
    {
        type            cyclic;
    }
    sides2_half0
    {
        type            cyclic;
    }
    sides2_half1
    {
        type            cyclic;
    }
    inout1_half0
    {
        type            cyclic;
    }
    inout1_half1
    {
        type            cyclic;
    }
    inout2_half0
    {
        type            cyclic;
    }
    inout2_half1
    {
        type            cyclic;
    }
    procBoundary0to1
    {
        type            processor;
        value           nonuniform List<scalar> 
122
(
0.000287827
0.000287824
0.000287826
0.000287828
0.000287831
0.000287833
0.000287835
0.000287838
0.000287839
0.000287841
0.000287842
0.000287844
0.000287846
0.000287847
0.000287849
0.00028785
0.000287851
0.000287852
0.000287853
0.000287855
0.000287856
0.000287857
0.000287858
0.000287859
0.00028786
0.000287861
0.000287862
0.000287863
0.000287864
0.000287865
0.000287867
0.000287868
0.000287868
0.00028787
0.000287871
0.000287872
0.000287873
0.000287874
0.000287875
0.000287876
0.000287877
0.000287878
0.000287879
0.00028788
0.000287881
0.000287882
0.000287883
0.000287884
0.000287885
0.000287886
0.000287887
0.000287887
0.000287888
0.000287889
0.00028789
0.000287891
0.000287891
0.000287892
0.000287893
0.000287893
0.000287894
0.000287895
0.000287895
0.000287895
0.000287896
0.000287897
0.000287897
0.000287897
0.000287897
0.000287898
0.000287898
0.000287898
0.000287898
0.000287898
0.000287899
0.000287898
0.000287898
0.000273442
0.000273436
0.000273434
0.000273433
0.000273433
0.000273433
0.000273433
0.000273433
0.000273433
0.000273433
0.000273432
0.000273433
0.000273433
0.000273433
0.000273433
0.000273433
0.000273434
0.000273434
0.000273435
0.000273435
0.000273435
0.000273435
0.000273435
0.000273435
0.000273435
0.000273503
0.000273503
0.000273503
0.000273501
0.000273499
0.000273496
0.000273494
0.000273492
0.000273489
0.000273487
0.000273485
0.000273483
0.000273481
0.000273479
0.000273476
0.000273475
0.000273473
0.000273471
0.000273468
0.000273471
)
;
    }
}


// ************************************************************************* //
