/*--------------------------------*- C++ -*----------------------------------*\
  =========                 |
  \\      /  F ield         | OpenFOAM: The Open Source CFD Toolbox
   \\    /   O peration     | Website:  https://openfoam.org
    \\  /    A nd           | Version:  7
     \\/     M anipulation  |
\*---------------------------------------------------------------------------*/
FoamFile
{
    version     2.0;
    format      ascii;
    class       volScalarField;
    location    "19000";
    object      nut;
}
// * * * * * * * * * * * * * * * * * * * * * * * * * * * * * * * * * * * * * //

dimensions      [0 2 -1 0 0 0 0];

internalField   nonuniform List<scalar> 
4026
(
0.000284816
0.000284811
0.000284812
0.000284814
0.000284816
0.000284818
0.000284821
0.000284823
0.000284825
0.000284827
0.00028483
0.000284832
0.000284834
0.000284836
0.000284838
0.000284841
0.000284843
0.000284845
0.000284847
0.000284849
0.000284851
0.000284852
0.000284854
0.000284855
0.000284856
0.000284858
0.000284859
0.00028486
0.000284861
0.000284862
0.000284863
0.000284864
0.000284865
0.000284866
0.000284866
0.000284867
0.000284867
0.000284868
0.000284868
0.000284869
0.000284869
0.00028487
0.00028487
0.00028487
0.000284872
0.000284808
0.000284809
0.000284812
0.000284815
0.000284818
0.00028482
0.000284823
0.000284825
0.000284827
0.000284829
0.00028483
0.000284832
0.000284833
0.000284835
0.000284835
0.000284841
0.000299506
0.000299501
0.000299501
0.000299504
0.000299506
0.000299509
0.000299511
0.000299514
0.000299516
0.000299519
0.000299521
0.000299523
0.000299525
0.000299528
0.00029953
0.000299533
0.000299535
0.000299537
0.000299539
0.000299541
0.000299543
0.000299544
0.000299546
0.000299547
0.000299548
0.00029955
0.000299551
0.000299552
0.000299553
0.000299554
0.000299555
0.000299556
0.000299556
0.000299557
0.000299558
0.000299559
0.000299559
0.000299559
0.00029956
0.00029956
0.00029956
0.000299561
0.000299561
0.000299561
0.000299563
0.00029949
0.000299491
0.000299495
0.000299498
0.000299502
0.000299505
0.000299508
0.00029951
0.000299512
0.000299514
0.000299516
0.000299518
0.00029952
0.000299521
0.000299522
0.000299527
0.00031465
0.000314646
0.000314647
0.000314649
0.000314652
0.000314655
0.000314658
0.00031466
0.000314663
0.000314665
0.000314668
0.00031467
0.000314673
0.000314675
0.000314677
0.00031468
0.000314682
0.000314684
0.000314686
0.000314688
0.00031469
0.000314692
0.000314693
0.000314695
0.000314696
0.000314697
0.000314698
0.000314699
0.000314701
0.000314701
0.000314702
0.000314702
0.000314703
0.000314704
0.000314705
0.000314705
0.000314705
0.000314705
0.000314706
0.000314706
0.000314706
0.000314706
0.000314706
0.000314706
0.000314708
0.00031463
0.000314629
0.000314633
0.000314637
0.000314641
0.000314645
0.000314647
0.00031465
0.000314653
0.000314655
0.000314657
0.000314659
0.000314661
0.000314662
0.000314663
0.000314668
0.000330278
0.000330276
0.000330277
0.00033028
0.000330282
0.000330286
0.000330289
0.000330292
0.000330295
0.000330297
0.000330299
0.000330302
0.000330304
0.000330306
0.000330309
0.000330312
0.000330314
0.000330317
0.000330319
0.00033032
0.000330322
0.000330324
0.000330325
0.000330327
0.000330328
0.000330329
0.00033033
0.000330331
0.000330332
0.000330333
0.000330333
0.000330334
0.000330335
0.000330335
0.000330335
0.000330336
0.000330336
0.000330336
0.000330336
0.000330336
0.000330336
0.000330336
0.000330335
0.000330335
0.000330337
0.000330255
0.000330254
0.000330257
0.000330261
0.000330265
0.000330268
0.000330272
0.000330275
0.000330278
0.00033028
0.000330282
0.000330284
0.000330285
0.000330287
0.000330289
0.000330292
0.000346423
0.000346422
0.000346424
0.000346426
0.000346429
0.000346432
0.000346436
0.000346439
0.000346443
0.000346445
0.000346448
0.00034645
0.000346452
0.000346455
0.000346457
0.00034646
0.000346463
0.000346465
0.000346467
0.000346469
0.000346471
0.000346472
0.000346473
0.000346474
0.000346476
0.000346477
0.000346478
0.000346479
0.00034648
0.00034648
0.000346481
0.000346481
0.000346481
0.000346482
0.000346482
0.000346482
0.000346482
0.000346482
0.000346482
0.000346481
0.000346481
0.000346481
0.000346481
0.00034648
0.000346481
0.000346396
0.000346395
0.000346398
0.000346401
0.000346405
0.000346409
0.000346412
0.000346415
0.000346418
0.00034642
0.000346422
0.000346424
0.000346426
0.000346428
0.000346428
0.000346432
0.000363117
0.000363118
0.00036312
0.000363123
0.000363126
0.00036313
0.000363133
0.000363136
0.00036314
0.000363143
0.000363145
0.000363148
0.00036315
0.000363153
0.000363155
0.000363157
0.00036316
0.000363162
0.000363164
0.000363167
0.000363168
0.000363169
0.000363171
0.000363172
0.000363173
0.000363174
0.000363175
0.000363175
0.000363176
0.000363177
0.000363177
0.000363177
0.000363177
0.000363178
0.000363178
0.000363177
0.000363177
0.000363177
0.000363177
0.000363175
0.000363175
0.000363175
0.000363174
0.000363173
0.000363173
0.000363087
0.000363086
0.000363088
0.000363091
0.000363094
0.000363098
0.000363101
0.000363105
0.000363107
0.000363109
0.000363112
0.000363113
0.000363115
0.000363117
0.000363118
0.00036312
0.000380396
0.000380399
0.000380402
0.000380405
0.000380409
0.000380412
0.000380416
0.00038042
0.000380423
0.000380426
0.000380428
0.000380431
0.000380433
0.000380436
0.000380438
0.000380441
0.000380444
0.000380446
0.000380447
0.00038045
0.000380451
0.000380452
0.000380454
0.000380454
0.000380456
0.000380456
0.000380457
0.000380458
0.000380458
0.000380458
0.000380458
0.000380458
0.000380459
0.000380458
0.000380458
0.000380458
0.000380456
0.000380456
0.000380455
0.000380455
0.000380453
0.000380453
0.000380452
0.000380451
0.00038045
0.000380362
0.000380362
0.000380364
0.000380366
0.000380369
0.000380372
0.000380375
0.000380379
0.000380381
0.000380383
0.000380386
0.000380387
0.000380388
0.00038039
0.000380391
0.000380393
0.000398299
0.000398303
0.000398308
0.000398311
0.000398315
0.000398319
0.000398323
0.000398327
0.00039833
0.000398333
0.000398336
0.000398338
0.000398341
0.000398344
0.000398346
0.000398348
0.000398351
0.000398352
0.000398354
0.000398356
0.000398357
0.000398359
0.00039836
0.000398361
0.000398361
0.000398362
0.000398363
0.000398363
0.000398363
0.000398362
0.000398362
0.000398362
0.000398362
0.000398361
0.000398361
0.00039836
0.00039836
0.000398358
0.000398357
0.000398356
0.000398355
0.000398353
0.000398352
0.000398351
0.000398348
0.000398259
0.000398261
0.000398263
0.000398265
0.000398267
0.00039827
0.000398273
0.000398275
0.000398278
0.00039828
0.000398282
0.000398284
0.000398285
0.000398286
0.000398288
0.000398287
0.000416865
0.000416873
0.000416878
0.000416882
0.000416886
0.00041689
0.000416894
0.000416898
0.000416902
0.000416905
0.000416907
0.00041691
0.000416912
0.000416915
0.000416917
0.000416919
0.000416921
0.000416924
0.000416925
0.000416927
0.000416928
0.000416929
0.00041693
0.000416931
0.000416931
0.000416931
0.000416931
0.000416932
0.000416931
0.000416931
0.000416931
0.000416929
0.000416929
0.000416928
0.000416927
0.000416926
0.000416925
0.000416923
0.000416922
0.000416921
0.000416919
0.000416917
0.000416915
0.000416915
0.000416909
0.00041682
0.000416824
0.000416825
0.000416827
0.000416829
0.000416831
0.000416834
0.000416837
0.000416839
0.000416841
0.000416842
0.000416844
0.000416845
0.000416846
0.000416847
0.000416845
0.000436139
0.000436149
0.000436155
0.000436159
0.000436164
0.000436169
0.000436172
0.000436176
0.00043618
0.000436183
0.000436186
0.000436188
0.000436191
0.000436193
0.000436195
0.000436198
0.000436199
0.000436201
0.000436202
0.000436204
0.000436205
0.000436206
0.000436206
0.000436206
0.000436207
0.000436207
0.000436207
0.000436207
0.000436206
0.000436206
0.000436204
0.000436203
0.000436203
0.000436201
0.0004362
0.000436198
0.000436196
0.000436194
0.000436192
0.00043619
0.000436188
0.000436186
0.000436184
0.000436183
0.000436176
0.000436087
0.000436092
0.000436094
0.000436095
0.000436097
0.0004361
0.000436101
0.000436103
0.000436105
0.000436106
0.000436109
0.00043611
0.00043611
0.000436111
0.000436112
0.000436109
0.000456165
0.000456178
0.000456185
0.00045619
0.000456194
0.000456199
0.000456204
0.000456208
0.000456211
0.000456215
0.000456218
0.000456219
0.000456222
0.000456224
0.000456226
0.000456227
0.00045623
0.000456232
0.000456232
0.000456234
0.000456234
0.000456236
0.000456236
0.000456235
0.000456235
0.000456235
0.000456233
0.000456233
0.000456232
0.000456232
0.00045623
0.000456229
0.000456227
0.000456225
0.000456223
0.000456221
0.000456219
0.000456217
0.000456215
0.000456213
0.000456209
0.000456206
0.000456204
0.000456203
0.000456192
0.000456104
0.000456112
0.000456114
0.000456116
0.000456118
0.000456118
0.00045612
0.000456122
0.000456123
0.000456124
0.000456125
0.000456126
0.000456126
0.000456127
0.000456129
0.000456122
0.000476991
0.000477009
0.000477016
0.000477022
0.000477026
0.000477031
0.000477035
0.00047704
0.000477043
0.000477046
0.000477048
0.000477051
0.000477053
0.000477055
0.000477056
0.000477058
0.00047706
0.000477062
0.000477062
0.000477063
0.000477064
0.000477064
0.000477064
0.000477064
0.000477062
0.000477062
0.000477061
0.000477059
0.000477057
0.000477057
0.000477055
0.000477053
0.000477051
0.000477049
0.000477046
0.000477043
0.000477041
0.000477039
0.000477035
0.000477032
0.000477029
0.000477025
0.000477022
0.000477021
0.000477007
0.000476921
0.000476931
0.000476934
0.000476934
0.000476936
0.000476937
0.000476939
0.00047694
0.000476941
0.000476942
0.000476941
0.000476941
0.000476942
0.000476942
0.000476944
0.000476935
0.000498669
0.000498688
0.000498698
0.000498703
0.000498708
0.000498713
0.000498718
0.000498721
0.000498725
0.000498728
0.00049873
0.000498732
0.000498734
0.000498736
0.000498738
0.000498739
0.000498741
0.000498741
0.000498743
0.000498743
0.000498743
0.000498742
0.000498742
0.000498742
0.00049874
0.000498738
0.000498738
0.000498736
0.000498734
0.000498732
0.00049873
0.000498726
0.000498724
0.000498721
0.000498719
0.000498714
0.000498712
0.000498707
0.000498704
0.000498701
0.000498697
0.000498693
0.000498689
0.000498687
0.00049867
0.000498585
0.0004986
0.000498602
0.000498604
0.000498604
0.000498605
0.000498605
0.000498606
0.000498607
0.000498607
0.000498606
0.000498606
0.000498606
0.000498606
0.000498607
0.000498595
0.000521249
0.000521272
0.000521283
0.000521288
0.000521294
0.000521299
0.000521303
0.000521307
0.00052131
0.000521314
0.000521316
0.000521318
0.00052132
0.00052132
0.000521322
0.000521324
0.000521324
0.000521325
0.000521325
0.000521325
0.000521325
0.000521325
0.000521323
0.000521322
0.00052132
0.000521318
0.000521316
0.000521314
0.000521311
0.000521309
0.000521305
0.000521302
0.000521299
0.000521295
0.000521292
0.000521287
0.000521284
0.000521279
0.000521276
0.000521271
0.000521265
0.000521262
0.000521256
0.000521254
0.000521234
0.000521151
0.000521169
0.000521173
0.000521174
0.000521174
0.000521175
0.000521174
0.000521175
0.000521174
0.000521174
0.000521173
0.000521173
0.000521172
0.00052117
0.000521172
0.000521157
0.000544786
0.000544816
0.000544827
0.000544833
0.000544839
0.000544843
0.000544848
0.000544852
0.000544856
0.000544858
0.00054486
0.000544862
0.000544862
0.000544865
0.000544865
0.000544867
0.000544867
0.000544867
0.000544867
0.000544866
0.000544864
0.000544864
0.000544862
0.000544859
0.000544857
0.000544855
0.000544852
0.000544849
0.000544847
0.000544842
0.000544839
0.000544836
0.000544831
0.000544828
0.000544822
0.000544817
0.000544813
0.000544808
0.000544802
0.000544796
0.000544792
0.000544787
0.00054478
0.000544776
0.000544754
0.000544672
0.000544694
0.000544699
0.000544699
0.0005447
0.000544701
0.0005447
0.000544699
0.000544698
0.000544698
0.000544697
0.000544695
0.000544694
0.000544692
0.000544693
0.000544675
0.00056934
0.000569377
0.000569387
0.000569394
0.0005694
0.000569405
0.000569409
0.000569414
0.000569416
0.000569419
0.000569421
0.000569421
0.000569423
0.000569423
0.000569423
0.000569425
0.000569425
0.000569425
0.000569423
0.000569422
0.00056942
0.000569419
0.000569417
0.000569414
0.000569411
0.000569408
0.000569403
0.0005694
0.000569397
0.000569392
0.000569388
0.000569383
0.000569377
0.000569373
0.000569367
0.000569361
0.000569355
0.000569351
0.000569345
0.000569338
0.000569332
0.000569325
0.000569318
0.000569314
0.000569289
0.000569207
0.000569236
0.000569241
0.000569242
0.000569241
0.000569242
0.000569241
0.00056924
0.000569239
0.000569236
0.000569235
0.000569233
0.00056923
0.000569227
0.000569229
0.000569206
0.000594972
0.000595012
0.000595026
0.000595033
0.000595038
0.000595043
0.000595048
0.00059505
0.000595055
0.000595055
0.000595058
0.000595058
0.00059506
0.00059506
0.00059506
0.00059506
0.000595059
0.000595059
0.000595056
0.000595056
0.000595053
0.00059505
0.000595047
0.000595044
0.00059504
0.000595035
0.000595031
0.000595025
0.000595022
0.000595016
0.000595012
0.000595005
0.000594999
0.000594992
0.000594986
0.000594981
0.000594975
0.000594968
0.00059496
0.000594953
0.000594946
0.000594938
0.000594929
0.000594926
0.000594894
0.000594817
0.000594849
0.000594858
0.000594859
0.000594857
0.000594856
0.000594855
0.000594854
0.000594851
0.00059485
0.000594847
0.000594844
0.000594841
0.000594835
0.000594837
0.000594812
0.000621742
0.000621789
0.000621802
0.00062181
0.000621818
0.00062182
0.000621825
0.000621828
0.000621831
0.000621833
0.000621833
0.000621833
0.000621833
0.000621833
0.000621832
0.000621832
0.000621831
0.000621831
0.000621828
0.000621824
0.000621821
0.000621818
0.000621814
0.00062181
0.000621807
0.0006218
0.000621796
0.00062179
0.000621785
0.000621779
0.000621772
0.000621764
0.000621757
0.00062175
0.000621742
0.000621735
0.000621727
0.000621719
0.000621711
0.000621703
0.000621695
0.000621687
0.000621676
0.000621673
0.000621637
0.000621563
0.000621601
0.00062161
0.000621609
0.00062161
0.000621609
0.000621606
0.000621605
0.000621601
0.000621597
0.000621594
0.00062159
0.000621587
0.000621581
0.000621583
0.000621553
0.000649715
0.000649766
0.000649784
0.000649792
0.000649798
0.000649804
0.000649806
0.000649809
0.000649812
0.000649812
0.000649814
0.000649814
0.000649814
0.00064981
0.00064981
0.000649809
0.000649809
0.000649805
0.000649801
0.000649797
0.000649794
0.00064979
0.000649785
0.000649781
0.000649774
0.00064977
0.000649762
0.000649755
0.00064975
0.000649742
0.000649734
0.000649726
0.000649718
0.00064971
0.000649702
0.000649693
0.000649685
0.000649673
0.000649664
0.000649655
0.000649646
0.000649634
0.000649625
0.000649618
0.000649579
0.000649507
0.000649553
0.000649563
0.000649565
0.000649564
0.000649562
0.000649558
0.000649554
0.000649553
0.00064955
0.000649543
0.000649539
0.000649535
0.000649528
0.000649528
0.000649494
0.000678955
0.000679018
0.000679037
0.000679046
0.000679049
0.000679055
0.000679058
0.000679061
0.000679064
0.000679064
0.000679063
0.000679063
0.000679062
0.000679058
0.000679058
0.000679057
0.000679053
0.000679048
0.000679047
0.000679043
0.000679035
0.000679031
0.000679026
0.000679018
0.000679013
0.000679005
0.000678997
0.000678991
0.000678983
0.000678974
0.000678965
0.000678956
0.000678947
0.000678938
0.000678926
0.000678916
0.000678907
0.000678897
0.000678884
0.000678874
0.000678864
0.00067885
0.00067884
0.000678833
0.00067879
0.000678721
0.000678775
0.000678783
0.000678785
0.000678784
0.000678783
0.000678779
0.000678774
0.00067877
0.000678766
0.000678762
0.000678754
0.00067875
0.000678743
0.000678742
0.000678702
0.000709538
0.000709608
0.000709629
0.000709636
0.000709642
0.000709645
0.000709648
0.000709651
0.000709654
0.000709654
0.000709653
0.000709652
0.000709648
0.000709647
0.000709642
0.000709641
0.000709637
0.000709632
0.000709627
0.000709622
0.000709617
0.000709612
0.000709603
0.000709597
0.000709588
0.000709579
0.000709569
0.00070956
0.00070955
0.000709541
0.000709531
0.000709521
0.000709511
0.0007095
0.00070949
0.000709476
0.000709465
0.000709454
0.00070944
0.000709429
0.000709418
0.000709403
0.000709388
0.000709384
0.000709332
0.000709268
0.000709331
0.000709341
0.000709343
0.000709342
0.000709337
0.000709336
0.000709332
0.000709324
0.000709319
0.000709314
0.000709306
0.000709298
0.00070929
0.000709289
0.000709244
0.000741526
0.000741608
0.00074163
0.000741637
0.000741645
0.000741648
0.000741651
0.00074165
0.000741653
0.000741652
0.000741651
0.000741647
0.000741645
0.00074164
0.000741639
0.000741634
0.000741628
0.000741623
0.000741617
0.000741611
0.000741606
0.000741596
0.00074159
0.000741579
0.000741569
0.000741559
0.000741552
0.000741542
0.000741531
0.000741516
0.000741505
0.000741494
0.000741482
0.000741471
0.000741455
0.000741444
0.000741432
0.000741416
0.000741404
0.000741388
0.000741375
0.000741359
0.000741346
0.000741337
0.00074128
0.000741223
0.000741292
0.000741307
0.000741306
0.000741305
0.0007413
0.000741295
0.00074129
0.000741285
0.00074128
0.000741271
0.000741262
0.000741253
0.000741244
0.000741243
0.000741194
0.000774997
0.000775086
0.000775111
0.000775119
0.000775127
0.00077513
0.000775134
0.000775132
0.000775131
0.00077513
0.000775129
0.000775123
0.000775122
0.000775116
0.00077511
0.000775108
0.000775102
0.000775096
0.000775085
0.000775078
0.000775072
0.000775061
0.000775054
0.000775042
0.000775031
0.000775019
0.000775007
0.000774995
0.000774983
0.000774971
0.000774959
0.000774946
0.000774929
0.000774917
0.000774904
0.000774886
0.000774873
0.000774856
0.000774842
0.000774824
0.00077481
0.000774792
0.000774774
0.000774768
0.000774706
0.000774651
0.000774732
0.000774749
0.000774748
0.000774747
0.000774741
0.000774736
0.000774731
0.000774721
0.000774716
0.000774706
0.000774696
0.000774686
0.000774676
0.000774675
0.000774621
0.000810018
0.000810117
0.000810144
0.000810158
0.000810161
0.000810165
0.000810168
0.000810167
0.000810165
0.000810164
0.000810157
0.000810155
0.000810149
0.000810142
0.000810135
0.000810133
0.000810126
0.000810114
0.000810107
0.000810099
0.000810087
0.000810079
0.000810067
0.000810054
0.000810041
0.000810028
0.000810015
0.000810001
0.000809988
0.000809974
0.000809961
0.000809947
0.000809928
0.000809914
0.000809899
0.00080988
0.000809865
0.000809846
0.000809831
0.000809811
0.000809796
0.000809775
0.000809755
0.000809744
0.00080968
0.000809629
0.000809719
0.000809737
0.000809741
0.000809736
0.00080973
0.000809724
0.000809718
0.000809708
0.000809697
0.000809691
0.00080968
0.000809669
0.000809654
0.000809652
0.000809593
0.000846662
0.000846777
0.000846807
0.000846816
0.000846825
0.000846824
0.000846827
0.000846826
0.000846824
0.000846816
0.000846814
0.000846807
0.000846805
0.000846797
0.000846789
0.000846781
0.000846773
0.00084676
0.000846751
0.000846743
0.000846729
0.000846715
0.000846706
0.000846692
0.000846677
0.000846663
0.000846648
0.000846633
0.000846618
0.000846603
0.000846582
0.000846567
0.000846551
0.00084653
0.000846514
0.000846493
0.000846476
0.000846455
0.000846438
0.000846416
0.000846399
0.000846377
0.000846354
0.000846343
0.000846271
0.000846225
0.00084633
0.00084635
0.00084635
0.000846349
0.000846343
0.000846337
0.000846325
0.000846313
0.000846307
0.000846295
0.000846283
0.000846272
0.000846254
0.000846253
0.000846187
0.000885008
0.000885135
0.000885168
0.000885178
0.000885182
0.000885185
0.000885183
0.000885181
0.000885179
0.00088517
0.000885168
0.000885159
0.000885151
0.000885142
0.000885133
0.000885124
0.000885115
0.000885106
0.00088509
0.000885081
0.000885065
0.000885055
0.00088504
0.000885024
0.000885007
0.000884991
0.000884975
0.000884958
0.000884941
0.000884918
0.000884901
0.000884884
0.000884867
0.000884843
0.000884825
0.000884802
0.000884784
0.00088476
0.000884741
0.000884717
0.000884698
0.000884673
0.000884649
0.000884635
0.000884557
0.000884522
0.000884633
0.000884655
0.000884661
0.000884654
0.000884647
0.000884641
0.000884628
0.000884615
0.000884608
0.000884595
0.000884577
0.000884563
0.00088455
0.000884543
0.000884476
0.000925119
0.000925259
0.000925296
0.000925306
0.00092531
0.000925314
0.000925311
0.000925309
0.000925306
0.000925296
0.000925287
0.000925283
0.000925274
0.000925264
0.000925254
0.000925243
0.000925227
0.000925216
0.000925199
0.000925188
0.000925171
0.000925153
0.000925142
0.000925124
0.000925106
0.000925088
0.000925069
0.000925051
0.000925025
0.000925007
0.000924988
0.000924968
0.000924943
0.000924923
0.000924903
0.000924877
0.000924857
0.00092483
0.00092481
0.000924783
0.000924756
0.000924735
0.000924707
0.000924693
0.000924606
0.000924579
0.000924708
0.000924733
0.000924733
0.000924726
0.000924718
0.000924711
0.000924697
0.000924683
0.000924669
0.000924655
0.000924641
0.000924626
0.000924605
0.000924597
0.000924523
0.000967073
0.000967228
0.000967268
0.000967279
0.000967283
0.00096728
0.000967277
0.000967274
0.00096727
0.00096726
0.000967249
0.000967245
0.000967234
0.000967222
0.000967204
0.000967192
0.00096718
0.000967161
0.000967149
0.00096713
0.000967118
0.000967098
0.000967078
0.000967058
0.000967038
0.000967018
0.000966997
0.000966977
0.000966956
0.000966935
0.000966906
0.000966885
0.000966864
0.000966835
0.000966813
0.000966784
0.000966762
0.000966739
0.000966709
0.00096668
0.000966657
0.000966626
0.000966603
0.00096658
0.000966491
0.000966473
0.000966609
0.000966637
0.000966644
0.000966636
0.000966628
0.000966613
0.000966605
0.00096659
0.000966574
0.000966559
0.000966536
0.00096652
0.000966504
0.000966495
0.000966414
0.00101094
0.00101111
0.00101114
0.00101116
0.00101116
0.00101116
0.00101115
0.00101115
0.00101115
0.00101113
0.00101112
0.00101111
0.0010111
0.00101108
0.00101107
0.00101106
0.00101104
0.00101102
0.001011
0.00101099
0.00101097
0.00101094
0.00101092
0.0010109
0.00101088
0.00101085
0.00101083
0.00101081
0.00101078
0.00101076
0.00101074
0.00101071
0.00101068
0.00101066
0.00101063
0.0010106
0.00101057
0.00101054
0.00101051
0.00101049
0.00101045
0.00101043
0.00101039
0.00101038
0.00101028
0.00101026
0.00101042
0.00101045
0.00101046
0.00101045
0.00101044
0.00101043
0.00101041
0.00101039
0.00101038
0.00101036
0.00101034
0.00101032
0.0010103
0.00101029
0.00101021
0.00105677
0.00105696
0.001057
0.00105701
0.00105702
0.00105701
0.00105701
0.001057
0.00105699
0.00105697
0.00105696
0.00105695
0.00105693
0.00105692
0.0010569
0.00105689
0.00105686
0.00105685
0.00105682
0.00105681
0.00105679
0.00105676
0.00105674
0.00105671
0.00105669
0.00105666
0.00105664
0.00105661
0.00105658
0.00105656
0.00105653
0.0010565
0.00105647
0.00105644
0.00105641
0.00105638
0.00105635
0.00105632
0.00105629
0.00105625
0.00105623
0.00105619
0.00105616
0.00105613
0.00105604
0.00105603
0.0010562
0.00105624
0.00105624
0.00105623
0.00105622
0.0010562
0.00105619
0.00105617
0.00105616
0.00105613
0.00105611
0.00105609
0.00105606
0.00105605
0.00105596
0.00110464
0.00110484
0.00110488
0.0011049
0.0011049
0.0011049
0.00110489
0.00110488
0.00110487
0.00110485
0.00110484
0.00110482
0.00110481
0.00110479
0.00110476
0.00110475
0.00110473
0.0011047
0.00110469
0.00110466
0.00110463
0.00110461
0.00110458
0.00110455
0.00110453
0.0011045
0.00110447
0.00110444
0.00110441
0.00110438
0.00110435
0.00110432
0.00110429
0.00110425
0.00110422
0.00110419
0.00110415
0.00110412
0.00110409
0.00110405
0.00110402
0.00110398
0.00110395
0.00110392
0.00110382
0.00110383
0.00110401
0.00110405
0.00110405
0.00110404
0.00110403
0.00110401
0.001104
0.00110398
0.00110396
0.00110393
0.00110391
0.00110389
0.00110386
0.00110385
0.00110375
0.00115459
0.00115482
0.00115486
0.00115488
0.00115487
0.00115487
0.00115486
0.00115485
0.00115484
0.00115482
0.0011548
0.00115478
0.00115477
0.00115475
0.00115472
0.0011547
0.00115468
0.00115465
0.00115462
0.0011546
0.00115457
0.00115454
0.00115451
0.00115448
0.00115446
0.00115443
0.0011544
0.00115436
0.00115432
0.00115429
0.00115426
0.00115423
0.00115419
0.00115416
0.00115413
0.00115408
0.00115405
0.00115402
0.00115397
0.00115394
0.0011539
0.00115386
0.00115382
0.00115379
0.00115369
0.00115371
0.00115391
0.00115395
0.00115395
0.00115394
0.00115393
0.00115391
0.00115389
0.00115386
0.00115384
0.00115382
0.0011538
0.00115376
0.00115374
0.00115372
0.00115363
0.00120669
0.00120692
0.00120699
0.00120699
0.00120699
0.00120698
0.00120697
0.00120697
0.00120695
0.00120693
0.00120691
0.00120689
0.00120687
0.00120683
0.00120681
0.00120679
0.00120676
0.00120674
0.0012067
0.00120667
0.00120665
0.00120661
0.00120658
0.00120655
0.00120651
0.00120648
0.00120644
0.00120641
0.00120637
0.00120634
0.0012063
0.00120626
0.00120623
0.00120619
0.00120615
0.00120612
0.00120607
0.00120603
0.001206
0.00120596
0.00120591
0.00120587
0.00120583
0.00120579
0.00120568
0.00120572
0.00120595
0.00120599
0.00120599
0.00120598
0.00120597
0.00120594
0.00120592
0.00120589
0.00120587
0.00120584
0.00120581
0.00120578
0.00120574
0.00120573
0.00120563
0.00126096
0.00126123
0.00126128
0.00126129
0.00126129
0.00126128
0.00126127
0.00126125
0.00126123
0.00126121
0.00126119
0.00126116
0.00126114
0.00126111
0.00126108
0.00126106
0.00126103
0.001261
0.00126096
0.00126093
0.00126089
0.00126086
0.00126082
0.00126079
0.00126075
0.00126071
0.00126068
0.00126064
0.0012606
0.00126056
0.00126052
0.00126048
0.00126044
0.0012604
0.00126036
0.00126032
0.00126027
0.00126023
0.00126019
0.00126014
0.0012601
0.00126005
0.00126001
0.00125997
0.00125986
0.00125991
0.00126016
0.0012602
0.0012602
0.00126019
0.00126017
0.00126015
0.00126013
0.0012601
0.00126007
0.00126004
0.00126001
0.00125997
0.00125994
0.00125991
0.00125981
0.00131745
0.00131773
0.0013178
0.00131781
0.0013178
0.00131779
0.00131777
0.00131775
0.00131773
0.00131771
0.00131768
0.00131765
0.00131763
0.00131759
0.00131756
0.00131753
0.0013175
0.00131746
0.00131743
0.00131739
0.00131735
0.00131732
0.00131728
0.00131724
0.0013172
0.00131716
0.00131711
0.00131707
0.00131703
0.00131699
0.00131695
0.0013169
0.00131686
0.00131681
0.00131677
0.00131672
0.00131668
0.00131663
0.00131659
0.00131654
0.00131649
0.00131644
0.00131639
0.00131635
0.00131624
0.00131631
0.00131658
0.00131663
0.00131663
0.00131661
0.00131659
0.00131657
0.00131654
0.00131651
0.00131648
0.00131644
0.00131641
0.00131637
0.00131633
0.0013163
0.00131621
0.00137618
0.00137648
0.00137654
0.00137655
0.00137654
0.00137653
0.00137651
0.00137649
0.00137646
0.00137644
0.00137641
0.00137638
0.00137634
0.00137631
0.00137628
0.00137624
0.0013762
0.00137617
0.00137613
0.00137608
0.00137604
0.001376
0.00137596
0.00137592
0.00137587
0.00137583
0.00137578
0.00137574
0.00137569
0.00137565
0.0013756
0.00137555
0.00137551
0.00137546
0.00137541
0.00137536
0.00137531
0.00137526
0.00137521
0.00137516
0.00137511
0.00137506
0.00137501
0.00137496
0.00137485
0.00137494
0.00137523
0.00137528
0.00137528
0.00137527
0.00137524
0.00137522
0.00137518
0.00137515
0.00137512
0.00137508
0.00137504
0.001375
0.00137496
0.00137492
0.00137483
0.00143715
0.00143747
0.00143754
0.00143755
0.00143753
0.00143752
0.00143749
0.00143747
0.00143744
0.00143741
0.00143737
0.00143734
0.00143731
0.00143727
0.00143723
0.00143719
0.00143715
0.00143711
0.00143706
0.00143702
0.00143697
0.00143693
0.00143688
0.00143683
0.00143678
0.00143674
0.00143669
0.00143664
0.00143659
0.00143654
0.00143649
0.00143644
0.00143639
0.00143634
0.00143629
0.00143624
0.00143618
0.00143613
0.00143608
0.00143602
0.00143597
0.00143591
0.00143586
0.00143581
0.0014357
0.00143581
0.00143612
0.00143618
0.00143618
0.00143616
0.00143613
0.0014361
0.00143607
0.00143603
0.001436
0.00143596
0.00143591
0.00143587
0.00143582
0.00143579
0.00143569
0.00150035
0.0015007
0.00150077
0.00150078
0.00150076
0.00150074
0.00150072
0.00150069
0.00150065
0.00150062
0.00150058
0.00150054
0.0015005
0.00150046
0.00150042
0.00150038
0.00150033
0.00150028
0.00150024
0.00150019
0.00150014
0.00150009
0.00150004
0.00149999
0.00149993
0.00149988
0.00149983
0.00149978
0.00149972
0.00149967
0.00149962
0.00149956
0.00149951
0.00149945
0.0014994
0.00149934
0.00149929
0.00149923
0.00149917
0.00149912
0.00149906
0.001499
0.00149894
0.00149888
0.00149879
0.00149892
0.00149926
0.00149932
0.00149931
0.00149929
0.00149926
0.00149923
0.00149919
0.00149915
0.00149911
0.00149907
0.00149902
0.00149897
0.00149892
0.00149888
0.00149879
0.00156578
0.00156615
0.00156622
0.00156623
0.00156621
0.00156619
0.00156616
0.00156612
0.00156609
0.00156605
0.00156601
0.00156596
0.00156592
0.00156587
0.00156583
0.00156578
0.00156573
0.00156568
0.00156562
0.00156557
0.00156552
0.00156546
0.00156541
0.00156535
0.0015653
0.00156524
0.00156518
0.00156513
0.00156507
0.00156501
0.00156495
0.0015649
0.00156484
0.00156478
0.00156472
0.00156466
0.0015646
0.00156454
0.00156448
0.00156442
0.00156436
0.0015643
0.00156423
0.00156417
0.00156409
0.00156425
0.00156461
0.00156467
0.00156466
0.00156464
0.00156461
0.00156457
0.00156453
0.00156449
0.00156444
0.00156439
0.00156434
0.00156429
0.00156424
0.00156419
0.00156411
0.00163339
0.00163378
0.00163386
0.00163386
0.00163384
0.00163381
0.00163378
0.00163374
0.0016337
0.00163365
0.00163361
0.00163356
0.00163351
0.00163346
0.00163341
0.00163336
0.0016333
0.00163325
0.00163319
0.00163313
0.00163307
0.00163301
0.00163295
0.00163289
0.00163283
0.00163277
0.00163271
0.00163265
0.00163259
0.00163253
0.00163247
0.0016324
0.00163234
0.00163228
0.00163222
0.00163216
0.00163209
0.00163203
0.00163197
0.0016319
0.00163184
0.00163177
0.0016317
0.00163164
0.00163156
0.00163176
0.00163214
0.0016322
0.0016322
0.00163217
0.00163213
0.00163209
0.00163205
0.001632
0.00163195
0.0016319
0.00163185
0.00163179
0.00163173
0.00163168
0.00163161
0.00170313
0.00170354
0.00170362
0.00170362
0.00170359
0.00170356
0.00170352
0.00170348
0.00170343
0.00170338
0.00170333
0.00170328
0.00170323
0.00170317
0.00170311
0.00170306
0.001703
0.00170294
0.00170288
0.00170281
0.00170275
0.00170268
0.00170262
0.00170255
0.00170249
0.00170242
0.00170236
0.00170229
0.00170223
0.00170216
0.0017021
0.00170203
0.00170197
0.0017019
0.00170183
0.00170177
0.0017017
0.00170163
0.00170156
0.0017015
0.00170143
0.00170136
0.00170129
0.00170122
0.00170115
0.00170139
0.00170179
0.00170186
0.00170185
0.00170182
0.00170178
0.00170174
0.00170169
0.00170164
0.00170158
0.00170153
0.00170147
0.00170141
0.00170135
0.00170129
0.00170122
0.00177491
0.00177534
0.00177542
0.00177542
0.00177539
0.00177535
0.00177531
0.00177526
0.00177521
0.00177516
0.0017751
0.00177504
0.00177498
0.00177493
0.00177486
0.0017748
0.00177474
0.00177467
0.0017746
0.00177453
0.00177446
0.0017744
0.00177432
0.00177426
0.00177418
0.00177412
0.00177405
0.00177398
0.00177391
0.00177384
0.00177377
0.0017737
0.00177363
0.00177356
0.00177349
0.00177342
0.00177335
0.00177328
0.00177321
0.00177313
0.00177306
0.00177299
0.00177292
0.00177284
0.00177279
0.00177307
0.00177349
0.00177356
0.00177355
0.00177352
0.00177348
0.00177343
0.00177338
0.00177332
0.00177326
0.0017732
0.00177314
0.00177307
0.00177301
0.00177294
0.00177289
0.00184865
0.0018491
0.00184918
0.00184917
0.00184913
0.00184909
0.00184904
0.00184899
0.00184893
0.00184887
0.00184881
0.00184875
0.00184868
0.00184862
0.00184855
0.00184848
0.00184841
0.00184834
0.00184827
0.0018482
0.00184812
0.00184805
0.00184797
0.0018479
0.00184782
0.00184774
0.00184767
0.0018476
0.00184752
0.00184745
0.00184738
0.00184731
0.00184723
0.00184716
0.00184708
0.00184701
0.00184694
0.00184686
0.00184678
0.00184671
0.00184664
0.00184656
0.00184648
0.0018464
0.00184637
0.00184669
0.00184714
0.00184721
0.0018472
0.00184716
0.00184711
0.00184706
0.001847
0.00184695
0.00184688
0.00184682
0.00184675
0.00184668
0.00184661
0.00184654
0.0018465
0.00192419
0.00192467
0.00192475
0.00192474
0.0019247
0.00192465
0.00192459
0.00192453
0.00192447
0.0019244
0.00192433
0.00192427
0.0019242
0.00192413
0.00192405
0.00192398
0.00192391
0.00192383
0.00192375
0.00192367
0.00192359
0.00192351
0.00192343
0.00192335
0.00192327
0.00192319
0.00192311
0.00192303
0.00192295
0.00192288
0.0019228
0.00192272
0.00192264
0.00192256
0.00192249
0.00192241
0.00192233
0.00192225
0.00192218
0.0019221
0.00192202
0.00192194
0.00192186
0.00192178
0.00192176
0.00192214
0.00192261
0.00192268
0.00192266
0.00192262
0.00192257
0.00192251
0.00192245
0.00192239
0.00192232
0.00192225
0.00192218
0.00192211
0.00192203
0.00192195
0.00192193
0.00200141
0.00200191
0.00200198
0.00200197
0.00200192
0.00200186
0.0020018
0.00200173
0.00200167
0.0020016
0.00200152
0.00200145
0.00200137
0.00200129
0.00200122
0.00200114
0.00200106
0.00200097
0.00200089
0.0020008
0.00200072
0.00200063
0.00200054
0.00200046
0.00200037
0.00200029
0.00200021
0.00200012
0.00200004
0.00199996
0.00199987
0.00199979
0.00199971
0.00199963
0.00199955
0.00199947
0.00199939
0.0019993
0.00199922
0.00199914
0.00199906
0.00199898
0.0019989
0.0019988
0.00199881
0.00199925
0.00199974
0.00199981
0.00199979
0.00199975
0.00199969
0.00199963
0.00199956
0.00199949
0.00199942
0.00199935
0.00199927
0.00199919
0.00199912
0.00199902
0.00199903
0.00208011
0.00208062
0.0020807
0.00208067
0.00208062
0.00208056
0.00208049
0.00208042
0.00208034
0.00208027
0.00208019
0.0020801
0.00208002
0.00207994
0.00207985
0.00207977
0.00207968
0.00207959
0.0020795
0.00207941
0.00207932
0.00207923
0.00207913
0.00207904
0.00207895
0.00207886
0.00207877
0.00207869
0.0020786
0.00207851
0.00207843
0.00207834
0.00207825
0.00207817
0.00207808
0.002078
0.00207792
0.00207783
0.00207774
0.00207766
0.00207757
0.00207749
0.0020774
0.00207731
0.00207734
0.00207785
0.00207836
0.00207843
0.00207841
0.00207835
0.0020783
0.00207823
0.00207816
0.00207808
0.00207801
0.00207793
0.00207785
0.00207777
0.00207768
0.00207758
0.00207761
0.00216008
0.00216061
0.00216068
0.00216065
0.00216059
0.00216052
0.00216044
0.00216037
0.00216028
0.0021602
0.00216011
0.00216002
0.00215994
0.00215984
0.00215976
0.00215966
0.00215957
0.00215947
0.00215938
0.00215928
0.00215918
0.00215909
0.00215899
0.00215889
0.00215879
0.0021587
0.00215861
0.00215851
0.00215842
0.00215833
0.00215824
0.00215815
0.00215806
0.00215797
0.00215788
0.00215779
0.0021577
0.00215761
0.00215752
0.00215744
0.00215735
0.00215726
0.00215717
0.00215707
0.00215713
0.00215772
0.00215824
0.00215832
0.00215829
0.00215824
0.00215817
0.0021581
0.00215802
0.00215794
0.00215786
0.00215778
0.00215769
0.0021576
0.00215751
0.00215741
0.00215746
0.00224107
0.00224162
0.00224169
0.00224164
0.00224158
0.0022415
0.00224142
0.00224133
0.00224124
0.00224114
0.00224105
0.00224096
0.00224086
0.00224077
0.00224067
0.00224057
0.00224047
0.00224037
0.00224027
0.00224016
0.00224006
0.00223995
0.00223985
0.00223975
0.00223965
0.00223955
0.00223945
0.00223935
0.00223925
0.00223916
0.00223906
0.00223897
0.00223887
0.00223878
0.00223869
0.0022386
0.00223851
0.00223841
0.00223832
0.00223823
0.00223814
0.00223805
0.00223796
0.00223786
0.00223794
0.00223861
0.00223915
0.00223923
0.00223919
0.00223913
0.00223906
0.00223898
0.0022389
0.00223882
0.00223873
0.00223864
0.00223855
0.00223846
0.00223836
0.00223826
0.00223833
0.0023228
0.00232336
0.00232343
0.00232338
0.0023233
0.00232321
0.00232312
0.00232302
0.00232293
0.00232283
0.00232273
0.00232262
0.00232252
0.00232242
0.00232232
0.00232221
0.00232211
0.002322
0.00232188
0.00232178
0.00232167
0.00232156
0.00232145
0.00232134
0.00232123
0.00232113
0.00232102
0.00232092
0.00232082
0.00232072
0.00232062
0.00232052
0.00232042
0.00232033
0.00232023
0.00232013
0.00232004
0.00231995
0.00231985
0.00231976
0.00231966
0.00231957
0.00231948
0.00231937
0.00231949
0.00232024
0.00232081
0.00232088
0.00232084
0.00232078
0.0023207
0.00232061
0.00232053
0.00232044
0.00232034
0.00232025
0.00232016
0.00232006
0.00231996
0.00231984
0.00231995
0.00240495
0.00240552
0.00240558
0.00240553
0.00240544
0.00240534
0.00240524
0.00240514
0.00240503
0.00240493
0.00240481
0.00240471
0.0024046
0.00240449
0.00240437
0.00240426
0.00240415
0.00240404
0.00240392
0.0024038
0.00240369
0.00240357
0.00240346
0.00240334
0.00240323
0.00240312
0.00240301
0.0024029
0.00240279
0.00240269
0.00240259
0.00240249
0.00240238
0.00240229
0.00240218
0.00240208
0.00240199
0.00240189
0.00240179
0.00240169
0.0024016
0.00240151
0.00240141
0.0024013
0.00240145
0.00240231
0.00240289
0.00240296
0.00240291
0.00240284
0.00240276
0.00240266
0.00240257
0.00240248
0.00240238
0.00240228
0.00240217
0.00240207
0.00240197
0.00240185
0.00240198
0.00248717
0.00248775
0.00248781
0.00248774
0.00248764
0.00248754
0.00248743
0.00248731
0.0024872
0.00248708
0.00248696
0.00248684
0.00248673
0.00248661
0.00248649
0.00248637
0.00248626
0.00248613
0.00248601
0.00248589
0.00248577
0.00248564
0.00248552
0.0024854
0.00248528
0.00248516
0.00248505
0.00248494
0.00248483
0.00248472
0.00248461
0.00248451
0.0024844
0.00248429
0.00248419
0.00248409
0.00248399
0.00248389
0.00248379
0.00248369
0.0024836
0.0024835
0.0024834
0.00248329
0.00248347
0.00248444
0.00248504
0.0024851
0.00248505
0.00248497
0.00248488
0.00248478
0.00248469
0.00248458
0.00248448
0.00248437
0.00248427
0.00248416
0.00248405
0.00248392
0.00248409
0.00256905
0.00256965
0.0025697
0.00256961
0.00256951
0.00256939
0.00256927
0.00256914
0.00256902
0.0025689
0.00256877
0.00256864
0.00256852
0.00256839
0.00256827
0.00256814
0.00256802
0.00256789
0.00256776
0.00256763
0.0025675
0.00256737
0.00256724
0.00256712
0.00256699
0.00256688
0.00256676
0.00256664
0.00256652
0.00256641
0.0025663
0.00256619
0.00256608
0.00256597
0.00256587
0.00256576
0.00256566
0.00256555
0.00256545
0.00256535
0.00256525
0.00256515
0.00256505
0.00256494
0.00256516
0.00256624
0.00256685
0.00256691
0.00256686
0.00256677
0.00256667
0.00256657
0.00256647
0.00256636
0.00256625
0.00256614
0.00256603
0.00256591
0.0025658
0.00256566
0.00256586
0.00265017
0.00265077
0.00265081
0.00265072
0.0026506
0.00265047
0.00265033
0.0026502
0.00265007
0.00264993
0.0026498
0.00264967
0.00264953
0.0026494
0.00264927
0.00264914
0.00264901
0.00264887
0.00264873
0.0026486
0.00264847
0.00264833
0.0026482
0.00264807
0.00264794
0.00264781
0.00264768
0.00264756
0.00264744
0.00264732
0.00264721
0.00264709
0.00264698
0.00264687
0.00264676
0.00264666
0.00264655
0.00264645
0.00264634
0.00264624
0.00264614
0.00264603
0.00264593
0.00264582
0.00264608
0.00264729
0.00264791
0.00264797
0.0026479
0.00264781
0.00264771
0.00264759
0.00264748
0.00264737
0.00264725
0.00264714
0.00264702
0.0026469
0.00264677
0.00264664
0.00264687
0.00273003
0.00273065
0.00273067
0.00273057
0.00273044
0.0027303
0.00273015
0.00273001
0.00272986
0.00272972
0.00272958
0.00272944
0.0027293
0.00272916
0.00272902
0.00272888
0.00272874
0.0027286
0.00272846
0.00272832
0.00272817
0.00272803
0.0027279
0.00272776
0.00272763
0.00272749
0.00272736
0.00272724
0.00272711
0.00272699
0.00272687
0.00272676
0.00272664
0.00272653
0.00272641
0.0027263
0.0027262
0.00272609
0.00272598
0.00272588
0.00272577
0.00272567
0.00272557
0.00272546
0.00272576
0.0027271
0.00272773
0.00272778
0.00272771
0.00272761
0.00272749
0.00272738
0.00272726
0.00272713
0.00272702
0.00272689
0.00272676
0.00272663
0.00272651
0.00272636
0.00272664
0.00280814
0.00280876
0.00280877
0.00280865
0.00280851
0.00280835
0.0028082
0.00280805
0.00280789
0.00280774
0.00280759
0.00280744
0.00280729
0.00280714
0.002807
0.00280685
0.00280671
0.00280656
0.00280641
0.00280626
0.00280611
0.00280597
0.00280582
0.00280568
0.00280554
0.00280541
0.00280528
0.00280514
0.00280502
0.00280489
0.00280476
0.00280465
0.00280453
0.00280441
0.0028043
0.00280419
0.00280408
0.00280397
0.00280385
0.00280375
0.00280365
0.00280354
0.00280344
0.00280333
0.00280367
0.00280514
0.00280579
0.00280584
0.00280576
0.00280565
0.00280552
0.0028054
0.00280527
0.00280514
0.00280502
0.00280488
0.00280475
0.00280462
0.00280448
0.00280433
0.00280464
0.00288392
0.00288454
0.00288454
0.00288442
0.00288425
0.00288409
0.00288393
0.00288376
0.0028836
0.00288343
0.00288327
0.00288311
0.00288296
0.0028828
0.00288265
0.00288249
0.00288235
0.00288219
0.00288204
0.00288189
0.00288173
0.00288158
0.00288143
0.00288129
0.00288114
0.002881
0.00288086
0.00288073
0.0028806
0.00288046
0.00288034
0.00288022
0.0028801
0.00287998
0.00287986
0.00287974
0.00287963
0.00287953
0.00287942
0.00287931
0.00287921
0.0028791
0.00287899
0.00287888
0.00287926
0.00288089
0.00288155
0.00288158
0.00288149
0.00288138
0.00288124
0.00288111
0.00288098
0.00288084
0.0028807
0.00288056
0.00288042
0.00288028
0.00288014
0.00287999
0.00288032
0.00295678
0.0029574
0.00295739
0.00295724
0.00295708
0.00295691
0.00295672
0.00295655
0.00295637
0.0029562
0.00295603
0.00295587
0.0029557
0.00295555
0.00295539
0.00295522
0.00295506
0.00295491
0.00295475
0.00295459
0.00295443
0.00295428
0.00295412
0.00295397
0.00295382
0.00295368
0.00295354
0.0029534
0.00295326
0.00295313
0.002953
0.00295288
0.00295275
0.00295263
0.00295252
0.0029524
0.00295229
0.00295217
0.00295206
0.00295196
0.00295185
0.00295174
0.00295165
0.00295153
0.00295195
0.00295372
0.00295438
0.00295442
0.00295433
0.0029542
0.00295406
0.00295391
0.00295376
0.00295362
0.00295347
0.00295333
0.00295317
0.00295302
0.00295288
0.00295272
0.00295309
0.00302608
0.0030267
0.00302668
0.00302653
0.00302635
0.00302616
0.00302598
0.00302578
0.00302561
0.00302542
0.00302525
0.00302507
0.00302491
0.00302473
0.00302457
0.00302441
0.00302425
0.00302408
0.00302392
0.00302375
0.0030236
0.00302343
0.00302327
0.00302311
0.00302296
0.00302282
0.00302267
0.00302253
0.00302239
0.00302226
0.00302213
0.003022
0.00302188
0.00302175
0.00302163
0.00302151
0.0030214
0.00302129
0.00302118
0.00302107
0.00302096
0.00302086
0.00302076
0.00302064
0.00302111
0.00302302
0.0030237
0.00302373
0.00302362
0.00302348
0.00302333
0.00302317
0.00302302
0.00302286
0.0030227
0.00302254
0.00302238
0.00302222
0.00302207
0.0030219
0.00302231
0.00309118
0.0030918
0.00309176
0.0030916
0.00309141
0.00309122
0.00309101
0.00309082
0.00309062
0.00309044
0.00309026
0.00309007
0.0030899
0.00308972
0.00308955
0.00308939
0.00308922
0.00308905
0.00308888
0.00308872
0.00308855
0.00308838
0.00308823
0.00308806
0.00308791
0.00308776
0.00308761
0.00308747
0.00308732
0.00308718
0.00308706
0.00308692
0.0030868
0.00308668
0.00308655
0.00308644
0.00308633
0.00308621
0.00308611
0.003086
0.00308589
0.00308578
0.00308569
0.00308557
0.00308608
0.00308815
0.00308882
0.00308885
0.00308872
0.00308857
0.0030884
0.00308823
0.00308806
0.00308789
0.00308771
0.00308754
0.00308738
0.00308721
0.00308705
0.00308687
0.00308732
0.00315135
0.00315198
0.00315195
0.00315178
0.00315158
0.00315137
0.00315117
0.00315097
0.00315077
0.00315057
0.00315038
0.0031502
0.00315001
0.00314983
0.00314965
0.00314948
0.00314931
0.00314913
0.00314897
0.0031488
0.00314863
0.00314846
0.0031483
0.00314814
0.00314797
0.00314782
0.00314768
0.00314753
0.00314739
0.00314725
0.00314712
0.00314699
0.00314686
0.00314674
0.00314661
0.0031465
0.00314638
0.00314627
0.00314616
0.00314606
0.00314595
0.00314585
0.00314574
0.00314564
0.00314619
0.0031484
0.00314908
0.00314909
0.00314895
0.00314877
0.00314859
0.00314839
0.00314821
0.00314802
0.00314784
0.00314765
0.00314747
0.0031473
0.00314713
0.00314694
0.00314742
0.00320594
0.00320658
0.00320654
0.00320637
0.00320616
0.00320595
0.00320574
0.00320553
0.00320531
0.00320511
0.00320493
0.00320472
0.00320455
0.00320436
0.00320418
0.00320401
0.00320383
0.00320365
0.00320348
0.00320331
0.00320314
0.00320297
0.00320281
0.00320265
0.00320249
0.00320233
0.00320218
0.00320203
0.00320189
0.00320175
0.00320161
0.00320149
0.00320136
0.00320123
0.00320112
0.003201
0.00320089
0.00320077
0.00320067
0.00320056
0.00320046
0.00320036
0.00320026
0.00320016
0.00320074
0.00320308
0.00320377
0.00320376
0.00320359
0.00320338
0.00320317
0.00320295
0.00320275
0.00320255
0.00320234
0.00320215
0.00320196
0.00320178
0.00320161
0.00320142
0.00320194
0.00325423
0.00325487
0.00325484
0.00325466
0.00325444
0.00325423
0.00325401
0.0032538
0.00325358
0.00325337
0.00325318
0.00325298
0.0032528
0.00325261
0.00325243
0.00325225
0.00325208
0.0032519
0.00325173
0.00325156
0.00325138
0.00325122
0.00325105
0.00325089
0.00325073
0.00325057
0.00325042
0.00325028
0.00325014
0.00325
0.00324987
0.00324974
0.00324961
0.00324949
0.00324937
0.00324925
0.00324914
0.00324904
0.00324893
0.00324882
0.00324872
0.00324862
0.00324852
0.00324842
0.00324904
0.00325151
0.00325218
0.00325213
0.00325192
0.00325167
0.00325143
0.00325119
0.00325096
0.00325075
0.00325053
0.00325033
0.00325014
0.00324997
0.00324979
0.00324961
0.00325015
0.00329552
0.00329619
0.00329616
0.00329598
0.00329576
0.00329554
0.00329531
0.00329509
0.00329488
0.00329467
0.00329447
0.00329427
0.00329408
0.00329389
0.00329371
0.00329353
0.00329336
0.00329318
0.00329301
0.00329284
0.00329267
0.0032925
0.00329233
0.00329218
0.00329202
0.00329186
0.00329172
0.00329157
0.00329143
0.00329129
0.00329116
0.00329104
0.00329092
0.0032908
0.00329067
0.00329056
0.00329045
0.00329035
0.00329024
0.00329015
0.00329005
0.00328995
0.00328986
0.00328976
0.0032904
0.00329297
0.00329359
0.00329348
0.00329321
0.00329292
0.00329264
0.00329237
0.00329213
0.00329191
0.0032917
0.0032915
0.00329132
0.00329113
0.00329096
0.00329079
0.00329137
0.00332916
0.00332987
0.00332984
0.00332965
0.00332942
0.00332919
0.00332896
0.00332873
0.00332852
0.00332831
0.00332811
0.00332791
0.00332772
0.00332754
0.00332736
0.00332718
0.00332701
0.00332684
0.00332667
0.0033265
0.00332634
0.00332616
0.003326
0.00332584
0.00332568
0.00332554
0.00332539
0.00332525
0.00332512
0.00332498
0.00332486
0.00332473
0.00332461
0.0033245
0.00332438
0.00332427
0.00332417
0.00332406
0.00332396
0.00332387
0.00332377
0.00332368
0.00332359
0.00332349
0.00332416
0.00332677
0.00332727
0.00332705
0.00332671
0.00332638
0.00332608
0.00332582
0.00332558
0.00332536
0.00332516
0.00332497
0.0033248
0.00332462
0.00332446
0.00332431
0.00332491
0.00335458
0.00335531
0.00335524
0.00335501
0.00335477
0.00335453
0.0033543
0.00335408
0.00335387
0.00335367
0.00335347
0.00335327
0.00335309
0.00335292
0.00335274
0.00335257
0.00335239
0.00335223
0.00335206
0.0033519
0.00335173
0.00335157
0.00335142
0.00335126
0.00335111
0.00335097
0.00335082
0.00335068
0.00335056
0.00335043
0.00335031
0.00335018
0.00335007
0.00334995
0.00334985
0.00334975
0.00334965
0.00334955
0.00334945
0.00334936
0.00334927
0.00334918
0.00334909
0.003349
0.00334964
0.00335217
0.00335247
0.00335209
0.00335171
0.00335138
0.0033511
0.00335087
0.00335066
0.00335047
0.00335029
0.00335013
0.00334996
0.00334982
0.00334967
0.00334952
0.00335017
0.00337136
0.00337189
0.00337173
0.00337147
0.00337122
0.00337099
0.00337077
0.00337056
0.00337034
0.00337016
0.00336997
0.00336978
0.00336961
0.00336943
0.00336927
0.00336911
0.00336894
0.00336878
0.00336862
0.00336845
0.0033683
0.00336814
0.00336799
0.00336785
0.0033677
0.00336756
0.00336743
0.00336729
0.00336717
0.00336705
0.00336693
0.00336681
0.00336671
0.0033666
0.00336649
0.00336639
0.0033663
0.00336621
0.00336611
0.00336603
0.00336594
0.00336585
0.00336578
0.0033657
0.00336622
0.00336841
0.00336828
0.00336787
0.00336757
0.00336734
0.00336715
0.00336697
0.0033668
0.00336666
0.00336652
0.00336637
0.00336624
0.00336611
0.003366
0.00336587
0.00336656
)
;

boundaryField
{
    bottomWall
    {
        type            nutUWallFunction;
        Cmu             0.09;
        kappa           0.41;
        E               9.8;
        value           nonuniform 0();
    }
    topWall
    {
        type            nutUWallFunction;
        Cmu             0.09;
        kappa           0.41;
        E               9.8;
        value           nonuniform 0();
    }
    sides1_half0
    {
        type            cyclic;
    }
    sides1_half1
    {
        type            cyclic;
    }
    sides2_half0
    {
        type            cyclic;
    }
    sides2_half1
    {
        type            cyclic;
    }
    inout1_half0
    {
        type            cyclic;
    }
    inout1_half1
    {
        type            cyclic;
    }
    inout2_half0
    {
        type            cyclic;
    }
    inout2_half1
    {
        type            cyclic;
    }
    procBoundary5to2
    {
        type            processor;
        value           nonuniform List<scalar> 
61
(
0.00337398
0.00337468
0.00337463
0.00337443
0.0033742
0.00337399
0.00337378
0.00337358
0.00337339
0.00337321
0.00337303
0.00337286
0.00337269
0.00337253
0.00337237
0.00337222
0.00337207
0.0033719
0.00337175
0.0033716
0.00337145
0.0033713
0.00337116
0.00337102
0.00337089
0.00337075
0.00337062
0.00337049
0.00337038
0.00337027
0.00337015
0.00337004
0.00336994
0.00336984
0.00336974
0.00336965
0.00336956
0.00336947
0.00336938
0.0033693
0.00336921
0.00336914
0.00336906
0.00336898
0.00336911
0.00336891
0.00336961
0.00336982
0.00336982
0.00336975
0.00336967
0.00336957
0.00336948
0.00336938
0.00336928
0.00336918
0.00336907
0.00336897
0.00336888
0.00336877
0.00336955
)
;
    }
    procBoundary5to3
    {
        type            processor;
        value           nonuniform List<scalar> 
61
(
0.000270592
0.000270588
0.000270588
0.00027059
0.000270591
0.000270593
0.000270596
0.000270598
0.0002706
0.000270602
0.000270604
0.000270606
0.000270608
0.00027061
0.000270612
0.000270614
0.000270616
0.000270619
0.000270621
0.000270622
0.000270624
0.000270626
0.000270627
0.000270629
0.00027063
0.000270631
0.000270632
0.000270633
0.000270635
0.000270636
0.000270637
0.000270638
0.000270638
0.000270639
0.00027064
0.000270641
0.000270641
0.000270642
0.000270643
0.000270643
0.000270644
0.000270644
0.000270645
0.000270645
0.000270647
0.000270595
0.000270593
0.000270595
0.000270596
0.000270599
0.0002706
0.000270602
0.000270605
0.000270606
0.000270608
0.000270609
0.000270611
0.000270612
0.000270613
0.000270614
0.00027062
)
;
    }
    procBoundary5to4
    {
        type            processor;
        value           nonuniform List<scalar> 
132
(
0.000284857
0.000284822
0.000299546
0.000299507
0.000314691
0.000314646
0.000330322
0.00033027
0.00034647
0.000346407
0.000363167
0.000363093
0.00038045
0.000380361
0.000398356
0.000398252
0.000416926
0.000416804
0.000436203
0.000436061
0.000456233
0.000456067
0.000477061
0.000476868
0.000498739
0.000498518
0.000521321
0.000521066
0.000544861
0.000544568
0.000569416
0.000569081
0.000595048
0.000594666
0.000621818
0.000621386
0.000649791
0.0006493
0.000679033
0.000678479
0.000709615
0.00070899
0.000741605
0.000740903
0.000775073
0.000774288
0.000810095
0.000809218
0.000846741
0.000845765
0.000885083
0.000884001
0.000925194
0.000923995
0.000967142
0.000965826
0.001011
0.00100955
0.00105683
0.00105524
0.00110469
0.00110296
0.00115465
0.00115275
0.00120673
0.00120468
0.001261
0.00125878
0.00131748
0.00131508
0.00137619
0.00137361
0.00143715
0.00143438
0.00150034
0.00149738
0.00156575
0.0015626
0.00163334
0.00162999
0.00170305
0.00169951
0.00177481
0.00177107
0.0018485
0.00184457
0.00192402
0.00191989
0.00200119
0.00199688
0.00207985
0.00207535
0.00215976
0.0021551
0.0022407
0.00223587
0.00232236
0.00231739
0.00240444
0.00239933
0.00248658
0.00248135
0.00256838
0.00256304
0.00264942
0.00264397
0.0027292
0.00272367
0.00280721
0.00280162
0.00288291
0.00287725
0.0029557
0.00294999
0.00302495
0.0030192
0.00309001
0.00308424
0.00315019
0.0031444
0.00320482
0.00319902
0.00325319
0.00324738
0.00329458
0.00328879
0.00332832
0.00332259
0.0033537
0.00334812
0.0033699
0.00336472
)
;
    }
}


// ************************************************************************* //
