/*--------------------------------*- C++ -*----------------------------------*\
  =========                 |
  \\      /  F ield         | OpenFOAM: The Open Source CFD Toolbox
   \\    /   O peration     | Website:  https://openfoam.org
    \\  /    A nd           | Version:  7
     \\/     M anipulation  |
\*---------------------------------------------------------------------------*/
FoamFile
{
    version     2.0;
    format      ascii;
    class       volScalarField;
    location    "3000";
    object      omega;
}
// * * * * * * * * * * * * * * * * * * * * * * * * * * * * * * * * * * * * * //

dimensions      [0 0 -1 0 0 0 0];

internalField   nonuniform List<scalar> 
4000
(
999.269
999.269
999.269
999.269
999.269
999.269
999.269
999.269
999.269
999.269
999.269
999.269
999.269
999.269
999.269
999.269
999.269
999.269
999.269
999.269
999.269
999.269
999.269
999.269
999.269
999.269
999.269
999.269
999.269
999.269
999.269
999.269
999.269
999.269
999.269
999.269
999.269
999.269
999.269
999.269
999.269
999.269
999.269
999.269
999.269
999.269
999.269
999.269
999.269
999.269
999.269
999.269
999.269
999.269
999.269
999.269
999.269
999.269
999.269
999.269
999.269
999.269
999.269
999.269
999.269
999.269
999.269
999.269
999.269
999.269
999.269
999.269
999.269
999.269
999.269
999.269
999.269
999.269
999.269
999.269
999.269
999.269
999.269
999.269
999.269
999.269
999.269
999.269
999.269
999.269
999.269
999.269
999.269
999.269
999.269
999.269
999.269
999.269
999.269
999.269
999.269
999.269
999.269
999.269
999.269
999.269
999.269
999.269
999.269
999.269
999.269
999.269
999.269
999.269
999.269
999.269
999.269
999.269
999.269
999.269
173.152
173.152
173.152
173.152
173.152
173.152
173.152
173.152
173.152
173.152
173.152
173.152
173.152
173.152
173.152
173.152
173.152
173.152
173.152
173.152
173.152
173.152
173.152
173.152
173.152
173.152
173.152
173.152
173.152
173.152
173.152
173.152
173.152
173.152
173.152
173.152
173.152
173.152
173.152
173.152
173.152
173.152
173.152
173.152
173.152
173.152
173.152
173.152
173.152
173.152
173.152
173.152
173.152
173.152
173.152
173.152
173.152
173.152
173.152
173.152
173.152
173.152
173.152
173.152
173.152
173.152
173.152
173.152
173.152
173.152
173.152
173.152
173.152
173.152
173.152
173.152
173.152
173.152
173.152
173.152
173.152
173.152
173.152
173.152
173.152
173.152
173.152
173.152
173.152
173.152
173.152
173.152
173.152
173.152
173.152
173.152
173.152
173.152
173.152
173.152
173.152
173.152
173.152
173.152
173.152
173.152
173.152
173.152
173.152
173.152
173.152
173.152
173.152
173.152
173.152
173.152
173.152
173.152
173.152
173.152
58.7436
58.7436
58.7436
58.7436
58.7436
58.7436
58.7436
58.7436
58.7436
58.7436
58.7436
58.7436
58.7436
58.7436
58.7436
58.7436
58.7436
58.7436
58.7436
58.7436
58.7436
58.7436
58.7436
58.7436
58.7436
58.7436
58.7436
58.7436
58.7436
58.7436
58.7436
58.7436
58.7436
58.7436
58.7436
58.7436
58.7436
58.7436
58.7436
58.7436
58.7436
58.7436
58.7436
58.7436
58.7436
58.7436
58.7436
58.7436
58.7436
58.7436
58.7436
58.7436
58.7436
58.7436
58.7436
58.7436
58.7436
58.7436
58.7436
58.7436
58.7436
58.7436
58.7436
58.7436
58.7436
58.7436
58.7436
58.7436
58.7436
58.7436
58.7436
58.7436
58.7436
58.7436
58.7436
58.7436
58.7436
58.7436
58.7436
58.7436
58.7436
58.7436
58.7436
58.7436
58.7436
58.7436
58.7436
58.7436
58.7436
58.7436
58.7436
58.7436
58.7436
58.7436
58.7436
58.7436
58.7436
58.7436
58.7436
58.7436
58.7436
58.7436
58.7436
58.7436
58.7436
58.7436
58.7436
58.7436
58.7436
58.7436
58.7436
58.7436
58.7436
58.7436
58.7436
58.7436
58.7436
58.7436
58.7436
58.7436
28.3081
28.3081
28.3081
28.3081
28.3081
28.3081
28.3081
28.3081
28.3081
28.308
28.308
28.308
28.308
28.308
28.308
28.308
28.308
28.308
28.308
28.308
28.308
28.308
28.308
28.308
28.308
28.308
28.308
28.308
28.308
28.3081
28.3081
28.3081
28.3081
28.3081
28.3081
28.3081
28.3081
28.3081
28.3081
28.3081
28.3081
28.3081
28.3081
28.3081
28.3081
28.3081
28.3081
28.3081
28.3081
28.3081
28.3081
28.3081
28.3081
28.3081
28.3081
28.3081
28.3081
28.3081
28.3081
28.3081
28.3081
28.3081
28.3081
28.3081
28.3081
28.3081
28.3081
28.3081
28.3081
28.3081
28.3081
28.3081
28.3081
28.3081
28.3081
28.3081
28.3081
28.3081
28.3081
28.3081
28.3081
28.3081
28.3081
28.3081
28.3081
28.3081
28.3081
28.3081
28.3081
28.3081
28.3081
28.3081
28.3081
28.3081
28.3081
28.3081
28.3081
28.3081
28.3081
28.3081
28.3081
28.3081
28.3081
28.3081
28.3081
28.3081
28.3081
28.3081
28.3081
28.3081
28.3081
28.3081
28.3081
28.3081
28.3081
28.3081
28.3081
28.3081
28.3081
28.3081
16.9321
16.9321
16.9322
16.9322
16.9321
16.9321
16.9321
16.9321
16.9321
16.9321
16.9321
16.9321
16.9321
16.9321
16.9321
16.9321
16.9321
16.9321
16.9321
16.9321
16.9321
16.9321
16.9321
16.9321
16.9321
16.9321
16.9321
16.9321
16.9321
16.9321
16.9321
16.9321
16.9321
16.9321
16.9321
16.9321
16.9321
16.9321
16.9321
16.9321
16.9321
16.9322
16.9322
16.9322
16.9322
16.9322
16.9322
16.9322
16.9322
16.9322
16.9322
16.9322
16.9322
16.9322
16.9322
16.9322
16.9322
16.9322
16.9322
16.9322
16.9322
16.9322
16.9322
16.9322
16.9322
16.9322
16.9322
16.9322
16.9322
16.9322
16.9322
16.9322
16.9322
16.9322
16.9322
16.9322
16.9322
16.9322
16.9322
16.9322
16.9322
16.9322
16.9322
16.9322
16.9322
16.9322
16.9322
16.9322
16.9322
16.9322
16.9322
16.9322
16.9322
16.9322
16.9322
16.9322
16.9322
16.9322
16.9322
16.9322
16.9322
16.9322
16.9322
16.9322
16.9322
16.9322
16.9322
16.9322
16.9322
16.9322
16.9322
16.9322
16.9322
16.9322
16.9322
16.9322
16.9322
16.9322
16.9322
16.9322
11.6745
11.6745
11.6746
11.6746
11.6746
11.6745
11.6745
11.6745
11.6745
11.6745
11.6745
11.6745
11.6745
11.6745
11.6745
11.6745
11.6745
11.6745
11.6745
11.6745
11.6745
11.6745
11.6745
11.6745
11.6745
11.6745
11.6745
11.6745
11.6745
11.6745
11.6745
11.6745
11.6745
11.6745
11.6745
11.6745
11.6745
11.6745
11.6745
11.6745
11.6745
11.6745
11.6746
11.6746
11.6746
11.6746
11.6746
11.6746
11.6746
11.6746
11.6746
11.6746
11.6746
11.6746
11.6746
11.6746
11.6746
11.6746
11.6746
11.6746
11.6746
11.6746
11.6746
11.6746
11.6746
11.6746
11.6746
11.6746
11.6746
11.6746
11.6746
11.6746
11.6746
11.6746
11.6746
11.6746
11.6746
11.6746
11.6746
11.6746
11.6746
11.6746
11.6746
11.6746
11.6746
11.6746
11.6746
11.6746
11.6746
11.6746
11.6746
11.6746
11.6746
11.6746
11.6746
11.6746
11.6746
11.6746
11.6746
11.6746
11.6746
11.6746
11.6746
11.6746
11.6746
11.6746
11.6746
11.6746
11.6746
11.6746
11.6746
11.6746
11.6746
11.6746
11.6746
11.6746
11.6746
11.6746
11.6746
11.6746
8.79768
8.79773
8.79774
8.79774
8.79774
8.79773
8.79773
8.79772
8.79771
8.79771
8.7977
8.79769
8.79769
8.79768
8.79768
8.79767
8.79767
8.79767
8.79766
8.79766
8.79766
8.79766
8.79766
8.79766
8.79766
8.79766
8.79766
8.79766
8.79766
8.79766
8.79766
8.79767
8.79767
8.79767
8.79767
8.79768
8.79768
8.79768
8.79769
8.79769
8.79769
8.7977
8.7977
8.79771
8.79772
8.79773
8.79773
8.79774
8.79774
8.79774
8.79774
8.79774
8.79774
8.79774
8.79774
8.79774
8.79774
8.79774
8.79774
8.79774
8.79774
8.79774
8.79774
8.79774
8.79774
8.79774
8.79774
8.79774
8.79774
8.79774
8.79774
8.79774
8.79774
8.79773
8.79773
8.79773
8.79773
8.79773
8.79773
8.79773
8.79773
8.79773
8.79773
8.79773
8.79773
8.79772
8.79772
8.79772
8.79772
8.79772
8.79772
8.79772
8.79772
8.79772
8.79772
8.79772
8.79772
8.79772
8.79772
8.79772
8.79772
8.79773
8.79773
8.79773
8.79774
8.79774
8.79774
8.79774
8.79774
8.79774
8.79774
8.79774
8.79774
8.79773
8.79773
8.79773
8.79773
8.79774
8.79774
8.79774
6.98789
6.98792
6.98793
6.98793
6.98792
6.98792
6.98791
6.98791
6.9879
6.9879
6.98789
6.98789
6.98788
6.98788
6.98787
6.98787
6.98786
6.98786
6.98785
6.98785
6.98785
6.98785
6.98784
6.98784
6.98784
6.98784
6.98784
6.98784
6.98784
6.98784
6.98784
6.98784
6.98784
6.98784
6.98784
6.98784
6.98784
6.98784
6.98784
6.98784
6.98785
6.98785
6.98785
6.98786
6.98786
6.98787
6.98788
6.98788
6.98789
6.98789
6.98789
6.98789
6.98789
6.98789
6.98788
6.98788
6.98788
6.98788
6.98788
6.98788
6.98788
6.98788
6.98788
6.98788
6.98788
6.98788
6.98788
6.98788
6.98788
6.98788
6.98788
6.98788
6.98788
6.98788
6.98788
6.98788
6.98788
6.98788
6.98788
6.98788
6.98788
6.98788
6.98788
6.98788
6.98788
6.98788
6.98788
6.98788
6.98788
6.98788
6.98788
6.98788
6.98788
6.98788
6.98788
6.98788
6.98788
6.98788
6.98788
6.98788
6.98788
6.98788
6.98789
6.98789
6.98789
6.9879
6.9879
6.9879
6.9879
6.9879
6.9879
6.9879
6.98789
6.98789
6.98789
6.98789
6.98789
6.98789
6.9879
6.98789
5.73284
5.73286
5.73285
5.73284
5.73283
5.73283
5.73282
5.73282
5.73281
5.73281
5.73281
5.7328
5.7328
5.73279
5.73279
5.73278
5.73278
5.73277
5.73277
5.73276
5.73276
5.73276
5.73275
5.73275
5.73275
5.73274
5.73274
5.73274
5.73274
5.73274
5.73273
5.73273
5.73273
5.73273
5.73273
5.73273
5.73273
5.73273
5.73273
5.73273
5.73273
5.73273
5.73273
5.73274
5.73274
5.73275
5.73275
5.73276
5.73276
5.73276
5.73276
5.73276
5.73276
5.73276
5.73276
5.73276
5.73276
5.73275
5.73275
5.73275
5.73275
5.73275
5.73275
5.73275
5.73275
5.73275
5.73275
5.73275
5.73275
5.73275
5.73276
5.73276
5.73276
5.73276
5.73276
5.73276
5.73276
5.73276
5.73276
5.73276
5.73276
5.73276
5.73276
5.73276
5.73276
5.73276
5.73276
5.73276
5.73276
5.73276
5.73276
5.73276
5.73276
5.73276
5.73276
5.73276
5.73276
5.73276
5.73276
5.73276
5.73276
5.73277
5.73277
5.73277
5.73278
5.73278
5.73278
5.73278
5.73279
5.73278
5.73278
5.73278
5.73278
5.73278
5.73277
5.73277
5.73277
5.73277
5.73278
5.73276
4.80923
4.80924
4.80923
4.80921
4.80919
4.80918
4.80918
4.80917
4.80917
4.80917
4.80916
4.80916
4.80915
4.80915
4.80915
4.80914
4.80914
4.80913
4.80913
4.80912
4.80912
4.80911
4.80911
4.8091
4.8091
4.8091
4.80909
4.80909
4.80909
4.80909
4.80908
4.80908
4.80908
4.80908
4.80908
4.80907
4.80907
4.80907
4.80907
4.80907
4.80907
4.80907
4.80907
4.80907
4.80907
4.80908
4.80908
4.80909
4.80909
4.80909
4.80909
4.80909
4.80909
4.80909
4.80909
4.80909
4.80909
4.80908
4.80908
4.80908
4.80908
4.80908
4.80908
4.80908
4.80908
4.80908
4.80908
4.80908
4.80908
4.80908
4.80908
4.80908
4.80909
4.80909
4.80909
4.80909
4.80909
4.80909
4.80909
4.80909
4.80909
4.80909
4.80909
4.80909
4.80909
4.80909
4.80909
4.80909
4.80909
4.80909
4.80909
4.80909
4.80909
4.80909
4.80909
4.80909
4.80909
4.8091
4.8091
4.8091
4.8091
4.8091
4.8091
4.8091
4.80911
4.80911
4.80912
4.80912
4.80912
4.80912
4.80912
4.80912
4.80911
4.80911
4.80911
4.80911
4.80911
4.8091
4.80911
4.80909
4.10411
4.10412
4.1041
4.10408
4.10406
4.10404
4.10403
4.10403
4.10402
4.10402
4.10401
4.10401
4.10401
4.104
4.104
4.10399
4.10399
4.10398
4.10398
4.10398
4.10397
4.10397
4.10396
4.10396
4.10395
4.10395
4.10395
4.10394
4.10394
4.10394
4.10393
4.10393
4.10393
4.10393
4.10392
4.10392
4.10392
4.10392
4.10391
4.10391
4.10391
4.10391
4.10391
4.10391
4.10391
4.10392
4.10392
4.10392
4.10392
4.10393
4.10393
4.10393
4.10393
4.10393
4.10392
4.10392
4.10392
4.10392
4.10391
4.10391
4.10391
4.10391
4.10391
4.10391
4.10391
4.10391
4.10391
4.10391
4.10391
4.10391
4.10391
4.10392
4.10392
4.10392
4.10392
4.10392
4.10392
4.10392
4.10393
4.10393
4.10393
4.10393
4.10393
4.10393
4.10393
4.10393
4.10393
4.10393
4.10393
4.10393
4.10393
4.10393
4.10393
4.10393
4.10393
4.10393
4.10393
4.10393
4.10393
4.10393
4.10393
4.10393
4.10394
4.10394
4.10394
4.10395
4.10395
4.10395
4.10395
4.10395
4.10395
4.10395
4.10395
4.10395
4.10395
4.10394
4.10394
4.10394
4.10395
4.10392
3.55185
3.55187
3.55184
3.55181
3.55179
3.55177
3.55176
3.55175
3.55174
3.55174
3.55173
3.55173
3.55173
3.55172
3.55172
3.55171
3.55171
3.55171
3.5517
3.5517
3.55169
3.55169
3.55169
3.55168
3.55168
3.55167
3.55167
3.55167
3.55166
3.55166
3.55166
3.55165
3.55165
3.55165
3.55164
3.55164
3.55164
3.55164
3.55163
3.55163
3.55163
3.55163
3.55163
3.55163
3.55163
3.55163
3.55163
3.55163
3.55164
3.55164
3.55164
3.55164
3.55164
3.55164
3.55163
3.55163
3.55163
3.55163
3.55162
3.55162
3.55162
3.55162
3.55162
3.55162
3.55162
3.55162
3.55162
3.55162
3.55162
3.55162
3.55162
3.55162
3.55163
3.55163
3.55163
3.55163
3.55163
3.55163
3.55163
3.55164
3.55164
3.55164
3.55164
3.55164
3.55164
3.55164
3.55164
3.55164
3.55164
3.55164
3.55164
3.55164
3.55164
3.55164
3.55164
3.55164
3.55164
3.55164
3.55164
3.55164
3.55164
3.55164
3.55165
3.55165
3.55165
3.55166
3.55166
3.55166
3.55166
3.55166
3.55166
3.55166
3.55166
3.55166
3.55166
3.55165
3.55165
3.55165
3.55166
3.55162
3.11055
3.11057
3.11054
3.11051
3.11049
3.11047
3.11045
3.11044
3.11043
3.11043
3.11042
3.11042
3.11041
3.11041
3.11041
3.1104
3.1104
3.11039
3.11039
3.11039
3.11038
3.11038
3.11038
3.11037
3.11037
3.11036
3.11036
3.11036
3.11035
3.11035
3.11035
3.11034
3.11034
3.11034
3.11033
3.11033
3.11033
3.11032
3.11032
3.11032
3.11032
3.11031
3.11031
3.11031
3.11031
3.11031
3.11031
3.11032
3.11032
3.11032
3.11032
3.11032
3.11032
3.11032
3.11032
3.11031
3.11031
3.11031
3.11031
3.1103
3.1103
3.1103
3.1103
3.1103
3.1103
3.1103
3.1103
3.1103
3.1103
3.1103
3.1103
3.1103
3.11031
3.11031
3.11031
3.11031
3.11031
3.11031
3.11031
3.11032
3.11032
3.11032
3.11032
3.11032
3.11032
3.11032
3.11032
3.11032
3.11032
3.11032
3.11032
3.11032
3.11032
3.11032
3.11032
3.11032
3.11032
3.11032
3.11032
3.11032
3.11032
3.11033
3.11033
3.11033
3.11033
3.11033
3.11034
3.11034
3.11034
3.11034
3.11034
3.11034
3.11034
3.11034
3.11034
3.11033
3.11033
3.11033
3.11034
3.1103
2.75188
2.75191
2.75189
2.75186
2.75183
2.75181
2.75179
2.75178
2.75177
2.75176
2.75176
2.75175
2.75175
2.75174
2.75174
2.75174
2.75173
2.75173
2.75173
2.75172
2.75172
2.75172
2.75171
2.75171
2.75171
2.7517
2.7517
2.7517
2.75169
2.75169
2.75168
2.75168
2.75168
2.75168
2.75167
2.75167
2.75167
2.75166
2.75166
2.75166
2.75165
2.75165
2.75165
2.75165
2.75165
2.75165
2.75165
2.75165
2.75165
2.75165
2.75165
2.75165
2.75165
2.75165
2.75165
2.75165
2.75164
2.75164
2.75164
2.75164
2.75164
2.75163
2.75163
2.75163
2.75163
2.75163
2.75163
2.75163
2.75163
2.75163
2.75164
2.75164
2.75164
2.75164
2.75164
2.75164
2.75164
2.75164
2.75165
2.75165
2.75165
2.75165
2.75165
2.75165
2.75165
2.75165
2.75165
2.75165
2.75165
2.75165
2.75165
2.75165
2.75165
2.75165
2.75165
2.75165
2.75165
2.75165
2.75166
2.75166
2.75166
2.75166
2.75166
2.75166
2.75166
2.75166
2.75167
2.75167
2.75167
2.75167
2.75167
2.75167
2.75167
2.75167
2.75167
2.75166
2.75166
2.75166
2.75167
2.75163
2.45603
2.45607
2.45605
2.45602
2.45599
2.45597
2.45595
2.45593
2.45592
2.45592
2.45591
2.4559
2.4559
2.4559
2.45589
2.45589
2.45589
2.45588
2.45588
2.45588
2.45587
2.45587
2.45587
2.45586
2.45586
2.45586
2.45585
2.45585
2.45585
2.45584
2.45584
2.45584
2.45583
2.45583
2.45583
2.45583
2.45582
2.45582
2.45582
2.45581
2.45581
2.45581
2.45581
2.4558
2.4558
2.4558
2.4558
2.4558
2.4558
2.4558
2.4558
2.4558
2.4558
2.4558
2.4558
2.4558
2.4558
2.45579
2.45579
2.45579
2.45579
2.45579
2.45579
2.45579
2.45579
2.45579
2.45579
2.45579
2.45579
2.45579
2.45579
2.45579
2.45579
2.45579
2.45579
2.45579
2.4558
2.4558
2.4558
2.4558
2.4558
2.4558
2.4558
2.4558
2.4558
2.4558
2.4558
2.4558
2.4558
2.4558
2.45581
2.45581
2.45581
2.45581
2.45581
2.45581
2.45581
2.45581
2.45581
2.45581
2.45581
2.45581
2.45581
2.45581
2.45581
2.45581
2.45581
2.45582
2.45582
2.45582
2.45582
2.45582
2.45582
2.45582
2.45581
2.45581
2.45581
2.45581
2.45582
2.45577
2.20876
2.20879
2.20878
2.20875
2.20872
2.2087
2.20868
2.20866
2.20865
2.20864
2.20864
2.20863
2.20863
2.20862
2.20862
2.20862
2.20861
2.20861
2.20861
2.2086
2.2086
2.2086
2.2086
2.20859
2.20859
2.20859
2.20858
2.20858
2.20858
2.20857
2.20857
2.20857
2.20857
2.20856
2.20856
2.20856
2.20855
2.20855
2.20855
2.20855
2.20854
2.20854
2.20854
2.20854
2.20853
2.20853
2.20853
2.20853
2.20853
2.20853
2.20853
2.20853
2.20853
2.20853
2.20853
2.20853
2.20852
2.20852
2.20852
2.20852
2.20852
2.20852
2.20852
2.20852
2.20852
2.20852
2.20852
2.20852
2.20852
2.20852
2.20852
2.20852
2.20852
2.20852
2.20852
2.20853
2.20853
2.20853
2.20853
2.20853
2.20853
2.20853
2.20853
2.20853
2.20853
2.20853
2.20853
2.20853
2.20853
2.20854
2.20854
2.20854
2.20854
2.20854
2.20854
2.20854
2.20854
2.20854
2.20854
2.20854
2.20854
2.20854
2.20854
2.20854
2.20854
2.20854
2.20854
2.20854
2.20854
2.20854
2.20854
2.20854
2.20854
2.20854
2.20854
2.20854
2.20854
2.20854
2.20855
2.2085
1.99962
1.99966
1.99964
1.99962
1.99959
1.99957
1.99955
1.99954
1.99952
1.99951
1.99951
1.9995
1.9995
1.99949
1.99949
1.99948
1.99948
1.99948
1.99948
1.99947
1.99947
1.99947
1.99946
1.99946
1.99946
1.99946
1.99945
1.99945
1.99945
1.99945
1.99944
1.99944
1.99944
1.99943
1.99943
1.99943
1.99943
1.99942
1.99942
1.99942
1.99941
1.99941
1.99941
1.99941
1.99941
1.99941
1.9994
1.9994
1.9994
1.9994
1.9994
1.9994
1.9994
1.9994
1.9994
1.9994
1.9994
1.99939
1.99939
1.99939
1.99939
1.99939
1.99939
1.99939
1.99939
1.99939
1.99939
1.99939
1.99939
1.99939
1.99939
1.9994
1.9994
1.9994
1.9994
1.9994
1.9994
1.9994
1.9994
1.9994
1.9994
1.9994
1.99941
1.99941
1.99941
1.99941
1.99941
1.99941
1.99941
1.99941
1.99941
1.99941
1.99941
1.99941
1.99941
1.99941
1.99941
1.99941
1.99941
1.99941
1.99941
1.99941
1.99941
1.99941
1.99941
1.99941
1.99941
1.99941
1.99941
1.99941
1.99941
1.99941
1.99941
1.99941
1.99941
1.99941
1.99941
1.9994
1.99941
1.99937
1.82084
1.82088
1.82087
1.82085
1.82082
1.8208
1.82078
1.82077
1.82075
1.82074
1.82074
1.82073
1.82072
1.82072
1.82072
1.82071
1.82071
1.82071
1.8207
1.8207
1.8207
1.8207
1.82069
1.82069
1.82069
1.82069
1.82068
1.82068
1.82068
1.82068
1.82067
1.82067
1.82067
1.82067
1.82066
1.82066
1.82066
1.82066
1.82065
1.82065
1.82065
1.82065
1.82064
1.82064
1.82064
1.82064
1.82064
1.82064
1.82064
1.82064
1.82064
1.82063
1.82063
1.82063
1.82063
1.82063
1.82063
1.82063
1.82063
1.82063
1.82063
1.82063
1.82063
1.82063
1.82063
1.82063
1.82063
1.82063
1.82063
1.82063
1.82063
1.82063
1.82063
1.82063
1.82064
1.82064
1.82064
1.82064
1.82064
1.82064
1.82064
1.82064
1.82064
1.82064
1.82064
1.82064
1.82064
1.82064
1.82064
1.82064
1.82064
1.82065
1.82065
1.82065
1.82065
1.82065
1.82064
1.82064
1.82064
1.82064
1.82064
1.82064
1.82064
1.82064
1.82064
1.82064
1.82064
1.82064
1.82064
1.82064
1.82064
1.82064
1.82064
1.82064
1.82064
1.82064
1.82064
1.82063
1.82064
1.8206
1.66654
1.66657
1.66657
1.66655
1.66652
1.6665
1.66648
1.66647
1.66646
1.66645
1.66644
1.66643
1.66643
1.66642
1.66642
1.66641
1.66641
1.66641
1.6664
1.6664
1.6664
1.6664
1.6664
1.66639
1.66639
1.66639
1.66639
1.66638
1.66638
1.66638
1.66638
1.66638
1.66637
1.66637
1.66637
1.66637
1.66636
1.66636
1.66636
1.66636
1.66635
1.66635
1.66635
1.66635
1.66634
1.66634
1.66634
1.66634
1.66634
1.66634
1.66634
1.66634
1.66634
1.66634
1.66634
1.66633
1.66633
1.66633
1.66633
1.66633
1.66633
1.66634
1.66634
1.66634
1.66634
1.66634
1.66634
1.66634
1.66634
1.66634
1.66634
1.66634
1.66634
1.66635
1.66635
1.66635
1.66635
1.66635
1.66635
1.66635
1.66635
1.66635
1.66635
1.66635
1.66635
1.66635
1.66635
1.66635
1.66635
1.66635
1.66635
1.66635
1.66635
1.66635
1.66635
1.66635
1.66635
1.66635
1.66635
1.66635
1.66635
1.66635
1.66635
1.66634
1.66634
1.66634
1.66634
1.66634
1.66634
1.66634
1.66634
1.66634
1.66634
1.66634
1.66634
1.66634
1.66634
1.66634
1.66635
1.6663
1.53218
1.53222
1.53221
1.53219
1.53217
1.53215
1.53213
1.53212
1.53211
1.5321
1.53209
1.53208
1.53208
1.53207
1.53207
1.53206
1.53206
1.53206
1.53206
1.53205
1.53205
1.53205
1.53205
1.53204
1.53204
1.53204
1.53204
1.53204
1.53203
1.53203
1.53203
1.53203
1.53203
1.53202
1.53202
1.53202
1.53202
1.53201
1.53201
1.53201
1.53201
1.53201
1.532
1.532
1.532
1.532
1.532
1.532
1.532
1.532
1.53199
1.53199
1.53199
1.53199
1.53199
1.53199
1.53199
1.53199
1.53199
1.53199
1.53199
1.532
1.532
1.532
1.532
1.532
1.532
1.532
1.532
1.532
1.53201
1.53201
1.53201
1.53201
1.53201
1.53201
1.53201
1.53201
1.53201
1.53201
1.53201
1.53201
1.53201
1.53201
1.53201
1.53202
1.53202
1.53202
1.53202
1.53202
1.53202
1.53202
1.53202
1.53202
1.53201
1.53201
1.53201
1.53201
1.53201
1.53201
1.53201
1.532
1.532
1.532
1.532
1.532
1.532
1.532
1.532
1.532
1.532
1.53199
1.53199
1.53199
1.53199
1.53199
1.53199
1.53199
1.532
1.53196
1.41426
1.41429
1.41429
1.41427
1.41425
1.41423
1.41422
1.4142
1.41419
1.41418
1.41417
1.41417
1.41416
1.41416
1.41415
1.41415
1.41414
1.41414
1.41414
1.41414
1.41413
1.41413
1.41413
1.41413
1.41413
1.41413
1.41412
1.41412
1.41412
1.41412
1.41412
1.41411
1.41411
1.41411
1.41411
1.41411
1.4141
1.4141
1.4141
1.4141
1.4141
1.41409
1.41409
1.41409
1.41409
1.41409
1.41409
1.41408
1.41408
1.41408
1.41408
1.41408
1.41408
1.41408
1.41408
1.41408
1.41408
1.41408
1.41409
1.41409
1.41409
1.41409
1.41409
1.41409
1.41409
1.4141
1.4141
1.4141
1.4141
1.4141
1.4141
1.4141
1.4141
1.41411
1.41411
1.41411
1.41411
1.41411
1.41411
1.41411
1.41411
1.41411
1.41411
1.41411
1.41411
1.41411
1.41411
1.41411
1.41411
1.41411
1.41411
1.41411
1.41411
1.41411
1.41411
1.41411
1.41411
1.4141
1.4141
1.4141
1.4141
1.41409
1.41409
1.41409
1.41409
1.41409
1.41409
1.41409
1.41408
1.41408
1.41408
1.41408
1.41408
1.41408
1.41408
1.41408
1.41408
1.41408
1.41408
1.41404
1.31
1.31003
1.31003
1.31001
1.31
1.30998
1.30996
1.30995
1.30994
1.30993
1.30992
1.30992
1.30991
1.3099
1.3099
1.3099
1.30989
1.30989
1.30989
1.30989
1.30988
1.30988
1.30988
1.30988
1.30988
1.30988
1.30987
1.30987
1.30987
1.30987
1.30987
1.30987
1.30986
1.30986
1.30986
1.30986
1.30986
1.30985
1.30985
1.30985
1.30985
1.30985
1.30984
1.30984
1.30984
1.30984
1.30984
1.30984
1.30984
1.30984
1.30984
1.30984
1.30984
1.30984
1.30984
1.30984
1.30984
1.30984
1.30985
1.30985
1.30985
1.30985
1.30985
1.30986
1.30986
1.30986
1.30986
1.30986
1.30986
1.30987
1.30987
1.30987
1.30987
1.30987
1.30987
1.30987
1.30987
1.30987
1.30987
1.30987
1.30987
1.30988
1.30988
1.30988
1.30988
1.30988
1.30988
1.30988
1.30988
1.30988
1.30988
1.30988
1.30987
1.30987
1.30987
1.30987
1.30987
1.30986
1.30986
1.30986
1.30985
1.30985
1.30985
1.30985
1.30984
1.30984
1.30984
1.30984
1.30984
1.30984
1.30984
1.30984
1.30983
1.30983
1.30983
1.30983
1.30983
1.30983
1.30984
1.3098
1.2172
1.21724
1.21723
1.21722
1.21721
1.21719
1.21717
1.21716
1.21715
1.21714
1.21713
1.21713
1.21712
1.21712
1.21711
1.21711
1.21711
1.2171
1.2171
1.2171
1.2171
1.2171
1.21709
1.21709
1.21709
1.21709
1.21709
1.21709
1.21708
1.21708
1.21708
1.21708
1.21708
1.21708
1.21708
1.21707
1.21707
1.21707
1.21707
1.21707
1.21706
1.21706
1.21706
1.21706
1.21706
1.21706
1.21706
1.21706
1.21705
1.21705
1.21705
1.21705
1.21706
1.21706
1.21706
1.21706
1.21707
1.21707
1.21707
1.21708
1.21708
1.21708
1.21708
1.21709
1.21709
1.21709
1.21709
1.21709
1.21709
1.2171
1.2171
1.2171
1.2171
1.2171
1.2171
1.2171
1.2171
1.2171
1.2171
1.2171
1.2171
1.21711
1.21711
1.21711
1.21711
1.21711
1.21711
1.21711
1.21711
1.21711
1.21711
1.2171
1.2171
1.2171
1.2171
1.21709
1.21709
1.21709
1.21708
1.21708
1.21707
1.21707
1.21707
1.21707
1.21706
1.21706
1.21706
1.21706
1.21706
1.21706
1.21705
1.21705
1.21705
1.21705
1.21705
1.21705
1.21705
1.21705
1.21705
1.21702
1.1341
1.13414
1.13413
1.13412
1.13411
1.13409
1.13408
1.13407
1.13406
1.13405
1.13404
1.13403
1.13403
1.13402
1.13402
1.13402
1.13401
1.13401
1.13401
1.13401
1.134
1.134
1.134
1.134
1.134
1.134
1.134
1.13399
1.13399
1.13399
1.13399
1.13399
1.13399
1.13399
1.13398
1.13398
1.13398
1.13398
1.13398
1.13398
1.13398
1.13397
1.13397
1.13397
1.13397
1.13397
1.13397
1.13397
1.13397
1.13397
1.13397
1.13397
1.13397
1.13398
1.13398
1.13398
1.13399
1.13399
1.134
1.134
1.134
1.134
1.13401
1.13401
1.13401
1.13401
1.13402
1.13402
1.13402
1.13402
1.13402
1.13402
1.13403
1.13403
1.13403
1.13403
1.13403
1.13403
1.13403
1.13403
1.13403
1.13403
1.13403
1.13403
1.13403
1.13403
1.13403
1.13403
1.13403
1.13403
1.13403
1.13403
1.13402
1.13402
1.13402
1.13401
1.13401
1.134
1.134
1.13399
1.13399
1.13399
1.13398
1.13398
1.13398
1.13398
1.13397
1.13397
1.13397
1.13397
1.13397
1.13397
1.13396
1.13396
1.13396
1.13396
1.13396
1.13396
1.13396
1.13393
1.05926
1.05929
1.05929
1.05928
1.05927
1.05925
1.05924
1.05923
1.05922
1.05921
1.05921
1.0592
1.05919
1.05919
1.05919
1.05918
1.05918
1.05918
1.05917
1.05917
1.05917
1.05917
1.05917
1.05917
1.05916
1.05916
1.05916
1.05916
1.05916
1.05916
1.05916
1.05916
1.05916
1.05915
1.05915
1.05915
1.05915
1.05915
1.05915
1.05915
1.05914
1.05914
1.05914
1.05914
1.05914
1.05914
1.05914
1.05914
1.05914
1.05914
1.05914
1.05914
1.05915
1.05915
1.05916
1.05916
1.05917
1.05917
1.05918
1.05918
1.05919
1.05919
1.05919
1.0592
1.0592
1.0592
1.0592
1.0592
1.05921
1.05921
1.05921
1.05921
1.05921
1.05921
1.05921
1.05921
1.05922
1.05922
1.05922
1.05922
1.05922
1.05922
1.05922
1.05922
1.05922
1.05922
1.05922
1.05922
1.05922
1.05922
1.05922
1.05921
1.05921
1.0592
1.0592
1.05919
1.05918
1.05918
1.05917
1.05917
1.05916
1.05916
1.05916
1.05915
1.05915
1.05915
1.05915
1.05914
1.05914
1.05914
1.05914
1.05914
1.05914
1.05913
1.05913
1.05913
1.05913
1.05913
1.05913
1.0591
0.991508
0.991536
0.991535
0.991525
0.991513
0.9915
0.991489
0.991479
0.99147
0.991462
0.991456
0.99145
0.991445
0.99144
0.991436
0.991433
0.99143
0.991427
0.991425
0.991423
0.991421
0.991419
0.991418
0.991417
0.991415
0.991414
0.991413
0.991412
0.991411
0.99141
0.991409
0.991408
0.991407
0.991406
0.991405
0.991404
0.991403
0.991402
0.991401
0.991399
0.991398
0.991397
0.991396
0.991395
0.991394
0.991393
0.991392
0.991392
0.991392
0.991394
0.991398
0.991405
0.991412
0.99142
0.991427
0.991434
0.99144
0.991445
0.99145
0.991454
0.991458
0.991462
0.991465
0.991468
0.991471
0.991473
0.991475
0.991477
0.991479
0.991481
0.991482
0.991484
0.991485
0.991486
0.991487
0.991488
0.991489
0.991489
0.99149
0.99149
0.991491
0.991491
0.991492
0.991492
0.991492
0.991493
0.991493
0.991493
0.991492
0.991489
0.991485
0.991479
0.991472
0.991465
0.991458
0.991452
0.991445
0.991439
0.991433
0.991428
0.991423
0.991419
0.991415
0.991411
0.991408
0.991405
0.991403
0.991401
0.991399
0.991397
0.991395
0.991393
0.991392
0.99139
0.991389
0.991387
0.991386
0.991384
0.991389
0.991361
0.92987
0.929895
0.929894
0.929885
0.929874
0.929863
0.929852
0.929843
0.929835
0.929827
0.929821
0.929816
0.929811
0.929806
0.929803
0.929799
0.929797
0.929794
0.929792
0.92979
0.929788
0.929787
0.929785
0.929784
0.929783
0.929782
0.929781
0.92978
0.929779
0.929779
0.929778
0.929777
0.929776
0.929775
0.929774
0.929774
0.929773
0.929772
0.929771
0.92977
0.929769
0.929767
0.929766
0.929766
0.929765
0.929764
0.929764
0.929764
0.929764
0.929768
0.929776
0.929787
0.929797
0.929807
0.929816
0.929823
0.92983
0.929835
0.92984
0.929845
0.929849
0.929853
0.929856
0.929859
0.929862
0.929865
0.929867
0.929869
0.929871
0.929873
0.929874
0.929876
0.929877
0.929878
0.929879
0.92988
0.929881
0.929881
0.929882
0.929883
0.929883
0.929884
0.929884
0.929884
0.929885
0.929885
0.929886
0.929885
0.929883
0.929878
0.929871
0.929863
0.929854
0.929845
0.929837
0.929829
0.929822
0.929815
0.929809
0.929803
0.929798
0.929793
0.929789
0.929785
0.929782
0.929779
0.929777
0.929775
0.929773
0.929771
0.929769
0.929767
0.929765
0.929763
0.929762
0.92976
0.929759
0.929757
0.929761
0.929736
0.873544
0.873567
0.873566
0.873558
0.873548
0.873537
0.873528
0.873519
0.873511
0.873505
0.873499
0.873494
0.873489
0.873485
0.873482
0.873479
0.873476
0.873474
0.873472
0.87347
0.873468
0.873467
0.873465
0.873464
0.873463
0.873462
0.873462
0.873461
0.87346
0.873459
0.873459
0.873458
0.873457
0.873457
0.873456
0.873455
0.873455
0.873454
0.873453
0.873452
0.873451
0.873451
0.87345
0.873449
0.873448
0.873448
0.873447
0.873448
0.87345
0.873458
0.873472
0.873486
0.8735
0.873511
0.87352
0.873528
0.873535
0.873541
0.873547
0.873551
0.873555
0.873559
0.873563
0.873566
0.873569
0.873571
0.873574
0.873576
0.873578
0.873579
0.873581
0.873582
0.873584
0.873585
0.873586
0.873587
0.873588
0.873588
0.873589
0.87359
0.87359
0.873591
0.873591
0.873592
0.873592
0.873592
0.873593
0.873592
0.873587
0.87358
0.87357
0.873558
0.873547
0.873536
0.873527
0.873518
0.87351
0.873503
0.873496
0.87349
0.873485
0.87348
0.873476
0.873472
0.873469
0.873466
0.873464
0.873462
0.873459
0.873457
0.873455
0.873453
0.873451
0.873449
0.873448
0.873446
0.873445
0.873443
0.873446
0.873423
0.821859
0.821879
0.821878
0.821871
0.821862
0.821852
0.821843
0.821835
0.821829
0.821823
0.821817
0.821812
0.821808
0.821804
0.821801
0.821798
0.821796
0.821794
0.821792
0.82179
0.821788
0.821787
0.821786
0.821785
0.821784
0.821783
0.821783
0.821782
0.821781
0.821781
0.82178
0.82178
0.821779
0.821779
0.821778
0.821778
0.821777
0.821777
0.821776
0.821776
0.821775
0.821774
0.821774
0.821773
0.821772
0.821773
0.821772
0.821775
0.821779
0.821793
0.821814
0.821833
0.821848
0.82186
0.82187
0.821878
0.821885
0.821891
0.821896
0.821901
0.821905
0.821909
0.821912
0.821916
0.821918
0.821921
0.821923
0.821925
0.821927
0.821929
0.821931
0.821932
0.821933
0.821935
0.821936
0.821937
0.821938
0.821938
0.821939
0.82194
0.82194
0.821941
0.821941
0.821942
0.821942
0.821942
0.821944
0.82194
0.821932
0.82192
0.821906
0.821892
0.821878
0.821866
0.821855
0.821846
0.821838
0.82183
0.821824
0.821818
0.821812
0.821807
0.821803
0.821799
0.821796
0.821793
0.821791
0.821789
0.821787
0.821785
0.821782
0.82178
0.821778
0.821776
0.821774
0.821772
0.821771
0.821769
0.821772
0.821751
0.774249
0.774267
0.774266
0.774259
0.774251
0.774242
0.774234
0.774227
0.774221
0.774215
0.77421
0.774206
0.774202
0.774199
0.774196
0.774193
0.774191
0.774189
0.774187
0.774185
0.774184
0.774183
0.774182
0.774181
0.77418
0.77418
0.774179
0.774179
0.774178
0.774178
0.774177
0.774177
0.774177
0.774176
0.774176
0.774176
0.774175
0.774175
0.774174
0.774174
0.774174
0.774173
0.774173
0.774172
0.774172
0.774173
0.774171
0.774178
0.774185
0.774211
0.77424
0.774262
0.774278
0.77429
0.774299
0.774307
0.774313
0.774319
0.774324
0.774329
0.774333
0.774337
0.77434
0.774343
0.774346
0.774348
0.774351
0.774353
0.774355
0.774357
0.774358
0.77436
0.774361
0.774362
0.774363
0.774364
0.774365
0.774366
0.774367
0.774368
0.774368
0.774369
0.774369
0.77437
0.774371
0.774371
0.774373
0.774364
0.774351
0.774334
0.774315
0.774298
0.774282
0.774269
0.774257
0.774248
0.774239
0.774232
0.774225
0.774219
0.774214
0.774209
0.774205
0.774201
0.774198
0.774196
0.774194
0.774192
0.77419
0.774187
0.774184
0.774182
0.77418
0.774177
0.774175
0.774174
0.774172
0.77417
0.774172
0.774154
0.730237
0.730252
0.730251
0.730244
0.730236
0.730229
0.730221
0.730215
0.730209
0.730205
0.7302
0.730196
0.730193
0.73019
0.730187
0.730185
0.730183
0.730181
0.730179
0.730178
0.730177
0.730176
0.730175
0.730174
0.730173
0.730173
0.730173
0.730172
0.730172
0.730172
0.730171
0.730171
0.730171
0.730171
0.730171
0.730171
0.73017
0.73017
0.73017
0.73017
0.730169
0.730169
0.730169
0.730169
0.730168
0.73017
0.730168
0.730182
0.730193
0.730239
0.730275
0.730296
0.73031
0.73032
0.730329
0.730336
0.730342
0.730347
0.730352
0.730357
0.730361
0.730364
0.730367
0.73037
0.730373
0.730376
0.730378
0.73038
0.730382
0.730384
0.730385
0.730387
0.730388
0.730389
0.730391
0.730392
0.730393
0.730394
0.730394
0.730395
0.730396
0.730397
0.730397
0.730398
0.730398
0.730399
0.730402
0.730382
0.730363
0.73034
0.730317
0.730296
0.730279
0.730266
0.730254
0.730245
0.730237
0.730229
0.730223
0.730217
0.730212
0.730208
0.730204
0.7302
0.730198
0.730196
0.730195
0.730192
0.730189
0.730186
0.730184
0.730181
0.730178
0.730176
0.730174
0.730172
0.73017
0.730168
0.73017
0.730155
0.689415
0.689428
0.689426
0.68942
0.689413
0.689406
0.689399
0.689394
0.689389
0.689384
0.689381
0.689377
0.689374
0.689371
0.689369
0.689367
0.689365
0.689363
0.689362
0.689361
0.68936
0.689359
0.689358
0.689358
0.689357
0.689357
0.689357
0.689357
0.689357
0.689356
0.689356
0.689356
0.689356
0.689356
0.689356
0.689356
0.689356
0.689356
0.689356
0.689356
0.689356
0.689356
0.689356
0.689356
0.689356
0.689359
0.689356
0.689385
0.689399
0.689479
0.689512
0.689527
0.689538
0.689546
0.689553
0.689559
0.689565
0.68957
0.689574
0.689578
0.689582
0.689585
0.689588
0.689591
0.689594
0.689596
0.689598
0.6896
0.689602
0.689604
0.689606
0.689607
0.689609
0.68961
0.689611
0.689612
0.689613
0.689614
0.689615
0.689616
0.689617
0.689617
0.689618
0.689619
0.68962
0.68962
0.689624
0.689582
0.689562
0.68953
0.689503
0.689481
0.689464
0.689451
0.68944
0.689431
0.689424
0.689417
0.689411
0.689406
0.689401
0.689397
0.689393
0.689389
0.689388
0.689388
0.689386
0.689383
0.68938
0.689376
0.689373
0.68937
0.689367
0.689365
0.689363
0.689361
0.689359
0.689357
0.689359
0.689345
0.651438
0.651447
0.651445
0.651439
0.651432
0.651426
0.651421
0.651416
0.651411
0.651408
0.651404
0.651401
0.651399
0.651396
0.651394
0.651393
0.651391
0.65139
0.651389
0.651388
0.651387
0.651386
0.651386
0.651385
0.651385
0.651385
0.651385
0.651385
0.651385
0.651385
0.651385
0.651385
0.651385
0.651386
0.651386
0.651386
0.651386
0.651386
0.651386
0.651387
0.651387
0.651387
0.651387
0.651387
0.651386
0.651392
0.651389
0.651444
0.651459
0.65162
0.651601
0.651553
0.651525
0.651505
0.65149
0.651478
0.651468
0.65146
0.651453
0.651447
0.651442
0.651437
0.651433
0.651429
0.651426
0.651422
0.651424
0.651424
0.651421
0.651417
0.651413
0.651409
0.651405
0.651402
0.6514
0.651397
0.651395
0.651393
0.651391
0.65139
0.65139
0.651379
0.616007
0.616013
0.616009
0.616004
0.615998
0.615992
0.615988
0.615983
0.61598
0.615977
0.615974
0.615971
0.615969
0.615967
0.615965
0.615964
0.615963
0.615962
0.615961
0.61596
0.615959
0.615959
0.615959
0.615959
0.615958
0.615958
0.615959
0.615959
0.615959
0.615959
0.615959
0.61596
0.61596
0.615961
0.615961
0.615961
0.615962
0.615962
0.615962
0.615963
0.615963
0.615963
0.615964
0.615964
0.615963
0.615973
0.615971
0.616114
0.616088
0.616071
0.616059
0.616049
0.616041
0.616034
0.616028
0.616023
0.616018
0.616014
0.61601
0.616007
0.616004
0.616
0.616007
0.616006
0.616001
0.615996
0.615991
0.615987
0.615983
0.61598
0.615977
0.615975
0.615972
0.61597
0.615969
0.615967
0.615968
0.615959
)
;

boundaryField
{
    bottomWall
    {
        beta1           0.075;
        blended         0;
        type            omegaWallFunction;
        value           nonuniform List<scalar> 
120
(
999.269
999.269
999.269
999.269
999.269
999.269
999.269
999.269
999.269
999.269
999.269
999.269
999.269
999.269
999.269
999.269
999.269
999.269
999.269
999.269
999.269
999.269
999.269
999.269
999.269
999.269
999.269
999.269
999.269
999.269
999.269
999.269
999.269
999.269
999.269
999.269
999.269
999.269
999.269
999.269
999.269
999.269
999.269
999.269
999.269
999.269
999.269
999.269
999.269
999.269
999.269
999.269
999.269
999.269
999.269
999.269
999.269
999.269
999.269
999.269
999.269
999.269
999.269
999.269
999.269
999.269
999.269
999.269
999.269
999.269
999.269
999.269
999.269
999.269
999.269
999.269
999.269
999.269
999.269
999.269
999.269
999.269
999.269
999.269
999.269
999.269
999.269
999.269
999.269
999.269
999.269
999.269
999.269
999.269
999.269
999.269
999.269
999.269
999.269
999.269
999.269
999.269
999.269
999.269
999.269
999.269
999.269
999.269
999.269
999.269
999.269
999.269
999.269
999.269
999.269
999.269
999.269
999.269
999.269
999.269
)
;
    }
    topWall
    {
        beta1           0.075;
        blended         0;
        type            omegaWallFunction;
        value           nonuniform 0();
    }
    sides1_half0
    {
        type            cyclic;
    }
    sides1_half1
    {
        type            cyclic;
    }
    sides2_half0
    {
        type            cyclic;
    }
    sides2_half1
    {
        type            cyclic;
    }
    inout1_half0
    {
        type            cyclic;
    }
    inout1_half1
    {
        type            cyclic;
    }
    inout2_half0
    {
        type            cyclic;
    }
    inout2_half1
    {
        type            cyclic;
    }
    procBoundary3to4
    {
        type            processor;
        value           nonuniform List<scalar> 
63
(
0.651516
0.651529
0.651536
0.651543
0.651549
0.651555
0.65156
0.651565
0.651569
0.651573
0.651577
0.65158
0.651583
0.651586
0.651589
0.651592
0.651594
0.651596
0.651598
0.6516
0.651602
0.651604
0.651605
0.651607
0.651608
0.651609
0.65161
0.651612
0.651613
0.651614
0.651615
0.651615
0.651616
0.651617
0.651618
0.651619
0.651619
0.651621
0.616012
0.651516
0.616017
0.651621
0.616116
0.616124
0.582811
0.616012
0.582806
0.616124
0.582895
0.582896
0.582888
0.582879
0.582872
0.582866
0.582861
0.582856
0.582851
0.582848
0.582844
0.582841
0.582838
0.582836
0.582832
)
;
    }
    procBoundary3to5
    {
        type            processor;
        value           nonuniform List<scalar> 
61
(
0.582825
0.58283
0.582827
0.582822
0.582817
0.582812
0.582808
0.582804
0.582801
0.582798
0.582796
0.582794
0.582792
0.58279
0.582789
0.582788
0.582787
0.582786
0.582786
0.582785
0.582785
0.582785
0.582784
0.582784
0.582785
0.582785
0.582785
0.582785
0.582786
0.582786
0.582787
0.582787
0.582788
0.582788
0.582789
0.582789
0.58279
0.582791
0.582791
0.582792
0.582792
0.582793
0.582793
0.582794
0.582793
0.582847
0.582841
0.582833
0.582827
0.582821
0.582817
0.582813
0.58281
0.582807
0.582804
0.582802
0.582801
0.582799
0.582798
0.582798
0.582791
)
;
    }
}


// ************************************************************************* //
