/*--------------------------------*- C++ -*----------------------------------*\
  =========                 |
  \\      /  F ield         | OpenFOAM: The Open Source CFD Toolbox
   \\    /   O peration     | Website:  https://openfoam.org
    \\  /    A nd           | Version:  7
     \\/     M anipulation  |
\*---------------------------------------------------------------------------*/
FoamFile
{
    version     2.0;
    format      ascii;
    class       volScalarField;
    location    "3000";
    object      nut;
}
// * * * * * * * * * * * * * * * * * * * * * * * * * * * * * * * * * * * * * //

dimensions      [0 2 -1 0 0 0 0];

internalField   nonuniform List<scalar> 
4037
(
0.000268422
0.00026843
0.000268437
0.000268441
0.000268445
0.000268448
0.000268451
0.000268453
0.000268455
0.000268457
0.000268459
0.000268461
0.000268462
0.000268464
0.000268466
0.000268467
0.000268469
0.00026847
0.000268471
0.000268473
0.000268474
0.000268475
0.000268476
0.000268478
0.000268479
0.00026848
0.000268481
0.000268483
0.000268484
0.000268485
0.000268486
0.000268487
0.000268488
0.000268489
0.00026849
0.000268491
0.000268492
0.000268493
0.000268494
0.000268495
0.000268496
0.000268497
0.000268498
0.000268499
0.0002685
0.000268501
0.000268502
0.000268503
0.000268503
0.000268504
0.000268505
0.000268505
0.000268506
0.000268507
0.000268507
0.000268508
0.000268508
0.000268508
0.000268509
0.000268509
0.000268509
0.00026851
0.00026851
0.00026851
0.00026851
0.00026851
0.00026851
0.00026851
0.00026851
0.000268509
0.000268509
0.000268509
0.000268508
0.000268508
0.000268508
0.000268507
0.000268508
0.00025472
0.000254712
0.000254711
0.000254711
0.000254711
0.000254712
0.000254712
0.000254712
0.000254712
0.000254712
0.000254712
0.000254713
0.000254713
0.000254713
0.000254714
0.000254714
0.000254714
0.000254715
0.000254715
0.000254716
0.000254716
0.000254716
0.000254717
0.000254716
0.000254734
0.000254745
0.000254752
0.000254757
0.000254761
0.000254765
0.000254768
0.00025477
0.000254772
0.000254774
0.000254776
0.000254778
0.00025478
0.000254782
0.000254783
0.000254785
0.000254786
0.000254788
0.000254789
0.00025479
0.000254792
0.000254793
0.000254794
0.000254795
0.000254797
0.000254798
0.000254799
0.0002548
0.000254801
0.000254802
0.000254804
0.000254805
0.000254806
0.000254807
0.000254808
0.000254809
0.00025481
0.000254811
0.000254812
0.000254813
0.000254814
0.000254815
0.000254815
0.000254816
0.000254817
0.000254818
0.000254819
0.00025482
0.00025482
0.000254821
0.000254822
0.000254822
0.000254823
0.000254824
0.000254824
0.000254824
0.000254825
0.000254825
0.000254826
0.000254826
0.000254826
0.000254826
0.000254826
0.000254827
0.000254827
0.000254827
0.000254827
0.000254827
0.000254826
0.000254826
0.000254826
0.000254826
0.000254825
0.000254825
0.000254825
0.000254824
0.000254827
0.000254797
0.000254785
0.00025478
0.000254777
0.000254774
0.000254771
0.000254769
0.000254766
0.000254764
0.000254762
0.00025476
0.000254758
0.000254757
0.000254755
0.000254753
0.000254752
0.00025475
0.000254748
0.000254752
0.00024142
0.000241412
0.000241409
0.000241409
0.000241409
0.00024141
0.00024141
0.00024141
0.000241411
0.000241411
0.000241411
0.000241411
0.000241411
0.000241412
0.000241412
0.000241413
0.000241413
0.000241414
0.000241414
0.000241415
0.000241415
0.000241415
0.000241416
0.000241415
0.000241424
0.000241432
0.000241439
0.000241444
0.000241448
0.000241452
0.000241455
0.000241457
0.00024146
0.000241462
0.000241464
0.000241466
0.000241467
0.000241469
0.000241471
0.000241472
0.000241474
0.000241475
0.000241477
0.000241478
0.000241479
0.00024148
0.000241482
0.000241483
0.000241484
0.000241485
0.000241486
0.000241488
0.000241489
0.00024149
0.000241491
0.000241492
0.000241493
0.000241494
0.000241495
0.000241496
0.000241497
0.000241498
0.000241499
0.0002415
0.000241501
0.000241501
0.000241502
0.000241503
0.000241504
0.000241505
0.000241505
0.000241506
0.000241507
0.000241508
0.000241508
0.000241509
0.000241509
0.00024151
0.00024151
0.000241511
0.000241511
0.000241512
0.000241512
0.000241512
0.000241512
0.000241513
0.000241513
0.000241513
0.000241513
0.000241513
0.000241513
0.000241513
0.000241513
0.000241513
0.000241512
0.000241512
0.000241512
0.000241512
0.000241511
0.000241511
0.000241513
0.000241499
0.000241488
0.000241481
0.000241477
0.000241474
0.000241471
0.000241468
0.000241466
0.000241464
0.000241462
0.00024146
0.000241458
0.000241457
0.000241455
0.000241453
0.000241452
0.000241451
0.000241448
0.000241452
0.000228467
0.000228459
0.000228456
0.000228455
0.000228455
0.000228456
0.000228456
0.000228456
0.000228457
0.000228457
0.000228457
0.000228457
0.000228458
0.000228458
0.000228458
0.000228459
0.000228459
0.00022846
0.00022846
0.000228461
0.000228461
0.000228462
0.000228462
0.000228462
0.000228466
0.000228472
0.000228477
0.000228482
0.000228486
0.000228489
0.000228492
0.000228495
0.000228497
0.000228499
0.000228501
0.000228503
0.000228505
0.000228506
0.000228508
0.00022851
0.000228511
0.000228513
0.000228514
0.000228515
0.000228516
0.000228518
0.000228519
0.00022852
0.000228521
0.000228522
0.000228523
0.000228525
0.000228526
0.000228527
0.000228528
0.000228529
0.00022853
0.000228531
0.000228531
0.000228532
0.000228533
0.000228534
0.000228535
0.000228536
0.000228537
0.000228538
0.000228539
0.000228539
0.00022854
0.000228541
0.000228541
0.000228542
0.000228543
0.000228543
0.000228544
0.000228545
0.000228545
0.000228546
0.000228546
0.000228547
0.000228547
0.000228547
0.000228548
0.000228548
0.000228548
0.000228548
0.000228548
0.000228548
0.000228549
0.000228549
0.000228549
0.000228549
0.000228549
0.000228548
0.000228548
0.000228548
0.000228548
0.000228548
0.000228547
0.000228547
0.000228548
0.000228542
0.000228534
0.000228528
0.000228523
0.00022852
0.000228517
0.000228515
0.000228513
0.00022851
0.000228509
0.000228507
0.000228505
0.000228503
0.000228502
0.0002285
0.000228499
0.000228498
0.000228495
0.0002285
0.000215843
0.000215834
0.000215831
0.000215831
0.000215831
0.000215831
0.000215831
0.000215832
0.000215832
0.000215832
0.000215832
0.000215833
0.000215833
0.000215833
0.000215834
0.000215834
0.000215835
0.000215836
0.000215836
0.000215837
0.000215837
0.000215838
0.000215838
0.000215838
0.00021584
0.000215844
0.000215848
0.000215852
0.000215855
0.000215858
0.000215861
0.000215863
0.000215866
0.000215868
0.000215869
0.000215871
0.000215873
0.000215875
0.000215876
0.000215878
0.000215879
0.000215881
0.000215882
0.000215883
0.000215884
0.000215885
0.000215887
0.000215888
0.000215889
0.00021589
0.000215891
0.000215892
0.000215893
0.000215894
0.000215895
0.000215896
0.000215897
0.000215898
0.000215899
0.0002159
0.000215901
0.000215901
0.000215902
0.000215903
0.000215904
0.000215905
0.000215905
0.000215906
0.000215907
0.000215907
0.000215908
0.000215909
0.000215909
0.00021591
0.000215911
0.000215911
0.000215912
0.000215912
0.000215912
0.000215913
0.000215913
0.000215914
0.000215914
0.000215914
0.000215914
0.000215914
0.000215915
0.000215915
0.000215915
0.000215915
0.000215915
0.000215915
0.000215915
0.000215915
0.000215915
0.000215914
0.000215914
0.000215914
0.000215914
0.000215913
0.000215914
0.000215911
0.000215907
0.000215902
0.000215898
0.000215894
0.000215892
0.000215889
0.000215887
0.000215885
0.000215884
0.000215882
0.00021588
0.000215879
0.000215877
0.000215876
0.000215874
0.000215873
0.000215871
0.000215876
0.000203531
0.000203522
0.000203519
0.000203518
0.000203518
0.000203519
0.000203519
0.000203519
0.000203519
0.00020352
0.00020352
0.00020352
0.000203521
0.000203521
0.000203522
0.000203522
0.000203523
0.000203523
0.000203524
0.000203524
0.000203525
0.000203526
0.000203526
0.000203526
0.000203527
0.00020353
0.000203532
0.000203536
0.000203538
0.000203541
0.000203544
0.000203546
0.000203548
0.00020355
0.000203552
0.000203553
0.000203555
0.000203557
0.000203558
0.00020356
0.000203561
0.000203562
0.000203564
0.000203565
0.000203566
0.000203567
0.000203568
0.000203569
0.00020357
0.000203571
0.000203572
0.000203573
0.000203574
0.000203575
0.000203576
0.000203577
0.000203578
0.000203579
0.00020358
0.00020358
0.000203581
0.000203582
0.000203583
0.000203584
0.000203584
0.000203585
0.000203586
0.000203586
0.000203587
0.000203588
0.000203588
0.000203589
0.000203589
0.00020359
0.000203591
0.000203591
0.000203591
0.000203592
0.000203592
0.000203593
0.000203593
0.000203593
0.000203594
0.000203594
0.000203594
0.000203594
0.000203594
0.000203594
0.000203595
0.000203595
0.000203595
0.000203595
0.000203595
0.000203594
0.000203594
0.000203594
0.000203594
0.000203594
0.000203594
0.000203593
0.000203593
0.000203592
0.00020359
0.000203586
0.000203583
0.00020358
0.000203578
0.000203576
0.000203574
0.000203572
0.00020357
0.000203569
0.000203567
0.000203566
0.000203564
0.000203563
0.000203562
0.000203561
0.000203558
0.000203563
0.000191516
0.000191507
0.000191504
0.000191503
0.000191503
0.000191503
0.000191504
0.000191504
0.000191504
0.000191504
0.000191505
0.000191505
0.000191505
0.000191506
0.000191506
0.000191507
0.000191507
0.000191508
0.000191509
0.000191509
0.00019151
0.00019151
0.000191511
0.000191511
0.000191512
0.000191513
0.000191515
0.000191518
0.00019152
0.000191523
0.000191525
0.000191527
0.000191529
0.00019153
0.000191532
0.000191534
0.000191535
0.000191537
0.000191538
0.000191539
0.000191541
0.000191542
0.000191543
0.000191544
0.000191546
0.000191547
0.000191548
0.000191549
0.00019155
0.000191551
0.000191552
0.000191553
0.000191554
0.000191554
0.000191555
0.000191556
0.000191557
0.000191558
0.000191558
0.000191559
0.00019156
0.000191561
0.000191561
0.000191562
0.000191563
0.000191564
0.000191564
0.000191565
0.000191565
0.000191566
0.000191566
0.000191567
0.000191567
0.000191568
0.000191568
0.000191569
0.000191569
0.00019157
0.00019157
0.00019157
0.000191571
0.000191571
0.000191571
0.000191571
0.000191572
0.000191572
0.000191572
0.000191572
0.000191572
0.000191572
0.000191572
0.000191572
0.000191572
0.000191572
0.000191572
0.000191572
0.000191572
0.000191572
0.000191571
0.000191571
0.000191571
0.000191571
0.000191569
0.000191567
0.000191565
0.000191562
0.00019156
0.000191558
0.000191557
0.000191555
0.000191553
0.000191552
0.00019155
0.000191549
0.000191548
0.000191547
0.000191546
0.000191545
0.000191542
0.000191547
0.000179783
0.000179775
0.000179772
0.000179771
0.000179771
0.000179771
0.000179772
0.000179772
0.000179772
0.000179772
0.000179772
0.000179773
0.000179773
0.000179774
0.000179774
0.000179775
0.000179775
0.000179776
0.000179777
0.000179777
0.000179778
0.000179778
0.000179779
0.000179779
0.00017978
0.000179781
0.000179782
0.000179784
0.000179786
0.000179788
0.00017979
0.000179792
0.000179793
0.000179795
0.000179796
0.000179798
0.000179799
0.000179801
0.000179802
0.000179803
0.000179805
0.000179806
0.000179807
0.000179808
0.000179809
0.00017981
0.000179811
0.000179812
0.000179813
0.000179814
0.000179815
0.000179816
0.000179817
0.000179818
0.000179818
0.000179819
0.00017982
0.000179821
0.000179821
0.000179822
0.000179823
0.000179823
0.000179824
0.000179825
0.000179825
0.000179826
0.000179826
0.000179827
0.000179828
0.000179828
0.000179829
0.000179829
0.000179829
0.00017983
0.00017983
0.000179831
0.000179831
0.000179832
0.000179832
0.000179832
0.000179832
0.000179833
0.000179833
0.000179833
0.000179833
0.000179833
0.000179834
0.000179834
0.000179834
0.000179834
0.000179834
0.000179834
0.000179834
0.000179834
0.000179834
0.000179834
0.000179833
0.000179833
0.000179833
0.000179833
0.000179833
0.000179833
0.000179832
0.00017983
0.000179829
0.000179827
0.000179825
0.000179824
0.000179822
0.000179821
0.000179819
0.000179818
0.000179817
0.000179815
0.000179814
0.000179813
0.000179812
0.000179811
0.000179809
0.000179814
0.000168322
0.000168314
0.000168311
0.00016831
0.00016831
0.00016831
0.000168311
0.000168311
0.000168311
0.000168311
0.000168311
0.000168312
0.000168312
0.000168313
0.000168313
0.000168314
0.000168314
0.000168315
0.000168316
0.000168316
0.000168317
0.000168317
0.000168318
0.000168318
0.000168319
0.00016832
0.000168321
0.000168322
0.000168324
0.000168325
0.000168327
0.000168328
0.00016833
0.000168331
0.000168333
0.000168334
0.000168335
0.000168337
0.000168338
0.000168339
0.00016834
0.000168341
0.000168343
0.000168344
0.000168345
0.000168345
0.000168346
0.000168347
0.000168348
0.000168349
0.00016835
0.000168351
0.000168352
0.000168352
0.000168353
0.000168354
0.000168354
0.000168355
0.000168356
0.000168356
0.000168357
0.000168358
0.000168358
0.000168359
0.000168359
0.00016836
0.000168361
0.000168361
0.000168361
0.000168362
0.000168362
0.000168363
0.000168363
0.000168364
0.000168364
0.000168364
0.000168365
0.000168365
0.000168365
0.000168366
0.000168366
0.000168366
0.000168366
0.000168366
0.000168367
0.000168367
0.000168367
0.000168367
0.000168367
0.000168367
0.000168367
0.000168367
0.000168367
0.000168367
0.000168367
0.000168367
0.000168367
0.000168367
0.000168367
0.000168366
0.000168366
0.000168366
0.000168366
0.000168365
0.000168364
0.000168362
0.000168361
0.00016836
0.000168358
0.000168357
0.000168356
0.000168355
0.000168354
0.000168352
0.000168351
0.00016835
0.000168349
0.000168349
0.000168347
0.000168351
0.000157121
0.000157113
0.000157111
0.00015711
0.00015711
0.00015711
0.00015711
0.00015711
0.000157111
0.000157111
0.000157111
0.000157111
0.000157112
0.000157112
0.000157113
0.000157113
0.000157114
0.000157115
0.000157115
0.000157116
0.000157116
0.000157117
0.000157117
0.000157118
0.000157119
0.000157119
0.00015712
0.000157121
0.000157122
0.000157124
0.000157125
0.000157126
0.000157128
0.000157129
0.00015713
0.000157131
0.000157132
0.000157134
0.000157135
0.000157136
0.000157137
0.000157138
0.000157139
0.00015714
0.000157141
0.000157142
0.000157143
0.000157144
0.000157144
0.000157145
0.000157146
0.000157147
0.000157148
0.000157148
0.000157149
0.00015715
0.00015715
0.000157151
0.000157151
0.000157152
0.000157152
0.000157153
0.000157154
0.000157154
0.000157155
0.000157155
0.000157156
0.000157156
0.000157156
0.000157157
0.000157157
0.000157158
0.000157158
0.000157158
0.000157159
0.000157159
0.000157159
0.00015716
0.00015716
0.00015716
0.00015716
0.000157161
0.000157161
0.000157161
0.000157161
0.000157161
0.000157161
0.000157161
0.000157162
0.000157162
0.000157162
0.000157162
0.000157162
0.000157162
0.000157162
0.000157161
0.000157161
0.000157161
0.000157161
0.000157161
0.000157161
0.000157161
0.00015716
0.00015716
0.000157159
0.000157158
0.000157157
0.000157156
0.000157155
0.000157154
0.000157153
0.000157152
0.000157151
0.00015715
0.000157149
0.000157148
0.000157147
0.000157147
0.000157145
0.000157149
0.000146172
0.000146165
0.000146162
0.000146161
0.000146161
0.000146162
0.000146162
0.000146162
0.000146162
0.000146162
0.000146163
0.000146163
0.000146163
0.000146164
0.000146164
0.000146165
0.000146165
0.000146166
0.000146167
0.000146167
0.000146168
0.000146168
0.000146169
0.000146169
0.00014617
0.000146171
0.000146171
0.000146172
0.000146173
0.000146174
0.000146175
0.000146177
0.000146178
0.000146179
0.00014618
0.000146181
0.000146182
0.000146183
0.000146184
0.000146185
0.000146186
0.000146187
0.000146188
0.000146189
0.00014619
0.000146191
0.000146191
0.000146192
0.000146193
0.000146194
0.000146194
0.000146195
0.000146196
0.000146196
0.000146197
0.000146198
0.000146198
0.000146199
0.000146199
0.0001462
0.0001462
0.000146201
0.000146201
0.000146202
0.000146202
0.000146203
0.000146203
0.000146203
0.000146204
0.000146204
0.000146204
0.000146205
0.000146205
0.000146205
0.000146206
0.000146206
0.000146206
0.000146207
0.000146207
0.000146207
0.000146207
0.000146207
0.000146208
0.000146208
0.000146208
0.000146208
0.000146208
0.000146208
0.000146208
0.000146208
0.000146208
0.000146208
0.000146208
0.000146208
0.000146208
0.000146208
0.000146208
0.000146208
0.000146208
0.000146208
0.000146208
0.000146208
0.000146207
0.000146207
0.000146207
0.000146206
0.000146205
0.000146204
0.000146203
0.000146202
0.000146202
0.000146201
0.0001462
0.000146199
0.000146198
0.000146197
0.000146197
0.000146196
0.000146194
0.000146199
0.000135468
0.000135462
0.000135459
0.000135458
0.000135458
0.000135458
0.000135458
0.000135459
0.000135459
0.000135459
0.000135459
0.000135459
0.00013546
0.00013546
0.000135461
0.000135461
0.000135462
0.000135463
0.000135463
0.000135464
0.000135464
0.000135465
0.000135465
0.000135466
0.000135466
0.000135467
0.000135468
0.000135468
0.000135469
0.00013547
0.000135471
0.000135472
0.000135473
0.000135474
0.000135475
0.000135476
0.000135477
0.000135478
0.000135479
0.00013548
0.000135481
0.000135482
0.000135482
0.000135483
0.000135484
0.000135485
0.000135485
0.000135486
0.000135487
0.000135487
0.000135488
0.000135489
0.000135489
0.00013549
0.00013549
0.000135491
0.000135491
0.000135492
0.000135492
0.000135493
0.000135493
0.000135494
0.000135494
0.000135495
0.000135495
0.000135496
0.000135496
0.000135496
0.000135497
0.000135497
0.000135497
0.000135497
0.000135498
0.000135498
0.000135498
0.000135499
0.000135499
0.000135499
0.000135499
0.000135499
0.0001355
0.0001355
0.0001355
0.0001355
0.0001355
0.0001355
0.0001355
0.0001355
0.0001355
0.0001355
0.000135501
0.000135501
0.000135501
0.000135501
0.0001355
0.0001355
0.0001355
0.0001355
0.0001355
0.0001355
0.0001355
0.0001355
0.0001355
0.000135499
0.000135499
0.000135499
0.000135498
0.000135497
0.000135497
0.000135496
0.000135495
0.000135494
0.000135494
0.000135493
0.000135492
0.000135492
0.000135491
0.00013549
0.000135489
0.000135493
0.000125005
0.000124998
0.000124996
0.000124995
0.000124995
0.000124995
0.000124995
0.000124995
0.000124996
0.000124996
0.000124996
0.000124996
0.000124997
0.000124997
0.000124997
0.000124998
0.000124999
0.000124999
0.000125
0.000125
0.000125001
0.000125001
0.000125002
0.000125002
0.000125003
0.000125003
0.000125004
0.000125005
0.000125005
0.000125006
0.000125007
0.000125008
0.000125009
0.000125009
0.00012501
0.000125011
0.000125012
0.000125013
0.000125014
0.000125015
0.000125015
0.000125016
0.000125017
0.000125018
0.000125018
0.000125019
0.00012502
0.00012502
0.000125021
0.000125022
0.000125022
0.000125023
0.000125023
0.000125024
0.000125024
0.000125025
0.000125025
0.000125026
0.000125026
0.000125026
0.000125027
0.000125027
0.000125028
0.000125028
0.000125028
0.000125029
0.000125029
0.000125029
0.00012503
0.00012503
0.00012503
0.00012503
0.000125031
0.000125031
0.000125031
0.000125031
0.000125032
0.000125032
0.000125032
0.000125032
0.000125032
0.000125032
0.000125032
0.000125033
0.000125033
0.000125033
0.000125033
0.000125033
0.000125033
0.000125033
0.000125033
0.000125033
0.000125033
0.000125033
0.000125033
0.000125033
0.000125033
0.000125033
0.000125033
0.000125033
0.000125033
0.000125033
0.000125032
0.000125032
0.000125032
0.000125032
0.000125031
0.000125031
0.00012503
0.00012503
0.000125029
0.000125028
0.000125028
0.000125027
0.000125026
0.000125026
0.000125025
0.000125025
0.000125023
0.000125027
0.000114778
0.000114772
0.00011477
0.000114769
0.000114769
0.000114769
0.000114769
0.00011477
0.00011477
0.00011477
0.00011477
0.00011477
0.000114771
0.000114771
0.000114771
0.000114772
0.000114773
0.000114773
0.000114774
0.000114774
0.000114775
0.000114775
0.000114776
0.000114776
0.000114777
0.000114777
0.000114778
0.000114778
0.000114779
0.00011478
0.00011478
0.000114781
0.000114782
0.000114782
0.000114783
0.000114784
0.000114785
0.000114785
0.000114786
0.000114787
0.000114788
0.000114788
0.000114789
0.00011479
0.00011479
0.000114791
0.000114791
0.000114792
0.000114793
0.000114793
0.000114794
0.000114794
0.000114795
0.000114795
0.000114796
0.000114796
0.000114796
0.000114797
0.000114797
0.000114798
0.000114798
0.000114798
0.000114799
0.000114799
0.000114799
0.0001148
0.0001148
0.0001148
0.0001148
0.000114801
0.000114801
0.000114801
0.000114801
0.000114801
0.000114802
0.000114802
0.000114802
0.000114802
0.000114802
0.000114802
0.000114803
0.000114803
0.000114803
0.000114803
0.000114803
0.000114803
0.000114803
0.000114803
0.000114803
0.000114803
0.000114803
0.000114803
0.000114803
0.000114803
0.000114803
0.000114803
0.000114803
0.000114803
0.000114803
0.000114803
0.000114803
0.000114803
0.000114803
0.000114803
0.000114802
0.000114802
0.000114802
0.000114801
0.000114801
0.000114801
0.0001148
0.000114799
0.000114799
0.000114798
0.000114798
0.000114797
0.000114797
0.000114796
0.000114795
0.000114799
0.000104788
0.000104783
0.000104781
0.00010478
0.00010478
0.00010478
0.000104781
0.000104781
0.000104781
0.000104781
0.000104781
0.000104781
0.000104781
0.000104782
0.000104782
0.000104783
0.000104783
0.000104784
0.000104784
0.000104785
0.000104785
0.000104786
0.000104786
0.000104787
0.000104787
0.000104788
0.000104788
0.000104789
0.000104789
0.00010479
0.00010479
0.000104791
0.000104792
0.000104792
0.000104793
0.000104793
0.000104794
0.000104795
0.000104795
0.000104796
0.000104797
0.000104798
0.000104798
0.000104799
0.000104799
0.0001048
0.0001048
0.000104801
0.000104801
0.000104802
0.000104802
0.000104803
0.000104803
0.000104804
0.000104804
0.000104804
0.000104805
0.000104805
0.000104805
0.000104806
0.000104806
0.000104806
0.000104807
0.000104807
0.000104807
0.000104807
0.000104808
0.000104808
0.000104808
0.000104808
0.000104808
0.000104809
0.000104809
0.000104809
0.000104809
0.000104809
0.000104809
0.00010481
0.00010481
0.00010481
0.00010481
0.00010481
0.00010481
0.00010481
0.00010481
0.00010481
0.00010481
0.00010481
0.00010481
0.000104811
0.000104811
0.000104811
0.000104811
0.000104811
0.000104811
0.00010481
0.00010481
0.00010481
0.00010481
0.00010481
0.00010481
0.00010481
0.00010481
0.00010481
0.00010481
0.00010481
0.000104809
0.000104809
0.000104809
0.000104808
0.000104808
0.000104808
0.000104807
0.000104807
0.000104806
0.000104806
0.000104805
0.000104805
0.000104804
0.000104807
9.50377e-05
9.50329e-05
9.50311e-05
9.50303e-05
9.50302e-05
9.50303e-05
9.50304e-05
9.50305e-05
9.50306e-05
9.50307e-05
9.50308e-05
9.5031e-05
9.50312e-05
9.50315e-05
9.50319e-05
9.50324e-05
9.50329e-05
9.50334e-05
9.50339e-05
9.50344e-05
9.50348e-05
9.50352e-05
9.50356e-05
9.5036e-05
9.50364e-05
9.50369e-05
9.50374e-05
9.50379e-05
9.50384e-05
9.50389e-05
9.50394e-05
9.50399e-05
9.50404e-05
9.50409e-05
9.50415e-05
9.5042e-05
9.50426e-05
9.50432e-05
9.50438e-05
9.50444e-05
9.5045e-05
9.50456e-05
9.50461e-05
9.50466e-05
9.50471e-05
9.50476e-05
9.5048e-05
9.50485e-05
9.50489e-05
9.50494e-05
9.50498e-05
9.50502e-05
9.50506e-05
9.5051e-05
9.50513e-05
9.50516e-05
9.50519e-05
9.50522e-05
9.50525e-05
9.50527e-05
9.5053e-05
9.50533e-05
9.50535e-05
9.50538e-05
9.5054e-05
9.50542e-05
9.50544e-05
9.50546e-05
9.50548e-05
9.50549e-05
9.50551e-05
9.50552e-05
9.50554e-05
9.50555e-05
9.50557e-05
9.50558e-05
9.5056e-05
9.50561e-05
9.50562e-05
9.50563e-05
9.50564e-05
9.50564e-05
9.50565e-05
9.50566e-05
9.50566e-05
9.50567e-05
9.50567e-05
9.50568e-05
9.50568e-05
9.50569e-05
9.50569e-05
9.50569e-05
9.50569e-05
9.50569e-05
9.50569e-05
9.50568e-05
9.50568e-05
9.50567e-05
9.50567e-05
9.50566e-05
9.50566e-05
9.50565e-05
9.50565e-05
9.50564e-05
9.50563e-05
9.50562e-05
9.5056e-05
9.50558e-05
9.50555e-05
9.50552e-05
9.50549e-05
9.50545e-05
9.50541e-05
9.50537e-05
9.50533e-05
9.50529e-05
9.50525e-05
9.50522e-05
9.5051e-05
9.5054e-05
8.55308e-05
8.55266e-05
8.55249e-05
8.55242e-05
8.55241e-05
8.55242e-05
8.55242e-05
8.55242e-05
8.55243e-05
8.55244e-05
8.55245e-05
8.55246e-05
8.55248e-05
8.55251e-05
8.55255e-05
8.55259e-05
8.55264e-05
8.55269e-05
8.55273e-05
8.55278e-05
8.55281e-05
8.55285e-05
8.55289e-05
8.55292e-05
8.55296e-05
8.553e-05
8.55305e-05
8.55309e-05
8.55314e-05
8.55318e-05
8.55323e-05
8.55327e-05
8.55332e-05
8.55336e-05
8.5534e-05
8.55345e-05
8.5535e-05
8.55355e-05
8.55361e-05
8.55366e-05
8.55371e-05
8.55376e-05
8.55381e-05
8.55385e-05
8.5539e-05
8.55394e-05
8.55398e-05
8.55402e-05
8.55405e-05
8.55409e-05
8.55413e-05
8.55417e-05
8.5542e-05
8.55424e-05
8.55426e-05
8.55429e-05
8.55432e-05
8.55434e-05
8.55436e-05
8.55438e-05
8.55441e-05
8.55443e-05
8.55445e-05
8.55447e-05
8.55449e-05
8.55451e-05
8.55453e-05
8.55454e-05
8.55455e-05
8.55457e-05
8.55458e-05
8.55459e-05
8.55461e-05
8.55462e-05
8.55463e-05
8.55464e-05
8.55465e-05
8.55466e-05
8.55467e-05
8.55468e-05
8.55469e-05
8.55469e-05
8.5547e-05
8.5547e-05
8.55471e-05
8.55471e-05
8.55472e-05
8.55472e-05
8.55473e-05
8.55473e-05
8.55473e-05
8.55473e-05
8.55473e-05
8.55473e-05
8.55473e-05
8.55473e-05
8.55472e-05
8.55472e-05
8.55471e-05
8.55471e-05
8.5547e-05
8.5547e-05
8.55469e-05
8.55469e-05
8.55468e-05
8.55467e-05
8.55466e-05
8.55464e-05
8.55462e-05
8.5546e-05
8.55457e-05
8.55454e-05
8.55451e-05
8.55447e-05
8.55444e-05
8.55441e-05
8.55437e-05
8.55435e-05
8.55424e-05
8.5545e-05
7.62762e-05
7.62725e-05
7.6271e-05
7.62704e-05
7.62702e-05
7.62703e-05
7.62703e-05
7.62703e-05
7.62703e-05
7.62703e-05
7.62704e-05
7.62705e-05
7.62707e-05
7.6271e-05
7.62713e-05
7.62717e-05
7.62721e-05
7.62726e-05
7.6273e-05
7.62734e-05
7.62737e-05
7.62741e-05
7.62744e-05
7.62747e-05
7.62751e-05
7.62754e-05
7.62758e-05
7.62762e-05
7.62766e-05
7.6277e-05
7.62774e-05
7.62778e-05
7.62782e-05
7.62785e-05
7.62789e-05
7.62793e-05
7.62797e-05
7.62802e-05
7.62806e-05
7.62811e-05
7.62815e-05
7.6282e-05
7.62824e-05
7.62828e-05
7.62831e-05
7.62835e-05
7.62838e-05
7.62842e-05
7.62845e-05
7.62849e-05
7.62852e-05
7.62855e-05
7.62858e-05
7.62861e-05
7.62863e-05
7.62866e-05
7.62868e-05
7.6287e-05
7.62872e-05
7.62873e-05
7.62875e-05
7.62877e-05
7.62879e-05
7.62881e-05
7.62883e-05
7.62884e-05
7.62885e-05
7.62887e-05
7.62888e-05
7.62889e-05
7.6289e-05
7.62891e-05
7.62892e-05
7.62893e-05
7.62894e-05
7.62895e-05
7.62896e-05
7.62897e-05
7.62897e-05
7.62898e-05
7.62899e-05
7.62899e-05
7.62899e-05
7.629e-05
7.629e-05
7.62901e-05
7.62901e-05
7.62901e-05
7.62902e-05
7.62902e-05
7.62902e-05
7.62902e-05
7.62902e-05
7.62902e-05
7.62902e-05
7.62902e-05
7.62902e-05
7.62901e-05
7.62901e-05
7.629e-05
7.629e-05
7.62899e-05
7.62899e-05
7.62898e-05
7.62898e-05
7.62897e-05
7.62896e-05
7.62895e-05
7.62893e-05
7.62891e-05
7.62889e-05
7.62887e-05
7.62884e-05
7.62881e-05
7.62879e-05
7.62876e-05
7.62872e-05
7.6287e-05
7.62861e-05
7.62883e-05
6.72864e-05
6.72833e-05
6.72819e-05
6.72814e-05
6.72812e-05
6.72812e-05
6.72812e-05
6.72811e-05
6.72811e-05
6.72811e-05
6.72812e-05
6.72813e-05
6.72814e-05
6.72816e-05
6.72819e-05
6.72823e-05
6.72827e-05
6.72831e-05
6.72835e-05
6.72838e-05
6.72841e-05
6.72844e-05
6.72847e-05
6.7285e-05
6.72853e-05
6.72857e-05
6.7286e-05
6.72864e-05
6.72867e-05
6.72871e-05
6.72874e-05
6.72877e-05
6.7288e-05
6.72883e-05
6.72886e-05
6.72889e-05
6.72893e-05
6.72897e-05
6.72901e-05
6.72905e-05
6.72909e-05
6.72912e-05
6.72916e-05
6.72919e-05
6.72922e-05
6.72925e-05
6.72928e-05
6.72931e-05
6.72934e-05
6.72937e-05
6.7294e-05
6.72943e-05
6.72945e-05
6.72948e-05
6.7295e-05
6.72952e-05
6.72953e-05
6.72955e-05
6.72957e-05
6.72958e-05
6.7296e-05
6.72961e-05
6.72963e-05
6.72964e-05
6.72966e-05
6.72967e-05
6.72968e-05
6.72969e-05
6.7297e-05
6.72971e-05
6.72971e-05
6.72972e-05
6.72973e-05
6.72974e-05
6.72975e-05
6.72976e-05
6.72976e-05
6.72977e-05
6.72978e-05
6.72978e-05
6.72979e-05
6.72979e-05
6.72979e-05
6.7298e-05
6.7298e-05
6.7298e-05
6.72981e-05
6.72981e-05
6.72981e-05
6.72982e-05
6.72982e-05
6.72982e-05
6.72982e-05
6.72982e-05
6.72982e-05
6.72981e-05
6.72981e-05
6.72981e-05
6.7298e-05
6.7298e-05
6.7298e-05
6.72979e-05
6.72979e-05
6.72978e-05
6.72978e-05
6.72977e-05
6.72977e-05
6.72976e-05
6.72975e-05
6.72973e-05
6.72971e-05
6.72969e-05
6.72967e-05
6.72965e-05
6.72963e-05
6.7296e-05
6.72957e-05
6.72956e-05
6.72948e-05
6.72966e-05
5.85793e-05
5.85766e-05
5.85755e-05
5.85749e-05
5.85747e-05
5.85747e-05
5.85746e-05
5.85745e-05
5.85745e-05
5.85745e-05
5.85745e-05
5.85746e-05
5.85747e-05
5.85749e-05
5.85752e-05
5.85755e-05
5.85758e-05
5.85762e-05
5.85765e-05
5.85768e-05
5.85771e-05
5.85774e-05
5.85776e-05
5.85779e-05
5.85781e-05
5.85784e-05
5.85787e-05
5.8579e-05
5.85793e-05
5.85796e-05
5.85799e-05
5.85802e-05
5.85804e-05
5.85807e-05
5.85809e-05
5.85812e-05
5.85815e-05
5.85818e-05
5.85822e-05
5.85825e-05
5.85828e-05
5.85831e-05
5.85834e-05
5.85837e-05
5.8584e-05
5.85842e-05
5.85845e-05
5.85847e-05
5.8585e-05
5.85852e-05
5.85855e-05
5.85857e-05
5.85859e-05
5.85861e-05
5.85863e-05
5.85864e-05
5.85866e-05
5.85867e-05
5.85869e-05
5.8587e-05
5.85871e-05
5.85872e-05
5.85874e-05
5.85875e-05
5.85876e-05
5.85877e-05
5.85878e-05
5.85879e-05
5.85879e-05
5.8588e-05
5.85881e-05
5.85881e-05
5.85882e-05
5.85883e-05
5.85883e-05
5.85884e-05
5.85885e-05
5.85885e-05
5.85886e-05
5.85886e-05
5.85887e-05
5.85887e-05
5.85887e-05
5.85887e-05
5.85888e-05
5.85888e-05
5.85888e-05
5.85888e-05
5.85889e-05
5.85889e-05
5.85889e-05
5.85889e-05
5.85889e-05
5.85889e-05
5.85889e-05
5.85889e-05
5.85888e-05
5.85888e-05
5.85888e-05
5.85888e-05
5.85887e-05
5.85887e-05
5.85887e-05
5.85886e-05
5.85886e-05
5.85886e-05
5.85885e-05
5.85884e-05
5.85883e-05
5.85882e-05
5.85881e-05
5.85879e-05
5.85878e-05
5.85876e-05
5.85874e-05
5.85872e-05
5.85869e-05
5.85868e-05
5.85861e-05
5.85876e-05
5.01792e-05
5.0177e-05
5.0176e-05
5.01755e-05
5.01753e-05
5.01752e-05
5.01751e-05
5.01749e-05
5.01749e-05
5.01748e-05
5.01748e-05
5.01749e-05
5.0175e-05
5.01752e-05
5.01754e-05
5.01757e-05
5.0176e-05
5.01763e-05
5.01766e-05
5.01768e-05
5.01771e-05
5.01773e-05
5.01775e-05
5.01777e-05
5.0178e-05
5.01782e-05
5.01785e-05
5.01787e-05
5.0179e-05
5.01793e-05
5.01795e-05
5.01797e-05
5.01799e-05
5.01801e-05
5.01803e-05
5.01805e-05
5.01808e-05
5.0181e-05
5.01813e-05
5.01816e-05
5.01819e-05
5.01821e-05
5.01824e-05
5.01826e-05
5.01828e-05
5.01831e-05
5.01833e-05
5.01835e-05
5.01837e-05
5.01839e-05
5.01841e-05
5.01843e-05
5.01845e-05
5.01846e-05
5.01848e-05
5.01849e-05
5.0185e-05
5.01851e-05
5.01852e-05
5.01853e-05
5.01854e-05
5.01855e-05
5.01857e-05
5.01857e-05
5.01858e-05
5.01859e-05
5.0186e-05
5.0186e-05
5.01861e-05
5.01862e-05
5.01862e-05
5.01863e-05
5.01863e-05
5.01864e-05
5.01864e-05
5.01865e-05
5.01865e-05
5.01866e-05
5.01866e-05
5.01866e-05
5.01867e-05
5.01867e-05
5.01867e-05
5.01867e-05
5.01868e-05
5.01868e-05
5.01868e-05
5.01868e-05
5.01868e-05
5.01869e-05
5.01869e-05
5.01869e-05
5.01869e-05
5.01869e-05
5.01869e-05
5.01869e-05
5.01868e-05
5.01868e-05
5.01868e-05
5.01868e-05
5.01867e-05
5.01867e-05
5.01867e-05
5.01867e-05
5.01866e-05
5.01866e-05
5.01866e-05
5.01865e-05
5.01864e-05
5.01863e-05
5.01862e-05
5.01861e-05
5.0186e-05
5.01858e-05
5.01856e-05
5.01855e-05
5.01853e-05
5.01851e-05
5.01846e-05
5.01858e-05
4.21195e-05
4.21178e-05
4.2117e-05
4.21165e-05
4.21163e-05
4.21161e-05
4.2116e-05
4.21158e-05
4.21157e-05
4.21157e-05
4.21157e-05
4.21157e-05
4.21158e-05
4.21159e-05
4.21161e-05
4.21164e-05
4.21166e-05
4.21169e-05
4.21171e-05
4.21174e-05
4.21176e-05
4.21177e-05
4.21179e-05
4.21181e-05
4.21183e-05
4.21185e-05
4.21187e-05
4.21189e-05
4.21192e-05
4.21194e-05
4.21195e-05
4.21197e-05
4.21199e-05
4.212e-05
4.21202e-05
4.21204e-05
4.21206e-05
4.21208e-05
4.2121e-05
4.21213e-05
4.21215e-05
4.21217e-05
4.21219e-05
4.21221e-05
4.21223e-05
4.21225e-05
4.21226e-05
4.21228e-05
4.2123e-05
4.21231e-05
4.21233e-05
4.21235e-05
4.21236e-05
4.21237e-05
4.21239e-05
4.2124e-05
4.2124e-05
4.21241e-05
4.21242e-05
4.21243e-05
4.21244e-05
4.21245e-05
4.21246e-05
4.21246e-05
4.21247e-05
4.21248e-05
4.21248e-05
4.21249e-05
4.21249e-05
4.2125e-05
4.2125e-05
4.2125e-05
4.21251e-05
4.21251e-05
4.21252e-05
4.21252e-05
4.21253e-05
4.21253e-05
4.21253e-05
4.21254e-05
4.21254e-05
4.21254e-05
4.21254e-05
4.21254e-05
4.21254e-05
4.21255e-05
4.21255e-05
4.21255e-05
4.21255e-05
4.21255e-05
4.21255e-05
4.21255e-05
4.21255e-05
4.21255e-05
4.21255e-05
4.21255e-05
4.21255e-05
4.21255e-05
4.21255e-05
4.21254e-05
4.21254e-05
4.21254e-05
4.21254e-05
4.21254e-05
4.21253e-05
4.21253e-05
4.21253e-05
4.21252e-05
4.21252e-05
4.21251e-05
4.2125e-05
4.21249e-05
4.21248e-05
4.21247e-05
4.21246e-05
4.21244e-05
4.21243e-05
4.21242e-05
4.21237e-05
4.21246e-05
3.44464e-05
3.44451e-05
3.44443e-05
3.44439e-05
3.44436e-05
3.44434e-05
3.44432e-05
3.44431e-05
3.4443e-05
3.44429e-05
3.44429e-05
3.44429e-05
3.4443e-05
3.44431e-05
3.44433e-05
3.44435e-05
3.44437e-05
3.44439e-05
3.44441e-05
3.44443e-05
3.44445e-05
3.44446e-05
3.44448e-05
3.44449e-05
3.44451e-05
3.44452e-05
3.44454e-05
3.44456e-05
3.44458e-05
3.44459e-05
3.44461e-05
3.44462e-05
3.44463e-05
3.44465e-05
3.44466e-05
3.44467e-05
3.44469e-05
3.44471e-05
3.44472e-05
3.44474e-05
3.44476e-05
3.44478e-05
3.44479e-05
3.44481e-05
3.44482e-05
3.44484e-05
3.44485e-05
3.44487e-05
3.44488e-05
3.44489e-05
3.44491e-05
3.44492e-05
3.44493e-05
3.44494e-05
3.44495e-05
3.44496e-05
3.44497e-05
3.44497e-05
3.44498e-05
3.44499e-05
3.44499e-05
3.445e-05
3.44501e-05
3.44501e-05
3.44502e-05
3.44502e-05
3.44503e-05
3.44503e-05
3.44503e-05
3.44504e-05
3.44504e-05
3.44504e-05
3.44505e-05
3.44505e-05
3.44505e-05
3.44506e-05
3.44506e-05
3.44506e-05
3.44507e-05
3.44507e-05
3.44507e-05
3.44507e-05
3.44507e-05
3.44507e-05
3.44508e-05
3.44508e-05
3.44508e-05
3.44508e-05
3.44508e-05
3.44508e-05
3.44508e-05
3.44508e-05
3.44508e-05
3.44508e-05
3.44508e-05
3.44508e-05
3.44508e-05
3.44508e-05
3.44508e-05
3.44508e-05
3.44508e-05
3.44507e-05
3.44507e-05
3.44507e-05
3.44507e-05
3.44507e-05
3.44506e-05
3.44506e-05
3.44506e-05
3.44505e-05
3.44505e-05
3.44504e-05
3.44503e-05
3.44502e-05
3.44501e-05
3.445e-05
3.44499e-05
3.44498e-05
3.44494e-05
3.445e-05
2.72236e-05
2.72226e-05
2.7222e-05
2.72216e-05
2.72213e-05
2.72211e-05
2.72209e-05
2.72207e-05
2.72206e-05
2.72205e-05
2.72205e-05
2.72205e-05
2.72206e-05
2.72207e-05
2.72208e-05
2.7221e-05
2.72212e-05
2.72213e-05
2.72215e-05
2.72216e-05
2.72218e-05
2.72219e-05
2.7222e-05
2.72221e-05
2.72222e-05
2.72224e-05
2.72225e-05
2.72226e-05
2.72228e-05
2.72229e-05
2.7223e-05
2.72231e-05
2.72232e-05
2.72233e-05
2.72234e-05
2.72235e-05
2.72236e-05
2.72238e-05
2.72239e-05
2.7224e-05
2.72242e-05
2.72243e-05
2.72245e-05
2.72246e-05
2.72247e-05
2.72248e-05
2.72249e-05
2.7225e-05
2.72251e-05
2.72252e-05
2.72253e-05
2.72254e-05
2.72255e-05
2.72256e-05
2.72257e-05
2.72257e-05
2.72258e-05
2.72258e-05
2.72259e-05
2.7226e-05
2.7226e-05
2.72261e-05
2.72261e-05
2.72262e-05
2.72262e-05
2.72262e-05
2.72263e-05
2.72263e-05
2.72263e-05
2.72263e-05
2.72264e-05
2.72264e-05
2.72264e-05
2.72265e-05
2.72265e-05
2.72265e-05
2.72265e-05
2.72266e-05
2.72266e-05
2.72266e-05
2.72266e-05
2.72266e-05
2.72266e-05
2.72266e-05
2.72266e-05
2.72267e-05
2.72267e-05
2.72267e-05
2.72267e-05
2.72267e-05
2.72267e-05
2.72267e-05
2.72267e-05
2.72267e-05
2.72267e-05
2.72267e-05
2.72267e-05
2.72267e-05
2.72267e-05
2.72267e-05
2.72267e-05
2.72266e-05
2.72266e-05
2.72266e-05
2.72266e-05
2.72266e-05
2.72266e-05
2.72266e-05
2.72265e-05
2.72265e-05
2.72264e-05
2.72264e-05
2.72263e-05
2.72263e-05
2.72262e-05
2.72261e-05
2.7226e-05
2.72259e-05
2.72256e-05
2.7226e-05
2.05413e-05
2.05406e-05
2.05401e-05
2.05398e-05
2.05395e-05
2.05393e-05
2.05391e-05
2.05389e-05
2.05388e-05
2.05388e-05
2.05388e-05
2.05388e-05
2.05388e-05
2.05389e-05
2.0539e-05
2.05391e-05
2.05392e-05
2.05394e-05
2.05395e-05
2.05396e-05
2.05397e-05
2.05398e-05
2.05399e-05
2.054e-05
2.054e-05
2.05401e-05
2.05402e-05
2.05404e-05
2.05405e-05
2.05405e-05
2.05406e-05
2.05407e-05
2.05408e-05
2.05408e-05
2.05409e-05
2.0541e-05
2.05411e-05
2.05412e-05
2.05413e-05
2.05414e-05
2.05415e-05
2.05416e-05
2.05417e-05
2.05418e-05
2.05419e-05
2.0542e-05
2.0542e-05
2.05421e-05
2.05422e-05
2.05423e-05
2.05424e-05
2.05424e-05
2.05425e-05
2.05426e-05
2.05426e-05
2.05427e-05
2.05427e-05
2.05428e-05
2.05428e-05
2.05428e-05
2.05429e-05
2.05429e-05
2.0543e-05
2.0543e-05
2.0543e-05
2.05431e-05
2.05431e-05
2.05431e-05
2.05431e-05
2.05431e-05
2.05432e-05
2.05432e-05
2.05432e-05
2.05432e-05
2.05432e-05
2.05433e-05
2.05433e-05
2.05433e-05
2.05433e-05
2.05433e-05
2.05433e-05
2.05433e-05
2.05434e-05
2.05434e-05
2.05434e-05
2.05434e-05
2.05434e-05
2.05434e-05
2.05434e-05
2.05434e-05
2.05434e-05
2.05434e-05
2.05434e-05
2.05434e-05
2.05434e-05
2.05434e-05
2.05434e-05
2.05434e-05
2.05434e-05
2.05434e-05
2.05434e-05
2.05434e-05
2.05434e-05
2.05434e-05
2.05434e-05
2.05433e-05
2.05433e-05
2.05433e-05
2.05433e-05
2.05433e-05
2.05432e-05
2.05432e-05
2.05432e-05
2.05431e-05
2.0543e-05
2.0543e-05
2.05429e-05
2.05428e-05
2.05426e-05
2.05429e-05
1.45281e-05
1.45276e-05
1.45271e-05
1.45268e-05
1.45266e-05
1.45264e-05
1.45262e-05
1.45261e-05
1.4526e-05
1.4526e-05
1.4526e-05
1.4526e-05
1.4526e-05
1.45261e-05
1.45261e-05
1.45262e-05
1.45263e-05
1.45264e-05
1.45265e-05
1.45266e-05
1.45266e-05
1.45267e-05
1.45267e-05
1.45268e-05
1.45269e-05
1.45269e-05
1.4527e-05
1.45271e-05
1.45272e-05
1.45272e-05
1.45273e-05
1.45273e-05
1.45274e-05
1.45274e-05
1.45275e-05
1.45275e-05
1.45276e-05
1.45277e-05
1.45277e-05
1.45278e-05
1.45279e-05
1.4528e-05
1.4528e-05
1.45281e-05
1.45282e-05
1.45282e-05
1.45283e-05
1.45283e-05
1.45284e-05
1.45285e-05
1.45285e-05
1.45286e-05
1.45286e-05
1.45287e-05
1.45287e-05
1.45287e-05
1.45288e-05
1.45288e-05
1.45288e-05
1.45289e-05
1.45289e-05
1.45289e-05
1.4529e-05
1.4529e-05
1.4529e-05
1.4529e-05
1.4529e-05
1.45291e-05
1.45291e-05
1.45291e-05
1.45291e-05
1.45291e-05
1.45291e-05
1.45291e-05
1.45292e-05
1.45292e-05
1.45292e-05
1.45292e-05
1.45292e-05
1.45292e-05
1.45292e-05
1.45292e-05
1.45293e-05
1.45293e-05
1.45293e-05
1.45293e-05
1.45293e-05
1.45293e-05
1.45293e-05
1.45293e-05
1.45293e-05
1.45293e-05
1.45293e-05
1.45293e-05
1.45293e-05
1.45293e-05
1.45293e-05
1.45293e-05
1.45293e-05
1.45293e-05
1.45293e-05
1.45293e-05
1.45293e-05
1.45293e-05
1.45293e-05
1.45293e-05
1.45293e-05
1.45292e-05
1.45292e-05
1.45292e-05
1.45292e-05
1.45292e-05
1.45291e-05
1.45291e-05
1.4529e-05
1.4529e-05
1.45289e-05
1.45289e-05
1.45287e-05
1.45289e-05
9.36178e-06
9.36145e-06
9.36115e-06
9.36091e-06
9.36072e-06
9.36057e-06
9.36045e-06
9.36036e-06
9.3603e-06
9.36027e-06
9.36025e-06
9.36025e-06
9.36027e-06
9.3603e-06
9.36035e-06
9.36041e-06
9.36047e-06
9.36052e-06
9.36057e-06
9.36062e-06
9.36066e-06
9.3607e-06
9.36074e-06
9.36078e-06
9.36082e-06
9.36087e-06
9.36092e-06
9.36096e-06
9.36101e-06
9.36105e-06
9.36109e-06
9.36112e-06
9.36115e-06
9.36118e-06
9.36122e-06
9.36126e-06
9.3613e-06
9.36134e-06
9.36139e-06
9.36144e-06
9.36149e-06
9.36154e-06
9.36158e-06
9.36163e-06
9.36167e-06
9.36171e-06
9.36175e-06
9.36179e-06
9.36183e-06
9.36187e-06
9.36191e-06
9.36195e-06
9.36198e-06
9.36201e-06
9.36204e-06
9.36206e-06
9.36208e-06
9.36211e-06
9.36213e-06
9.36215e-06
9.36217e-06
9.36219e-06
9.36221e-06
9.36222e-06
9.36224e-06
9.36226e-06
9.36227e-06
9.36228e-06
9.36229e-06
9.3623e-06
9.36231e-06
9.36232e-06
9.36233e-06
9.36234e-06
9.36236e-06
9.36237e-06
9.36238e-06
9.36239e-06
9.3624e-06
9.3624e-06
9.36241e-06
9.36242e-06
9.36242e-06
9.36243e-06
9.36243e-06
9.36244e-06
9.36244e-06
9.36245e-06
9.36246e-06
9.36246e-06
9.36247e-06
9.36247e-06
9.36247e-06
9.36247e-06
9.36247e-06
9.36247e-06
9.36247e-06
9.36246e-06
9.36246e-06
9.36246e-06
9.36245e-06
9.36245e-06
9.36245e-06
9.36245e-06
9.36244e-06
9.36244e-06
9.36244e-06
9.36243e-06
9.36242e-06
9.36241e-06
9.3624e-06
9.36238e-06
9.36236e-06
9.36233e-06
9.3623e-06
9.36227e-06
9.36223e-06
9.36219e-06
9.3621e-06
9.36217e-06
5.26382e-06
5.26363e-06
5.26344e-06
5.26329e-06
5.26316e-06
5.26306e-06
5.26298e-06
5.26293e-06
5.26289e-06
5.26286e-06
5.26285e-06
5.26285e-06
5.26286e-06
5.26288e-06
5.2629e-06
5.26293e-06
5.26297e-06
5.263e-06
5.26303e-06
5.26305e-06
5.26308e-06
5.2631e-06
5.26312e-06
5.26314e-06
5.26317e-06
5.26319e-06
5.26322e-06
5.26325e-06
5.26327e-06
5.2633e-06
5.26332e-06
5.26334e-06
5.26336e-06
5.26338e-06
5.26339e-06
5.26342e-06
5.26344e-06
5.26347e-06
5.2635e-06
5.26353e-06
5.26356e-06
5.26358e-06
5.26361e-06
5.26364e-06
5.26366e-06
5.26369e-06
5.26371e-06
5.26373e-06
5.26376e-06
5.26378e-06
5.26381e-06
5.26383e-06
5.26385e-06
5.26387e-06
5.26388e-06
5.2639e-06
5.26391e-06
5.26393e-06
5.26394e-06
5.26395e-06
5.26396e-06
5.26398e-06
5.26399e-06
5.264e-06
5.26401e-06
5.26402e-06
5.26403e-06
5.26403e-06
5.26404e-06
5.26405e-06
5.26405e-06
5.26406e-06
5.26407e-06
5.26408e-06
5.26408e-06
5.26409e-06
5.2641e-06
5.2641e-06
5.26411e-06
5.26411e-06
5.26412e-06
5.26412e-06
5.26413e-06
5.26413e-06
5.26413e-06
5.26414e-06
5.26414e-06
5.26414e-06
5.26415e-06
5.26415e-06
5.26416e-06
5.26416e-06
5.26416e-06
5.26416e-06
5.26416e-06
5.26416e-06
5.26416e-06
5.26416e-06
5.26416e-06
5.26415e-06
5.26415e-06
5.26415e-06
5.26415e-06
5.26415e-06
5.26415e-06
5.26415e-06
5.26414e-06
5.26414e-06
5.26414e-06
5.26413e-06
5.26412e-06
5.26411e-06
5.2641e-06
5.26408e-06
5.26407e-06
5.26405e-06
5.26402e-06
5.264e-06
5.26395e-06
5.26398e-06
2.42634e-06
2.42625e-06
2.42616e-06
2.42608e-06
2.42601e-06
2.42596e-06
2.42592e-06
2.42589e-06
2.42586e-06
2.42585e-06
2.42584e-06
2.42584e-06
2.42584e-06
2.42585e-06
2.42586e-06
2.42588e-06
2.42589e-06
2.42591e-06
2.42592e-06
2.42593e-06
2.42594e-06
2.42595e-06
2.42596e-06
2.42597e-06
2.42599e-06
2.426e-06
2.42601e-06
2.42603e-06
2.42604e-06
2.42605e-06
2.42606e-06
2.42607e-06
2.42608e-06
2.42609e-06
2.4261e-06
2.42611e-06
2.42612e-06
2.42613e-06
2.42615e-06
2.42616e-06
2.42617e-06
2.42619e-06
2.4262e-06
2.42621e-06
2.42623e-06
2.42624e-06
2.42625e-06
2.42626e-06
2.42627e-06
2.42629e-06
2.4263e-06
2.42631e-06
2.42632e-06
2.42633e-06
2.42634e-06
2.42634e-06
2.42635e-06
2.42636e-06
2.42636e-06
2.42637e-06
2.42638e-06
2.42638e-06
2.42639e-06
2.4264e-06
2.4264e-06
2.42641e-06
2.42641e-06
2.42641e-06
2.42642e-06
2.42642e-06
2.42643e-06
2.42643e-06
2.42643e-06
2.42644e-06
2.42644e-06
2.42644e-06
2.42645e-06
2.42645e-06
2.42645e-06
2.42646e-06
2.42646e-06
2.42646e-06
2.42646e-06
2.42647e-06
2.42647e-06
2.42647e-06
2.42647e-06
2.42647e-06
2.42648e-06
2.42648e-06
2.42648e-06
2.42648e-06
2.42648e-06
2.42648e-06
2.42648e-06
2.42648e-06
2.42648e-06
2.42648e-06
2.42648e-06
2.42648e-06
2.42648e-06
2.42648e-06
2.42648e-06
2.42648e-06
2.42648e-06
2.42648e-06
2.42648e-06
2.42647e-06
2.42647e-06
2.42647e-06
2.42647e-06
2.42646e-06
2.42646e-06
2.42645e-06
2.42644e-06
2.42643e-06
2.42642e-06
2.42641e-06
2.42639e-06
2.4264e-06
8.43758e-07
8.43728e-07
8.43696e-07
8.43666e-07
8.43642e-07
8.43621e-07
8.43605e-07
8.43593e-07
8.43584e-07
8.43579e-07
8.43576e-07
8.43574e-07
8.43575e-07
8.43578e-07
8.43582e-07
8.43587e-07
8.43592e-07
8.43596e-07
8.43601e-07
8.43605e-07
8.43609e-07
8.43612e-07
8.43616e-07
8.4362e-07
8.43624e-07
8.43629e-07
8.43633e-07
8.43638e-07
8.43643e-07
8.43647e-07
8.4365e-07
8.43653e-07
8.43657e-07
8.4366e-07
8.43663e-07
8.43667e-07
8.43672e-07
8.43677e-07
8.43682e-07
8.43687e-07
8.43692e-07
8.43697e-07
8.43702e-07
8.43706e-07
8.43711e-07
8.43716e-07
8.4372e-07
8.43725e-07
8.4373e-07
8.43734e-07
8.43739e-07
8.43743e-07
8.43747e-07
8.4375e-07
8.43753e-07
8.43756e-07
8.43759e-07
8.43761e-07
8.43764e-07
8.43766e-07
8.43769e-07
8.43771e-07
8.43774e-07
8.43776e-07
8.43778e-07
8.4378e-07
8.43781e-07
8.43783e-07
8.43784e-07
8.43786e-07
8.43787e-07
8.43789e-07
8.4379e-07
8.43792e-07
8.43793e-07
8.43795e-07
8.43796e-07
8.43797e-07
8.43798e-07
8.43799e-07
8.438e-07
8.43801e-07
8.43802e-07
8.43803e-07
8.43803e-07
8.43804e-07
8.43805e-07
8.43806e-07
8.43807e-07
8.43808e-07
8.43808e-07
8.43809e-07
8.43809e-07
8.43809e-07
8.4381e-07
8.4381e-07
8.4381e-07
8.43809e-07
8.43809e-07
8.43809e-07
8.43809e-07
8.43809e-07
8.43809e-07
8.43809e-07
8.43808e-07
8.43808e-07
8.43808e-07
8.43807e-07
8.43807e-07
8.43806e-07
8.43804e-07
8.43803e-07
8.43801e-07
8.43798e-07
8.43795e-07
8.43792e-07
8.43788e-07
8.43784e-07
8.43776e-07
8.43779e-07
1.97839e-07
1.97833e-07
1.97826e-07
1.97818e-07
1.97812e-07
1.97807e-07
1.97803e-07
1.978e-07
1.97798e-07
1.97796e-07
1.97795e-07
1.97795e-07
1.97795e-07
1.97796e-07
1.97797e-07
1.97798e-07
1.97799e-07
1.978e-07
1.97801e-07
1.97802e-07
1.97803e-07
1.97804e-07
1.97805e-07
1.97806e-07
1.97807e-07
1.97808e-07
1.97809e-07
1.9781e-07
1.97811e-07
1.97812e-07
1.97813e-07
1.97814e-07
1.97814e-07
1.97815e-07
1.97816e-07
1.97817e-07
1.97818e-07
1.97819e-07
1.9782e-07
1.97822e-07
1.97823e-07
1.97824e-07
1.97825e-07
1.97827e-07
1.97828e-07
1.97829e-07
1.9783e-07
1.97831e-07
1.97832e-07
1.97833e-07
1.97834e-07
1.97835e-07
1.97836e-07
1.97837e-07
1.97838e-07
1.97839e-07
1.97839e-07
1.9784e-07
1.97841e-07
1.97841e-07
1.97842e-07
1.97843e-07
1.97843e-07
1.97844e-07
1.97844e-07
1.97845e-07
1.97845e-07
1.97845e-07
1.97846e-07
1.97846e-07
1.97847e-07
1.97847e-07
1.97847e-07
1.97848e-07
1.97848e-07
1.97848e-07
1.97849e-07
1.97849e-07
1.97849e-07
1.9785e-07
1.9785e-07
1.9785e-07
1.9785e-07
1.9785e-07
1.97851e-07
1.97851e-07
1.97851e-07
1.97851e-07
1.97852e-07
1.97852e-07
1.97852e-07
1.97852e-07
1.97852e-07
1.97852e-07
1.97852e-07
1.97852e-07
1.97852e-07
1.97852e-07
1.97852e-07
1.97852e-07
1.97852e-07
1.97852e-07
1.97852e-07
1.97852e-07
1.97852e-07
1.97852e-07
1.97852e-07
1.97852e-07
1.97852e-07
1.97851e-07
1.97851e-07
1.97851e-07
1.9785e-07
1.9785e-07
1.97849e-07
1.97848e-07
1.97847e-07
1.97846e-07
1.97844e-07
1.97845e-07
2.58093e-08
2.58085e-08
2.58075e-08
2.58066e-08
2.58057e-08
2.5805e-08
2.58045e-08
2.58041e-08
2.58038e-08
2.58036e-08
2.58035e-08
2.58034e-08
2.58034e-08
2.58035e-08
2.58036e-08
2.58038e-08
2.58039e-08
2.5804e-08
2.58042e-08
2.58043e-08
2.58044e-08
2.58045e-08
2.58046e-08
2.58048e-08
2.58049e-08
2.5805e-08
2.58052e-08
2.58053e-08
2.58055e-08
2.58056e-08
2.58057e-08
2.58058e-08
2.58059e-08
2.5806e-08
2.58061e-08
2.58063e-08
2.58064e-08
2.58066e-08
2.58067e-08
2.58069e-08
2.58071e-08
2.58072e-08
2.58074e-08
2.58075e-08
2.58077e-08
2.58078e-08
2.5808e-08
2.58081e-08
2.58083e-08
2.58084e-08
2.58086e-08
2.58087e-08
2.58088e-08
2.5809e-08
2.58091e-08
2.58092e-08
2.58092e-08
2.58093e-08
2.58094e-08
2.58095e-08
2.58096e-08
2.58097e-08
2.58098e-08
2.58098e-08
2.58099e-08
2.581e-08
2.581e-08
2.58101e-08
2.58101e-08
2.58102e-08
2.58102e-08
2.58103e-08
2.58103e-08
2.58104e-08
2.58104e-08
2.58105e-08
2.58105e-08
2.58106e-08
2.58106e-08
2.58106e-08
2.58107e-08
2.58107e-08
2.58107e-08
2.58107e-08
2.58108e-08
2.58108e-08
2.58108e-08
2.58109e-08
2.58109e-08
2.58109e-08
2.58109e-08
2.5811e-08
2.5811e-08
2.5811e-08
2.5811e-08
2.5811e-08
2.5811e-08
2.5811e-08
2.5811e-08
2.5811e-08
2.5811e-08
2.5811e-08
2.5811e-08
2.5811e-08
2.5811e-08
2.5811e-08
2.58109e-08
2.58109e-08
2.58109e-08
2.58109e-08
2.58108e-08
2.58108e-08
2.58107e-08
2.58107e-08
2.58106e-08
2.58105e-08
2.58103e-08
2.58102e-08
2.58099e-08
2.581e-08
1.20677e-09
1.20673e-09
1.20669e-09
1.20664e-09
1.20661e-09
1.20657e-09
1.20655e-09
1.20653e-09
1.20651e-09
1.2065e-09
1.2065e-09
1.20649e-09
1.2065e-09
1.2065e-09
1.20651e-09
1.20651e-09
1.20652e-09
1.20652e-09
1.20653e-09
1.20654e-09
1.20654e-09
1.20655e-09
1.20655e-09
1.20656e-09
1.20656e-09
1.20657e-09
1.20658e-09
1.20659e-09
1.20659e-09
1.2066e-09
1.2066e-09
1.20661e-09
1.20661e-09
1.20662e-09
1.20662e-09
1.20663e-09
1.20664e-09
1.20664e-09
1.20665e-09
1.20666e-09
1.20667e-09
1.20667e-09
1.20668e-09
1.20669e-09
1.2067e-09
1.2067e-09
1.20671e-09
1.20672e-09
1.20672e-09
1.20673e-09
1.20674e-09
1.20674e-09
1.20675e-09
1.20676e-09
1.20676e-09
1.20676e-09
1.20677e-09
1.20677e-09
1.20678e-09
1.20678e-09
1.20679e-09
1.20679e-09
1.20679e-09
1.2068e-09
1.2068e-09
1.2068e-09
1.20681e-09
1.20681e-09
1.20681e-09
1.20681e-09
1.20681e-09
1.20682e-09
1.20682e-09
1.20682e-09
1.20682e-09
1.20683e-09
1.20683e-09
1.20683e-09
1.20683e-09
1.20683e-09
1.20684e-09
1.20684e-09
1.20684e-09
1.20684e-09
1.20684e-09
1.20684e-09
1.20684e-09
1.20685e-09
1.20685e-09
1.20685e-09
1.20685e-09
1.20685e-09
1.20685e-09
1.20685e-09
1.20685e-09
1.20685e-09
1.20685e-09
1.20685e-09
1.20685e-09
1.20685e-09
1.20685e-09
1.20685e-09
1.20685e-09
1.20685e-09
1.20685e-09
1.20685e-09
1.20685e-09
1.20685e-09
1.20685e-09
1.20685e-09
1.20684e-09
1.20684e-09
1.20684e-09
1.20684e-09
1.20683e-09
1.20683e-09
1.20682e-09
1.20682e-09
1.2068e-09
1.20681e-09
6.93953e-12
6.93933e-12
6.93907e-12
6.93881e-12
6.93858e-12
6.93839e-12
6.93824e-12
6.93813e-12
6.93805e-12
6.93799e-12
6.93796e-12
6.93794e-12
6.93795e-12
6.93797e-12
6.938e-12
6.93804e-12
6.93808e-12
6.93812e-12
6.93815e-12
6.93818e-12
6.93821e-12
6.93824e-12
6.93827e-12
6.93831e-12
6.93835e-12
6.93839e-12
6.93843e-12
6.93847e-12
6.9385e-12
6.93854e-12
6.93857e-12
6.93859e-12
6.93862e-12
6.93865e-12
6.93868e-12
6.93872e-12
6.93876e-12
6.9388e-12
6.93884e-12
6.93889e-12
6.93893e-12
6.93897e-12
6.93901e-12
6.93906e-12
6.9391e-12
6.93914e-12
6.93918e-12
6.93922e-12
6.93926e-12
6.9393e-12
6.93934e-12
6.93938e-12
6.93941e-12
6.93944e-12
6.93947e-12
6.9395e-12
6.93952e-12
6.93955e-12
6.93957e-12
6.93959e-12
6.93962e-12
6.93964e-12
6.93966e-12
6.93968e-12
6.9397e-12
6.93972e-12
6.93973e-12
6.93974e-12
6.93976e-12
6.93977e-12
6.93978e-12
6.9398e-12
6.93981e-12
6.93983e-12
6.93984e-12
6.93985e-12
6.93987e-12
6.93988e-12
6.93989e-12
6.9399e-12
6.9399e-12
6.93991e-12
6.93992e-12
6.93993e-12
6.93994e-12
6.93995e-12
6.93995e-12
6.93996e-12
6.93997e-12
6.93998e-12
6.93998e-12
6.93999e-12
6.93999e-12
6.93999e-12
6.93999e-12
6.94e-12
6.94e-12
6.94e-12
6.94e-12
6.93999e-12
6.93999e-12
6.93999e-12
6.93999e-12
6.93999e-12
6.93999e-12
6.93999e-12
6.93999e-12
6.93998e-12
6.93998e-12
6.93997e-12
6.93996e-12
6.93995e-12
6.93993e-12
6.93991e-12
6.93989e-12
6.93986e-12
6.93982e-12
6.93979e-12
6.93972e-12
6.93974e-12
)
;

boundaryField
{
    bottomWall
    {
        type            nutUWallFunction;
        Cmu             0.09;
        kappa           0.41;
        E               9.8;
        value           nonuniform 0();
    }
    topWall
    {
        type            nutUWallFunction;
        Cmu             0.09;
        kappa           0.41;
        E               9.8;
        value           uniform 0;
    }
    sides1_half0
    {
        type            cyclic;
    }
    sides1_half1
    {
        type            cyclic;
    }
    sides2_half0
    {
        type            cyclic;
    }
    sides2_half1
    {
        type            cyclic;
    }
    inout1_half0
    {
        type            cyclic;
    }
    inout1_half1
    {
        type            cyclic;
    }
    inout2_half0
    {
        type            cyclic;
    }
    inout2_half1
    {
        type            cyclic;
    }
    procBoundary0to1
    {
        type            processor;
        value           nonuniform List<scalar> 
122
(
0.000282553
0.00028255
0.000282552
0.000282556
0.000282559
0.000282561
0.000282563
0.000282565
0.000282567
0.000282569
0.000282571
0.000282573
0.000282574
0.000282576
0.000282577
0.000282579
0.00028258
0.000282581
0.000282583
0.000282584
0.000282585
0.000282586
0.000282588
0.000282589
0.00028259
0.000282591
0.000282592
0.000282594
0.000282595
0.000282596
0.000282597
0.000282598
0.000282599
0.0002826
0.000282601
0.000282602
0.000282604
0.000282605
0.000282606
0.000282607
0.000282608
0.000282609
0.00028261
0.000282611
0.000282611
0.000282612
0.000282613
0.000282614
0.000282615
0.000282616
0.000282616
0.000282617
0.000282618
0.000282618
0.000282619
0.000282619
0.00028262
0.00028262
0.000282621
0.000282621
0.000282621
0.000282621
0.000282622
0.000282622
0.000282622
0.000282622
0.000282622
0.000282622
0.000282621
0.000282621
0.000282621
0.00028262
0.00028262
0.00028262
0.000282619
0.000282619
0.000282618
0.000268427
0.000268422
0.000268421
0.000268421
0.000268422
0.000268422
0.000268423
0.000268423
0.000268423
0.000268423
0.000268423
0.000268423
0.000268424
0.000268424
0.000268424
0.000268425
0.000268425
0.000268425
0.000268425
0.000268426
0.000268426
0.000268426
0.000268427
0.000268427
0.000268427
0.000268489
0.000268489
0.000268488
0.000268487
0.000268484
0.000268482
0.00026848
0.000268477
0.000268475
0.000268473
0.000268471
0.000268469
0.000268467
0.000268465
0.000268464
0.000268462
0.00026846
0.000268459
0.000268456
0.000268459
)
;
    }
}


// ************************************************************************* //
