/*--------------------------------*- C++ -*----------------------------------*\
  =========                 |
  \\      /  F ield         | OpenFOAM: The Open Source CFD Toolbox
   \\    /   O peration     | Website:  https://openfoam.org
    \\  /    A nd           | Version:  7
     \\/     M anipulation  |
\*---------------------------------------------------------------------------*/
FoamFile
{
    version     2.0;
    format      ascii;
    class       volScalarField;
    location    "1500";
    object      k;
}
// * * * * * * * * * * * * * * * * * * * * * * * * * * * * * * * * * * * * * //

dimensions      [0 2 -2 0 0 0 0];

internalField   nonuniform List<scalar> 
4000
(
8.49462e-09
8.49485e-09
8.49504e-09
8.49512e-09
8.49515e-09
8.49517e-09
8.49518e-09
8.49519e-09
8.4952e-09
8.49522e-09
8.49526e-09
8.4953e-09
8.49536e-09
8.49543e-09
8.4955e-09
8.49558e-09
8.49566e-09
8.49575e-09
8.49584e-09
8.49593e-09
8.49603e-09
8.49612e-09
8.49622e-09
8.49632e-09
8.49641e-09
8.49651e-09
8.4966e-09
8.49669e-09
8.49677e-09
8.49685e-09
8.49693e-09
8.497e-09
8.49706e-09
8.49713e-09
8.49719e-09
8.49724e-09
8.49729e-09
8.49734e-09
8.49737e-09
8.49741e-09
8.49742e-09
8.49744e-09
8.49741e-09
8.49739e-09
8.49731e-09
8.4972e-09
8.49718e-09
8.49719e-09
8.49722e-09
8.49724e-09
8.49727e-09
8.49729e-09
8.4973e-09
8.4973e-09
8.49731e-09
8.49731e-09
8.49733e-09
8.49736e-09
8.49741e-09
8.49747e-09
8.49755e-09
8.49765e-09
8.49776e-09
8.49787e-09
8.49799e-09
8.49811e-09
8.49822e-09
8.49832e-09
8.49841e-09
8.49849e-09
8.49856e-09
8.49862e-09
8.49866e-09
8.49869e-09
8.49871e-09
8.49872e-09
8.49871e-09
8.4987e-09
8.49867e-09
8.49864e-09
8.4986e-09
8.49855e-09
8.4985e-09
8.49844e-09
8.49837e-09
8.4983e-09
8.49823e-09
8.49815e-09
8.49808e-09
8.49801e-09
8.49794e-09
8.49787e-09
8.4978e-09
8.49772e-09
8.49763e-09
8.49754e-09
8.49745e-09
8.49734e-09
8.49723e-09
8.4971e-09
8.49696e-09
8.49678e-09
8.49661e-09
8.49638e-09
8.49611e-09
8.49597e-09
8.49587e-09
8.49579e-09
8.49572e-09
8.49565e-09
8.49558e-09
8.49552e-09
8.49545e-09
8.4954e-09
8.49535e-09
8.4953e-09
8.49528e-09
8.49519e-09
8.49523e-09
8.49477e-09
2.73166e-07
2.73174e-07
2.7318e-07
2.73182e-07
2.73183e-07
2.73184e-07
2.73184e-07
2.73184e-07
2.73185e-07
2.73185e-07
2.73186e-07
2.73188e-07
2.7319e-07
2.73192e-07
2.73194e-07
2.73197e-07
2.73199e-07
2.73202e-07
2.73205e-07
2.73208e-07
2.73211e-07
2.73214e-07
2.73217e-07
2.73221e-07
2.73224e-07
2.73227e-07
2.7323e-07
2.73232e-07
2.73235e-07
2.73238e-07
2.7324e-07
2.73242e-07
2.73245e-07
2.73247e-07
2.73249e-07
2.7325e-07
2.73252e-07
2.73253e-07
2.73255e-07
2.73256e-07
2.73256e-07
2.73257e-07
2.73256e-07
2.73255e-07
2.73253e-07
2.73249e-07
2.73248e-07
2.73249e-07
2.7325e-07
2.7325e-07
2.73251e-07
2.73252e-07
2.73252e-07
2.73252e-07
2.73252e-07
2.73253e-07
2.73253e-07
2.73254e-07
2.73256e-07
2.73258e-07
2.7326e-07
2.73263e-07
2.73267e-07
2.73271e-07
2.73274e-07
2.73278e-07
2.73282e-07
2.73285e-07
2.73288e-07
2.73291e-07
2.73293e-07
2.73295e-07
2.73296e-07
2.73297e-07
2.73298e-07
2.73298e-07
2.73298e-07
2.73297e-07
2.73296e-07
2.73295e-07
2.73294e-07
2.73292e-07
2.73291e-07
2.73289e-07
2.73287e-07
2.73284e-07
2.73282e-07
2.7328e-07
2.73277e-07
2.73275e-07
2.73273e-07
2.73271e-07
2.73268e-07
2.73266e-07
2.73263e-07
2.7326e-07
2.73257e-07
2.73254e-07
2.7325e-07
2.73246e-07
2.73241e-07
2.73236e-07
2.7323e-07
2.73223e-07
2.73214e-07
2.73209e-07
2.73206e-07
2.73204e-07
2.73201e-07
2.73199e-07
2.73197e-07
2.73195e-07
2.73193e-07
2.73191e-07
2.7319e-07
2.73188e-07
2.73187e-07
2.73184e-07
2.73186e-07
2.73171e-07
1.98244e-06
1.98249e-06
1.98253e-06
1.98255e-06
1.98256e-06
1.98256e-06
1.98256e-06
1.98256e-06
1.98257e-06
1.98257e-06
1.98258e-06
1.98259e-06
1.9826e-06
1.98262e-06
1.98264e-06
1.98266e-06
1.98267e-06
1.98269e-06
1.98271e-06
1.98274e-06
1.98276e-06
1.98278e-06
1.9828e-06
1.98283e-06
1.98285e-06
1.98287e-06
1.98289e-06
1.98291e-06
1.98293e-06
1.98295e-06
1.98297e-06
1.98299e-06
1.983e-06
1.98302e-06
1.98303e-06
1.98304e-06
1.98305e-06
1.98306e-06
1.98307e-06
1.98308e-06
1.98308e-06
1.98309e-06
1.98308e-06
1.98308e-06
1.98306e-06
1.98303e-06
1.98303e-06
1.98303e-06
1.98304e-06
1.98304e-06
1.98305e-06
1.98305e-06
1.98306e-06
1.98306e-06
1.98306e-06
1.98306e-06
1.98306e-06
1.98307e-06
1.98308e-06
1.9831e-06
1.98312e-06
1.98314e-06
1.98316e-06
1.98319e-06
1.98322e-06
1.98324e-06
1.98327e-06
1.98329e-06
1.98332e-06
1.98333e-06
1.98335e-06
1.98336e-06
1.98337e-06
1.98338e-06
1.98338e-06
1.98339e-06
1.98338e-06
1.98338e-06
1.98338e-06
1.98337e-06
1.98336e-06
1.98335e-06
1.98333e-06
1.98332e-06
1.98331e-06
1.98329e-06
1.98327e-06
1.98325e-06
1.98324e-06
1.98322e-06
1.98321e-06
1.98319e-06
1.98317e-06
1.98315e-06
1.98313e-06
1.98311e-06
1.98309e-06
1.98307e-06
1.98304e-06
1.98301e-06
1.98298e-06
1.98294e-06
1.9829e-06
1.98284e-06
1.98278e-06
1.98275e-06
1.98272e-06
1.9827e-06
1.98269e-06
1.98267e-06
1.98266e-06
1.98264e-06
1.98263e-06
1.98261e-06
1.9826e-06
1.98259e-06
1.98258e-06
1.98257e-06
1.98257e-06
1.98247e-06
7.30658e-06
7.30672e-06
7.30687e-06
7.30693e-06
7.30696e-06
7.30697e-06
7.30698e-06
7.30699e-06
7.307e-06
7.30702e-06
7.30705e-06
7.30709e-06
7.30714e-06
7.3072e-06
7.30726e-06
7.30733e-06
7.3074e-06
7.30747e-06
7.30755e-06
7.30763e-06
7.30771e-06
7.30779e-06
7.30787e-06
7.30796e-06
7.30804e-06
7.30812e-06
7.30819e-06
7.30827e-06
7.30834e-06
7.30841e-06
7.30847e-06
7.30853e-06
7.30859e-06
7.30865e-06
7.3087e-06
7.30874e-06
7.30878e-06
7.30882e-06
7.30885e-06
7.30888e-06
7.30889e-06
7.30891e-06
7.30889e-06
7.30887e-06
7.30881e-06
7.30872e-06
7.3087e-06
7.3087e-06
7.30873e-06
7.30874e-06
7.30877e-06
7.30878e-06
7.30879e-06
7.3088e-06
7.3088e-06
7.30881e-06
7.30882e-06
7.30884e-06
7.30889e-06
7.30894e-06
7.30901e-06
7.3091e-06
7.30919e-06
7.30929e-06
7.30938e-06
7.30948e-06
7.30958e-06
7.30966e-06
7.30974e-06
7.30981e-06
7.30987e-06
7.30992e-06
7.30995e-06
7.30998e-06
7.30999e-06
7.31e-06
7.30999e-06
7.30998e-06
7.30996e-06
7.30993e-06
7.3099e-06
7.30986e-06
7.30981e-06
7.30976e-06
7.3097e-06
7.30964e-06
7.30958e-06
7.30951e-06
7.30945e-06
7.30939e-06
7.30933e-06
7.30927e-06
7.30921e-06
7.30914e-06
7.30907e-06
7.30899e-06
7.30891e-06
7.30882e-06
7.30872e-06
7.30861e-06
7.30849e-06
7.30835e-06
7.3082e-06
7.30801e-06
7.30779e-06
7.30766e-06
7.30757e-06
7.3075e-06
7.30745e-06
7.30739e-06
7.30733e-06
7.30727e-06
7.30722e-06
7.30717e-06
7.30713e-06
7.30709e-06
7.30707e-06
7.307e-06
7.30702e-06
7.30668e-06
1.84816e-05
1.84819e-05
1.84822e-05
1.84823e-05
1.84824e-05
1.84825e-05
1.84825e-05
1.84825e-05
1.84825e-05
1.84826e-05
1.84827e-05
1.84828e-05
1.84829e-05
1.8483e-05
1.84832e-05
1.84834e-05
1.84835e-05
1.84837e-05
1.84839e-05
1.84841e-05
1.84843e-05
1.84845e-05
1.84847e-05
1.84849e-05
1.84851e-05
1.84853e-05
1.84855e-05
1.84857e-05
1.84858e-05
1.8486e-05
1.84862e-05
1.84863e-05
1.84865e-05
1.84866e-05
1.84867e-05
1.84868e-05
1.84869e-05
1.8487e-05
1.84871e-05
1.84872e-05
1.84872e-05
1.84872e-05
1.84872e-05
1.84871e-05
1.8487e-05
1.84868e-05
1.84867e-05
1.84868e-05
1.84868e-05
1.84868e-05
1.84869e-05
1.84869e-05
1.8487e-05
1.8487e-05
1.8487e-05
1.8487e-05
1.8487e-05
1.84871e-05
1.84872e-05
1.84873e-05
1.84875e-05
1.84877e-05
1.84879e-05
1.84882e-05
1.84884e-05
1.84887e-05
1.84889e-05
1.84891e-05
1.84893e-05
1.84895e-05
1.84896e-05
1.84897e-05
1.84898e-05
1.84899e-05
1.84899e-05
1.84899e-05
1.84899e-05
1.84899e-05
1.84898e-05
1.84897e-05
1.84897e-05
1.84895e-05
1.84894e-05
1.84893e-05
1.84892e-05
1.8489e-05
1.84889e-05
1.84887e-05
1.84886e-05
1.84884e-05
1.84883e-05
1.84881e-05
1.84879e-05
1.84878e-05
1.84876e-05
1.84874e-05
1.84872e-05
1.8487e-05
1.84867e-05
1.84865e-05
1.84862e-05
1.84858e-05
1.84855e-05
1.8485e-05
1.84845e-05
1.84841e-05
1.84839e-05
1.84838e-05
1.84836e-05
1.84835e-05
1.84833e-05
1.84832e-05
1.8483e-05
1.84829e-05
1.84828e-05
1.84827e-05
1.84827e-05
1.84825e-05
1.84826e-05
1.84818e-05
3.60059e-05
3.60061e-05
3.60065e-05
3.60068e-05
3.6007e-05
3.60071e-05
3.60071e-05
3.60072e-05
3.60073e-05
3.60074e-05
3.60075e-05
3.60077e-05
3.6008e-05
3.60082e-05
3.60085e-05
3.60088e-05
3.60092e-05
3.60095e-05
3.60098e-05
3.60102e-05
3.60106e-05
3.60109e-05
3.60113e-05
3.60117e-05
3.6012e-05
3.60124e-05
3.60127e-05
3.60131e-05
3.60134e-05
3.60137e-05
3.6014e-05
3.60142e-05
3.60145e-05
3.60147e-05
3.60149e-05
3.60151e-05
3.60153e-05
3.60155e-05
3.60156e-05
3.60157e-05
3.60158e-05
3.60159e-05
3.60158e-05
3.60158e-05
3.60155e-05
3.60152e-05
3.60151e-05
3.60151e-05
3.60152e-05
3.60152e-05
3.60153e-05
3.60154e-05
3.60154e-05
3.60155e-05
3.60155e-05
3.60155e-05
3.60156e-05
3.60157e-05
3.60159e-05
3.60162e-05
3.60165e-05
3.60169e-05
3.60173e-05
3.60178e-05
3.60182e-05
3.60187e-05
3.60191e-05
3.60194e-05
3.60198e-05
3.60201e-05
3.60203e-05
3.60205e-05
3.60207e-05
3.60208e-05
3.60208e-05
3.60208e-05
3.60208e-05
3.60207e-05
3.60206e-05
3.60205e-05
3.60203e-05
3.60201e-05
3.60199e-05
3.60197e-05
3.60194e-05
3.60191e-05
3.60189e-05
3.60186e-05
3.60183e-05
3.6018e-05
3.60177e-05
3.60174e-05
3.60171e-05
3.60168e-05
3.60165e-05
3.60161e-05
3.60157e-05
3.60153e-05
3.60149e-05
3.60143e-05
3.60138e-05
3.60132e-05
3.60125e-05
3.60117e-05
3.60108e-05
3.60102e-05
3.60098e-05
3.60094e-05
3.60092e-05
3.60089e-05
3.60086e-05
3.60083e-05
3.60081e-05
3.60079e-05
3.60077e-05
3.60076e-05
3.60074e-05
3.60072e-05
3.60073e-05
3.60062e-05
5.7472e-05
5.74718e-05
5.74722e-05
5.74727e-05
5.74729e-05
5.74731e-05
5.74732e-05
5.74734e-05
5.74735e-05
5.74737e-05
5.7474e-05
5.74742e-05
5.74746e-05
5.7475e-05
5.74754e-05
5.74759e-05
5.74764e-05
5.74769e-05
5.74774e-05
5.74779e-05
5.74785e-05
5.7479e-05
5.74796e-05
5.74801e-05
5.74806e-05
5.74811e-05
5.74817e-05
5.74821e-05
5.74826e-05
5.7483e-05
5.74834e-05
5.74838e-05
5.74842e-05
5.74845e-05
5.74848e-05
5.74851e-05
5.74854e-05
5.74856e-05
5.74858e-05
5.7486e-05
5.74861e-05
5.74862e-05
5.74861e-05
5.7486e-05
5.74858e-05
5.74853e-05
5.74851e-05
5.74852e-05
5.74853e-05
5.74854e-05
5.74855e-05
5.74856e-05
5.74856e-05
5.74857e-05
5.74857e-05
5.74858e-05
5.74859e-05
5.74861e-05
5.74864e-05
5.74868e-05
5.74874e-05
5.74879e-05
5.74886e-05
5.74892e-05
5.74899e-05
5.74905e-05
5.74911e-05
5.74917e-05
5.74921e-05
5.74926e-05
5.74929e-05
5.74932e-05
5.74934e-05
5.74935e-05
5.74936e-05
5.74936e-05
5.74935e-05
5.74934e-05
5.74932e-05
5.7493e-05
5.74927e-05
5.74924e-05
5.74921e-05
5.74917e-05
5.74914e-05
5.74909e-05
5.74905e-05
5.74901e-05
5.74896e-05
5.74892e-05
5.74888e-05
5.74883e-05
5.74879e-05
5.74874e-05
5.74869e-05
5.74864e-05
5.74858e-05
5.74851e-05
5.74844e-05
5.74837e-05
5.74829e-05
5.74819e-05
5.7481e-05
5.74798e-05
5.74785e-05
5.74776e-05
5.7477e-05
5.74765e-05
5.74761e-05
5.74757e-05
5.74753e-05
5.74749e-05
5.74746e-05
5.74742e-05
5.7474e-05
5.74738e-05
5.74736e-05
5.74733e-05
5.74734e-05
5.74722e-05
7.92254e-05
7.92245e-05
7.92248e-05
7.92252e-05
7.92256e-05
7.92259e-05
7.92261e-05
7.92264e-05
7.92267e-05
7.92269e-05
7.92273e-05
7.92277e-05
7.92281e-05
7.92286e-05
7.92292e-05
7.92298e-05
7.92304e-05
7.92311e-05
7.92317e-05
7.92324e-05
7.92331e-05
7.92338e-05
7.92345e-05
7.92352e-05
7.92358e-05
7.92365e-05
7.92371e-05
7.92377e-05
7.92383e-05
7.92389e-05
7.92394e-05
7.92399e-05
7.92403e-05
7.92407e-05
7.92411e-05
7.92415e-05
7.92418e-05
7.92421e-05
7.92423e-05
7.92425e-05
7.92426e-05
7.92427e-05
7.92427e-05
7.92426e-05
7.92423e-05
7.92419e-05
7.92416e-05
7.92417e-05
7.92418e-05
7.92419e-05
7.9242e-05
7.92421e-05
7.92422e-05
7.92422e-05
7.92423e-05
7.92424e-05
7.92426e-05
7.92429e-05
7.92434e-05
7.92439e-05
7.92446e-05
7.92454e-05
7.92462e-05
7.9247e-05
7.92478e-05
7.92486e-05
7.92494e-05
7.925e-05
7.92506e-05
7.92511e-05
7.92515e-05
7.92518e-05
7.92521e-05
7.92522e-05
7.92523e-05
7.92522e-05
7.92521e-05
7.92519e-05
7.92517e-05
7.92514e-05
7.9251e-05
7.92506e-05
7.92502e-05
7.92497e-05
7.92492e-05
7.92487e-05
7.92481e-05
7.92475e-05
7.9247e-05
7.92464e-05
7.92458e-05
7.92453e-05
7.92447e-05
7.92441e-05
7.92434e-05
7.92427e-05
7.92419e-05
7.92411e-05
7.92401e-05
7.92391e-05
7.92381e-05
7.92369e-05
7.92357e-05
7.92344e-05
7.92328e-05
7.92317e-05
7.92308e-05
7.92302e-05
7.92296e-05
7.92291e-05
7.92286e-05
7.92281e-05
7.92277e-05
7.92273e-05
7.9227e-05
7.92268e-05
7.92266e-05
7.92263e-05
7.92264e-05
7.92254e-05
9.87366e-05
9.87351e-05
9.87349e-05
9.87353e-05
9.87358e-05
9.87362e-05
9.87366e-05
9.8737e-05
9.87374e-05
9.87378e-05
9.87382e-05
9.87387e-05
9.87392e-05
9.87398e-05
9.87405e-05
9.87412e-05
9.8742e-05
9.87427e-05
9.87435e-05
9.87443e-05
9.87451e-05
9.87459e-05
9.87467e-05
9.87475e-05
9.87483e-05
9.8749e-05
9.87497e-05
9.87504e-05
9.87511e-05
9.87517e-05
9.87523e-05
9.87529e-05
9.87534e-05
9.87539e-05
9.87543e-05
9.87547e-05
9.8755e-05
9.87553e-05
9.87556e-05
9.87558e-05
9.8756e-05
9.87561e-05
9.87561e-05
9.87561e-05
9.87558e-05
9.87554e-05
9.87551e-05
9.87551e-05
9.87552e-05
9.87553e-05
9.87554e-05
9.87555e-05
9.87556e-05
9.87557e-05
9.87558e-05
9.8756e-05
9.87563e-05
9.87567e-05
9.87573e-05
9.8758e-05
9.87588e-05
9.87597e-05
9.87607e-05
9.87616e-05
9.87626e-05
9.87635e-05
9.87643e-05
9.8765e-05
9.87657e-05
9.87662e-05
9.87667e-05
9.8767e-05
9.87672e-05
9.87673e-05
9.87674e-05
9.87673e-05
9.87671e-05
9.87669e-05
9.87666e-05
9.87662e-05
9.87658e-05
9.87653e-05
9.87647e-05
9.87642e-05
9.87635e-05
9.87629e-05
9.87622e-05
9.87615e-05
9.87608e-05
9.87602e-05
9.87595e-05
9.87588e-05
9.87581e-05
9.87573e-05
9.87565e-05
9.87557e-05
9.87547e-05
9.87537e-05
9.87526e-05
9.87514e-05
9.87501e-05
9.87488e-05
9.87474e-05
9.87459e-05
9.87442e-05
9.87429e-05
9.87419e-05
9.87411e-05
9.87404e-05
9.87398e-05
9.87392e-05
9.87387e-05
9.87382e-05
9.87378e-05
9.87375e-05
9.87372e-05
9.87371e-05
9.87369e-05
9.8737e-05
9.87363e-05
0.000115087
0.000115085
0.000115084
0.000115084
0.000115085
0.000115085
0.000115086
0.000115086
0.000115087
0.000115087
0.000115088
0.000115088
0.000115089
0.00011509
0.00011509
0.000115091
0.000115092
0.000115093
0.000115094
0.000115095
0.000115096
0.000115096
0.000115097
0.000115098
0.000115099
0.0001151
0.000115101
0.000115101
0.000115102
0.000115103
0.000115104
0.000115104
0.000115105
0.000115105
0.000115106
0.000115106
0.000115107
0.000115107
0.000115107
0.000115107
0.000115108
0.000115108
0.000115108
0.000115108
0.000115107
0.000115107
0.000115107
0.000115107
0.000115107
0.000115107
0.000115107
0.000115107
0.000115107
0.000115107
0.000115108
0.000115108
0.000115108
0.000115109
0.000115109
0.00011511
0.000115111
0.000115112
0.000115113
0.000115114
0.000115115
0.000115116
0.000115117
0.000115118
0.000115119
0.000115119
0.00011512
0.00011512
0.00011512
0.00011512
0.00011512
0.00011512
0.00011512
0.00011512
0.000115119
0.000115119
0.000115118
0.000115118
0.000115117
0.000115116
0.000115116
0.000115115
0.000115114
0.000115113
0.000115113
0.000115112
0.000115111
0.00011511
0.000115109
0.000115109
0.000115108
0.000115107
0.000115106
0.000115104
0.000115103
0.000115102
0.0001151
0.000115099
0.000115097
0.000115096
0.000115094
0.000115092
0.000115091
0.00011509
0.00011509
0.000115089
0.000115088
0.000115088
0.000115087
0.000115087
0.000115087
0.000115086
0.000115086
0.000115086
0.000115086
0.000115086
0.000128321
0.000128319
0.000128318
0.000128318
0.000128318
0.000128319
0.00012832
0.00012832
0.000128321
0.000128322
0.000128322
0.000128323
0.000128324
0.000128325
0.000128325
0.000128326
0.000128327
0.000128328
0.000128329
0.00012833
0.000128331
0.000128332
0.000128333
0.000128334
0.000128335
0.000128336
0.000128337
0.000128337
0.000128338
0.000128339
0.00012834
0.00012834
0.000128341
0.000128341
0.000128342
0.000128342
0.000128343
0.000128343
0.000128343
0.000128344
0.000128344
0.000128344
0.000128344
0.000128344
0.000128344
0.000128344
0.000128343
0.000128343
0.000128343
0.000128343
0.000128343
0.000128344
0.000128344
0.000128344
0.000128344
0.000128345
0.000128345
0.000128346
0.000128347
0.000128348
0.000128349
0.00012835
0.000128351
0.000128352
0.000128353
0.000128354
0.000128355
0.000128356
0.000128356
0.000128357
0.000128357
0.000128358
0.000128358
0.000128358
0.000128358
0.000128358
0.000128357
0.000128357
0.000128356
0.000128356
0.000128355
0.000128355
0.000128354
0.000128353
0.000128352
0.000128352
0.000128351
0.00012835
0.000128349
0.000128348
0.000128347
0.000128346
0.000128346
0.000128345
0.000128343
0.000128342
0.000128341
0.00012834
0.000128338
0.000128337
0.000128335
0.000128334
0.000128332
0.00012833
0.000128329
0.000128327
0.000128326
0.000128325
0.000128324
0.000128323
0.000128322
0.000128322
0.000128321
0.000128321
0.000128321
0.000128321
0.00012832
0.00012832
0.000128321
0.000128321
0.000138853
0.000138851
0.000138849
0.000138849
0.000138849
0.00013885
0.000138851
0.000138852
0.000138852
0.000138853
0.000138854
0.000138855
0.000138855
0.000138856
0.000138857
0.000138858
0.000138859
0.00013886
0.000138861
0.000138862
0.000138863
0.000138864
0.000138865
0.000138866
0.000138867
0.000138868
0.000138869
0.00013887
0.000138871
0.000138872
0.000138872
0.000138873
0.000138874
0.000138874
0.000138875
0.000138875
0.000138876
0.000138876
0.000138876
0.000138877
0.000138877
0.000138877
0.000138877
0.000138877
0.000138877
0.000138877
0.000138876
0.000138876
0.000138876
0.000138876
0.000138877
0.000138877
0.000138877
0.000138877
0.000138877
0.000138878
0.000138879
0.000138879
0.00013888
0.000138882
0.000138883
0.000138884
0.000138885
0.000138886
0.000138887
0.000138888
0.000138889
0.00013889
0.000138891
0.000138891
0.000138892
0.000138892
0.000138892
0.000138892
0.000138892
0.000138892
0.000138891
0.000138891
0.00013889
0.00013889
0.000138889
0.000138888
0.000138887
0.000138887
0.000138886
0.000138885
0.000138884
0.000138883
0.000138882
0.000138881
0.00013888
0.000138879
0.000138878
0.000138877
0.000138876
0.000138875
0.000138873
0.000138872
0.00013887
0.000138868
0.000138867
0.000138865
0.000138863
0.000138862
0.00013886
0.000138858
0.000138857
0.000138856
0.000138855
0.000138854
0.000138853
0.000138853
0.000138852
0.000138852
0.000138852
0.000138852
0.000138852
0.000138852
0.000138852
0.000138852
0.000147156
0.000147153
0.000147151
0.000147151
0.000147151
0.000147152
0.000147153
0.000147153
0.000147154
0.000147155
0.000147156
0.000147157
0.000147158
0.000147159
0.00014716
0.000147161
0.000147162
0.000147163
0.000147164
0.000147165
0.000147166
0.000147167
0.000147168
0.000147169
0.00014717
0.000147171
0.000147172
0.000147173
0.000147174
0.000147175
0.000147176
0.000147176
0.000147177
0.000147178
0.000147178
0.000147179
0.000147179
0.00014718
0.00014718
0.00014718
0.00014718
0.000147181
0.000147181
0.000147181
0.000147181
0.000147181
0.00014718
0.00014718
0.00014718
0.00014718
0.00014718
0.000147181
0.000147181
0.000147181
0.000147182
0.000147182
0.000147183
0.000147184
0.000147185
0.000147186
0.000147188
0.000147189
0.00014719
0.000147191
0.000147193
0.000147194
0.000147194
0.000147195
0.000147196
0.000147196
0.000147197
0.000147197
0.000147197
0.000147197
0.000147197
0.000147196
0.000147196
0.000147195
0.000147195
0.000147194
0.000147193
0.000147192
0.000147192
0.000147191
0.00014719
0.000147189
0.000147188
0.000147187
0.000147186
0.000147185
0.000147184
0.000147183
0.000147181
0.00014718
0.000147179
0.000147177
0.000147176
0.000147174
0.000147172
0.000147171
0.000147169
0.000147167
0.000147165
0.000147164
0.000147162
0.00014716
0.000147159
0.000147157
0.000147157
0.000147156
0.000147155
0.000147155
0.000147154
0.000147154
0.000147154
0.000147154
0.000147154
0.000147154
0.000147154
0.000147155
0.000153653
0.00015365
0.000153648
0.000153648
0.000153648
0.000153648
0.000153649
0.00015365
0.000153651
0.000153652
0.000153653
0.000153654
0.000153655
0.000153656
0.000153657
0.000153658
0.000153659
0.000153661
0.000153662
0.000153663
0.000153664
0.000153665
0.000153666
0.000153667
0.000153668
0.000153669
0.00015367
0.000153671
0.000153672
0.000153673
0.000153674
0.000153675
0.000153675
0.000153676
0.000153677
0.000153677
0.000153678
0.000153678
0.000153678
0.000153679
0.000153679
0.000153679
0.000153679
0.000153679
0.000153679
0.000153679
0.000153679
0.000153679
0.000153679
0.000153679
0.000153679
0.000153679
0.000153679
0.00015368
0.000153681
0.000153681
0.000153682
0.000153684
0.000153685
0.000153686
0.000153687
0.000153689
0.00015369
0.000153691
0.000153692
0.000153693
0.000153694
0.000153695
0.000153696
0.000153696
0.000153696
0.000153696
0.000153696
0.000153696
0.000153696
0.000153695
0.000153695
0.000153694
0.000153694
0.000153693
0.000153692
0.000153691
0.00015369
0.000153689
0.000153688
0.000153687
0.000153686
0.000153685
0.000153684
0.000153683
0.000153682
0.000153681
0.000153679
0.000153678
0.000153677
0.000153675
0.000153673
0.000153671
0.00015367
0.000153668
0.000153666
0.000153664
0.000153662
0.00015366
0.000153659
0.000153657
0.000153655
0.000153654
0.000153653
0.000153652
0.000153652
0.000153651
0.000153651
0.000153651
0.00015365
0.00015365
0.00015365
0.000153651
0.000153651
0.000153652
0.000158691
0.000158689
0.000158687
0.000158686
0.000158686
0.000158686
0.000158687
0.000158688
0.00015869
0.000158691
0.000158692
0.000158693
0.000158694
0.000158695
0.000158696
0.000158697
0.000158698
0.0001587
0.000158701
0.000158702
0.000158703
0.000158704
0.000158705
0.000158707
0.000158708
0.000158709
0.00015871
0.000158711
0.000158712
0.000158713
0.000158714
0.000158714
0.000158715
0.000158716
0.000158716
0.000158717
0.000158717
0.000158718
0.000158718
0.000158718
0.000158719
0.000158719
0.000158719
0.000158719
0.000158719
0.000158719
0.000158719
0.000158719
0.000158719
0.000158719
0.000158719
0.000158719
0.00015872
0.00015872
0.000158721
0.000158722
0.000158723
0.000158725
0.000158726
0.000158727
0.000158729
0.00015873
0.000158731
0.000158733
0.000158734
0.000158735
0.000158735
0.000158736
0.000158737
0.000158737
0.000158737
0.000158737
0.000158737
0.000158737
0.000158737
0.000158736
0.000158736
0.000158735
0.000158734
0.000158733
0.000158732
0.000158732
0.000158731
0.000158729
0.000158728
0.000158727
0.000158726
0.000158725
0.000158724
0.000158723
0.000158721
0.00015872
0.000158719
0.000158717
0.000158716
0.000158714
0.000158712
0.00015871
0.000158708
0.000158706
0.000158704
0.000158702
0.0001587
0.000158699
0.000158697
0.000158695
0.000158693
0.000158692
0.000158691
0.00015869
0.00015869
0.000158689
0.000158689
0.000158689
0.000158689
0.000158689
0.000158689
0.000158689
0.000158689
0.000158691
0.000162545
0.000162543
0.000162541
0.00016254
0.00016254
0.00016254
0.000162541
0.000162542
0.000162543
0.000162544
0.000162545
0.000162547
0.000162548
0.000162549
0.00016255
0.000162551
0.000162553
0.000162554
0.000162555
0.000162556
0.000162557
0.000162559
0.00016256
0.000162561
0.000162562
0.000162563
0.000162564
0.000162565
0.000162566
0.000162567
0.000162568
0.000162569
0.00016257
0.000162571
0.000162571
0.000162572
0.000162572
0.000162573
0.000162573
0.000162573
0.000162574
0.000162574
0.000162574
0.000162574
0.000162575
0.000162575
0.000162574
0.000162574
0.000162574
0.000162574
0.000162574
0.000162574
0.000162575
0.000162576
0.000162577
0.000162578
0.000162579
0.000162581
0.000162582
0.000162584
0.000162585
0.000162587
0.000162588
0.000162589
0.00016259
0.000162591
0.000162592
0.000162592
0.000162593
0.000162593
0.000162593
0.000162593
0.000162593
0.000162593
0.000162592
0.000162592
0.000162591
0.00016259
0.000162589
0.000162589
0.000162588
0.000162587
0.000162586
0.000162585
0.000162583
0.000162582
0.000162581
0.00016258
0.000162579
0.000162577
0.000162576
0.000162575
0.000162573
0.000162571
0.00016257
0.000162568
0.000162566
0.000162564
0.000162561
0.000162559
0.000162557
0.000162555
0.000162554
0.000162552
0.00016255
0.000162548
0.000162547
0.000162545
0.000162544
0.000162544
0.000162543
0.000162543
0.000162542
0.000162542
0.000162542
0.000162542
0.000162543
0.000162543
0.000162543
0.000162545
0.000165427
0.000165425
0.000165423
0.000165422
0.000165422
0.000165422
0.000165423
0.000165424
0.000165425
0.000165426
0.000165428
0.000165429
0.00016543
0.000165431
0.000165433
0.000165434
0.000165435
0.000165436
0.000165438
0.000165439
0.00016544
0.000165442
0.000165443
0.000165444
0.000165445
0.000165446
0.000165447
0.000165449
0.00016545
0.000165451
0.000165451
0.000165452
0.000165453
0.000165454
0.000165454
0.000165455
0.000165456
0.000165456
0.000165456
0.000165457
0.000165457
0.000165457
0.000165458
0.000165458
0.000165458
0.000165458
0.000165458
0.000165458
0.000165458
0.000165458
0.000165458
0.000165458
0.000165459
0.00016546
0.000165461
0.000165462
0.000165464
0.000165466
0.000165467
0.000165469
0.00016547
0.000165472
0.000165473
0.000165474
0.000165475
0.000165476
0.000165476
0.000165477
0.000165477
0.000165477
0.000165477
0.000165477
0.000165477
0.000165477
0.000165476
0.000165475
0.000165475
0.000165474
0.000165473
0.000165472
0.000165471
0.00016547
0.000165469
0.000165468
0.000165467
0.000165465
0.000165464
0.000165463
0.000165462
0.00016546
0.000165459
0.000165457
0.000165456
0.000165454
0.000165452
0.00016545
0.000165448
0.000165445
0.000165443
0.000165441
0.000165439
0.000165437
0.000165435
0.000165434
0.000165432
0.00016543
0.000165429
0.000165427
0.000165426
0.000165426
0.000165425
0.000165425
0.000165424
0.000165424
0.000165424
0.000165425
0.000165425
0.000165425
0.000165426
0.000165427
0.000167504
0.000167502
0.0001675
0.000167499
0.000167499
0.000167499
0.0001675
0.000167501
0.000167502
0.000167503
0.000167505
0.000167506
0.000167507
0.000167508
0.00016751
0.000167511
0.000167512
0.000167514
0.000167515
0.000167516
0.000167518
0.000167519
0.00016752
0.000167522
0.000167523
0.000167524
0.000167525
0.000167526
0.000167527
0.000167528
0.000167529
0.00016753
0.000167531
0.000167532
0.000167532
0.000167533
0.000167534
0.000167534
0.000167534
0.000167535
0.000167535
0.000167536
0.000167536
0.000167536
0.000167536
0.000167536
0.000167536
0.000167536
0.000167536
0.000167536
0.000167536
0.000167537
0.000167538
0.000167539
0.00016754
0.000167542
0.000167543
0.000167545
0.000167547
0.000167548
0.00016755
0.000167551
0.000167552
0.000167553
0.000167554
0.000167555
0.000167555
0.000167556
0.000167556
0.000167556
0.000167556
0.000167556
0.000167555
0.000167555
0.000167554
0.000167554
0.000167553
0.000167552
0.000167551
0.00016755
0.000167549
0.000167548
0.000167547
0.000167546
0.000167544
0.000167543
0.000167542
0.00016754
0.000167539
0.000167538
0.000167536
0.000167535
0.000167533
0.000167531
0.000167529
0.000167526
0.000167524
0.000167522
0.00016752
0.000167517
0.000167515
0.000167513
0.000167512
0.00016751
0.000167508
0.000167507
0.000167505
0.000167504
0.000167503
0.000167502
0.000167502
0.000167501
0.000167501
0.000167501
0.000167501
0.000167502
0.000167502
0.000167503
0.000167503
0.000167505
0.000168906
0.000168904
0.000168902
0.000168901
0.000168901
0.000168901
0.000168902
0.000168903
0.000168904
0.000168905
0.000168906
0.000168908
0.000168909
0.00016891
0.000168912
0.000168913
0.000168914
0.000168916
0.000168917
0.000168919
0.00016892
0.000168921
0.000168922
0.000168924
0.000168925
0.000168926
0.000168927
0.000168929
0.00016893
0.000168931
0.000168932
0.000168932
0.000168933
0.000168934
0.000168935
0.000168935
0.000168936
0.000168937
0.000168937
0.000168937
0.000168938
0.000168938
0.000168939
0.000168939
0.000168939
0.000168939
0.000168939
0.000168939
0.000168939
0.000168939
0.000168939
0.00016894
0.000168941
0.000168942
0.000168944
0.000168946
0.000168948
0.000168949
0.000168951
0.000168953
0.000168954
0.000168955
0.000168956
0.000168957
0.000168958
0.000168958
0.000168959
0.000168959
0.000168959
0.000168959
0.000168959
0.000168959
0.000168958
0.000168958
0.000168957
0.000168956
0.000168955
0.000168954
0.000168953
0.000168952
0.000168951
0.00016895
0.000168949
0.000168948
0.000168946
0.000168945
0.000168944
0.000168942
0.000168941
0.000168939
0.000168938
0.000168936
0.000168934
0.000168932
0.00016893
0.000168927
0.000168925
0.000168922
0.00016892
0.000168918
0.000168916
0.000168914
0.000168912
0.000168911
0.000168909
0.000168908
0.000168906
0.000168905
0.000168904
0.000168904
0.000168903
0.000168903
0.000168903
0.000168903
0.000168903
0.000168904
0.000168904
0.000168905
0.000168905
0.000168907
0.000169734
0.000169732
0.000169731
0.00016973
0.00016973
0.00016973
0.000169731
0.000169732
0.000169733
0.000169734
0.000169735
0.000169736
0.000169738
0.000169739
0.000169741
0.000169742
0.000169743
0.000169745
0.000169746
0.000169748
0.000169749
0.00016975
0.000169752
0.000169753
0.000169754
0.000169755
0.000169757
0.000169758
0.000169759
0.00016976
0.000169761
0.000169762
0.000169763
0.000169764
0.000169764
0.000169765
0.000169766
0.000169766
0.000169767
0.000169767
0.000169767
0.000169768
0.000169768
0.000169769
0.000169769
0.000169769
0.000169769
0.000169769
0.000169769
0.000169769
0.000169769
0.00016977
0.000169771
0.000169773
0.000169775
0.000169777
0.000169779
0.00016978
0.000169782
0.000169784
0.000169785
0.000169786
0.000169787
0.000169788
0.000169788
0.000169789
0.000169789
0.000169789
0.000169789
0.000169789
0.000169788
0.000169788
0.000169787
0.000169787
0.000169786
0.000169785
0.000169784
0.000169783
0.000169782
0.000169781
0.00016978
0.000169779
0.000169778
0.000169776
0.000169775
0.000169774
0.000169772
0.000169771
0.000169769
0.000169768
0.000169766
0.000169764
0.000169762
0.00016976
0.000169757
0.000169755
0.000169752
0.00016975
0.000169748
0.000169746
0.000169744
0.000169742
0.00016974
0.000169739
0.000169737
0.000169736
0.000169735
0.000169734
0.000169733
0.000169732
0.000169732
0.000169732
0.000169732
0.000169732
0.000169732
0.000169733
0.000169733
0.000169734
0.000169734
0.000169736
0.000170072
0.00017007
0.000170069
0.000170068
0.000170068
0.000170068
0.000170068
0.000170069
0.00017007
0.000170071
0.000170073
0.000170074
0.000170075
0.000170077
0.000170078
0.00017008
0.000170081
0.000170082
0.000170084
0.000170085
0.000170087
0.000170088
0.000170089
0.000170091
0.000170092
0.000170093
0.000170095
0.000170096
0.000170097
0.000170098
0.000170099
0.0001701
0.000170101
0.000170101
0.000170102
0.000170103
0.000170104
0.000170104
0.000170105
0.000170105
0.000170106
0.000170106
0.000170106
0.000170107
0.000170107
0.000170107
0.000170107
0.000170107
0.000170107
0.000170108
0.000170108
0.000170109
0.000170111
0.000170112
0.000170114
0.000170116
0.000170118
0.00017012
0.000170121
0.000170123
0.000170124
0.000170125
0.000170126
0.000170126
0.000170127
0.000170127
0.000170127
0.000170127
0.000170127
0.000170126
0.000170126
0.000170125
0.000170125
0.000170124
0.000170123
0.000170122
0.000170121
0.00017012
0.000170119
0.000170118
0.000170117
0.000170116
0.000170114
0.000170113
0.000170112
0.00017011
0.000170109
0.000170107
0.000170106
0.000170104
0.000170102
0.0001701
0.000170098
0.000170096
0.000170093
0.000170091
0.000170088
0.000170086
0.000170083
0.000170081
0.00017008
0.000170078
0.000170076
0.000170075
0.000170074
0.000170073
0.000170071
0.000170071
0.00017007
0.000170069
0.000170069
0.000170069
0.000170069
0.000170069
0.00017007
0.00017007
0.000170071
0.000170072
0.000170072
0.000170074
0.000169983
0.000169981
0.00016998
0.00016998
0.00016998
0.00016998
0.00016998
0.000169981
0.000169982
0.000169983
0.000169984
0.000169986
0.000169987
0.000169988
0.00016999
0.000169991
0.000169993
0.000169994
0.000169996
0.000169997
0.000169999
0.00017
0.000170001
0.000170003
0.000170004
0.000170005
0.000170006
0.000170008
0.000170009
0.00017001
0.000170011
0.000170012
0.000170013
0.000170014
0.000170014
0.000170015
0.000170016
0.000170016
0.000170017
0.000170017
0.000170018
0.000170018
0.000170019
0.000170019
0.00017002
0.00017002
0.00017002
0.00017002
0.00017002
0.00017002
0.000170021
0.000170022
0.000170024
0.000170026
0.000170028
0.00017003
0.000170032
0.000170033
0.000170035
0.000170036
0.000170037
0.000170037
0.000170038
0.000170038
0.000170038
0.000170039
0.000170038
0.000170038
0.000170038
0.000170038
0.000170037
0.000170036
0.000170036
0.000170035
0.000170034
0.000170033
0.000170032
0.000170031
0.00017003
0.000170029
0.000170027
0.000170026
0.000170025
0.000170023
0.000170022
0.00017002
0.000170019
0.000170018
0.000170016
0.000170014
0.000170012
0.00017001
0.000170008
0.000170005
0.000170002
0.00017
0.000169997
0.000169995
0.000169993
0.000169991
0.00016999
0.000169988
0.000169987
0.000169986
0.000169985
0.000169984
0.000169983
0.000169982
0.000169981
0.000169981
0.000169981
0.000169981
0.000169981
0.000169981
0.000169982
0.000169982
0.000169983
0.000169984
0.000169984
0.000169987
0.000169522
0.00016952
0.000169519
0.000169519
0.000169519
0.000169519
0.00016952
0.00016952
0.000169521
0.000169522
0.000169524
0.000169525
0.000169526
0.000169528
0.000169529
0.000169531
0.000169532
0.000169534
0.000169535
0.000169536
0.000169538
0.000169539
0.000169541
0.000169542
0.000169543
0.000169545
0.000169546
0.000169547
0.000169548
0.000169549
0.00016955
0.000169551
0.000169552
0.000169553
0.000169554
0.000169554
0.000169555
0.000169556
0.000169556
0.000169557
0.000169557
0.000169558
0.000169558
0.000169559
0.000169559
0.00016956
0.00016956
0.00016956
0.00016956
0.00016956
0.000169561
0.000169563
0.000169565
0.000169567
0.000169569
0.000169571
0.000169572
0.000169574
0.000169575
0.000169575
0.000169576
0.000169577
0.000169577
0.000169577
0.000169577
0.000169577
0.000169577
0.000169576
0.000169576
0.000169575
0.000169575
0.000169574
0.000169573
0.000169572
0.000169571
0.00016957
0.000169569
0.000169568
0.000169567
0.000169566
0.000169564
0.000169563
0.000169562
0.00016956
0.000169559
0.000169557
0.000169556
0.000169554
0.000169553
0.000169551
0.000169549
0.000169546
0.000169544
0.000169541
0.000169539
0.000169536
0.000169534
0.000169532
0.00016953
0.000169528
0.000169527
0.000169526
0.000169525
0.000169524
0.000169523
0.000169522
0.000169521
0.00016952
0.00016952
0.00016952
0.00016952
0.00016952
0.00016952
0.000169521
0.000169521
0.000169522
0.000169523
0.000169523
0.000169524
0.000169527
0.000168732
0.00016873
0.00016873
0.000168729
0.000168729
0.00016873
0.00016873
0.000168731
0.000168732
0.000168733
0.000168734
0.000168735
0.000168737
0.000168738
0.000168739
0.000168741
0.000168742
0.000168744
0.000168745
0.000168747
0.000168748
0.00016875
0.000168751
0.000168752
0.000168754
0.000168755
0.000168756
0.000168757
0.000168759
0.00016876
0.000168761
0.000168762
0.000168763
0.000168763
0.000168764
0.000168765
0.000168766
0.000168766
0.000168767
0.000168767
0.000168768
0.000168768
0.000168769
0.000168769
0.00016877
0.00016877
0.00016877
0.00016877
0.000168771
0.000168771
0.000168773
0.000168775
0.000168777
0.000168779
0.00016878
0.000168782
0.000168783
0.000168784
0.000168785
0.000168785
0.000168786
0.000168786
0.000168786
0.000168786
0.000168786
0.000168785
0.000168785
0.000168784
0.000168784
0.000168783
0.000168782
0.000168782
0.000168781
0.00016878
0.000168779
0.000168778
0.000168776
0.000168775
0.000168774
0.000168773
0.000168771
0.00016877
0.000168769
0.000168767
0.000168766
0.000168764
0.000168763
0.000168761
0.00016876
0.000168758
0.000168755
0.000168753
0.00016875
0.000168748
0.000168745
0.000168743
0.000168741
0.000168739
0.000168738
0.000168736
0.000168735
0.000168734
0.000168733
0.000168733
0.000168732
0.000168731
0.000168731
0.00016873
0.00016873
0.00016873
0.00016873
0.000168731
0.000168731
0.000168732
0.000168732
0.000168733
0.000168734
0.000168734
0.000168735
0.000168738
0.00016765
0.000167648
0.000167647
0.000167647
0.000167647
0.000167648
0.000167648
0.000167649
0.00016765
0.000167651
0.000167652
0.000167653
0.000167655
0.000167656
0.000167658
0.000167659
0.00016766
0.000167662
0.000167663
0.000167665
0.000167666
0.000167668
0.000167669
0.00016767
0.000167672
0.000167673
0.000167674
0.000167675
0.000167676
0.000167678
0.000167679
0.00016768
0.000167681
0.000167681
0.000167682
0.000167683
0.000167684
0.000167684
0.000167685
0.000167685
0.000167686
0.000167686
0.000167687
0.000167687
0.000167688
0.000167688
0.000167688
0.000167689
0.000167689
0.00016769
0.000167692
0.000167694
0.000167696
0.000167697
0.000167699
0.0001677
0.000167701
0.000167701
0.000167702
0.000167702
0.000167702
0.000167702
0.000167702
0.000167701
0.000167701
0.0001677
0.0001677
0.000167699
0.000167698
0.000167698
0.000167697
0.000167696
0.000167695
0.000167694
0.000167693
0.000167691
0.00016769
0.000167689
0.000167688
0.000167686
0.000167685
0.000167684
0.000167682
0.000167681
0.000167679
0.000167678
0.000167677
0.000167675
0.000167673
0.000167671
0.000167669
0.000167666
0.000167664
0.000167662
0.000167659
0.000167657
0.000167656
0.000167654
0.000167653
0.000167652
0.000167651
0.00016765
0.00016765
0.00016765
0.000167649
0.000167649
0.000167648
0.000167648
0.000167648
0.000167648
0.000167648
0.000167649
0.000167649
0.00016765
0.000167651
0.000167651
0.000167652
0.000167653
0.000167653
0.000167656
0.000166306
0.000166304
0.000166303
0.000166303
0.000166303
0.000166304
0.000166304
0.000166305
0.000166306
0.000166307
0.000166308
0.00016631
0.000166311
0.000166312
0.000166314
0.000166315
0.000166317
0.000166318
0.000166319
0.000166321
0.000166322
0.000166324
0.000166325
0.000166326
0.000166328
0.000166329
0.00016633
0.000166331
0.000166332
0.000166334
0.000166335
0.000166336
0.000166337
0.000166337
0.000166338
0.000166339
0.00016634
0.00016634
0.000166341
0.000166341
0.000166342
0.000166342
0.000166343
0.000166343
0.000166344
0.000166345
0.000166345
0.000166345
0.000166346
0.000166347
0.000166349
0.00016635
0.000166352
0.000166353
0.000166354
0.000166355
0.000166355
0.000166355
0.000166355
0.000166355
0.000166355
0.000166354
0.000166354
0.000166353
0.000166353
0.000166352
0.000166351
0.00016635
0.000166349
0.000166349
0.000166348
0.000166347
0.000166345
0.000166344
0.000166343
0.000166342
0.000166341
0.00016634
0.000166338
0.000166337
0.000166336
0.000166334
0.000166333
0.000166331
0.00016633
0.000166328
0.000166327
0.000166325
0.000166323
0.000166321
0.000166319
0.000166317
0.000166315
0.000166313
0.000166311
0.00016631
0.000166308
0.000166307
0.000166306
0.000166306
0.000166305
0.000166305
0.000166305
0.000166304
0.000166304
0.000166304
0.000166304
0.000166304
0.000166304
0.000166304
0.000166305
0.000166305
0.000166306
0.000166307
0.000166307
0.000166308
0.000166309
0.00016631
0.00016631
0.000166313
0.000164726
0.000164724
0.000164723
0.000164723
0.000164723
0.000164724
0.000164725
0.000164725
0.000164726
0.000164727
0.000164729
0.00016473
0.000164731
0.000164732
0.000164734
0.000164735
0.000164737
0.000164738
0.00016474
0.000164741
0.000164742
0.000164744
0.000164745
0.000164746
0.000164748
0.000164749
0.00016475
0.000164751
0.000164752
0.000164754
0.000164755
0.000164756
0.000164756
0.000164757
0.000164758
0.000164759
0.00016476
0.00016476
0.000164761
0.000164761
0.000164762
0.000164762
0.000164763
0.000164764
0.000164764
0.000164765
0.000164765
0.000164765
0.000164766
0.000164768
0.000164769
0.00016477
0.000164771
0.000164772
0.000164772
0.000164772
0.000164772
0.000164771
0.000164771
0.00016477
0.00016477
0.000164769
0.000164768
0.000164767
0.000164767
0.000164766
0.000164765
0.000164764
0.000164763
0.000164762
0.000164761
0.00016476
0.000164759
0.000164758
0.000164756
0.000164755
0.000164754
0.000164753
0.000164751
0.00016475
0.000164749
0.000164747
0.000164746
0.000164744
0.000164743
0.000164741
0.00016474
0.000164738
0.000164737
0.000164735
0.000164733
0.000164731
0.000164729
0.000164728
0.000164727
0.000164726
0.000164725
0.000164724
0.000164724
0.000164724
0.000164723
0.000164723
0.000164723
0.000164724
0.000164724
0.000164723
0.000164723
0.000164724
0.000164724
0.000164725
0.000164725
0.000164726
0.000164726
0.000164727
0.000164728
0.000164729
0.000164729
0.00016473
0.000164731
0.000164734
0.000162932
0.00016293
0.000162929
0.000162929
0.00016293
0.00016293
0.000162931
0.000162932
0.000162933
0.000162934
0.000162935
0.000162936
0.000162938
0.000162939
0.00016294
0.000162942
0.000162943
0.000162945
0.000162946
0.000162947
0.000162949
0.00016295
0.000162951
0.000162953
0.000162954
0.000162955
0.000162957
0.000162958
0.000162959
0.00016296
0.000162961
0.000162962
0.000162963
0.000162964
0.000162964
0.000162965
0.000162966
0.000162967
0.000162967
0.000162968
0.000162968
0.000162969
0.000162969
0.00016297
0.000162971
0.000162971
0.000162971
0.000162972
0.000162973
0.000162974
0.000162975
0.000162975
0.000162975
0.000162974
0.000162974
0.000162973
0.000162972
0.000162971
0.000162971
0.00016297
0.000162969
0.000162968
0.000162967
0.000162966
0.000162965
0.000162964
0.000162963
0.000162962
0.000162961
0.00016296
0.000162959
0.000162958
0.000162957
0.000162955
0.000162954
0.000162953
0.000162952
0.00016295
0.000162949
0.000162948
0.000162946
0.000162945
0.000162943
0.000162942
0.000162941
0.000162939
0.000162938
0.000162936
0.000162935
0.000162933
0.000162932
0.00016293
0.000162929
0.000162929
0.000162928
0.000162928
0.000162928
0.000162928
0.000162928
0.000162928
0.000162928
0.000162928
0.000162929
0.000162929
0.000162929
0.000162929
0.00016293
0.00016293
0.000162931
0.000162931
0.000162932
0.000162933
0.000162933
0.000162934
0.000162935
0.000162936
0.000162936
0.000162937
0.000162938
0.000162941
0.000160944
0.000160941
0.000160941
0.000160941
0.000160942
0.000160942
0.000160943
0.000160944
0.000160945
0.000160946
0.000160947
0.000160949
0.00016095
0.000160951
0.000160953
0.000160954
0.000160955
0.000160957
0.000160958
0.00016096
0.000160961
0.000160962
0.000160964
0.000160965
0.000160966
0.000160967
0.000160969
0.00016097
0.000160971
0.000160972
0.000160973
0.000160974
0.000160975
0.000160976
0.000160976
0.000160977
0.000160978
0.000160978
0.000160979
0.00016098
0.00016098
0.000160981
0.000160981
0.000160982
0.000160983
0.000160983
0.000160983
0.000160984
0.000160985
0.000160985
0.000160984
0.000160982
0.000160981
0.00016098
0.000160978
0.000160977
0.000160976
0.000160975
0.000160974
0.000160973
0.000160971
0.00016097
0.000160969
0.000160968
0.000160967
0.000160966
0.000160965
0.000160964
0.000160963
0.000160961
0.00016096
0.000160959
0.000160958
0.000160957
0.000160955
0.000160954
0.000160953
0.000160952
0.00016095
0.000160949
0.000160948
0.000160946
0.000160945
0.000160944
0.000160942
0.000160941
0.000160939
0.000160938
0.000160937
0.000160936
0.000160936
0.000160936
0.000160936
0.000160936
0.000160937
0.000160937
0.000160937
0.000160938
0.000160938
0.000160939
0.000160939
0.00016094
0.00016094
0.000160941
0.000160941
0.000160941
0.000160942
0.000160942
0.000160943
0.000160944
0.000160945
0.000160945
0.000160946
0.000160947
0.000160948
0.000160948
0.000160949
0.00016095
0.000160951
0.000160954
0.000158778
0.000158775
0.000158775
0.000158775
0.000158776
0.000158777
0.000158778
0.000158779
0.00015878
0.000158781
0.000158782
0.000158784
0.000158785
0.000158786
0.000158788
0.000158789
0.00015879
0.000158792
0.000158793
0.000158794
0.000158796
0.000158797
0.000158798
0.0001588
0.000158801
0.000158802
0.000158803
0.000158804
0.000158805
0.000158807
0.000158808
0.000158808
0.000158809
0.00015881
0.000158811
0.000158812
0.000158812
0.000158813
0.000158814
0.000158814
0.000158815
0.000158815
0.000158816
0.000158816
0.000158817
0.000158818
0.000158818
0.000158818
0.000158818
0.000158815
0.000158812
0.000158809
0.000158806
0.000158804
0.000158802
0.000158801
0.000158799
0.000158798
0.000158796
0.000158795
0.000158794
0.000158793
0.000158791
0.00015879
0.000158789
0.000158788
0.000158787
0.000158786
0.000158784
0.000158783
0.000158782
0.000158781
0.00015878
0.000158779
0.000158777
0.000158776
0.000158775
0.000158774
0.000158772
0.000158771
0.00015877
0.000158768
0.000158767
0.000158766
0.000158764
0.000158763
0.000158761
0.000158761
0.000158762
0.000158762
0.000158763
0.000158765
0.000158766
0.000158767
0.000158768
0.000158769
0.00015877
0.000158771
0.000158772
0.000158773
0.000158773
0.000158774
0.000158775
0.000158775
0.000158776
0.000158777
0.000158777
0.000158778
0.000158778
0.000158779
0.00015878
0.000158781
0.000158781
0.000158782
0.000158783
0.000158784
0.000158785
0.000158786
0.000158786
0.00015879
0.00015645
0.000156447
0.000156447
0.000156447
0.000156448
0.000156449
0.00015645
0.000156452
0.000156453
0.000156454
0.000156455
0.000156457
0.000156458
0.000156459
0.00015646
0.000156462
0.000156463
0.000156464
0.000156466
0.000156467
0.000156468
0.00015647
0.000156471
0.000156472
0.000156473
0.000156475
0.000156476
0.000156477
0.000156478
0.000156479
0.00015648
0.000156481
0.000156482
0.000156483
0.000156483
0.000156484
0.000156485
0.000156485
0.000156486
0.000156487
0.000156487
0.000156488
0.000156488
0.000156489
0.00015649
0.00015649
0.000156491
0.000156489
0.000156487
0.000156478
0.000156471
0.000156467
0.000156464
0.000156462
0.00015646
0.000156458
0.000156457
0.000156455
0.000156454
0.000156452
0.000156451
0.00015645
0.000156448
0.000156447
0.000156446
0.000156445
0.000156444
0.000156442
0.000156441
0.00015644
0.000156439
0.000156438
0.000156437
0.000156435
0.000156434
0.000156433
0.000156432
0.000156431
0.000156429
0.000156428
0.000156427
0.000156426
0.000156424
0.000156423
0.000156422
0.00015642
0.000156418
0.000156422
0.000156424
0.000156427
0.00015643
0.000156433
0.000156435
0.000156437
0.000156439
0.00015644
0.000156442
0.000156443
0.000156444
0.000156445
0.000156446
0.000156447
0.000156447
0.000156448
0.000156449
0.00015645
0.00015645
0.00015645
0.000156451
0.000156452
0.000156453
0.000156454
0.000156454
0.000156455
0.000156456
0.000156457
0.000156458
0.000156459
0.000156459
0.000156463
0.000153973
0.00015397
0.00015397
0.000153971
0.000153972
0.000153973
0.000153974
0.000153976
0.000153977
0.000153978
0.000153979
0.000153981
0.000153982
0.000153983
0.000153985
0.000153986
0.000153987
0.000153988
0.00015399
0.000153991
0.000153992
0.000153994
0.000153995
0.000153996
0.000153997
0.000153999
0.000154
0.000154001
0.000154002
0.000154003
0.000154004
0.000154005
0.000154006
0.000154006
0.000154007
0.000154008
0.000154009
0.000154009
0.00015401
0.00015401
0.000154011
0.000154011
0.000154012
0.000154012
0.000154014
0.000154014
0.000154015
0.000154007
0.000154003
0.000153984
0.000153976
0.000153973
0.000153971
0.000153969
0.000153967
0.000153965
0.000153963
0.000153962
0.00015396
0.000153959
0.000153958
0.000153956
0.000153955
0.000153954
0.000153953
0.000153952
0.000153951
0.00015395
0.000153948
0.000153947
0.000153946
0.000153945
0.000153944
0.000153943
0.000153942
0.000153941
0.000153939
0.000153938
0.000153937
0.000153936
0.000153935
0.000153933
0.000153932
0.000153931
0.00015393
0.000153928
0.000153927
0.000153935
0.000153938
0.000153945
0.000153951
0.000153955
0.000153958
0.00015396
0.000153963
0.000153964
0.000153966
0.000153967
0.000153968
0.000153969
0.00015397
0.000153971
0.000153972
0.000153973
0.000153974
0.000153974
0.000153974
0.000153974
0.000153975
0.000153976
0.000153977
0.000153978
0.000153979
0.00015398
0.000153981
0.000153982
0.000153982
0.000153984
0.000153984
0.000153988
0.00015136
0.000151356
0.000151357
0.000151358
0.000151359
0.000151361
0.000151362
0.000151363
0.000151364
0.000151366
0.000151367
0.000151368
0.00015137
0.000151371
0.000151372
0.000151374
0.000151375
0.000151376
0.000151377
0.000151379
0.00015138
0.000151381
0.000151382
0.000151384
0.000151385
0.000151386
0.000151387
0.000151388
0.000151389
0.00015139
0.000151391
0.000151392
0.000151393
0.000151394
0.000151395
0.000151395
0.000151396
0.000151397
0.000151397
0.000151398
0.000151398
0.000151399
0.000151399
0.0001514
0.000151401
0.0001514
0.000151401
0.000151382
0.000151378
0.000151317
0.00015132
0.000151333
0.000151339
0.000151344
0.000151347
0.000151349
0.000151352
0.000151353
0.000151355
0.000151356
0.000151357
0.000151358
0.000151359
0.00015136
0.000151361
0.000151363
0.000151362
0.000151361
0.000151361
0.000151362
0.000151363
0.000151364
0.000151365
0.000151366
0.000151367
0.000151368
0.000151369
0.00015137
0.000151371
0.000151372
0.000151372
0.000151376
0.000148622
0.00014862
0.000148621
0.000148622
0.000148623
0.000148625
0.000148626
0.000148628
0.000148629
0.00014863
0.000148632
0.000148633
0.000148634
0.000148636
0.000148637
0.000148638
0.000148639
0.000148641
0.000148642
0.000148643
0.000148645
0.000148646
0.000148647
0.000148648
0.000148649
0.00014865
0.000148652
0.000148653
0.000148654
0.000148655
0.000148656
0.000148656
0.000148657
0.000148658
0.000148659
0.00014866
0.00014866
0.000148661
0.000148661
0.000148662
0.000148662
0.000148663
0.000148663
0.000148664
0.000148666
0.000148661
0.000148661
0.000148604
0.000148609
0.000148613
0.000148616
0.000148618
0.000148619
0.000148621
0.000148622
0.000148623
0.000148624
0.000148625
0.000148626
0.000148627
0.000148627
0.00014863
0.000148626
0.000148624
0.000148625
0.000148626
0.000148627
0.000148628
0.000148629
0.00014863
0.000148632
0.000148633
0.000148634
0.000148635
0.000148636
0.000148637
0.000148637
0.000148642
)
;

boundaryField
{
    bottomWall
    {
        type            fixedValue;
        value           uniform 1e-15;
    }
    topWall
    {
        type            fixedValue;
        value           nonuniform 0();
    }
    sides1_half0
    {
        type            cyclic;
    }
    sides1_half1
    {
        type            cyclic;
    }
    sides2_half0
    {
        type            cyclic;
    }
    sides2_half1
    {
        type            cyclic;
    }
    inout1_half0
    {
        type            cyclic;
    }
    inout1_half1
    {
        type            cyclic;
    }
    inout2_half0
    {
        type            cyclic;
    }
    inout2_half1
    {
        type            cyclic;
    }
    procBoundary3to4
    {
        type            processor;
        value           nonuniform List<scalar> 
63
(
0.000151368
0.000151367
0.000151366
0.000151364
0.000151363
0.000151361
0.00015136
0.000151358
0.000151357
0.000151356
0.000151355
0.000151354
0.000151352
0.000151351
0.00015135
0.000151349
0.000151348
0.000151347
0.000151346
0.000151345
0.000151344
0.000151343
0.000151342
0.000151341
0.00015134
0.000151339
0.000151338
0.000151337
0.000151336
0.000151335
0.000151333
0.000151332
0.000151331
0.00015133
0.000151329
0.000151328
0.000151326
0.000151326
0.000148652
0.000151368
0.000148653
0.000151326
0.000148617
0.000148613
0.000145836
0.000148652
0.000145836
0.000148613
0.000145809
0.000145803
0.000145803
0.000145804
0.000145805
0.000145806
0.000145806
0.000145807
0.000145808
0.000145809
0.00014581
0.00014581
0.000145811
0.000145811
0.000145814
)
;
    }
    procBoundary3to5
    {
        type            processor;
        value           nonuniform List<scalar> 
61
(
0.000145804
0.000145801
0.000145802
0.000145803
0.000145805
0.000145806
0.000145808
0.000145809
0.00014581
0.000145812
0.000145813
0.000145814
0.000145816
0.000145817
0.000145818
0.00014582
0.000145821
0.000145822
0.000145824
0.000145825
0.000145826
0.000145827
0.000145828
0.00014583
0.000145831
0.000145832
0.000145833
0.000145834
0.000145835
0.000145836
0.000145837
0.000145838
0.000145839
0.000145839
0.00014584
0.000145841
0.000145841
0.000145842
0.000145843
0.000145843
0.000145844
0.000145844
0.000145845
0.000145845
0.000145848
0.000145802
0.000145803
0.000145805
0.000145807
0.000145808
0.000145809
0.000145811
0.000145812
0.000145813
0.000145814
0.000145815
0.000145816
0.000145817
0.000145819
0.000145819
0.000145824
)
;
    }
}


// ************************************************************************* //
