/*--------------------------------*- C++ -*----------------------------------*\
  =========                 |
  \\      /  F ield         | OpenFOAM: The Open Source CFD Toolbox
   \\    /   O peration     | Website:  https://openfoam.org
    \\  /    A nd           | Version:  7
     \\/     M anipulation  |
\*---------------------------------------------------------------------------*/
FoamFile
{
    version     2.0;
    format      ascii;
    class       volScalarField;
    location    "2000";
    object      nut;
}
// * * * * * * * * * * * * * * * * * * * * * * * * * * * * * * * * * * * * * //

dimensions      [0 2 -1 0 0 0 0];

internalField   nonuniform List<scalar> 
4000
(
0.00158135
0.00158149
0.00158152
0.00158152
0.00158152
0.00158152
0.00158151
0.00158151
0.00158151
0.00158151
0.00158151
0.0015815
0.0015815
0.0015815
0.0015815
0.00158149
0.00158149
0.00158149
0.00158148
0.00158148
0.00158147
0.00158147
0.00158146
0.00158145
0.00158145
0.00158144
0.00158143
0.00158142
0.00158142
0.00158141
0.0015814
0.00158139
0.00158138
0.00158137
0.00158136
0.00158134
0.00158133
0.00158132
0.00158131
0.00158129
0.00158128
0.00158126
0.00158125
0.00158123
0.00158121
0.00158132
0.0015814
0.00158144
0.00158146
0.00158145
0.00158144
0.00158143
0.00158141
0.0015814
0.00158138
0.00158136
0.00158135
0.00158133
0.00158131
0.00158129
0.00158127
0.00158125
0.00158123
0.0015812
0.00158118
0.00158116
0.00158114
0.00158112
0.0015811
0.00158107
0.00158105
0.00158103
0.00158101
0.00158098
0.00158096
0.00158094
0.00158091
0.00158089
0.00158087
0.00158085
0.00158082
0.0015808
0.00158078
0.00158076
0.00158074
0.00158072
0.0015807
0.00158068
0.00158066
0.00158064
0.00158062
0.0015806
0.00158058
0.00158056
0.00158055
0.00158053
0.00158052
0.0015805
0.00158049
0.00158048
0.00158046
0.00158045
0.00158044
0.00158042
0.00158054
0.00158063
0.00158069
0.00158071
0.00158072
0.00158072
0.00158072
0.00158072
0.00158072
0.00158072
0.00158072
0.00158072
0.00158072
0.00158072
0.00158072
0.00158071
0.00158122
0.00158136
0.00158139
0.0015814
0.00158141
0.00158141
0.00158141
0.00158141
0.00158141
0.00158141
0.00158141
0.00158141
0.00158141
0.00158141
0.00158141
0.00158141
0.0015814
0.0015814
0.0015814
0.0015814
0.00158139
0.00158139
0.00158139
0.00158138
0.00158138
0.00158137
0.00158137
0.00158136
0.00158135
0.00158135
0.00158134
0.00158133
0.00158132
0.00158131
0.0015813
0.00158129
0.00158128
0.00158127
0.00158126
0.00158125
0.00158123
0.00158122
0.00158121
0.00158119
0.00158118
0.00158119
0.00158121
0.00158124
0.00158126
0.00158127
0.00158127
0.00158127
0.00158127
0.00158126
0.00158125
0.00158124
0.00158122
0.00158121
0.00158119
0.00158118
0.00158116
0.00158115
0.00158113
0.00158111
0.00158109
0.00158107
0.00158105
0.00158103
0.00158102
0.001581
0.00158097
0.00158095
0.00158093
0.00158091
0.00158089
0.00158087
0.00158085
0.00158083
0.00158081
0.00158079
0.00158077
0.00158075
0.00158073
0.00158071
0.00158069
0.00158067
0.00158065
0.00158063
0.00158061
0.00158059
0.00158057
0.00158056
0.00158054
0.00158052
0.00158051
0.00158049
0.00158048
0.00158046
0.00158045
0.00158044
0.00158043
0.00158042
0.00158041
0.00158039
0.00158041
0.00158044
0.00158048
0.00158051
0.00158053
0.00158054
0.00158055
0.00158056
0.00158057
0.00158057
0.00158058
0.00158058
0.00158058
0.00158059
0.00158059
0.00158058
0.00157972
0.00157986
0.0015799
0.00157991
0.00157991
0.00157992
0.00157992
0.00157992
0.00157992
0.00157992
0.00157993
0.00157993
0.00157993
0.00157993
0.00157993
0.00157993
0.00157993
0.00157993
0.00157993
0.00157993
0.00157992
0.00157992
0.00157992
0.00157992
0.00157991
0.00157991
0.0015799
0.0015799
0.00157989
0.00157989
0.00157988
0.00157987
0.00157987
0.00157986
0.00157985
0.00157984
0.00157983
0.00157982
0.00157981
0.0015798
0.00157979
0.00157978
0.00157977
0.00157975
0.00157974
0.00157973
0.00157973
0.00157973
0.00157974
0.00157975
0.00157975
0.00157975
0.00157975
0.00157974
0.00157974
0.00157973
0.00157972
0.00157971
0.00157969
0.00157968
0.00157967
0.00157965
0.00157964
0.00157962
0.00157961
0.00157959
0.00157957
0.00157956
0.00157954
0.00157952
0.0015795
0.00157948
0.00157946
0.00157945
0.00157943
0.00157941
0.00157939
0.00157937
0.00157935
0.00157933
0.00157931
0.00157929
0.00157927
0.00157925
0.00157924
0.00157922
0.0015792
0.00157918
0.00157916
0.00157915
0.00157913
0.00157911
0.0015791
0.00157908
0.00157907
0.00157905
0.00157904
0.00157903
0.00157901
0.001579
0.00157899
0.00157898
0.00157897
0.00157896
0.00157895
0.00157896
0.00157897
0.00157898
0.001579
0.00157901
0.00157902
0.00157903
0.00157904
0.00157905
0.00157905
0.00157906
0.00157906
0.00157907
0.00157907
0.00157907
0.00157684
0.00157698
0.00157702
0.00157703
0.00157703
0.00157704
0.00157704
0.00157704
0.00157705
0.00157705
0.00157705
0.00157705
0.00157705
0.00157705
0.00157706
0.00157706
0.00157706
0.00157706
0.00157706
0.00157706
0.00157706
0.00157705
0.00157705
0.00157705
0.00157705
0.00157704
0.00157704
0.00157704
0.00157703
0.00157703
0.00157702
0.00157702
0.00157701
0.001577
0.001577
0.00157699
0.00157698
0.00157697
0.00157696
0.00157695
0.00157694
0.00157693
0.00157692
0.00157691
0.0015769
0.00157688
0.00157687
0.00157687
0.00157686
0.00157686
0.00157686
0.00157685
0.00157685
0.00157685
0.00157684
0.00157683
0.00157682
0.00157681
0.0015768
0.00157679
0.00157678
0.00157676
0.00157675
0.00157674
0.00157672
0.00157671
0.00157669
0.00157668
0.00157666
0.00157664
0.00157663
0.00157661
0.00157659
0.00157657
0.00157656
0.00157654
0.00157652
0.0015765
0.00157649
0.00157647
0.00157645
0.00157643
0.00157641
0.0015764
0.00157638
0.00157636
0.00157634
0.00157633
0.00157631
0.00157629
0.00157628
0.00157626
0.00157625
0.00157623
0.00157622
0.0015762
0.00157619
0.00157618
0.00157617
0.00157615
0.00157614
0.00157613
0.00157612
0.00157611
0.0015761
0.0015761
0.0015761
0.0015761
0.00157611
0.00157611
0.00157612
0.00157613
0.00157613
0.00157614
0.00157615
0.00157615
0.00157616
0.00157616
0.00157617
0.00157616
0.00157255
0.0015727
0.00157273
0.00157274
0.00157275
0.00157275
0.00157275
0.00157275
0.00157276
0.00157276
0.00157276
0.00157276
0.00157276
0.00157277
0.00157277
0.00157277
0.00157277
0.00157277
0.00157277
0.00157277
0.00157277
0.00157277
0.00157277
0.00157277
0.00157276
0.00157276
0.00157276
0.00157276
0.00157275
0.00157275
0.00157274
0.00157274
0.00157273
0.00157273
0.00157272
0.00157271
0.0015727
0.0015727
0.00157269
0.00157268
0.00157267
0.00157266
0.00157265
0.00157264
0.00157263
0.00157262
0.0015726
0.00157259
0.00157258
0.00157258
0.00157257
0.00157256
0.00157255
0.00157255
0.00157254
0.00157253
0.00157252
0.00157251
0.0015725
0.00157249
0.00157248
0.00157246
0.00157245
0.00157244
0.00157242
0.00157241
0.00157239
0.00157238
0.00157236
0.00157235
0.00157233
0.00157232
0.0015723
0.00157228
0.00157227
0.00157225
0.00157223
0.00157222
0.0015722
0.00157218
0.00157216
0.00157215
0.00157213
0.00157211
0.0015721
0.00157208
0.00157206
0.00157205
0.00157203
0.00157202
0.001572
0.00157199
0.00157197
0.00157196
0.00157194
0.00157193
0.00157192
0.0015719
0.00157189
0.00157188
0.00157187
0.00157186
0.00157185
0.00157184
0.00157183
0.00157182
0.00157182
0.00157182
0.00157182
0.00157182
0.00157182
0.00157182
0.00157182
0.00157183
0.00157183
0.00157184
0.00157184
0.00157184
0.00157185
0.00157184
0.00156682
0.00156698
0.00156701
0.00156702
0.00156702
0.00156702
0.00156703
0.00156703
0.00156703
0.00156703
0.00156703
0.00156703
0.00156703
0.00156704
0.00156704
0.00156704
0.00156704
0.00156704
0.00156704
0.00156704
0.00156704
0.00156704
0.00156704
0.00156704
0.00156703
0.00156703
0.00156703
0.00156703
0.00156702
0.00156702
0.00156701
0.00156701
0.001567
0.001567
0.00156699
0.00156699
0.00156698
0.00156697
0.00156696
0.00156696
0.00156695
0.00156694
0.00156693
0.00156692
0.00156691
0.00156689
0.00156688
0.00156687
0.00156686
0.00156685
0.00156684
0.00156683
0.00156682
0.00156681
0.0015668
0.00156679
0.00156678
0.00156677
0.00156676
0.00156674
0.00156673
0.00156672
0.00156671
0.00156669
0.00156668
0.00156667
0.00156665
0.00156664
0.00156662
0.00156661
0.00156659
0.00156658
0.00156656
0.00156654
0.00156653
0.00156651
0.00156649
0.00156648
0.00156646
0.00156644
0.00156643
0.00156641
0.0015664
0.00156638
0.00156636
0.00156635
0.00156633
0.00156631
0.0015663
0.00156628
0.00156627
0.00156625
0.00156624
0.00156623
0.00156621
0.0015662
0.00156619
0.00156617
0.00156616
0.00156615
0.00156614
0.00156613
0.00156612
0.00156611
0.0015661
0.0015661
0.00156609
0.00156608
0.00156608
0.00156608
0.00156607
0.00156607
0.00156607
0.00156608
0.00156608
0.00156608
0.00156608
0.00156608
0.00156609
0.00156608
0.00155962
0.00155978
0.00155982
0.00155982
0.00155983
0.00155983
0.00155983
0.00155983
0.00155983
0.00155983
0.00155983
0.00155983
0.00155983
0.00155983
0.00155983
0.00155983
0.00155983
0.00155983
0.00155983
0.00155983
0.00155983
0.00155983
0.00155983
0.00155983
0.00155982
0.00155982
0.00155982
0.00155982
0.00155981
0.00155981
0.00155981
0.0015598
0.0015598
0.00155979
0.00155979
0.00155978
0.00155977
0.00155977
0.00155976
0.00155975
0.00155974
0.00155973
0.00155972
0.00155971
0.0015597
0.00155969
0.00155968
0.00155967
0.00155966
0.00155965
0.00155963
0.00155962
0.00155961
0.0015596
0.00155959
0.00155958
0.00155956
0.00155955
0.00155954
0.00155953
0.00155951
0.0015595
0.00155949
0.00155947
0.00155946
0.00155945
0.00155943
0.00155942
0.0015594
0.00155939
0.00155937
0.00155935
0.00155934
0.00155932
0.00155931
0.00155929
0.00155927
0.00155926
0.00155924
0.00155923
0.00155921
0.00155919
0.00155918
0.00155916
0.00155914
0.00155913
0.00155911
0.0015591
0.00155908
0.00155907
0.00155905
0.00155904
0.00155902
0.00155901
0.001559
0.00155898
0.00155897
0.00155896
0.00155895
0.00155894
0.00155893
0.00155891
0.00155891
0.0015589
0.00155889
0.00155888
0.00155887
0.00155887
0.00155886
0.00155886
0.00155885
0.00155885
0.00155885
0.00155885
0.00155884
0.00155884
0.00155885
0.00155885
0.00155885
0.00155884
0.0015509
0.00155108
0.00155111
0.00155112
0.00155112
0.00155112
0.00155112
0.00155111
0.00155111
0.00155111
0.00155111
0.00155111
0.00155111
0.00155111
0.00155111
0.00155111
0.00155111
0.00155111
0.00155111
0.00155111
0.00155111
0.00155111
0.00155111
0.0015511
0.0015511
0.0015511
0.0015511
0.0015511
0.00155109
0.00155109
0.00155108
0.00155108
0.00155108
0.00155107
0.00155107
0.00155106
0.00155105
0.00155105
0.00155104
0.00155103
0.00155102
0.00155101
0.001551
0.00155099
0.00155098
0.00155097
0.00155096
0.00155095
0.00155094
0.00155093
0.00155092
0.0015509
0.00155089
0.00155088
0.00155086
0.00155085
0.00155084
0.00155083
0.00155081
0.0015508
0.00155078
0.00155077
0.00155076
0.00155074
0.00155073
0.00155071
0.0015507
0.00155068
0.00155067
0.00155065
0.00155064
0.00155062
0.0015506
0.00155059
0.00155057
0.00155055
0.00155054
0.00155052
0.00155051
0.00155049
0.00155047
0.00155046
0.00155044
0.00155042
0.00155041
0.00155039
0.00155038
0.00155036
0.00155035
0.00155033
0.00155032
0.0015503
0.00155029
0.00155027
0.00155026
0.00155025
0.00155023
0.00155022
0.00155021
0.0015502
0.00155019
0.00155018
0.00155017
0.00155016
0.00155015
0.00155014
0.00155013
0.00155013
0.00155012
0.00155011
0.00155011
0.00155011
0.0015501
0.0015501
0.0015501
0.0015501
0.00155009
0.00155009
0.0015501
0.00155008
0.00154065
0.00154083
0.00154087
0.00154087
0.00154087
0.00154087
0.00154086
0.00154086
0.00154086
0.00154086
0.00154085
0.00154085
0.00154085
0.00154085
0.00154085
0.00154085
0.00154085
0.00154085
0.00154085
0.00154084
0.00154084
0.00154084
0.00154084
0.00154084
0.00154084
0.00154084
0.00154083
0.00154083
0.00154083
0.00154082
0.00154082
0.00154082
0.00154081
0.00154081
0.0015408
0.0015408
0.00154079
0.00154078
0.00154078
0.00154077
0.00154076
0.00154075
0.00154074
0.00154073
0.00154072
0.00154071
0.0015407
0.00154069
0.00154068
0.00154066
0.00154065
0.00154064
0.00154063
0.00154061
0.0015406
0.00154059
0.00154057
0.00154056
0.00154054
0.00154053
0.00154051
0.0015405
0.00154048
0.00154047
0.00154045
0.00154044
0.00154042
0.0015404
0.00154039
0.00154037
0.00154036
0.00154034
0.00154032
0.00154031
0.00154029
0.00154027
0.00154026
0.00154024
0.00154022
0.00154021
0.00154019
0.00154017
0.00154016
0.00154014
0.00154012
0.00154011
0.00154009
0.00154008
0.00154006
0.00154005
0.00154003
0.00154002
0.00154
0.00153999
0.00153997
0.00153996
0.00153995
0.00153994
0.00153992
0.00153991
0.0015399
0.00153989
0.00153988
0.00153987
0.00153986
0.00153985
0.00153984
0.00153984
0.00153983
0.00153982
0.00153982
0.00153981
0.00153981
0.0015398
0.0015398
0.0015398
0.0015398
0.00153979
0.00153979
0.00153978
0.00152882
0.00152901
0.00152905
0.00152905
0.00152905
0.00152905
0.00152904
0.00152904
0.00152903
0.00152903
0.00152903
0.00152903
0.00152902
0.00152902
0.00152902
0.00152902
0.00152902
0.00152902
0.00152902
0.00152901
0.00152901
0.00152901
0.00152901
0.00152901
0.00152901
0.00152901
0.001529
0.001529
0.001529
0.00152899
0.00152899
0.00152899
0.00152898
0.00152898
0.00152897
0.00152897
0.00152896
0.00152895
0.00152895
0.00152894
0.00152893
0.00152892
0.00152891
0.0015289
0.00152889
0.00152888
0.00152887
0.00152886
0.00152885
0.00152883
0.00152882
0.00152881
0.00152879
0.00152878
0.00152876
0.00152875
0.00152874
0.00152872
0.0015287
0.00152869
0.00152867
0.00152866
0.00152864
0.00152862
0.00152861
0.00152859
0.00152857
0.00152856
0.00152854
0.00152852
0.00152851
0.00152849
0.00152847
0.00152845
0.00152844
0.00152842
0.0015284
0.00152839
0.00152837
0.00152835
0.00152833
0.00152832
0.0015283
0.00152828
0.00152827
0.00152825
0.00152823
0.00152822
0.0015282
0.00152819
0.00152817
0.00152816
0.00152814
0.00152813
0.00152811
0.0015281
0.00152809
0.00152807
0.00152806
0.00152805
0.00152804
0.00152803
0.00152802
0.00152801
0.001528
0.00152799
0.00152798
0.00152797
0.00152796
0.00152796
0.00152795
0.00152794
0.00152794
0.00152793
0.00152793
0.00152793
0.00152792
0.00152792
0.00152792
0.0015279
0.0015154
0.00151561
0.00151565
0.00151565
0.00151564
0.00151564
0.00151563
0.00151563
0.00151562
0.00151562
0.00151562
0.00151561
0.00151561
0.00151561
0.00151561
0.00151561
0.0015156
0.0015156
0.0015156
0.0015156
0.0015156
0.0015156
0.0015156
0.0015156
0.00151559
0.00151559
0.00151559
0.00151559
0.00151558
0.00151558
0.00151558
0.00151557
0.00151557
0.00151556
0.00151556
0.00151555
0.00151555
0.00151554
0.00151553
0.00151553
0.00151552
0.00151551
0.0015155
0.00151549
0.00151548
0.00151547
0.00151545
0.00151544
0.00151543
0.00151542
0.0015154
0.00151539
0.00151537
0.00151536
0.00151534
0.00151533
0.00151531
0.0015153
0.00151528
0.00151526
0.00151525
0.00151523
0.00151521
0.00151519
0.00151518
0.00151516
0.00151514
0.00151512
0.0015151
0.00151509
0.00151507
0.00151505
0.00151503
0.00151501
0.001515
0.00151498
0.00151496
0.00151494
0.00151492
0.00151491
0.00151489
0.00151487
0.00151485
0.00151484
0.00151482
0.0015148
0.00151478
0.00151477
0.00151475
0.00151474
0.00151472
0.0015147
0.00151469
0.00151467
0.00151466
0.00151465
0.00151463
0.00151462
0.00151461
0.00151459
0.00151458
0.00151457
0.00151456
0.00151455
0.00151454
0.00151453
0.00151452
0.00151451
0.0015145
0.0015145
0.00151449
0.00151448
0.00151448
0.00151447
0.00151447
0.00151446
0.00151446
0.00151445
0.00151445
0.00151443
0.00150039
0.00150061
0.00150065
0.00150065
0.00150064
0.00150064
0.00150063
0.00150063
0.00150062
0.00150062
0.00150061
0.00150061
0.00150061
0.00150061
0.0015006
0.0015006
0.0015006
0.0015006
0.0015006
0.0015006
0.0015006
0.0015006
0.0015006
0.00150059
0.00150059
0.00150059
0.00150059
0.00150059
0.00150058
0.00150058
0.00150058
0.00150057
0.00150057
0.00150056
0.00150056
0.00150055
0.00150055
0.00150054
0.00150053
0.00150052
0.00150051
0.00150051
0.0015005
0.00150048
0.00150047
0.00150046
0.00150045
0.00150044
0.00150042
0.00150041
0.00150039
0.00150038
0.00150036
0.00150035
0.00150033
0.00150031
0.0015003
0.00150028
0.00150026
0.00150024
0.00150022
0.00150021
0.00150019
0.00150017
0.00150015
0.00150013
0.00150011
0.00150009
0.00150007
0.00150005
0.00150003
0.00150001
0.0015
0.00149998
0.00149996
0.00149994
0.00149992
0.0014999
0.00149988
0.00149986
0.00149984
0.00149983
0.00149981
0.00149979
0.00149977
0.00149975
0.00149974
0.00149972
0.0014997
0.00149969
0.00149967
0.00149965
0.00149964
0.00149962
0.00149961
0.00149959
0.00149958
0.00149957
0.00149955
0.00149954
0.00149953
0.00149952
0.0014995
0.00149949
0.00149948
0.00149947
0.00149946
0.00149945
0.00149945
0.00149944
0.00149943
0.00149942
0.00149942
0.00149941
0.0014994
0.0014994
0.00149939
0.00149939
0.00149939
0.00149936
0.00148378
0.00148401
0.00148405
0.00148405
0.00148405
0.00148404
0.00148404
0.00148403
0.00148403
0.00148402
0.00148402
0.00148402
0.00148402
0.00148402
0.00148401
0.00148401
0.00148401
0.00148401
0.00148401
0.00148401
0.00148401
0.00148401
0.00148401
0.00148401
0.00148401
0.00148401
0.001484
0.001484
0.001484
0.001484
0.00148399
0.00148399
0.00148398
0.00148398
0.00148397
0.00148397
0.00148396
0.00148395
0.00148395
0.00148394
0.00148393
0.00148392
0.00148391
0.00148389
0.00148388
0.00148387
0.00148386
0.00148384
0.00148383
0.00148381
0.0014838
0.00148378
0.00148376
0.00148374
0.00148373
0.00148371
0.00148369
0.00148367
0.00148365
0.00148363
0.00148361
0.00148359
0.00148357
0.00148355
0.00148353
0.00148351
0.00148349
0.00148347
0.00148345
0.00148343
0.00148341
0.00148339
0.00148337
0.00148335
0.00148333
0.0014833
0.00148328
0.00148326
0.00148325
0.00148323
0.00148321
0.00148319
0.00148317
0.00148315
0.00148313
0.00148311
0.00148309
0.00148308
0.00148306
0.00148304
0.00148302
0.00148301
0.00148299
0.00148298
0.00148296
0.00148295
0.00148293
0.00148292
0.0014829
0.00148289
0.00148288
0.00148287
0.00148285
0.00148284
0.00148283
0.00148282
0.00148281
0.0014828
0.00148279
0.00148278
0.00148278
0.00148277
0.00148276
0.00148275
0.00148275
0.00148274
0.00148274
0.00148273
0.00148273
0.0014827
0.0014656
0.00146584
0.00146588
0.00146589
0.00146588
0.00146588
0.00146587
0.00146587
0.00146587
0.00146586
0.00146586
0.00146586
0.00146586
0.00146586
0.00146586
0.00146586
0.00146586
0.00146586
0.00146586
0.00146586
0.00146586
0.00146586
0.00146586
0.00146586
0.00146586
0.00146586
0.00146585
0.00146585
0.00146585
0.00146585
0.00146584
0.00146584
0.00146583
0.00146583
0.00146582
0.00146582
0.00146581
0.0014658
0.00146579
0.00146578
0.00146577
0.00146576
0.00146575
0.00146574
0.00146572
0.00146571
0.00146569
0.00146568
0.00146566
0.00146564
0.00146562
0.00146561
0.00146559
0.00146557
0.00146555
0.00146553
0.00146551
0.00146549
0.00146546
0.00146544
0.00146542
0.0014654
0.00146538
0.00146536
0.00146533
0.00146531
0.00146529
0.00146527
0.00146525
0.00146522
0.0014652
0.00146518
0.00146516
0.00146514
0.00146512
0.00146509
0.00146507
0.00146505
0.00146503
0.00146501
0.00146499
0.00146497
0.00146495
0.00146493
0.00146491
0.00146489
0.00146487
0.00146486
0.00146484
0.00146482
0.0014648
0.00146479
0.00146477
0.00146475
0.00146474
0.00146472
0.00146471
0.00146469
0.00146468
0.00146466
0.00146465
0.00146464
0.00146463
0.00146461
0.0014646
0.00146459
0.00146458
0.00146457
0.00146456
0.00146455
0.00146455
0.00146454
0.00146453
0.00146452
0.00146452
0.00146451
0.00146451
0.0014645
0.0014645
0.00146447
0.00144587
0.00144612
0.00144617
0.00144618
0.00144617
0.00144617
0.00144617
0.00144616
0.00144616
0.00144616
0.00144616
0.00144616
0.00144616
0.00144616
0.00144616
0.00144616
0.00144616
0.00144617
0.00144617
0.00144617
0.00144617
0.00144617
0.00144617
0.00144617
0.00144617
0.00144617
0.00144617
0.00144617
0.00144616
0.00144616
0.00144616
0.00144615
0.00144615
0.00144614
0.00144614
0.00144613
0.00144612
0.00144611
0.0014461
0.00144609
0.00144608
0.00144606
0.00144605
0.00144604
0.00144602
0.001446
0.00144599
0.00144597
0.00144595
0.00144593
0.00144591
0.00144589
0.00144587
0.00144584
0.00144582
0.0014458
0.00144578
0.00144575
0.00144573
0.00144571
0.00144568
0.00144566
0.00144564
0.00144561
0.00144559
0.00144556
0.00144554
0.00144552
0.00144549
0.00144547
0.00144545
0.00144542
0.0014454
0.00144538
0.00144536
0.00144533
0.00144531
0.00144529
0.00144527
0.00144525
0.00144523
0.00144521
0.00144519
0.00144517
0.00144515
0.00144513
0.00144511
0.00144509
0.00144507
0.00144505
0.00144503
0.00144502
0.001445
0.00144498
0.00144497
0.00144495
0.00144493
0.00144492
0.00144491
0.00144489
0.00144488
0.00144486
0.00144485
0.00144484
0.00144483
0.00144482
0.00144481
0.0014448
0.00144479
0.00144478
0.00144477
0.00144476
0.00144475
0.00144475
0.00144474
0.00144473
0.00144473
0.00144473
0.00144473
0.00144469
0.00142465
0.00142491
0.00142496
0.00142497
0.00142497
0.00142497
0.00142497
0.00142496
0.00142496
0.00142497
0.00142497
0.00142497
0.00142497
0.00142497
0.00142498
0.00142498
0.00142498
0.00142498
0.00142499
0.00142499
0.00142499
0.00142499
0.00142499
0.00142499
0.00142499
0.00142499
0.00142499
0.00142499
0.00142499
0.00142498
0.00142498
0.00142497
0.00142497
0.00142496
0.00142495
0.00142495
0.00142494
0.00142493
0.00142491
0.0014249
0.00142489
0.00142487
0.00142485
0.00142484
0.00142482
0.0014248
0.00142478
0.00142476
0.00142473
0.00142471
0.00142469
0.00142466
0.00142464
0.00142462
0.00142459
0.00142457
0.00142454
0.00142452
0.00142449
0.00142446
0.00142444
0.00142441
0.00142439
0.00142436
0.00142434
0.00142431
0.00142429
0.00142426
0.00142424
0.00142421
0.00142419
0.00142416
0.00142414
0.00142412
0.00142409
0.00142407
0.00142405
0.00142402
0.001424
0.00142398
0.00142396
0.00142394
0.00142391
0.00142389
0.00142387
0.00142385
0.00142383
0.00142381
0.0014238
0.00142378
0.00142376
0.00142374
0.00142372
0.00142371
0.00142369
0.00142367
0.00142366
0.00142364
0.00142363
0.00142361
0.0014236
0.00142359
0.00142357
0.00142356
0.00142355
0.00142354
0.00142353
0.00142352
0.00142351
0.0014235
0.00142349
0.00142348
0.00142347
0.00142347
0.00142346
0.00142346
0.00142345
0.00142345
0.00142346
0.00142342
0.00140198
0.00140225
0.00140231
0.00140232
0.00140232
0.00140232
0.00140233
0.00140233
0.00140233
0.00140233
0.00140234
0.00140234
0.00140235
0.00140235
0.00140235
0.00140236
0.00140236
0.00140237
0.00140237
0.00140237
0.00140238
0.00140238
0.00140238
0.00140238
0.00140238
0.00140238
0.00140238
0.00140238
0.00140237
0.00140237
0.00140236
0.00140236
0.00140235
0.00140234
0.00140233
0.00140232
0.00140231
0.0014023
0.00140228
0.00140227
0.00140225
0.00140223
0.00140221
0.00140219
0.00140217
0.00140214
0.00140212
0.0014021
0.00140207
0.00140205
0.00140202
0.00140199
0.00140197
0.00140194
0.00140191
0.00140188
0.00140185
0.00140183
0.0014018
0.00140177
0.00140174
0.00140172
0.00140169
0.00140166
0.00140163
0.00140161
0.00140158
0.00140155
0.00140153
0.0014015
0.00140148
0.00140145
0.00140143
0.0014014
0.00140138
0.00140135
0.00140133
0.00140131
0.00140128
0.00140126
0.00140124
0.00140122
0.0014012
0.00140117
0.00140115
0.00140113
0.00140111
0.00140109
0.00140107
0.00140106
0.00140104
0.00140102
0.001401
0.00140098
0.00140097
0.00140095
0.00140094
0.00140092
0.0014009
0.00140089
0.00140088
0.00140086
0.00140085
0.00140084
0.00140082
0.00140081
0.0014008
0.00140079
0.00140078
0.00140077
0.00140076
0.00140076
0.00140075
0.00140074
0.00140074
0.00140074
0.00140074
0.00140074
0.00140074
0.0014007
0.00137794
0.00137823
0.00137829
0.00137831
0.00137831
0.00137832
0.00137832
0.00137833
0.00137833
0.00137834
0.00137834
0.00137835
0.00137836
0.00137836
0.00137837
0.00137838
0.00137838
0.00137839
0.00137839
0.00137839
0.0013784
0.0013784
0.0013784
0.0013784
0.0013784
0.0013784
0.0013784
0.0013784
0.00137839
0.00137839
0.00137838
0.00137837
0.00137837
0.00137835
0.00137834
0.00137833
0.00137831
0.0013783
0.00137828
0.00137826
0.00137824
0.00137821
0.00137819
0.00137816
0.00137814
0.00137811
0.00137808
0.00137805
0.00137803
0.001378
0.00137797
0.00137794
0.00137791
0.00137788
0.00137785
0.00137782
0.00137778
0.00137775
0.00137772
0.00137769
0.00137766
0.00137764
0.00137761
0.00137758
0.00137755
0.00137752
0.00137749
0.00137746
0.00137744
0.00137741
0.00137738
0.00137736
0.00137733
0.00137731
0.00137728
0.00137726
0.00137723
0.00137721
0.00137719
0.00137716
0.00137714
0.00137712
0.0013771
0.00137708
0.00137705
0.00137703
0.00137701
0.00137699
0.00137697
0.00137696
0.00137694
0.00137692
0.0013769
0.00137688
0.00137687
0.00137685
0.00137684
0.00137682
0.0013768
0.00137679
0.00137678
0.00137676
0.00137675
0.00137674
0.00137672
0.00137671
0.0013767
0.00137669
0.00137668
0.00137667
0.00137666
0.00137666
0.00137665
0.00137665
0.00137665
0.00137665
0.00137665
0.00137665
0.00137667
0.00137663
0.00135262
0.00135292
0.00135299
0.00135301
0.00135302
0.00135303
0.00135304
0.00135304
0.00135305
0.00135306
0.00135307
0.00135308
0.00135309
0.0013531
0.0013531
0.00135311
0.00135312
0.00135312
0.00135313
0.00135313
0.00135313
0.00135314
0.00135314
0.00135314
0.00135314
0.00135314
0.00135313
0.00135313
0.00135312
0.00135312
0.00135311
0.0013531
0.00135309
0.00135307
0.00135306
0.00135304
0.00135302
0.001353
0.00135297
0.00135295
0.00135292
0.0013529
0.00135287
0.00135284
0.00135281
0.00135277
0.00135274
0.00135271
0.00135268
0.00135264
0.00135261
0.00135258
0.00135254
0.00135251
0.00135248
0.00135244
0.00135241
0.00135238
0.00135235
0.00135231
0.00135228
0.00135225
0.00135222
0.00135219
0.00135216
0.00135213
0.0013521
0.00135207
0.00135205
0.00135202
0.00135199
0.00135197
0.00135194
0.00135191
0.00135189
0.00135186
0.00135184
0.00135181
0.00135179
0.00135177
0.00135175
0.00135172
0.0013517
0.00135168
0.00135166
0.00135164
0.00135162
0.0013516
0.00135158
0.00135156
0.00135154
0.00135152
0.00135151
0.00135149
0.00135147
0.00135146
0.00135144
0.00135143
0.00135141
0.0013514
0.00135138
0.00135137
0.00135135
0.00135134
0.00135133
0.00135132
0.00135131
0.0013513
0.00135129
0.00135128
0.00135127
0.00135127
0.00135127
0.00135127
0.00135127
0.00135128
0.00135128
0.00135129
0.00135131
0.00135127
0.00132611
0.00132642
0.0013265
0.00132652
0.00132654
0.00132655
0.00132656
0.00132657
0.00132659
0.0013266
0.00132661
0.00132662
0.00132663
0.00132664
0.00132665
0.00132665
0.00132666
0.00132667
0.00132667
0.00132668
0.00132668
0.00132668
0.00132668
0.00132668
0.00132668
0.00132668
0.00132667
0.00132667
0.00132666
0.00132665
0.00132664
0.00132662
0.00132661
0.00132659
0.00132657
0.00132654
0.00132652
0.00132649
0.00132646
0.00132643
0.0013264
0.00132637
0.00132633
0.0013263
0.00132626
0.00132622
0.00132619
0.00132615
0.00132611
0.00132608
0.00132604
0.001326
0.00132597
0.00132593
0.0013259
0.00132586
0.00132583
0.00132579
0.00132576
0.00132572
0.00132569
0.00132566
0.00132563
0.0013256
0.00132557
0.00132553
0.00132551
0.00132548
0.00132545
0.00132542
0.00132539
0.00132537
0.00132534
0.00132531
0.00132529
0.00132526
0.00132524
0.00132522
0.00132519
0.00132517
0.00132515
0.00132512
0.0013251
0.00132508
0.00132506
0.00132504
0.00132502
0.001325
0.00132498
0.00132496
0.00132495
0.00132493
0.00132491
0.00132489
0.00132488
0.00132486
0.00132485
0.00132483
0.00132482
0.0013248
0.00132479
0.00132477
0.00132476
0.00132475
0.00132474
0.00132473
0.00132471
0.00132471
0.0013247
0.00132469
0.00132469
0.00132469
0.00132469
0.0013247
0.00132471
0.00132472
0.00132473
0.00132475
0.00132477
0.00132473
0.00129852
0.00129884
0.00129893
0.00129896
0.00129897
0.00129899
0.00129901
0.00129902
0.00129904
0.00129905
0.00129906
0.00129907
0.00129909
0.0012991
0.0012991
0.00129911
0.00129912
0.00129912
0.00129913
0.00129913
0.00129913
0.00129913
0.00129913
0.00129913
0.00129913
0.00129912
0.00129912
0.00129911
0.0012991
0.00129908
0.00129907
0.00129905
0.00129903
0.001299
0.00129897
0.00129894
0.00129891
0.00129888
0.00129884
0.0012988
0.00129876
0.00129872
0.00129868
0.00129864
0.0012986
0.00129856
0.00129852
0.00129848
0.00129844
0.0012984
0.00129836
0.00129832
0.00129828
0.00129824
0.00129821
0.00129817
0.00129813
0.0012981
0.00129806
0.00129803
0.00129799
0.00129796
0.00129793
0.00129789
0.00129786
0.00129783
0.0012978
0.00129777
0.00129775
0.00129772
0.00129769
0.00129766
0.00129764
0.00129761
0.00129759
0.00129756
0.00129754
0.00129752
0.00129749
0.00129747
0.00129745
0.00129743
0.00129741
0.00129738
0.00129736
0.00129734
0.00129733
0.00129731
0.00129729
0.00129727
0.00129725
0.00129724
0.00129722
0.0012972
0.00129719
0.00129717
0.00129715
0.00129714
0.00129713
0.00129711
0.0012971
0.00129708
0.00129707
0.00129706
0.00129705
0.00129704
0.00129703
0.00129702
0.00129702
0.00129702
0.00129702
0.00129702
0.00129703
0.00129705
0.00129706
0.00129708
0.0012971
0.00129713
0.00129716
0.00129712
0.00126997
0.0012703
0.00127039
0.00127042
0.00127044
0.00127046
0.00127048
0.0012705
0.00127052
0.00127053
0.00127054
0.00127056
0.00127057
0.00127058
0.00127059
0.00127059
0.0012706
0.0012706
0.00127061
0.00127061
0.00127061
0.00127061
0.0012706
0.0012706
0.00127059
0.00127059
0.00127058
0.00127056
0.00127055
0.00127053
0.0012705
0.00127048
0.00127045
0.00127041
0.00127038
0.00127034
0.0012703
0.00127026
0.00127021
0.00127017
0.00127012
0.00127008
0.00127003
0.00126999
0.00126994
0.0012699
0.00126985
0.00126981
0.00126976
0.00126972
0.00126968
0.00126964
0.0012696
0.00126956
0.00126952
0.00126948
0.00126944
0.0012694
0.00126937
0.00126933
0.0012693
0.00126927
0.00126923
0.0012692
0.00126917
0.00126914
0.00126911
0.00126908
0.00126905
0.00126903
0.001269
0.00126897
0.00126895
0.00126892
0.0012689
0.00126888
0.00126885
0.00126883
0.00126881
0.00126879
0.00126876
0.00126874
0.00126872
0.0012687
0.00126868
0.00126866
0.00126865
0.00126863
0.00126861
0.00126859
0.00126857
0.00126856
0.00126854
0.00126853
0.00126851
0.00126849
0.00126848
0.00126847
0.00126845
0.00126844
0.00126842
0.00126841
0.0012684
0.00126839
0.00126838
0.00126837
0.00126836
0.00126836
0.00126836
0.00126837
0.00126838
0.00126839
0.00126841
0.00126843
0.00126846
0.00126849
0.00126852
0.00126855
0.00126859
0.00126855
0.00124058
0.00124091
0.001241
0.00124104
0.00124106
0.00124109
0.00124111
0.00124112
0.00124114
0.00124116
0.00124117
0.00124118
0.00124119
0.0012412
0.00124121
0.00124121
0.00124122
0.00124122
0.00124122
0.00124122
0.00124122
0.00124121
0.00124121
0.0012412
0.00124119
0.00124118
0.00124117
0.00124115
0.00124112
0.00124109
0.00124106
0.00124102
0.00124098
0.00124094
0.00124089
0.00124085
0.0012408
0.00124075
0.0012407
0.00124064
0.00124059
0.00124054
0.00124049
0.00124044
0.00124039
0.00124034
0.0012403
0.00124025
0.0012402
0.00124016
0.00124011
0.00124007
0.00124003
0.00123999
0.00123995
0.00123991
0.00123987
0.00123984
0.0012398
0.00123977
0.00123973
0.0012397
0.00123967
0.00123964
0.00123961
0.00123958
0.00123955
0.00123952
0.00123949
0.00123947
0.00123944
0.00123941
0.00123939
0.00123937
0.00123934
0.00123932
0.0012393
0.00123928
0.00123925
0.00123923
0.00123921
0.00123919
0.00123917
0.00123915
0.00123914
0.00123912
0.0012391
0.00123908
0.00123907
0.00123905
0.00123903
0.00123902
0.001239
0.00123899
0.00123897
0.00123896
0.00123894
0.00123893
0.00123891
0.0012389
0.00123889
0.00123888
0.00123886
0.00123885
0.00123885
0.00123884
0.00123884
0.00123884
0.00123885
0.00123887
0.00123889
0.00123892
0.00123895
0.00123898
0.00123902
0.00123906
0.0012391
0.00123913
0.00123918
0.00123914
0.00121046
0.0012108
0.00121089
0.00121093
0.00121096
0.00121098
0.001211
0.00121102
0.00121103
0.00121105
0.00121106
0.00121107
0.00121108
0.00121108
0.00121109
0.00121109
0.00121109
0.00121109
0.00121109
0.00121109
0.00121108
0.00121108
0.00121107
0.00121106
0.00121104
0.00121103
0.001211
0.00121097
0.00121094
0.0012109
0.00121085
0.0012108
0.00121075
0.0012107
0.00121064
0.00121058
0.00121053
0.00121047
0.00121041
0.00121035
0.0012103
0.00121024
0.00121019
0.00121013
0.00121008
0.00121003
0.00120998
0.00120993
0.00120988
0.00120984
0.00120979
0.00120975
0.00120971
0.00120967
0.00120963
0.00120959
0.00120955
0.00120952
0.00120948
0.00120945
0.00120942
0.00120938
0.00120935
0.00120932
0.00120929
0.00120927
0.00120924
0.00120921
0.00120919
0.00120916
0.00120914
0.00120911
0.00120909
0.00120907
0.00120905
0.00120902
0.001209
0.00120898
0.00120896
0.00120894
0.00120892
0.0012089
0.00120889
0.00120887
0.00120885
0.00120883
0.00120882
0.0012088
0.00120878
0.00120877
0.00120875
0.00120874
0.00120872
0.00120871
0.00120869
0.00120868
0.00120867
0.00120865
0.00120864
0.00120863
0.00120862
0.0012086
0.00120859
0.00120858
0.00120858
0.00120858
0.00120859
0.0012086
0.00120863
0.00120866
0.0012087
0.00120874
0.00120878
0.00120883
0.00120888
0.00120893
0.00120897
0.00120901
0.00120907
0.00120903
0.00117975
0.00118009
0.00118019
0.00118022
0.00118025
0.00118027
0.00118029
0.00118031
0.00118032
0.00118033
0.00118034
0.00118035
0.00118035
0.00118036
0.00118036
0.00118036
0.00118035
0.00118035
0.00118035
0.00118034
0.00118033
0.00118032
0.00118031
0.00118029
0.00118027
0.00118024
0.00118021
0.00118017
0.00118012
0.00118006
0.00118
0.00117994
0.00117987
0.00117981
0.00117974
0.00117967
0.00117961
0.00117954
0.00117948
0.00117942
0.00117936
0.0011793
0.00117924
0.00117919
0.00117913
0.00117908
0.00117903
0.00117898
0.00117894
0.00117889
0.00117885
0.00117881
0.00117876
0.00117873
0.00117869
0.00117865
0.00117861
0.00117858
0.00117855
0.00117852
0.00117848
0.00117845
0.00117843
0.0011784
0.00117837
0.00117834
0.00117832
0.00117829
0.00117827
0.00117825
0.00117822
0.0011782
0.00117818
0.00117816
0.00117814
0.00117812
0.0011781
0.00117808
0.00117806
0.00117804
0.00117802
0.00117801
0.00117799
0.00117797
0.00117796
0.00117794
0.00117792
0.00117791
0.00117789
0.00117788
0.00117786
0.00117785
0.00117784
0.00117782
0.00117781
0.0011778
0.00117778
0.00117777
0.00117776
0.00117775
0.00117773
0.00117772
0.00117771
0.00117771
0.00117771
0.00117772
0.00117774
0.00117778
0.00117782
0.00117787
0.00117793
0.00117799
0.00117805
0.00117811
0.00117816
0.00117822
0.00117827
0.00117832
0.00117838
0.00117833
0.00114858
0.00114891
0.00114901
0.00114905
0.00114907
0.00114909
0.00114911
0.00114912
0.00114913
0.00114913
0.00114914
0.00114914
0.00114914
0.00114914
0.00114914
0.00114913
0.00114913
0.00114912
0.00114911
0.0011491
0.00114909
0.00114907
0.00114906
0.00114903
0.001149
0.00114896
0.0011489
0.00114884
0.00114877
0.0011487
0.00114863
0.00114855
0.00114847
0.0011484
0.00114832
0.00114825
0.00114818
0.00114811
0.00114804
0.00114798
0.00114791
0.00114786
0.0011478
0.00114774
0.00114769
0.00114764
0.00114759
0.00114754
0.0011475
0.00114745
0.00114741
0.00114737
0.00114733
0.00114729
0.00114726
0.00114722
0.00114719
0.00114716
0.00114713
0.0011471
0.00114707
0.00114704
0.00114701
0.00114699
0.00114696
0.00114694
0.00114691
0.00114689
0.00114687
0.00114685
0.00114683
0.00114681
0.00114679
0.00114677
0.00114675
0.00114673
0.00114671
0.0011467
0.00114668
0.00114666
0.00114665
0.00114663
0.00114661
0.0011466
0.00114658
0.00114657
0.00114655
0.00114654
0.00114653
0.00114651
0.0011465
0.00114648
0.00114647
0.00114646
0.00114645
0.00114643
0.00114642
0.00114641
0.0011464
0.00114639
0.00114638
0.00114637
0.00114636
0.00114637
0.00114638
0.00114641
0.00114645
0.00114651
0.00114658
0.00114666
0.00114674
0.00114681
0.00114688
0.00114695
0.00114701
0.00114707
0.00114712
0.00114717
0.00114723
0.00114718
0.00111707
0.00111739
0.00111748
0.00111752
0.00111754
0.00111755
0.00111756
0.00111757
0.00111757
0.00111758
0.00111758
0.00111757
0.00111757
0.00111756
0.00111755
0.00111754
0.00111753
0.00111752
0.00111751
0.00111749
0.00111748
0.00111746
0.00111744
0.0011174
0.00111735
0.00111728
0.00111721
0.00111712
0.00111703
0.00111694
0.00111685
0.00111676
0.00111667
0.00111659
0.00111651
0.00111643
0.00111636
0.00111629
0.00111622
0.00111616
0.0011161
0.00111604
0.00111598
0.00111593
0.00111588
0.00111583
0.00111578
0.00111574
0.00111569
0.00111565
0.00111561
0.00111558
0.00111554
0.00111551
0.00111547
0.00111544
0.00111541
0.00111538
0.00111535
0.00111533
0.0011153
0.00111528
0.00111525
0.00111523
0.0011152
0.00111518
0.00111516
0.00111514
0.00111512
0.0011151
0.00111508
0.00111507
0.00111505
0.00111503
0.00111501
0.001115
0.00111498
0.00111497
0.00111495
0.00111493
0.00111492
0.00111491
0.00111489
0.00111488
0.00111486
0.00111485
0.00111484
0.00111482
0.00111481
0.0011148
0.00111479
0.00111477
0.00111476
0.00111475
0.00111474
0.00111473
0.00111471
0.0011147
0.00111469
0.00111468
0.00111467
0.00111467
0.00111468
0.00111469
0.00111473
0.00111478
0.00111486
0.00111496
0.00111506
0.00111516
0.00111525
0.00111534
0.00111541
0.00111548
0.00111555
0.0011156
0.00111565
0.0011157
0.00111575
0.00111569
0.00108533
0.00108565
0.00108574
0.00108577
0.00108578
0.00108579
0.00108579
0.00108579
0.00108579
0.00108578
0.00108578
0.00108577
0.00108576
0.00108575
0.00108573
0.00108572
0.0010857
0.00108569
0.00108567
0.00108565
0.00108563
0.00108561
0.00108557
0.00108551
0.00108543
0.00108533
0.00108523
0.00108512
0.00108501
0.0010849
0.0010848
0.0010847
0.00108461
0.00108452
0.00108444
0.00108436
0.00108429
0.00108422
0.00108415
0.00108409
0.00108403
0.00108398
0.00108393
0.00108388
0.00108383
0.00108378
0.00108374
0.0010837
0.00108366
0.00108363
0.00108359
0.00108356
0.00108353
0.00108349
0.00108347
0.00108344
0.00108341
0.00108338
0.00108336
0.00108334
0.00108331
0.00108329
0.00108327
0.00108325
0.00108323
0.00108321
0.00108319
0.00108317
0.00108316
0.00108314
0.00108312
0.00108311
0.00108309
0.00108308
0.00108306
0.00108305
0.00108303
0.00108302
0.001083
0.00108299
0.00108298
0.00108296
0.00108295
0.00108294
0.00108293
0.00108291
0.0010829
0.00108289
0.00108288
0.00108287
0.00108286
0.00108284
0.00108283
0.00108282
0.00108281
0.0010828
0.00108279
0.00108278
0.00108277
0.00108276
0.00108275
0.00108276
0.00108279
0.00108283
0.00108289
0.00108299
0.00108312
0.00108326
0.00108339
0.00108351
0.00108361
0.00108369
0.00108377
0.00108383
0.00108389
0.00108394
0.00108398
0.00108401
0.00108406
0.00108399
0.0010535
0.00105381
0.00105389
0.00105391
0.00105391
0.00105391
0.0010539
0.0010539
0.00105388
0.00105387
0.00105386
0.00105385
0.00105383
0.00105381
0.0010538
0.00105378
0.00105376
0.00105374
0.00105372
0.00105369
0.00105368
0.00105363
0.00105356
0.00105346
0.00105335
0.00105321
0.00105308
0.00105294
0.00105282
0.0010527
0.00105259
0.00105249
0.0010524
0.00105231
0.00105224
0.00105216
0.00105209
0.00105203
0.00105197
0.00105192
0.00105186
0.00105181
0.00105177
0.00105172
0.00105168
0.00105164
0.0010516
0.00105157
0.00105153
0.0010515
0.00105147
0.00105144
0.00105142
0.00105139
0.00105136
0.00105134
0.00105132
0.00105129
0.00105127
0.00105125
0.00105123
0.00105121
0.0010512
0.00105118
0.00105116
0.00105115
0.00105113
0.00105111
0.0010511
0.00105108
0.00105107
0.00105106
0.00105104
0.00105103
0.00105102
0.001051
0.00105099
0.00105098
0.00105097
0.00105096
0.00105094
0.00105093
0.00105092
0.00105091
0.0010509
0.00105089
0.00105088
0.00105087
0.00105086
0.00105085
0.00105083
0.00105082
0.00105081
0.0010508
0.00105079
0.00105078
0.00105077
0.00105076
0.00105076
0.00105074
0.00105074
0.00105078
0.00105085
0.00105091
0.00105103
0.0010512
0.00105139
0.00105157
0.00105171
0.00105182
0.00105192
0.00105199
0.00105205
0.00105211
0.00105215
0.00105219
0.00105222
0.00105224
0.00105228
0.00105219
0.00102168
0.00102198
0.00102205
0.00102205
0.00102205
0.00102203
0.00102202
0.001022
0.00102198
0.00102196
0.00102194
0.00102192
0.0010219
0.00102188
0.00102186
0.00102184
0.00102181
0.00102179
0.00102176
0.00102174
0.00102172
0.00102164
0.00102152
0.00102137
0.0010212
0.00102103
0.00102087
0.00102072
0.00102058
0.00102047
0.00102036
0.00102027
0.00102018
0.00102011
0.00102003
0.00101997
0.00101991
0.00101986
0.0010198
0.00101976
0.00101971
0.00101967
0.00101963
0.00101959
0.00101956
0.00101952
0.00101949
0.00101946
0.00101943
0.00101941
0.00101938
0.00101936
0.00101933
0.00101931
0.00101929
0.00101927
0.00101925
0.00101923
0.00101922
0.0010192
0.00101918
0.00101917
0.00101915
0.00101914
0.00101912
0.00101911
0.0010191
0.00101908
0.00101907
0.00101906
0.00101905
0.00101904
0.00101903
0.00101901
0.001019
0.00101899
0.00101898
0.00101897
0.00101896
0.00101895
0.00101894
0.00101893
0.00101892
0.00101891
0.0010189
0.00101889
0.00101888
0.00101887
0.00101886
0.00101885
0.00101884
0.00101883
0.00101882
0.00101881
0.0010188
0.0010188
0.00101879
0.00101878
0.00101877
0.00101875
0.00101878
0.00101887
0.001019
0.00101908
0.0010193
0.00101958
0.00101982
0.00102
0.00102012
0.00102022
0.00102028
0.00102034
0.00102038
0.00102041
0.00102044
0.00102046
0.00102047
0.00102048
0.00102051
0.0010204
0.00099
0.000990281
0.00099032
0.000990306
0.000990283
0.000990258
0.000990234
0.00099021
0.000990186
0.000990162
0.000990138
0.000990113
0.000990088
0.000990062
0.000990036
0.000990009
0.000989983
0.000989955
0.000989928
0.000989898
0.000989892
0.000989691
0.000989516
0.000989302
0.000989079
0.000988876
0.000988702
0.000988555
0.00098843
0.000988324
0.000988233
0.000988152
0.000988081
0.000988017
0.00098796
0.000987907
0.000987859
0.000987814
0.000987772
0.000987734
0.000987698
0.000987664
0.000987632
0.000987603
0.000987575
0.000987548
0.000987523
0.000987499
0.000987477
0.000987456
0.000987436
0.000987416
0.000987398
0.000987381
0.000987364
0.000987349
0.000987334
0.000987319
0.000987305
0.000987292
0.000987279
0.000987267
0.000987255
0.000987244
0.000987232
0.000987222
0.000987211
0.000987201
0.000987191
0.000987181
0.000987172
0.000987162
0.000987153
0.000987144
0.000987134
0.000987125
0.000987116
0.000987108
0.000987099
0.00098709
0.000987081
0.000987072
0.000987064
0.000987055
0.000987046
0.000987038
0.000987029
0.00098702
0.000987011
0.000987003
0.000986994
0.000986985
0.000986976
0.000986967
0.000986959
0.00098695
0.000986941
0.000986932
0.000986929
0.00098689
0.000987006
0.0009872
0.000987382
0.00098745
0.000987895
0.000988283
0.000988514
0.00098864
0.000988713
0.00098876
0.000988791
0.000988813
0.000988827
0.000988837
0.000988842
0.000988844
0.000988844
0.000988839
0.000988853
0.000988731
0.0009586
0.000958791
0.000958787
0.000958756
0.000958724
0.000958693
0.000958663
0.000958633
0.000958604
0.000958575
0.000958547
0.000958518
0.000958489
0.00095846
0.000958431
0.000958402
0.000958372
0.000958343
0.000958313
0.000958282
0.000958276
0.000957809
0.000957644
0.000957334
0.000957068
0.000956864
0.000956706
0.000956582
0.000956482
0.0009564
0.000956331
0.000956271
0.000956219
0.000956172
0.00095613
0.000956092
0.000956057
0.000956024
0.000955994
0.000955965
0.000955939
0.000955914
0.000955891
0.000955869
0.000955848
0.000955828
0.00095581
0.000955792
0.000955776
0.00095576
0.000955745
0.000955731
0.000955717
0.000955705
0.000955692
0.000955681
0.000955669
0.000955659
0.000955648
0.000955638
0.000955629
0.00095562
0.000955611
0.000955602
0.000955594
0.000955585
0.000955577
0.000955569
0.000955561
0.000955554
0.000955546
0.000955539
0.000955531
0.000955524
0.000955516
0.000955509
0.000955501
0.000955494
0.000955487
0.000955479
0.000955472
0.000955464
0.000955457
0.000955449
0.000955441
0.000955434
0.000955426
0.000955418
0.00095541
0.000955402
0.000955394
0.000955386
0.000955378
0.00095537
0.000955362
0.000955353
0.000955345
0.000955336
0.000955336
0.000955273
0.000955617
0.00095593
0.000956115
0.000956129
0.000957109
0.000957438
0.000957518
0.000957531
0.000957529
0.000957522
0.000957512
0.000957501
0.000957488
0.000957474
0.000957459
0.000957443
0.000957427
0.000957408
0.000957409
0.000957272
0.000926263
0.000926067
0.0009255
0.000925274
0.00092512
0.000925008
0.000924927
0.000924866
0.000924818
0.000924777
0.000924742
0.000924711
0.000924683
0.000924658
0.000924634
0.000924613
0.000924592
0.000924573
0.000924555
0.000924538
0.000924522
0.000924507
0.000924492
0.000924479
0.000924466
0.000924453
0.000924442
0.00092443
0.00092442
0.00092441
0.0009244
0.000924391
0.000924382
0.000924374
0.000924366
0.000924358
0.000924351
0.000924344
0.000924337
0.000924331
0.000924324
0.000924318
0.000924312
0.000924306
0.0009243
0.000924294
0.000924288
0.000924282
0.000924276
0.000924271
0.000924265
0.000924259
0.000924253
0.000924247
0.000924241
0.000924235
0.000924229
0.000924223
0.000924216
0.00092421
0.000924204
0.000924197
0.00092419
0.000924184
0.000924177
0.00092417
0.000924163
0.000924156
0.000924148
0.000924141
0.000924133
0.000924126
0.000924118
0.000924111
0.000924103
0.000924096
0.000924087
0.000924087
0.000924007
0.000924899
0.000925185
0.000925245
0.000925229
0.00089407
0.000893901
0.000893789
0.000893743
0.00089372
0.000893705
0.000893692
0.000893681
0.000893671
0.000893661
0.000893651
0.000893642
0.000893632
0.000893623
0.000893614
0.000893605
0.000893597
0.000893588
0.00089358
0.000893572
0.000893564
0.000893557
0.00089355
0.000893543
0.000893537
0.000893531
0.000893525
0.000893519
0.000893514
0.000893508
0.000893503
0.000893499
0.000893494
0.000893489
0.000893485
0.000893481
0.000893477
0.000893473
0.000893469
0.000893465
0.000893461
0.000893457
0.000893453
0.000893449
0.000893445
0.000893441
0.000893437
0.000893432
0.000893428
0.000893424
0.000893419
0.000893414
0.00089341
0.000893405
0.0008934
0.000893395
0.000893389
0.000893384
0.000893378
0.000893373
0.000893367
0.000893361
0.000893355
0.000893349
0.000893342
0.000893336
0.000893329
0.000893322
0.000893315
0.000893308
0.000893301
0.000893294
0.000893287
0.000893279
0.000893272
0.000893268
0.000893243
)
;

boundaryField
{
    bottomWall
    {
        type            nutUWallFunction;
        Cmu             0.09;
        kappa           0.41;
        E               9.8;
        value           nonuniform 0();
    }
    topWall
    {
        type            nutUWallFunction;
        Cmu             0.09;
        kappa           0.41;
        E               9.8;
        value           nonuniform 0();
    }
    sides1_half0
    {
        type            cyclic;
    }
    sides1_half1
    {
        type            cyclic;
    }
    sides2_half0
    {
        type            cyclic;
    }
    sides2_half1
    {
        type            cyclic;
    }
    inout1_half0
    {
        type            cyclic;
    }
    inout1_half1
    {
        type            cyclic;
    }
    inout2_half0
    {
        type            cyclic;
    }
    inout2_half1
    {
        type            cyclic;
    }
    procBoundary2to1
    {
        type            processor;
        value           nonuniform List<scalar> 
124
(
0.000926041
0.000926274
0.00092629
0.000926261
0.000926227
0.000926192
0.000926158
0.000926125
0.000926093
0.000926062
0.00092603
0.000925999
0.000925968
0.000925937
0.000925906
0.000925875
0.000925844
0.000925813
0.000925782
0.000925754
0.000925705
0.000925817
0.000925679
0.000925537
0.000925443
0.000925377
0.000925324
0.000925278
0.000925237
0.0009252
0.000925165
0.000925132
0.000925101
0.000925072
0.00092504
0.00092503
0.000924897
0.000925705
0.000893144
0.000893441
0.000893807
0.000893685
0.000893558
0.000925817
0.000893496
0.000893441
0.000861339
0.000861735
0.00086187
0.000861926
0.00086196
0.000861985
0.000862004
0.000862018
0.000862029
0.000862037
0.000862043
0.000862047
0.000862049
0.00086205
0.000862051
0.00086205
0.00086205
0.000862048
0.000862047
0.000862045
0.000862043
0.000862041
0.000862039
0.000862036
0.000862034
0.000862032
0.00086203
0.000862028
0.000862026
0.000862024
0.000862022
0.00086202
0.000862018
0.000862016
0.000862014
0.000862012
0.00086201
0.000862008
0.000862006
0.000862004
0.000862002
0.000862
0.000861998
0.000861996
0.000861993
0.00086199
0.000861988
0.000861985
0.000861982
0.000861979
0.000861975
0.000861972
0.000861968
0.000861964
0.00086196
0.000861956
0.000861952
0.000861947
0.000861942
0.000861938
0.000861932
0.000861927
0.000861922
0.000861916
0.00086191
0.000861904
0.000861898
0.000861892
0.000861885
0.000861879
0.000861872
0.000861865
0.000861858
0.000861851
0.000861845
0.000861837
0.000893807
0.000861848
)
;
    }
    procBoundary2to4
    {
        type            processor;
        value           nonuniform List<scalar> 
59
(
0.00157969
0.0015797
0.00157964
0.00157959
0.00157955
0.00157952
0.00157949
0.00157946
0.00157944
0.00157941
0.00157939
0.00157936
0.00157934
0.00157931
0.00157929
0.00157926
0.00157924
0.00157922
0.00157919
0.00157917
0.00157914
0.00157912
0.00157909
0.00157907
0.00157904
0.00157902
0.00157899
0.00157897
0.00157894
0.00157892
0.00157889
0.00157887
0.00157884
0.00157882
0.00157879
0.00157877
0.00157874
0.00157872
0.0015787
0.00157867
0.00157865
0.00157863
0.00157861
0.00157859
0.00157856
0.00157854
0.00157852
0.00157851
0.00157849
0.00157847
0.00157845
0.00157844
0.00157842
0.00157841
0.00157839
0.00157838
0.00157837
0.00157836
0.00157834
)
;
    }
    procBoundary2to5
    {
        type            processor;
        value           nonuniform List<scalar> 
61
(
0.0015794
0.00157952
0.00157953
0.00157953
0.00157952
0.00157951
0.00157951
0.0015795
0.0015795
0.00157949
0.00157949
0.00157948
0.00157948
0.00157948
0.00157947
0.00157947
0.00157946
0.00157945
0.00157945
0.00157944
0.00157943
0.00157943
0.00157942
0.00157941
0.0015794
0.00157939
0.00157938
0.00157937
0.00157936
0.00157935
0.00157934
0.00157933
0.00157932
0.0015793
0.00157929
0.00157928
0.00157926
0.00157925
0.00157924
0.00157922
0.0015792
0.00157919
0.00157917
0.00157916
0.00157913
0.00157891
0.00157893
0.00157888
0.00157884
0.00157881
0.00157879
0.00157878
0.00157877
0.00157876
0.00157875
0.00157874
0.00157874
0.00157873
0.00157873
0.00157873
0.00157871
)
;
    }
}


// ************************************************************************* //
