/*--------------------------------*- C++ -*----------------------------------*\
  =========                 |
  \\      /  F ield         | OpenFOAM: The Open Source CFD Toolbox
   \\    /   O peration     | Website:  https://openfoam.org
    \\  /    A nd           | Version:  7
     \\/     M anipulation  |
\*---------------------------------------------------------------------------*/
FoamFile
{
    version     2.0;
    format      ascii;
    class       volScalarField;
    location    "2500";
    object      omega;
}
// * * * * * * * * * * * * * * * * * * * * * * * * * * * * * * * * * * * * * //

dimensions      [0 0 -1 0 0 0 0];

internalField   nonuniform List<scalar> 
4037
(
0.639272
0.63926
0.639251
0.639245
0.63924
0.639236
0.639233
0.63923
0.639227
0.639225
0.639223
0.639221
0.639219
0.639218
0.639216
0.639215
0.639214
0.639212
0.639211
0.63921
0.639209
0.639208
0.639207
0.639207
0.639206
0.639205
0.639204
0.639204
0.639203
0.639202
0.639202
0.639201
0.6392
0.6392
0.639199
0.639198
0.639198
0.639197
0.639197
0.639196
0.639196
0.639195
0.639194
0.639194
0.639193
0.639193
0.639192
0.639192
0.639191
0.639191
0.63919
0.63919
0.639189
0.639189
0.639189
0.639188
0.639188
0.639188
0.639188
0.639188
0.639188
0.639188
0.639188
0.639188
0.639189
0.639189
0.63919
0.63919
0.639191
0.639191
0.639192
0.639193
0.639193
0.639194
0.639195
0.639196
0.639195
0.675949
0.675954
0.675953
0.67595
0.675948
0.675946
0.675944
0.675942
0.675941
0.675939
0.675937
0.675936
0.675935
0.675934
0.675932
0.675932
0.675931
0.67593
0.675929
0.675929
0.675928
0.675928
0.675927
0.675929
0.675909
0.675895
0.675885
0.675878
0.675873
0.675868
0.675864
0.675861
0.675858
0.675855
0.675853
0.675851
0.675849
0.675847
0.675845
0.675844
0.675842
0.675841
0.67584
0.675839
0.675838
0.675837
0.675836
0.675835
0.675834
0.675833
0.675832
0.675831
0.67583
0.675829
0.675829
0.675828
0.675827
0.675826
0.675826
0.675825
0.675824
0.675824
0.675823
0.675822
0.675822
0.675821
0.67582
0.67582
0.675819
0.675819
0.675818
0.675817
0.675817
0.675816
0.675816
0.675815
0.675815
0.675814
0.675814
0.675814
0.675813
0.675813
0.675813
0.675813
0.675813
0.675813
0.675813
0.675813
0.675813
0.675814
0.675814
0.675815
0.675815
0.675816
0.675816
0.675817
0.675818
0.675819
0.675819
0.675821
0.675818
0.675848
0.675864
0.675872
0.675879
0.675884
0.675888
0.675892
0.675896
0.675899
0.675902
0.675905
0.675907
0.67591
0.675912
0.675914
0.675916
0.675917
0.67592
0.675917
0.715173
0.715181
0.71518
0.715178
0.715175
0.715173
0.71517
0.715168
0.715166
0.715164
0.715162
0.71516
0.715158
0.715157
0.715156
0.715154
0.715153
0.715152
0.715152
0.715151
0.71515
0.71515
0.715149
0.71515
0.715141
0.715129
0.71512
0.715112
0.715106
0.715102
0.715097
0.715094
0.715091
0.715088
0.715085
0.715083
0.715081
0.715079
0.715077
0.715075
0.715074
0.715072
0.715071
0.71507
0.715068
0.715067
0.715066
0.715065
0.715064
0.715063
0.715062
0.715061
0.71506
0.715059
0.715058
0.715057
0.715057
0.715056
0.715055
0.715054
0.715053
0.715053
0.715052
0.715051
0.71505
0.71505
0.715049
0.715048
0.715048
0.715047
0.715046
0.715046
0.715045
0.715044
0.715044
0.715043
0.715043
0.715042
0.715042
0.715041
0.715041
0.715041
0.715041
0.71504
0.71504
0.71504
0.71504
0.71504
0.715041
0.715041
0.715041
0.715042
0.715042
0.715043
0.715043
0.715044
0.715045
0.715045
0.715046
0.715047
0.715045
0.71506
0.715075
0.715085
0.715092
0.715098
0.715103
0.715107
0.715111
0.715114
0.715117
0.71512
0.715123
0.715125
0.715127
0.715129
0.715131
0.715133
0.715136
0.715131
0.757305
0.757315
0.757315
0.757312
0.757309
0.757306
0.757303
0.7573
0.757298
0.757295
0.757293
0.757291
0.757289
0.757287
0.757286
0.757284
0.757283
0.757282
0.757281
0.75728
0.757279
0.757279
0.757278
0.757279
0.757274
0.757266
0.757257
0.75725
0.757244
0.757239
0.757235
0.757231
0.757228
0.757225
0.757222
0.75722
0.757217
0.757215
0.757213
0.757212
0.75721
0.757208
0.757207
0.757205
0.757204
0.757203
0.757201
0.7572
0.757199
0.757198
0.757197
0.757196
0.757195
0.757194
0.757193
0.757192
0.757191
0.75719
0.757189
0.757188
0.757188
0.757187
0.757186
0.757185
0.757184
0.757183
0.757183
0.757182
0.757181
0.75718
0.757179
0.757179
0.757178
0.757177
0.757177
0.757176
0.757176
0.757175
0.757175
0.757174
0.757174
0.757173
0.757173
0.757173
0.757173
0.757173
0.757173
0.757173
0.757173
0.757173
0.757173
0.757174
0.757174
0.757175
0.757175
0.757176
0.757176
0.757177
0.757178
0.757179
0.757178
0.757185
0.757196
0.757206
0.757213
0.757219
0.757225
0.757229
0.757233
0.757236
0.75724
0.757242
0.757245
0.757247
0.75725
0.757252
0.757253
0.757255
0.757258
0.757252
0.802697
0.80271
0.802709
0.802706
0.802702
0.802699
0.802695
0.802692
0.802689
0.802686
0.802683
0.80268
0.802678
0.802676
0.802674
0.802673
0.802671
0.80267
0.802669
0.802668
0.802667
0.802667
0.802666
0.802666
0.802664
0.802658
0.802652
0.802646
0.80264
0.802635
0.802631
0.802627
0.802623
0.80262
0.802618
0.802615
0.802613
0.80261
0.802608
0.802607
0.802605
0.802603
0.802601
0.8026
0.802598
0.802597
0.802596
0.802594
0.802593
0.802592
0.802591
0.80259
0.802588
0.802587
0.802586
0.802585
0.802584
0.802583
0.802582
0.802581
0.80258
0.802579
0.802578
0.802578
0.802577
0.802576
0.802575
0.802574
0.802573
0.802572
0.802572
0.802571
0.80257
0.802569
0.802569
0.802568
0.802567
0.802567
0.802566
0.802566
0.802565
0.802565
0.802565
0.802564
0.802564
0.802564
0.802564
0.802564
0.802564
0.802564
0.802564
0.802565
0.802565
0.802566
0.802566
0.802567
0.802567
0.802568
0.802568
0.802569
0.802569
0.802573
0.80258
0.802588
0.802595
0.802601
0.802606
0.802611
0.802615
0.802618
0.802621
0.802624
0.802627
0.802629
0.802631
0.802633
0.802635
0.802637
0.802641
0.802632
0.851763
0.851777
0.851777
0.851773
0.851768
0.851764
0.85176
0.851756
0.851752
0.851749
0.851746
0.851743
0.851741
0.851738
0.851736
0.851734
0.851733
0.851732
0.85173
0.851729
0.851728
0.851728
0.851727
0.851727
0.851725
0.851722
0.851717
0.851712
0.851707
0.851702
0.851698
0.851695
0.851691
0.851688
0.851685
0.851683
0.85168
0.851678
0.851676
0.851674
0.851672
0.85167
0.851668
0.851667
0.851665
0.851664
0.851662
0.851661
0.85166
0.851658
0.851657
0.851656
0.851655
0.851653
0.851652
0.851651
0.85165
0.851649
0.851648
0.851647
0.851646
0.851645
0.851644
0.851643
0.851642
0.851641
0.85164
0.851639
0.851638
0.851637
0.851636
0.851636
0.851635
0.851634
0.851633
0.851632
0.851632
0.851631
0.851631
0.85163
0.851629
0.851629
0.851629
0.851628
0.851628
0.851628
0.851628
0.851628
0.851628
0.851628
0.851628
0.851628
0.851629
0.851629
0.851629
0.85163
0.85163
0.851631
0.851632
0.851632
0.851632
0.851634
0.851639
0.851645
0.851651
0.851657
0.851662
0.851666
0.85167
0.851673
0.851677
0.851679
0.851682
0.851684
0.851686
0.851688
0.85169
0.851692
0.851696
0.851685
0.904988
0.905005
0.905004
0.904999
0.904994
0.904989
0.904984
0.904979
0.904975
0.904971
0.904968
0.904965
0.904962
0.904959
0.904957
0.904955
0.904953
0.904952
0.904951
0.904949
0.904948
0.904948
0.904947
0.904946
0.904946
0.904944
0.90494
0.904936
0.904932
0.904928
0.904924
0.90492
0.904917
0.904914
0.904911
0.904909
0.904906
0.904904
0.904902
0.9049
0.904898
0.904896
0.904894
0.904892
0.904891
0.904889
0.904888
0.904886
0.904885
0.904883
0.904882
0.904881
0.90488
0.904878
0.904877
0.904876
0.904875
0.904874
0.904872
0.904871
0.90487
0.904869
0.904868
0.904867
0.904866
0.904865
0.904864
0.904863
0.904862
0.904861
0.90486
0.904859
0.904858
0.904857
0.904857
0.904856
0.904855
0.904854
0.904854
0.904853
0.904853
0.904852
0.904852
0.904851
0.904851
0.904851
0.904851
0.904851
0.904851
0.904851
0.904851
0.904851
0.904851
0.904852
0.904852
0.904852
0.904853
0.904853
0.904854
0.904854
0.904855
0.904856
0.904859
0.904863
0.904868
0.904873
0.904877
0.904881
0.904885
0.904888
0.904891
0.904894
0.904897
0.904899
0.904901
0.904903
0.904905
0.904906
0.904911
0.904897
0.962947
0.962966
0.962965
0.962959
0.962953
0.962947
0.962941
0.962936
0.962931
0.962927
0.962923
0.96292
0.962917
0.962914
0.962912
0.962909
0.962908
0.962906
0.962905
0.962903
0.962902
0.962901
0.962901
0.9629
0.962899
0.962898
0.962896
0.962893
0.962889
0.962886
0.962882
0.962879
0.962876
0.962873
0.96287
0.962868
0.962865
0.962863
0.962861
0.962859
0.962857
0.962855
0.962853
0.962851
0.96285
0.962848
0.962846
0.962845
0.962843
0.962842
0.962841
0.962839
0.962838
0.962836
0.962835
0.962834
0.962833
0.962831
0.96283
0.962829
0.962828
0.962827
0.962826
0.962824
0.962823
0.962822
0.962821
0.96282
0.962819
0.962818
0.962817
0.962816
0.962815
0.962814
0.962814
0.962813
0.962812
0.962811
0.962811
0.96281
0.962809
0.962809
0.962808
0.962808
0.962808
0.962807
0.962807
0.962807
0.962807
0.962807
0.962807
0.962807
0.962807
0.962808
0.962808
0.962808
0.962809
0.962809
0.962809
0.96281
0.96281
0.962811
0.962813
0.962816
0.96282
0.962824
0.962827
0.962831
0.962835
0.962838
0.962841
0.962843
0.962846
0.962848
0.96285
0.962851
0.962853
0.962854
0.96286
0.962844
1.02632
1.02634
1.02634
1.02634
1.02633
1.02632
1.02631
1.02631
1.0263
1.0263
1.02629
1.02629
1.02629
1.02628
1.02628
1.02628
1.02628
1.02628
1.02627
1.02627
1.02627
1.02627
1.02627
1.02627
1.02627
1.02627
1.02627
1.02626
1.02626
1.02626
1.02626
1.02625
1.02625
1.02625
1.02624
1.02624
1.02624
1.02624
1.02624
1.02623
1.02623
1.02623
1.02623
1.02623
1.02622
1.02622
1.02622
1.02622
1.02622
1.02622
1.02621
1.02621
1.02621
1.02621
1.02621
1.02621
1.02621
1.02621
1.0262
1.0262
1.0262
1.0262
1.0262
1.0262
1.0262
1.0262
1.02619
1.02619
1.02619
1.02619
1.02619
1.02619
1.02619
1.02619
1.02619
1.02619
1.02618
1.02618
1.02618
1.02618
1.02618
1.02618
1.02618
1.02618
1.02618
1.02618
1.02618
1.02618
1.02618
1.02618
1.02618
1.02618
1.02618
1.02618
1.02618
1.02618
1.02618
1.02618
1.02618
1.02618
1.02618
1.02618
1.02618
1.02619
1.02619
1.02619
1.02619
1.0262
1.0262
1.0262
1.02621
1.02621
1.02621
1.02621
1.02621
1.02622
1.02622
1.02622
1.02622
1.02621
1.09593
1.09595
1.09595
1.09594
1.09594
1.09593
1.09592
1.09591
1.09591
1.0959
1.0959
1.09589
1.09589
1.09589
1.09588
1.09588
1.09588
1.09588
1.09588
1.09588
1.09587
1.09587
1.09587
1.09587
1.09587
1.09587
1.09587
1.09587
1.09587
1.09586
1.09586
1.09586
1.09586
1.09585
1.09585
1.09585
1.09585
1.09584
1.09584
1.09584
1.09584
1.09584
1.09583
1.09583
1.09583
1.09583
1.09583
1.09582
1.09582
1.09582
1.09582
1.09582
1.09582
1.09582
1.09581
1.09581
1.09581
1.09581
1.09581
1.09581
1.09581
1.09581
1.0958
1.0958
1.0958
1.0958
1.0958
1.0958
1.0958
1.0958
1.09579
1.09579
1.09579
1.09579
1.09579
1.09579
1.09579
1.09579
1.09579
1.09579
1.09579
1.09579
1.09579
1.09578
1.09578
1.09578
1.09578
1.09578
1.09578
1.09578
1.09578
1.09578
1.09578
1.09578
1.09578
1.09578
1.09578
1.09578
1.09578
1.09578
1.09578
1.09579
1.09579
1.09579
1.09579
1.09579
1.09579
1.0958
1.0958
1.0958
1.0958
1.09581
1.09581
1.09581
1.09581
1.09581
1.09582
1.09582
1.09582
1.0958
1.17275
1.17278
1.17278
1.17277
1.17276
1.17275
1.17274
1.17273
1.17273
1.17272
1.17271
1.17271
1.17271
1.1727
1.1727
1.1727
1.1727
1.17269
1.17269
1.17269
1.17269
1.17269
1.17269
1.17269
1.17269
1.17269
1.17269
1.17268
1.17268
1.17268
1.17268
1.17268
1.17267
1.17267
1.17267
1.17267
1.17266
1.17266
1.17266
1.17266
1.17266
1.17265
1.17265
1.17265
1.17265
1.17265
1.17265
1.17264
1.17264
1.17264
1.17264
1.17264
1.17264
1.17263
1.17263
1.17263
1.17263
1.17263
1.17263
1.17263
1.17262
1.17262
1.17262
1.17262
1.17262
1.17262
1.17262
1.17262
1.17262
1.17261
1.17261
1.17261
1.17261
1.17261
1.17261
1.17261
1.17261
1.17261
1.17261
1.1726
1.1726
1.1726
1.1726
1.1726
1.1726
1.1726
1.1726
1.1726
1.1726
1.1726
1.1726
1.1726
1.1726
1.1726
1.1726
1.1726
1.1726
1.1726
1.1726
1.1726
1.1726
1.1726
1.1726
1.1726
1.1726
1.17261
1.17261
1.17261
1.17261
1.17261
1.17262
1.17262
1.17262
1.17262
1.17262
1.17262
1.17263
1.17263
1.17263
1.17261
1.25798
1.25801
1.258
1.25799
1.25798
1.25797
1.25796
1.25795
1.25795
1.25794
1.25794
1.25793
1.25793
1.25792
1.25792
1.25792
1.25792
1.25791
1.25791
1.25791
1.25791
1.25791
1.25791
1.25791
1.25791
1.25791
1.2579
1.2579
1.2579
1.2579
1.2579
1.2579
1.25789
1.25789
1.25789
1.25789
1.25789
1.25788
1.25788
1.25788
1.25788
1.25788
1.25788
1.25787
1.25787
1.25787
1.25787
1.25787
1.25786
1.25786
1.25786
1.25786
1.25786
1.25786
1.25786
1.25785
1.25785
1.25785
1.25785
1.25785
1.25785
1.25785
1.25784
1.25784
1.25784
1.25784
1.25784
1.25784
1.25784
1.25784
1.25783
1.25783
1.25783
1.25783
1.25783
1.25783
1.25783
1.25783
1.25783
1.25783
1.25783
1.25783
1.25782
1.25782
1.25782
1.25782
1.25782
1.25782
1.25782
1.25782
1.25782
1.25782
1.25782
1.25782
1.25782
1.25782
1.25782
1.25782
1.25782
1.25782
1.25782
1.25782
1.25782
1.25782
1.25782
1.25783
1.25783
1.25783
1.25783
1.25783
1.25783
1.25784
1.25784
1.25784
1.25784
1.25784
1.25784
1.25784
1.25785
1.25782
1.35307
1.35309
1.35309
1.35308
1.35306
1.35305
1.35304
1.35303
1.35303
1.35302
1.35301
1.35301
1.353
1.353
1.353
1.353
1.35299
1.35299
1.35299
1.35299
1.35299
1.35299
1.35299
1.35298
1.35298
1.35298
1.35298
1.35298
1.35298
1.35298
1.35298
1.35298
1.35297
1.35297
1.35297
1.35297
1.35297
1.35296
1.35296
1.35296
1.35296
1.35296
1.35296
1.35295
1.35295
1.35295
1.35295
1.35295
1.35295
1.35294
1.35294
1.35294
1.35294
1.35294
1.35294
1.35293
1.35293
1.35293
1.35293
1.35293
1.35293
1.35293
1.35292
1.35292
1.35292
1.35292
1.35292
1.35292
1.35292
1.35292
1.35291
1.35291
1.35291
1.35291
1.35291
1.35291
1.35291
1.35291
1.35291
1.35291
1.35291
1.3529
1.3529
1.3529
1.3529
1.3529
1.3529
1.3529
1.3529
1.3529
1.3529
1.3529
1.3529
1.3529
1.3529
1.3529
1.3529
1.3529
1.3529
1.3529
1.3529
1.3529
1.3529
1.3529
1.3529
1.3529
1.3529
1.35291
1.35291
1.35291
1.35291
1.35291
1.35291
1.35291
1.35291
1.35292
1.35292
1.35292
1.35292
1.3529
1.45981
1.45983
1.45983
1.45981
1.4598
1.45979
1.45978
1.45977
1.45976
1.45975
1.45974
1.45974
1.45973
1.45973
1.45973
1.45973
1.45972
1.45972
1.45972
1.45972
1.45972
1.45972
1.45972
1.45971
1.45971
1.45971
1.45971
1.45971
1.45971
1.45971
1.45971
1.45971
1.45971
1.4597
1.4597
1.4597
1.4597
1.4597
1.45969
1.45969
1.45969
1.45969
1.45969
1.45969
1.45968
1.45968
1.45968
1.45968
1.45968
1.45968
1.45967
1.45967
1.45967
1.45967
1.45967
1.45967
1.45966
1.45966
1.45966
1.45966
1.45966
1.45966
1.45966
1.45965
1.45965
1.45965
1.45965
1.45965
1.45965
1.45965
1.45965
1.45965
1.45964
1.45964
1.45964
1.45964
1.45964
1.45964
1.45964
1.45964
1.45964
1.45964
1.45964
1.45964
1.45963
1.45963
1.45963
1.45963
1.45963
1.45963
1.45963
1.45963
1.45963
1.45963
1.45963
1.45963
1.45963
1.45963
1.45963
1.45963
1.45963
1.45963
1.45963
1.45963
1.45963
1.45963
1.45963
1.45963
1.45964
1.45964
1.45964
1.45964
1.45964
1.45964
1.45964
1.45964
1.45964
1.45964
1.45965
1.45962
1.58043
1.58046
1.58045
1.58043
1.58042
1.5804
1.58039
1.58038
1.58037
1.58036
1.58036
1.58035
1.58035
1.58034
1.58034
1.58034
1.58034
1.58033
1.58033
1.58033
1.58033
1.58033
1.58033
1.58033
1.58033
1.58033
1.58033
1.58032
1.58032
1.58032
1.58032
1.58032
1.58032
1.58032
1.58032
1.58031
1.58031
1.58031
1.58031
1.58031
1.5803
1.5803
1.5803
1.5803
1.5803
1.5803
1.58029
1.58029
1.58029
1.58029
1.58029
1.58029
1.58028
1.58028
1.58028
1.58028
1.58028
1.58028
1.58028
1.58027
1.58027
1.58027
1.58027
1.58027
1.58027
1.58027
1.58026
1.58026
1.58026
1.58026
1.58026
1.58026
1.58026
1.58026
1.58026
1.58025
1.58025
1.58025
1.58025
1.58025
1.58025
1.58025
1.58025
1.58025
1.58025
1.58025
1.58025
1.58025
1.58025
1.58025
1.58025
1.58025
1.58025
1.58025
1.58025
1.58025
1.58025
1.58025
1.58025
1.58025
1.58025
1.58025
1.58025
1.58025
1.58025
1.58025
1.58025
1.58025
1.58025
1.58025
1.58025
1.58025
1.58025
1.58025
1.58025
1.58025
1.58025
1.58025
1.58026
1.58023
1.71774
1.71777
1.71776
1.71774
1.71772
1.71771
1.71769
1.71768
1.71767
1.71766
1.71766
1.71765
1.71765
1.71764
1.71764
1.71764
1.71764
1.71763
1.71763
1.71763
1.71763
1.71763
1.71763
1.71763
1.71763
1.71763
1.71763
1.71763
1.71762
1.71762
1.71762
1.71762
1.71762
1.71762
1.71762
1.71761
1.71761
1.71761
1.71761
1.71761
1.71761
1.7176
1.7176
1.7176
1.7176
1.7176
1.7176
1.71759
1.71759
1.71759
1.71759
1.71759
1.71759
1.71758
1.71758
1.71758
1.71758
1.71758
1.71758
1.71758
1.71757
1.71757
1.71757
1.71757
1.71757
1.71757
1.71757
1.71756
1.71756
1.71756
1.71756
1.71756
1.71756
1.71756
1.71756
1.71756
1.71756
1.71755
1.71755
1.71755
1.71755
1.71755
1.71755
1.71755
1.71755
1.71755
1.71755
1.71755
1.71755
1.71755
1.71755
1.71755
1.71755
1.71755
1.71755
1.71755
1.71755
1.71755
1.71755
1.71755
1.71755
1.71755
1.71755
1.71755
1.71755
1.71755
1.71755
1.71755
1.71755
1.71755
1.71755
1.71755
1.71755
1.71755
1.71755
1.71755
1.71755
1.71755
1.71756
1.71752
1.8753
1.87533
1.87532
1.8753
1.87528
1.87526
1.87525
1.87524
1.87523
1.87522
1.87521
1.87521
1.8752
1.8752
1.8752
1.87519
1.87519
1.87519
1.87519
1.87519
1.87519
1.87518
1.87518
1.87518
1.87518
1.87518
1.87518
1.87518
1.87518
1.87518
1.87518
1.87517
1.87517
1.87517
1.87517
1.87517
1.87517
1.87517
1.87516
1.87516
1.87516
1.87516
1.87516
1.87516
1.87515
1.87515
1.87515
1.87515
1.87515
1.87515
1.87514
1.87514
1.87514
1.87514
1.87514
1.87514
1.87513
1.87513
1.87513
1.87513
1.87513
1.87513
1.87513
1.87512
1.87512
1.87512
1.87512
1.87512
1.87512
1.87512
1.87512
1.87511
1.87511
1.87511
1.87511
1.87511
1.87511
1.87511
1.87511
1.87511
1.87511
1.87511
1.87511
1.87511
1.8751
1.8751
1.8751
1.8751
1.8751
1.8751
1.8751
1.8751
1.8751
1.8751
1.8751
1.8751
1.8751
1.8751
1.8751
1.8751
1.8751
1.8751
1.8751
1.8751
1.8751
1.8751
1.8751
1.8751
1.8751
1.8751
1.8751
1.8751
1.8751
1.8751
1.8751
1.8751
1.8751
1.8751
1.87511
1.87508
2.05771
2.05774
2.05773
2.0577
2.05768
2.05766
2.05765
2.05763
2.05762
2.05762
2.05761
2.0576
2.0576
2.0576
2.05759
2.05759
2.05759
2.05759
2.05759
2.05758
2.05758
2.05758
2.05758
2.05758
2.05758
2.05758
2.05758
2.05758
2.05757
2.05757
2.05757
2.05757
2.05757
2.05757
2.05757
2.05756
2.05756
2.05756
2.05756
2.05756
2.05756
2.05755
2.05755
2.05755
2.05755
2.05755
2.05755
2.05754
2.05754
2.05754
2.05754
2.05754
2.05754
2.05753
2.05753
2.05753
2.05753
2.05753
2.05753
2.05753
2.05752
2.05752
2.05752
2.05752
2.05752
2.05752
2.05752
2.05752
2.05751
2.05751
2.05751
2.05751
2.05751
2.05751
2.05751
2.05751
2.05751
2.05751
2.05751
2.0575
2.0575
2.0575
2.0575
2.0575
2.0575
2.0575
2.0575
2.0575
2.0575
2.0575
2.0575
2.0575
2.0575
2.0575
2.0575
2.0575
2.0575
2.0575
2.0575
2.0575
2.0575
2.0575
2.0575
2.0575
2.0575
2.0575
2.0575
2.0575
2.0575
2.0575
2.0575
2.0575
2.0575
2.0575
2.0575
2.0575
2.0575
2.0575
2.05751
2.05747
2.27095
2.27098
2.27096
2.27093
2.27091
2.27088
2.27087
2.27086
2.27085
2.27084
2.27083
2.27083
2.27082
2.27082
2.27082
2.27081
2.27081
2.27081
2.27081
2.27081
2.2708
2.2708
2.2708
2.2708
2.2708
2.2708
2.2708
2.2708
2.2708
2.27079
2.27079
2.27079
2.27079
2.27079
2.27079
2.27079
2.27078
2.27078
2.27078
2.27078
2.27078
2.27078
2.27077
2.27077
2.27077
2.27077
2.27077
2.27077
2.27076
2.27076
2.27076
2.27076
2.27076
2.27076
2.27075
2.27075
2.27075
2.27075
2.27075
2.27075
2.27075
2.27074
2.27074
2.27074
2.27074
2.27074
2.27074
2.27074
2.27074
2.27073
2.27073
2.27073
2.27073
2.27073
2.27073
2.27073
2.27073
2.27073
2.27073
2.27073
2.27073
2.27073
2.27073
2.27072
2.27072
2.27072
2.27072
2.27072
2.27072
2.27072
2.27072
2.27072
2.27072
2.27072
2.27072
2.27072
2.27072
2.27072
2.27072
2.27072
2.27072
2.27072
2.27072
2.27072
2.27072
2.27072
2.27072
2.27072
2.27072
2.27072
2.27072
2.27072
2.27072
2.27072
2.27072
2.27072
2.27072
2.27072
2.27073
2.27069
2.52292
2.52295
2.52293
2.52289
2.52287
2.52285
2.52283
2.52282
2.52281
2.5228
2.52279
2.52279
2.52278
2.52278
2.52278
2.52277
2.52277
2.52277
2.52277
2.52277
2.52277
2.52276
2.52276
2.52276
2.52276
2.52276
2.52276
2.52276
2.52276
2.52275
2.52275
2.52275
2.52275
2.52275
2.52275
2.52274
2.52274
2.52274
2.52274
2.52274
2.52274
2.52273
2.52273
2.52273
2.52273
2.52273
2.52273
2.52272
2.52272
2.52272
2.52272
2.52272
2.52272
2.52271
2.52271
2.52271
2.52271
2.52271
2.52271
2.52271
2.5227
2.5227
2.5227
2.5227
2.5227
2.5227
2.5227
2.5227
2.5227
2.52269
2.52269
2.52269
2.52269
2.52269
2.52269
2.52269
2.52269
2.52269
2.52269
2.52269
2.52269
2.52269
2.52269
2.52269
2.52268
2.52268
2.52268
2.52268
2.52268
2.52268
2.52268
2.52268
2.52268
2.52268
2.52268
2.52268
2.52268
2.52268
2.52268
2.52268
2.52268
2.52268
2.52268
2.52268
2.52268
2.52268
2.52268
2.52268
2.52268
2.52268
2.52268
2.52268
2.52268
2.52268
2.52268
2.52268
2.52268
2.52268
2.52269
2.52265
2.82427
2.82429
2.82427
2.82423
2.8242
2.82418
2.82416
2.82415
2.82414
2.82413
2.82412
2.82412
2.82412
2.82411
2.82411
2.82411
2.82411
2.8241
2.8241
2.8241
2.8241
2.8241
2.8241
2.82409
2.82409
2.82409
2.82409
2.82409
2.82409
2.82409
2.82408
2.82408
2.82408
2.82408
2.82408
2.82408
2.82407
2.82407
2.82407
2.82407
2.82407
2.82406
2.82406
2.82406
2.82406
2.82406
2.82406
2.82405
2.82405
2.82405
2.82405
2.82405
2.82405
2.82405
2.82404
2.82404
2.82404
2.82404
2.82404
2.82404
2.82404
2.82403
2.82403
2.82403
2.82403
2.82403
2.82403
2.82403
2.82403
2.82403
2.82403
2.82403
2.82402
2.82402
2.82402
2.82402
2.82402
2.82402
2.82402
2.82402
2.82402
2.82402
2.82402
2.82402
2.82402
2.82402
2.82402
2.82402
2.82402
2.82402
2.82402
2.82402
2.82402
2.82402
2.82402
2.82402
2.82402
2.82402
2.82402
2.82402
2.82402
2.82402
2.82402
2.82402
2.82402
2.82402
2.82402
2.82402
2.82402
2.82401
2.82401
2.82401
2.82401
2.82401
2.82401
2.82401
2.82401
2.82401
2.82403
2.82398
3.18953
3.18956
3.18952
3.18948
3.18945
3.18942
3.18941
3.18939
3.18938
3.18938
3.18937
3.18937
3.18936
3.18936
3.18936
3.18936
3.18935
3.18935
3.18935
3.18935
3.18935
3.18935
3.18934
3.18934
3.18934
3.18934
3.18934
3.18934
3.18933
3.18933
3.18933
3.18933
3.18933
3.18933
3.18932
3.18932
3.18932
3.18932
3.18932
3.18931
3.18931
3.18931
3.18931
3.18931
3.18931
3.1893
3.1893
3.1893
3.1893
3.1893
3.1893
3.18929
3.18929
3.18929
3.18929
3.18929
3.18929
3.18929
3.18929
3.18928
3.18928
3.18928
3.18928
3.18928
3.18928
3.18928
3.18928
3.18928
3.18928
3.18927
3.18927
3.18927
3.18927
3.18927
3.18927
3.18927
3.18927
3.18927
3.18927
3.18927
3.18927
3.18927
3.18927
3.18927
3.18927
3.18927
3.18927
3.18927
3.18927
3.18927
3.18927
3.18927
3.18927
3.18927
3.18927
3.18927
3.18927
3.18927
3.18927
3.18927
3.18927
3.18927
3.18927
3.18927
3.18927
3.18927
3.18927
3.18927
3.18927
3.18927
3.18927
3.18926
3.18926
3.18926
3.18926
3.18926
3.18926
3.18927
3.18928
3.18924
3.639
3.63902
3.63898
3.63893
3.6389
3.63887
3.63885
3.63884
3.63883
3.63883
3.63882
3.63882
3.63882
3.63881
3.63881
3.63881
3.63881
3.6388
3.6388
3.6388
3.6388
3.6388
3.6388
3.63879
3.63879
3.63879
3.63879
3.63879
3.63878
3.63878
3.63878
3.63878
3.63878
3.63877
3.63877
3.63877
3.63877
3.63877
3.63876
3.63876
3.63876
3.63876
3.63876
3.63876
3.63875
3.63875
3.63875
3.63875
3.63875
3.63875
3.63874
3.63874
3.63874
3.63874
3.63874
3.63874
3.63874
3.63874
3.63874
3.63873
3.63873
3.63873
3.63873
3.63873
3.63873
3.63873
3.63873
3.63873
3.63873
3.63873
3.63873
3.63873
3.63872
3.63872
3.63872
3.63872
3.63872
3.63872
3.63872
3.63872
3.63872
3.63872
3.63872
3.63872
3.63872
3.63872
3.63872
3.63872
3.63872
3.63872
3.63872
3.63872
3.63872
3.63872
3.63872
3.63872
3.63872
3.63872
3.63872
3.63872
3.63872
3.63872
3.63872
3.63872
3.63872
3.63872
3.63872
3.63872
3.63872
3.63872
3.63872
3.63872
3.63872
3.63872
3.63872
3.63872
3.63872
3.63872
3.63874
3.6387
4.20167
4.20168
4.20162
4.20158
4.20154
4.20151
4.2015
4.20149
4.20148
4.20147
4.20147
4.20147
4.20146
4.20146
4.20146
4.20146
4.20145
4.20145
4.20145
4.20145
4.20144
4.20144
4.20144
4.20144
4.20144
4.20144
4.20143
4.20143
4.20143
4.20143
4.20142
4.20142
4.20142
4.20142
4.20142
4.20141
4.20141
4.20141
4.20141
4.20141
4.2014
4.2014
4.2014
4.2014
4.2014
4.2014
4.20139
4.20139
4.20139
4.20139
4.20139
4.20139
4.20139
4.20139
4.20139
4.20138
4.20138
4.20138
4.20138
4.20138
4.20138
4.20138
4.20138
4.20138
4.20138
4.20138
4.20138
4.20138
4.20137
4.20137
4.20137
4.20137
4.20137
4.20137
4.20137
4.20137
4.20137
4.20137
4.20137
4.20137
4.20137
4.20137
4.20137
4.20137
4.20137
4.20137
4.20137
4.20137
4.20137
4.20137
4.20137
4.20137
4.20137
4.20138
4.20138
4.20138
4.20138
4.20138
4.20138
4.20138
4.20138
4.20138
4.20138
4.20138
4.20138
4.20138
4.20138
4.20138
4.20138
4.20138
4.20138
4.20138
4.20138
4.20137
4.20137
4.20138
4.20138
4.20138
4.20139
4.20136
4.92032
4.92031
4.92025
4.9202
4.92016
4.92013
4.92012
4.92011
4.9201
4.9201
4.9201
4.92009
4.92009
4.92009
4.92009
4.92008
4.92008
4.92008
4.92008
4.92007
4.92007
4.92007
4.92007
4.92006
4.92006
4.92006
4.92006
4.92006
4.92005
4.92005
4.92005
4.92005
4.92004
4.92004
4.92004
4.92004
4.92004
4.92003
4.92003
4.92003
4.92003
4.92003
4.92003
4.92002
4.92002
4.92002
4.92002
4.92002
4.92002
4.92002
4.92002
4.92002
4.92001
4.92001
4.92001
4.92001
4.92001
4.92001
4.92001
4.92001
4.92001
4.92001
4.92001
4.92001
4.92001
4.92001
4.92001
4.92001
4.92001
4.92001
4.92001
4.92001
4.92001
4.92001
4.92001
4.92001
4.92001
4.92001
4.92001
4.92001
4.92001
4.92001
4.92001
4.92001
4.92001
4.92001
4.92001
4.92001
4.92001
4.92001
4.92001
4.92001
4.92001
4.92001
4.92001
4.92001
4.92001
4.92001
4.92001
4.92001
4.92002
4.92002
4.92002
4.92002
4.92002
4.92002
4.92002
4.92002
4.92002
4.92002
4.92002
4.92002
4.92001
4.92002
4.92002
4.92002
4.92002
4.92002
4.92003
4.92
5.86129
5.86126
5.86119
5.86113
5.86109
5.86107
5.86106
5.86105
5.86105
5.86104
5.86104
5.86104
5.86104
5.86103
5.86103
5.86103
5.86102
5.86102
5.86102
5.86102
5.86101
5.86101
5.86101
5.86101
5.86101
5.861
5.861
5.861
5.861
5.86099
5.86099
5.86099
5.86099
5.86098
5.86098
5.86098
5.86098
5.86098
5.86098
5.86097
5.86097
5.86097
5.86097
5.86097
5.86097
5.86097
5.86097
5.86097
5.86097
5.86096
5.86096
5.86096
5.86096
5.86096
5.86096
5.86096
5.86096
5.86096
5.86096
5.86096
5.86096
5.86096
5.86096
5.86096
5.86096
5.86096
5.86096
5.86096
5.86096
5.86096
5.86096
5.86096
5.86096
5.86096
5.86096
5.86096
5.86096
5.86096
5.86096
5.86097
5.86097
5.86097
5.86097
5.86097
5.86097
5.86097
5.86097
5.86097
5.86097
5.86097
5.86097
5.86097
5.86097
5.86097
5.86097
5.86098
5.86098
5.86098
5.86098
5.86098
5.86098
5.86098
5.86098
5.86098
5.86098
5.86098
5.86098
5.86098
5.86098
5.86098
5.86098
5.86098
5.86098
5.86098
5.86098
5.86098
5.86098
5.86099
5.861
5.86098
7.13638
7.13633
7.13624
7.13619
7.13615
7.13614
7.13613
7.13612
7.13612
7.13611
7.13611
7.13611
7.1361
7.1361
7.1361
7.13609
7.13609
7.13609
7.13609
7.13608
7.13608
7.13608
7.13608
7.13607
7.13607
7.13607
7.13607
7.13606
7.13606
7.13606
7.13606
7.13606
7.13606
7.13605
7.13605
7.13605
7.13605
7.13605
7.13605
7.13605
7.13605
7.13604
7.13604
7.13604
7.13604
7.13604
7.13604
7.13604
7.13604
7.13604
7.13604
7.13604
7.13604
7.13604
7.13604
7.13604
7.13604
7.13604
7.13604
7.13604
7.13604
7.13604
7.13604
7.13604
7.13604
7.13604
7.13604
7.13605
7.13605
7.13605
7.13605
7.13605
7.13605
7.13605
7.13605
7.13605
7.13605
7.13605
7.13605
7.13605
7.13606
7.13606
7.13606
7.13606
7.13606
7.13606
7.13606
7.13606
7.13606
7.13606
7.13607
7.13607
7.13607
7.13607
7.13607
7.13607
7.13607
7.13607
7.13607
7.13607
7.13607
7.13608
7.13608
7.13608
7.13608
7.13608
7.13608
7.13608
7.13608
7.13608
7.13608
7.13608
7.13608
7.13608
7.13608
7.13608
7.13608
7.13609
7.1361
7.13609
8.96098
8.9609
8.96081
8.96076
8.96074
8.96072
8.96071
8.96071
8.96071
8.9607
8.9607
8.96069
8.96069
8.96069
8.96068
8.96068
8.96068
8.96067
8.96067
8.96067
8.96067
8.96066
8.96066
8.96066
8.96066
8.96066
8.96065
8.96065
8.96065
8.96065
8.96065
8.96065
8.96065
8.96065
8.96064
8.96064
8.96064
8.96064
8.96064
8.96064
8.96064
8.96064
8.96064
8.96064
8.96064
8.96064
8.96064
8.96064
8.96064
8.96064
8.96064
8.96064
8.96064
8.96064
8.96065
8.96065
8.96065
8.96065
8.96065
8.96065
8.96065
8.96065
8.96065
8.96065
8.96065
8.96066
8.96066
8.96066
8.96066
8.96066
8.96066
8.96066
8.96066
8.96066
8.96067
8.96067
8.96067
8.96067
8.96067
8.96067
8.96067
8.96067
8.96068
8.96068
8.96068
8.96068
8.96068
8.96068
8.96068
8.96068
8.96069
8.96069
8.96069
8.96069
8.96069
8.96069
8.96069
8.96069
8.9607
8.9607
8.9607
8.9607
8.9607
8.9607
8.9607
8.9607
8.9607
8.9607
8.9607
8.9607
8.9607
8.9607
8.96071
8.96071
8.96071
8.96071
8.96071
8.96072
8.96073
8.96073
11.8242
11.8241
11.824
11.824
11.824
11.824
11.8239
11.8239
11.8239
11.8239
11.8239
11.8239
11.8239
11.8239
11.8239
11.8239
11.8239
11.8239
11.8239
11.8239
11.8239
11.8239
11.8239
11.8239
11.8239
11.8239
11.8239
11.8239
11.8239
11.8239
11.8239
11.8239
11.8239
11.8239
11.8239
11.8239
11.8239
11.8239
11.8239
11.8239
11.8239
11.8239
11.8239
11.8239
11.8239
11.8239
11.8239
11.8239
11.8239
11.8239
11.8239
11.8239
11.8239
11.8239
11.8239
11.8239
11.8239
11.8239
11.8239
11.8239
11.8239
11.8239
11.8239
11.8239
11.8239
11.8239
11.8239
11.8239
11.8239
11.8239
11.8239
11.8239
11.8239
11.8239
11.8239
11.8239
11.8239
11.8239
11.8239
11.8239
11.8239
11.8239
11.8239
11.8239
11.8239
11.8239
11.8239
11.8239
11.8239
11.824
11.824
11.824
11.824
11.824
11.824
11.824
11.824
11.824
11.824
11.824
11.824
11.824
11.824
11.824
11.824
11.824
11.824
11.824
11.824
11.824
11.824
11.824
11.824
11.824
11.824
11.824
11.824
11.824
11.824
11.824
16.9971
16.997
16.9969
16.9969
16.9969
16.9969
16.9969
16.9969
16.9969
16.9969
16.9969
16.9969
16.9969
16.9969
16.9969
16.9968
16.9968
16.9968
16.9968
16.9968
16.9968
16.9968
16.9968
16.9968
16.9968
16.9968
16.9968
16.9968
16.9968
16.9968
16.9968
16.9968
16.9968
16.9968
16.9968
16.9968
16.9968
16.9968
16.9968
16.9968
16.9968
16.9968
16.9968
16.9968
16.9968
16.9968
16.9968
16.9968
16.9968
16.9968
16.9969
16.9969
16.9969
16.9969
16.9969
16.9969
16.9969
16.9969
16.9969
16.9969
16.9969
16.9969
16.9969
16.9969
16.9969
16.9969
16.9969
16.9969
16.9969
16.9969
16.9969
16.9969
16.9969
16.9969
16.9969
16.9969
16.9969
16.9969
16.9969
16.9969
16.9969
16.9969
16.9969
16.9969
16.9969
16.9969
16.9969
16.9969
16.9969
16.9969
16.9969
16.9969
16.9969
16.9969
16.9969
16.9969
16.9969
16.9969
16.9969
16.9969
16.9969
16.9969
16.9969
16.9969
16.9969
16.9969
16.9969
16.9969
16.9969
16.9969
16.9969
16.9969
16.9969
16.9969
16.9969
16.9969
16.997
16.997
16.997
16.997
28.1562
28.1561
28.156
28.156
28.156
28.156
28.156
28.156
28.156
28.156
28.156
28.156
28.156
28.156
28.156
28.156
28.156
28.156
28.156
28.156
28.156
28.156
28.156
28.156
28.156
28.156
28.156
28.156
28.156
28.156
28.156
28.156
28.156
28.156
28.156
28.156
28.156
28.156
28.156
28.156
28.156
28.156
28.156
28.156
28.156
28.156
28.156
28.156
28.156
28.156
28.156
28.156
28.156
28.156
28.156
28.156
28.156
28.156
28.156
28.156
28.156
28.156
28.156
28.156
28.156
28.156
28.156
28.156
28.156
28.156
28.156
28.156
28.156
28.156
28.156
28.156
28.156
28.156
28.156
28.156
28.156
28.156
28.156
28.156
28.156
28.156
28.156
28.1561
28.1561
28.1561
28.1561
28.1561
28.1561
28.1561
28.1561
28.1561
28.1561
28.1561
28.1561
28.1561
28.1561
28.1561
28.1561
28.1561
28.1561
28.1561
28.1561
28.1561
28.1561
28.1561
28.1561
28.1561
28.1561
28.1561
28.1561
28.1561
28.1561
28.1561
28.1561
28.1561
58.0909
58.0909
58.0909
58.0909
58.0909
58.0908
58.0908
58.0908
58.0908
58.0908
58.0908
58.0908
58.0908
58.0908
58.0908
58.0908
58.0908
58.0908
58.0908
58.0908
58.0908
58.0908
58.0908
58.0908
58.0908
58.0908
58.0908
58.0908
58.0908
58.0908
58.0908
58.0908
58.0908
58.0908
58.0908
58.0908
58.0908
58.0908
58.0908
58.0908
58.0908
58.0908
58.0908
58.0908
58.0908
58.0908
58.0908
58.0908
58.0908
58.0908
58.0908
58.0908
58.0908
58.0908
58.0908
58.0908
58.0908
58.0908
58.0908
58.0908
58.0908
58.0908
58.0908
58.0908
58.0908
58.0908
58.0908
58.0908
58.0908
58.0908
58.0908
58.0909
58.0909
58.0909
58.0909
58.0909
58.0909
58.0909
58.0909
58.0909
58.0909
58.0909
58.0909
58.0909
58.0909
58.0909
58.0909
58.0909
58.0909
58.0909
58.0909
58.0909
58.0909
58.0909
58.0909
58.0909
58.0909
58.0909
58.0909
58.0909
58.0909
58.0909
58.0909
58.0909
58.0909
58.0909
58.0909
58.0909
58.0909
58.0909
58.0909
58.0909
58.0909
58.0909
58.0909
58.0909
58.0909
58.0909
58.0909
58.0909
170.881
170.881
170.881
170.881
170.881
170.881
170.881
170.881
170.881
170.881
170.881
170.881
170.881
170.881
170.881
170.881
170.881
170.881
170.881
170.881
170.881
170.881
170.881
170.881
170.881
170.881
170.881
170.881
170.881
170.881
170.881
170.881
170.881
170.881
170.881
170.881
170.881
170.881
170.881
170.881
170.881
170.881
170.881
170.881
170.881
170.881
170.881
170.881
170.881
170.881
170.881
170.881
170.881
170.881
170.881
170.881
170.881
170.881
170.881
170.881
170.881
170.881
170.881
170.881
170.881
170.881
170.881
170.881
170.881
170.881
170.881
170.881
170.881
170.881
170.881
170.881
170.881
170.881
170.881
170.881
170.881
170.881
170.881
170.881
170.881
170.881
170.881
170.881
170.881
170.881
170.881
170.881
170.881
170.881
170.881
170.881
170.881
170.881
170.881
170.881
170.881
170.881
170.881
170.881
170.881
170.881
170.881
170.881
170.881
170.881
170.881
170.881
170.881
170.881
170.881
170.881
170.881
170.881
170.881
170.881
985.828
985.828
985.828
985.828
985.828
985.828
985.828
985.828
985.828
985.828
985.828
985.828
985.828
985.828
985.828
985.828
985.828
985.828
985.828
985.828
985.828
985.828
985.828
985.828
985.828
985.828
985.828
985.828
985.828
985.828
985.828
985.828
985.828
985.828
985.828
985.828
985.828
985.828
985.828
985.828
985.828
985.828
985.828
985.828
985.828
985.828
985.828
985.828
985.828
985.828
985.828
985.828
985.828
985.828
985.828
985.828
985.828
985.828
985.828
985.828
985.828
985.828
985.828
985.828
985.828
985.828
985.828
985.828
985.828
985.828
985.828
985.828
985.828
985.828
985.828
985.828
985.828
985.828
985.828
985.828
985.828
985.828
985.828
985.828
985.828
985.828
985.828
985.828
985.828
985.828
985.828
985.828
985.828
985.828
985.828
985.828
985.828
985.828
985.828
985.828
985.828
985.828
985.828
985.828
985.828
985.828
985.828
985.828
985.828
985.828
985.828
985.828
985.828
985.828
985.828
985.828
985.828
985.828
985.828
985.828
)
;

boundaryField
{
    bottomWall
    {
        beta1           0.075;
        blended         0;
        type            omegaWallFunction;
        value           nonuniform 0();
    }
    topWall
    {
        beta1           0.075;
        blended         0;
        type            omegaWallFunction;
        value           nonuniform List<scalar> 
120
(
985.828
985.828
985.828
985.828
985.828
985.828
985.828
985.828
985.828
985.828
985.828
985.828
985.828
985.828
985.828
985.828
985.828
985.828
985.828
985.828
985.828
985.828
985.828
985.828
985.828
985.828
985.828
985.828
985.828
985.828
985.828
985.828
985.828
985.828
985.828
985.828
985.828
985.828
985.828
985.828
985.828
985.828
985.828
985.828
985.828
985.828
985.828
985.828
985.828
985.828
985.828
985.828
985.828
985.828
985.828
985.828
985.828
985.828
985.828
985.828
985.828
985.828
985.828
985.828
985.828
985.828
985.828
985.828
985.828
985.828
985.828
985.828
985.828
985.828
985.828
985.828
985.828
985.828
985.828
985.828
985.828
985.828
985.828
985.828
985.828
985.828
985.828
985.828
985.828
985.828
985.828
985.828
985.828
985.828
985.828
985.828
985.828
985.828
985.828
985.828
985.828
985.828
985.828
985.828
985.828
985.828
985.828
985.828
985.828
985.828
985.828
985.828
985.828
985.828
985.828
985.828
985.828
985.828
985.828
985.828
)
;
    }
    sides1_half0
    {
        type            cyclic;
    }
    sides1_half1
    {
        type            cyclic;
    }
    sides2_half0
    {
        type            cyclic;
    }
    sides2_half1
    {
        type            cyclic;
    }
    inout1_half0
    {
        type            cyclic;
    }
    inout1_half1
    {
        type            cyclic;
    }
    inout2_half0
    {
        type            cyclic;
    }
    inout2_half1
    {
        type            cyclic;
    }
    procBoundary0to1
    {
        type            processor;
        value           nonuniform List<scalar> 
122
(
0.604955
0.604952
0.604947
0.604942
0.604938
0.604935
0.604932
0.604929
0.604927
0.604925
0.604923
0.604922
0.60492
0.604919
0.604917
0.604916
0.604915
0.604914
0.604913
0.604912
0.604911
0.604911
0.60491
0.604909
0.604909
0.604908
0.604907
0.604907
0.604906
0.604906
0.604905
0.604905
0.604904
0.604903
0.604903
0.604902
0.604902
0.604901
0.604901
0.604901
0.6049
0.6049
0.604899
0.604899
0.604898
0.604898
0.604897
0.604897
0.604896
0.604896
0.604895
0.604895
0.604895
0.604894
0.604894
0.604894
0.604894
0.604894
0.604894
0.604894
0.604894
0.604894
0.604894
0.604894
0.604894
0.604895
0.604895
0.604896
0.604896
0.604897
0.604898
0.604898
0.604899
0.6049
0.604901
0.604902
0.604902
0.639301
0.639302
0.639301
0.639299
0.639297
0.639295
0.639294
0.639292
0.639291
0.63929
0.639289
0.639288
0.639287
0.639286
0.639285
0.639284
0.639283
0.639283
0.639282
0.639282
0.639281
0.639281
0.639281
0.639282
0.639282
0.639222
0.639222
0.63923
0.639236
0.639241
0.639245
0.639249
0.639253
0.639256
0.63926
0.639262
0.639265
0.639267
0.63927
0.639272
0.639274
0.639275
0.639277
0.639279
0.639279
)
;
    }
}


// ************************************************************************* //
