/*--------------------------------*- C++ -*----------------------------------*\
  =========                 |
  \\      /  F ield         | OpenFOAM: The Open Source CFD Toolbox
   \\    /   O peration     | Website:  https://openfoam.org
    \\  /    A nd           | Version:  7
     \\/     M anipulation  |
\*---------------------------------------------------------------------------*/
FoamFile
{
    version     2.0;
    format      ascii;
    class       volScalarField;
    location    "17000";
    object      k;
}
// * * * * * * * * * * * * * * * * * * * * * * * * * * * * * * * * * * * * * //

dimensions      [0 2 -2 0 0 0 0];

internalField   nonuniform List<scalar> 
3974
(
0.000182599
0.000182599
0.000182599
0.000182599
0.000182598
0.000182598
0.000182598
0.000182598
0.000182598
0.000182597
0.000182597
0.000182597
0.000182597
0.000182597
0.000182597
0.000182596
0.000182596
0.000182596
0.000182596
0.000182595
0.000182595
0.000182595
0.000182595
0.000182594
0.000182594
0.000182594
0.000182594
0.000182593
0.000182593
0.000182593
0.000182592
0.000182592
0.000182592
0.000182591
0.000182591
0.00018259
0.00018259
0.00018259
0.000182022
0.000182022
0.000182022
0.000182022
0.000182022
0.000182022
0.000182022
0.000182022
0.000182021
0.000182021
0.000182021
0.000182021
0.000182021
0.000182021
0.000182021
0.00018202
0.00018202
0.00018202
0.00018202
0.00018202
0.00018202
0.000182019
0.000182019
0.000182019
0.000182019
0.000182018
0.000182018
0.000182018
0.000182018
0.000182017
0.000182017
0.000182017
0.000182016
0.000182016
0.000182015
0.000182015
0.000182015
0.000182014
0.000182014
0.000182013
0.000182013
0.000182012
0.000181356
0.000181356
0.000181356
0.000181356
0.000181356
0.000181356
0.000181356
0.000181356
0.000181356
0.000181356
0.000181356
0.000181356
0.000181356
0.000181355
0.000181355
0.000181355
0.000181355
0.000181355
0.000181355
0.000181355
0.000181355
0.000181354
0.000181354
0.000181354
0.000181354
0.000181354
0.000181353
0.000181353
0.000181353
0.000181353
0.000181352
0.000181352
0.000181352
0.000181351
0.000181351
0.000181351
0.00018135
0.00018135
0.000181349
0.000181349
0.000181349
0.000181348
0.000181347
0.000181347
0.000181346
0.000181346
0.000181345
0.000181345
0.000181345
0.000181344
0.000181344
0.000181344
0.000181344
0.000181343
0.000181343
0.000181343
0.000181343
0.000181343
0.000181343
0.000180605
0.000180605
0.000180605
0.000180605
0.000180605
0.000180605
0.000180606
0.000180606
0.000180606
0.000180606
0.000180606
0.000180606
0.000180606
0.000180606
0.000180606
0.000180606
0.000180605
0.000180605
0.000180605
0.000180605
0.000180605
0.000180605
0.000180605
0.000180605
0.000180604
0.000180604
0.000180604
0.000180604
0.000180603
0.000180603
0.000180603
0.000180603
0.000180602
0.000180602
0.000180602
0.000180601
0.000180601
0.0001806
0.0001806
0.000180599
0.000180599
0.000180599
0.000180598
0.000180597
0.000180597
0.000180596
0.000180595
0.000180595
0.000180595
0.000180594
0.000180594
0.000180594
0.000180593
0.000180593
0.000180593
0.000180593
0.000180592
0.000180592
0.000180592
0.000179775
0.000179775
0.000179775
0.000179775
0.000179775
0.000179775
0.000179775
0.000179775
0.000179776
0.000179776
0.000179776
0.000179776
0.000179776
0.000179776
0.000179776
0.000179776
0.000179776
0.000179776
0.000179776
0.000179776
0.000179776
0.000179775
0.000179775
0.000179775
0.000179775
0.000179775
0.000179775
0.000179774
0.000179774
0.000179774
0.000179774
0.000179773
0.000179773
0.000179773
0.000179772
0.000179772
0.000179771
0.000179771
0.000179771
0.00017977
0.00017977
0.000179769
0.000179769
0.000179768
0.000179767
0.000179766
0.000179766
0.000179765
0.000179765
0.000179764
0.000179764
0.000179764
0.000179763
0.000179763
0.000179762
0.000179762
0.000179762
0.000179762
0.000179761
0.000178868
0.000178868
0.000178868
0.000178868
0.000178868
0.000178869
0.000178869
0.000178869
0.000178869
0.000178869
0.00017887
0.00017887
0.00017887
0.00017887
0.00017887
0.00017887
0.00017887
0.00017887
0.00017887
0.00017887
0.00017887
0.00017887
0.00017887
0.00017887
0.000178869
0.000178869
0.000178869
0.000178869
0.000178869
0.000178868
0.000178868
0.000178868
0.000178867
0.000178867
0.000178867
0.000178866
0.000178866
0.000178865
0.000178865
0.000178865
0.000178864
0.000178864
0.000178863
0.000178862
0.000178862
0.000178861
0.00017886
0.000178859
0.000178859
0.000178858
0.000178858
0.000178857
0.000178857
0.000178857
0.000178856
0.000178856
0.000178855
0.000178855
0.000178855
0.000177889
0.000177889
0.000177889
0.000177889
0.000177889
0.000177889
0.00017789
0.00017789
0.00017789
0.00017789
0.000177891
0.000177891
0.000177891
0.000177891
0.000177891
0.000177891
0.000177891
0.000177891
0.000177892
0.000177891
0.000177891
0.000177891
0.000177891
0.000177891
0.000177891
0.000177891
0.000177891
0.000177891
0.00017789
0.00017789
0.00017789
0.000177889
0.000177889
0.000177889
0.000177888
0.000177888
0.000177888
0.000177887
0.000177887
0.000177886
0.000177886
0.000177885
0.000177885
0.000177884
0.000177883
0.000177883
0.000177882
0.000177881
0.00017788
0.00017788
0.000177879
0.000177879
0.000177878
0.000177878
0.000177877
0.000177877
0.000177876
0.000177876
0.000177876
0.00017684
0.00017684
0.00017684
0.00017684
0.00017684
0.000176841
0.000176841
0.000176841
0.000176842
0.000176842
0.000176842
0.000176842
0.000176843
0.000176843
0.000176843
0.000176843
0.000176843
0.000176843
0.000176843
0.000176843
0.000176843
0.000176843
0.000176843
0.000176843
0.000176843
0.000176843
0.000176843
0.000176843
0.000176842
0.000176842
0.000176842
0.000176842
0.000176841
0.000176841
0.000176841
0.00017684
0.00017684
0.000176839
0.000176839
0.000176838
0.000176838
0.000176837
0.000176837
0.000176836
0.000176835
0.000176835
0.000176834
0.000176833
0.000176832
0.000176832
0.000176831
0.00017683
0.00017683
0.000176829
0.000176829
0.000176828
0.000176828
0.000176827
0.000176827
0.000175724
0.000175724
0.000175724
0.000175724
0.000175725
0.000175725
0.000175725
0.000175726
0.000175726
0.000175726
0.000175727
0.000175727
0.000175727
0.000175728
0.000175728
0.000175728
0.000175728
0.000175728
0.000175728
0.000175728
0.000175728
0.000175728
0.000175728
0.000175728
0.000175728
0.000175728
0.000175728
0.000175728
0.000175728
0.000175727
0.000175727
0.000175727
0.000175726
0.000175726
0.000175726
0.000175725
0.000175725
0.000175724
0.000175724
0.000175724
0.000175723
0.000175722
0.000175722
0.000175721
0.000175721
0.00017572
0.000175719
0.000175718
0.000175717
0.000175717
0.000175716
0.000175715
0.000175715
0.000175714
0.000175713
0.000175713
0.000175712
0.000175712
0.000175711
0.000174544
0.000174544
0.000174544
0.000174545
0.000174545
0.000174545
0.000174545
0.000174546
0.000174546
0.000174547
0.000174547
0.000174547
0.000174548
0.000174548
0.000174548
0.000174548
0.000174549
0.000174549
0.000174549
0.000174549
0.000174549
0.000174549
0.000174549
0.000174549
0.000174549
0.000174549
0.000174549
0.000174549
0.000174548
0.000174548
0.000174548
0.000174548
0.000174547
0.000174547
0.000174547
0.000174546
0.000174546
0.000174545
0.000174545
0.000174544
0.000174544
0.000174543
0.000174543
0.000174542
0.000174542
0.000174541
0.00017454
0.000174539
0.000174538
0.000174538
0.000174537
0.000174536
0.000174535
0.000174535
0.000174534
0.000174533
0.000174533
0.000174532
0.000174531
0.000173302
0.000173303
0.000173303
0.000173303
0.000173303
0.000173304
0.000173304
0.000173304
0.000173305
0.000173305
0.000173306
0.000173306
0.000173306
0.000173307
0.000173307
0.000173307
0.000173307
0.000173308
0.000173308
0.000173308
0.000173308
0.000173308
0.000173308
0.000173308
0.000173308
0.000173308
0.000173308
0.000173308
0.000173308
0.000173307
0.000173307
0.000173307
0.000173307
0.000173306
0.000173306
0.000173305
0.000173305
0.000173305
0.000173304
0.000173304
0.000173303
0.000173303
0.000173302
0.000173301
0.000173301
0.0001733
0.000173299
0.000173299
0.000173298
0.000173297
0.000173296
0.000173295
0.000173294
0.000173294
0.000173293
0.000173292
0.000173292
0.000173291
0.00017329
0.000172002
0.000172002
0.000172002
0.000172002
0.000172002
0.000172003
0.000172003
0.000172003
0.000172004
0.000172004
0.000172005
0.000172005
0.000172006
0.000172006
0.000172006
0.000172007
0.000172007
0.000172007
0.000172007
0.000172007
0.000172008
0.000172008
0.000172008
0.000172008
0.000172008
0.000172008
0.000172008
0.000172007
0.000172007
0.000172007
0.000172007
0.000172007
0.000172006
0.000172006
0.000172006
0.000172005
0.000172005
0.000172004
0.000172004
0.000172003
0.000172003
0.000172002
0.000172002
0.000172001
0.000172001
0.000172
0.000171999
0.000171998
0.000171998
0.000171997
0.000171996
0.000171995
0.000171994
0.000171993
0.000171993
0.000171992
0.000171991
0.00017199
0.00017199
0.000170644
0.000170644
0.000170644
0.000170644
0.000170645
0.000170645
0.000170645
0.000170646
0.000170646
0.000170646
0.000170647
0.000170647
0.000170648
0.000170648
0.000170648
0.000170649
0.000170649
0.000170649
0.00017065
0.00017065
0.00017065
0.00017065
0.00017065
0.00017065
0.00017065
0.00017065
0.00017065
0.00017065
0.00017065
0.00017065
0.000170649
0.000170649
0.000170649
0.000170649
0.000170648
0.000170648
0.000170648
0.000170647
0.000170647
0.000170646
0.000170646
0.000170645
0.000170645
0.000170644
0.000170643
0.000170643
0.000170642
0.000170641
0.00017064
0.00017064
0.000170639
0.000170638
0.000170637
0.000170636
0.000170635
0.000170634
0.000170634
0.000170633
0.000170632
0.000169231
0.000169231
0.000169231
0.000169232
0.000169232
0.000169232
0.000169233
0.000169233
0.000169234
0.000169234
0.000169234
0.000169235
0.000169235
0.000169236
0.000169236
0.000169236
0.000169237
0.000169237
0.000169237
0.000169237
0.000169238
0.000169238
0.000169238
0.000169238
0.000169238
0.000169238
0.000169238
0.000169238
0.000169238
0.000169238
0.000169237
0.000169237
0.000169237
0.000169237
0.000169236
0.000169236
0.000169236
0.000169235
0.000169235
0.000169234
0.000169234
0.000169233
0.000169233
0.000169232
0.000169231
0.000169231
0.00016923
0.000169229
0.000169228
0.000169228
0.000169227
0.000169226
0.000169225
0.000169224
0.000169223
0.000169222
0.000169222
0.000169221
0.00016922
0.000167766
0.000167766
0.000167766
0.000167767
0.000167767
0.000167767
0.000167768
0.000167768
0.000167769
0.000167769
0.00016777
0.00016777
0.00016777
0.000167771
0.000167771
0.000167772
0.000167772
0.000167772
0.000167772
0.000167773
0.000167773
0.000167773
0.000167773
0.000167773
0.000167773
0.000167773
0.000167773
0.000167773
0.000167773
0.000167773
0.000167773
0.000167773
0.000167772
0.000167772
0.000167772
0.000167771
0.000167771
0.000167771
0.00016777
0.00016777
0.000167769
0.000167769
0.000167768
0.000167768
0.000167767
0.000167766
0.000167766
0.000167765
0.000167764
0.000167763
0.000167762
0.000167762
0.000167761
0.00016776
0.000167759
0.000167758
0.000167757
0.000167756
0.000167755
0.000166251
0.000166251
0.000166251
0.000166252
0.000166252
0.000166253
0.000166253
0.000166253
0.000166254
0.000166254
0.000166255
0.000166255
0.000166255
0.000166256
0.000166256
0.000166257
0.000166257
0.000166257
0.000166258
0.000166258
0.000166258
0.000166258
0.000166258
0.000166259
0.000166259
0.000166259
0.000166259
0.000166259
0.000166258
0.000166258
0.000166258
0.000166258
0.000166258
0.000166257
0.000166257
0.000166257
0.000166256
0.000166256
0.000166256
0.000166255
0.000166255
0.000166254
0.000166254
0.000166253
0.000166252
0.000166252
0.000166251
0.00016625
0.00016625
0.000166249
0.000166248
0.000166247
0.000166246
0.000166245
0.000166245
0.000166244
0.000166243
0.000166242
0.000166241
0.000164688
0.000164689
0.000164689
0.000164689
0.00016469
0.00016469
0.00016469
0.000164691
0.000164691
0.000164692
0.000164692
0.000164693
0.000164693
0.000164693
0.000164694
0.000164694
0.000164695
0.000164695
0.000164695
0.000164695
0.000164696
0.000164696
0.000164696
0.000164696
0.000164696
0.000164696
0.000164696
0.000164696
0.000164696
0.000164696
0.000164696
0.000164696
0.000164696
0.000164695
0.000164695
0.000164695
0.000164694
0.000164694
0.000164693
0.000164693
0.000164693
0.000164692
0.000164692
0.000164691
0.00016469
0.00016469
0.000164689
0.000164688
0.000164688
0.000164687
0.000164686
0.000164685
0.000164684
0.000164683
0.000164683
0.000164682
0.000164681
0.00016468
0.000164679
0.000163081
0.000163081
0.000163081
0.000163082
0.000163082
0.000163083
0.000163083
0.000163083
0.000163084
0.000163084
0.000163085
0.000163085
0.000163085
0.000163086
0.000163086
0.000163087
0.000163087
0.000163087
0.000163088
0.000163088
0.000163088
0.000163088
0.000163088
0.000163089
0.000163089
0.000163089
0.000163089
0.000163089
0.000163089
0.000163089
0.000163088
0.000163088
0.000163088
0.000163088
0.000163088
0.000163087
0.000163087
0.000163087
0.000163086
0.000163086
0.000163085
0.000163085
0.000163084
0.000163084
0.000163083
0.000163083
0.000163082
0.000163081
0.00016308
0.00016308
0.000163079
0.000163078
0.000163077
0.000163076
0.000163075
0.000163075
0.000163074
0.000163073
0.000163072
0.00016143
0.000161431
0.000161431
0.000161432
0.000161432
0.000161433
0.000161433
0.000161433
0.000161434
0.000161434
0.000161435
0.000161435
0.000161435
0.000161436
0.000161436
0.000161437
0.000161437
0.000161437
0.000161438
0.000161438
0.000161438
0.000161438
0.000161438
0.000161439
0.000161439
0.000161439
0.000161439
0.000161439
0.000161439
0.000161439
0.000161439
0.000161438
0.000161438
0.000161438
0.000161438
0.000161437
0.000161437
0.000161437
0.000161436
0.000161436
0.000161435
0.000161435
0.000161434
0.000161434
0.000161433
0.000161433
0.000161432
0.000161431
0.000161431
0.00016143
0.000161429
0.000161428
0.000161428
0.000161427
0.000161426
0.000161425
0.000161424
0.000161423
0.000161422
0.000159741
0.000159741
0.000159741
0.000159742
0.000159742
0.000159743
0.000159743
0.000159744
0.000159744
0.000159744
0.000159745
0.000159745
0.000159746
0.000159746
0.000159746
0.000159747
0.000159747
0.000159747
0.000159748
0.000159748
0.000159748
0.000159748
0.000159749
0.000159749
0.000159749
0.000159749
0.000159749
0.000159749
0.000159749
0.000159749
0.000159749
0.000159749
0.000159748
0.000159748
0.000159748
0.000159748
0.000159747
0.000159747
0.000159747
0.000159746
0.000159746
0.000159745
0.000159745
0.000159744
0.000159744
0.000159743
0.000159743
0.000159742
0.000159741
0.000159741
0.00015974
0.000159739
0.000159738
0.000159737
0.000159737
0.000159736
0.000159735
0.000159734
0.000159733
0.000158014
0.000158014
0.000158015
0.000158015
0.000158016
0.000158016
0.000158016
0.000158017
0.000158017
0.000158018
0.000158018
0.000158019
0.000158019
0.000158019
0.00015802
0.00015802
0.00015802
0.000158021
0.000158021
0.000158021
0.000158021
0.000158022
0.000158022
0.000158022
0.000158022
0.000158022
0.000158022
0.000158022
0.000158022
0.000158022
0.000158022
0.000158022
0.000158022
0.000158022
0.000158021
0.000158021
0.000158021
0.00015802
0.00015802
0.00015802
0.000158019
0.000158019
0.000158018
0.000158018
0.000158017
0.000158017
0.000158016
0.000158015
0.000158015
0.000158014
0.000158013
0.000158013
0.000158012
0.000158011
0.00015801
0.000158009
0.000158008
0.000158008
0.000158007
0.000156253
0.000156254
0.000156254
0.000156254
0.000156255
0.000156255
0.000156256
0.000156256
0.000156257
0.000156257
0.000156258
0.000156258
0.000156258
0.000156259
0.000156259
0.000156259
0.00015626
0.00015626
0.00015626
0.000156261
0.000156261
0.000156261
0.000156261
0.000156261
0.000156261
0.000156261
0.000156262
0.000156262
0.000156262
0.000156261
0.000156261
0.000156261
0.000156261
0.000156261
0.000156261
0.00015626
0.00015626
0.00015626
0.00015626
0.000156259
0.000156259
0.000156258
0.000156258
0.000156257
0.000156257
0.000156256
0.000156256
0.000156255
0.000156254
0.000156254
0.000156253
0.000156252
0.000156251
0.000156251
0.00015625
0.000156249
0.000156248
0.000156247
0.000156246
0.000154462
0.000154462
0.000154462
0.000154463
0.000154463
0.000154464
0.000154464
0.000154465
0.000154465
0.000154466
0.000154466
0.000154466
0.000154467
0.000154467
0.000154467
0.000154468
0.000154468
0.000154468
0.000154469
0.000154469
0.000154469
0.000154469
0.00015447
0.00015447
0.00015447
0.00015447
0.00015447
0.00015447
0.00015447
0.00015447
0.00015447
0.00015447
0.00015447
0.000154469
0.000154469
0.000154469
0.000154469
0.000154468
0.000154468
0.000154468
0.000154467
0.000154467
0.000154466
0.000154466
0.000154465
0.000154465
0.000154464
0.000154464
0.000154463
0.000154462
0.000154462
0.000154461
0.00015446
0.000154459
0.000154459
0.000154458
0.000154457
0.000154456
0.000154455
0.000152642
0.000152643
0.000152643
0.000152644
0.000152644
0.000152645
0.000152645
0.000152646
0.000152646
0.000152646
0.000152647
0.000152647
0.000152648
0.000152648
0.000152648
0.000152649
0.000152649
0.000152649
0.000152649
0.00015265
0.00015265
0.00015265
0.00015265
0.00015265
0.00015265
0.000152651
0.000152651
0.000152651
0.000152651
0.000152651
0.00015265
0.00015265
0.00015265
0.00015265
0.00015265
0.00015265
0.000152649
0.000152649
0.000152649
0.000152648
0.000152648
0.000152648
0.000152647
0.000152647
0.000152646
0.000152646
0.000152645
0.000152644
0.000152644
0.000152643
0.000152643
0.000152642
0.000152641
0.00015264
0.00015264
0.000152639
0.000152638
0.000152637
0.000152636
0.000150799
0.000150799
0.0001508
0.0001508
0.000150801
0.000150801
0.000150802
0.000150802
0.000150802
0.000150803
0.000150803
0.000150804
0.000150804
0.000150804
0.000150805
0.000150805
0.000150805
0.000150805
0.000150806
0.000150806
0.000150806
0.000150806
0.000150806
0.000150807
0.000150807
0.000150807
0.000150807
0.000150807
0.000150807
0.000150807
0.000150807
0.000150807
0.000150807
0.000150806
0.000150806
0.000150806
0.000150806
0.000150805
0.000150805
0.000150805
0.000150804
0.000150804
0.000150804
0.000150803
0.000150803
0.000150802
0.000150802
0.000150801
0.0001508
0.0001508
0.000150799
0.000150798
0.000150798
0.000150797
0.000150796
0.000150795
0.000150795
0.000150794
0.000150793
0.000148934
0.000148935
0.000148935
0.000148936
0.000148936
0.000148937
0.000148937
0.000148937
0.000148938
0.000148938
0.000148939
0.000148939
0.000148939
0.00014894
0.00014894
0.00014894
0.000148941
0.000148941
0.000148941
0.000148941
0.000148942
0.000148942
0.000148942
0.000148942
0.000148942
0.000148942
0.000148942
0.000148942
0.000148942
0.000148942
0.000148942
0.000148942
0.000148942
0.000148942
0.000148942
0.000148941
0.000148941
0.000148941
0.000148941
0.00014894
0.00014894
0.000148939
0.000148939
0.000148939
0.000148938
0.000148938
0.000148937
0.000148937
0.000148936
0.000148935
0.000148935
0.000148934
0.000148933
0.000148933
0.000148932
0.000148931
0.00014893
0.00014893
0.000148929
0.000147053
0.000147053
0.000147053
0.000147054
0.000147054
0.000147055
0.000147055
0.000147056
0.000147056
0.000147056
0.000147057
0.000147057
0.000147057
0.000147058
0.000147058
0.000147058
0.000147059
0.000147059
0.000147059
0.000147059
0.00014706
0.00014706
0.00014706
0.00014706
0.00014706
0.00014706
0.00014706
0.00014706
0.00014706
0.00014706
0.00014706
0.00014706
0.00014706
0.00014706
0.00014706
0.000147059
0.000147059
0.000147059
0.000147059
0.000147058
0.000147058
0.000147058
0.000147057
0.000147057
0.000147056
0.000147056
0.000147055
0.000147055
0.000147054
0.000147054
0.000147053
0.000147052
0.000147052
0.000147051
0.00014705
0.00014705
0.000147049
0.000147048
0.000147047
0.000145157
0.000145157
0.000145158
0.000145158
0.000145159
0.000145159
0.00014516
0.00014516
0.00014516
0.000145161
0.000145161
0.000145161
0.000145162
0.000145162
0.000145162
0.000145163
0.000145163
0.000145163
0.000145163
0.000145164
0.000145164
0.000145164
0.000145164
0.000145164
0.000145164
0.000145164
0.000145164
0.000145164
0.000145164
0.000145164
0.000145164
0.000145164
0.000145164
0.000145164
0.000145164
0.000145164
0.000145163
0.000145163
0.000145163
0.000145162
0.000145162
0.000145162
0.000145161
0.000145161
0.000145161
0.00014516
0.00014516
0.000145159
0.000145159
0.000145158
0.000145157
0.000145157
0.000145156
0.000145155
0.000145155
0.000145154
0.000145153
0.000145153
0.000145152
0.000143251
0.000143252
0.000143252
0.000143253
0.000143253
0.000143253
0.000143254
0.000143254
0.000143255
0.000143255
0.000143255
0.000143256
0.000143256
0.000143256
0.000143257
0.000143257
0.000143257
0.000143257
0.000143258
0.000143258
0.000143258
0.000143258
0.000143258
0.000143258
0.000143258
0.000143259
0.000143259
0.000143259
0.000143259
0.000143258
0.000143258
0.000143258
0.000143258
0.000143258
0.000143258
0.000143258
0.000143257
0.000143257
0.000143257
0.000143257
0.000143256
0.000143256
0.000143256
0.000143255
0.000143255
0.000143254
0.000143254
0.000143253
0.000143253
0.000143252
0.000143252
0.000143251
0.000143251
0.00014325
0.000143249
0.000143249
0.000143248
0.000143247
0.000143246
0.000141339
0.00014134
0.00014134
0.000141341
0.000141341
0.000141341
0.000141342
0.000141342
0.000141343
0.000141343
0.000141343
0.000141344
0.000141344
0.000141344
0.000141345
0.000141345
0.000141345
0.000141345
0.000141346
0.000141346
0.000141346
0.000141346
0.000141346
0.000141346
0.000141346
0.000141346
0.000141346
0.000141346
0.000141346
0.000141346
0.000141346
0.000141346
0.000141346
0.000141346
0.000141346
0.000141346
0.000141345
0.000141345
0.000141345
0.000141345
0.000141344
0.000141344
0.000141344
0.000141343
0.000141343
0.000141342
0.000141342
0.000141341
0.000141341
0.00014134
0.00014134
0.000141339
0.000141339
0.000141338
0.000141337
0.000141337
0.000141336
0.000141335
0.000141334
0.000139425
0.000139425
0.000139426
0.000139426
0.000139427
0.000139427
0.000139427
0.000139428
0.000139428
0.000139428
0.000139429
0.000139429
0.000139429
0.00013943
0.00013943
0.00013943
0.00013943
0.000139431
0.000139431
0.000139431
0.000139431
0.000139431
0.000139431
0.000139431
0.000139432
0.000139432
0.000139432
0.000139432
0.000139432
0.000139432
0.000139432
0.000139431
0.000139431
0.000139431
0.000139431
0.000139431
0.000139431
0.00013943
0.00013943
0.00013943
0.00013943
0.000139429
0.000139429
0.000139428
0.000139428
0.000139428
0.000139427
0.000139427
0.000139426
0.000139426
0.000139425
0.000139425
0.000139424
0.000139424
0.000139423
0.000139422
0.000139422
0.000139421
0.00013942
0.000137512
0.000137512
0.000137512
0.000137513
0.000137513
0.000137514
0.000137514
0.000137514
0.000137515
0.000137515
0.000137515
0.000137516
0.000137516
0.000137516
0.000137517
0.000137517
0.000137517
0.000137517
0.000137517
0.000137518
0.000137518
0.000137518
0.000137518
0.000137518
0.000137518
0.000137518
0.000137518
0.000137518
0.000137518
0.000137518
0.000137518
0.000137518
0.000137518
0.000137518
0.000137518
0.000137517
0.000137517
0.000137517
0.000137517
0.000137516
0.000137516
0.000137516
0.000137515
0.000137515
0.000137515
0.000137514
0.000137514
0.000137513
0.000137513
0.000137512
0.000137512
0.000137511
0.000137511
0.00013751
0.00013751
0.000137509
0.000137508
0.000137508
0.000137507
0.000135604
0.000135604
0.000135604
0.000135605
0.000135605
0.000135605
0.000135606
0.000135606
0.000135607
0.000135607
0.000135607
0.000135608
0.000135608
0.000135608
0.000135608
0.000135609
0.000135609
0.000135609
0.000135609
0.000135609
0.000135609
0.00013561
0.00013561
0.00013561
0.00013561
0.00013561
0.00013561
0.00013561
0.00013561
0.00013561
0.00013561
0.00013561
0.000135609
0.000135609
0.000135609
0.000135609
0.000135609
0.000135609
0.000135608
0.000135608
0.000135608
0.000135607
0.000135607
0.000135607
0.000135606
0.000135606
0.000135606
0.000135605
0.000135605
0.000135604
0.000135604
0.000135603
0.000135603
0.000135602
0.000135602
0.000135601
0.0001356
0.0001356
0.000135599
0.000133704
0.000133705
0.000133705
0.000133705
0.000133706
0.000133706
0.000133706
0.000133707
0.000133707
0.000133707
0.000133708
0.000133708
0.000133708
0.000133709
0.000133709
0.000133709
0.000133709
0.000133709
0.00013371
0.00013371
0.00013371
0.00013371
0.00013371
0.00013371
0.00013371
0.00013371
0.00013371
0.00013371
0.00013371
0.00013371
0.00013371
0.00013371
0.00013371
0.00013371
0.00013371
0.000133709
0.000133709
0.000133709
0.000133709
0.000133709
0.000133708
0.000133708
0.000133708
0.000133707
0.000133707
0.000133707
0.000133706
0.000133706
0.000133705
0.000133705
0.000133704
0.000133704
0.000133703
0.000133703
0.000133702
0.000133702
0.000133701
0.0001337
0.0001337
0.000131818
0.000131818
0.000131818
0.000131819
0.000131819
0.000131819
0.00013182
0.00013182
0.00013182
0.000131821
0.000131821
0.000131821
0.000131821
0.000131822
0.000131822
0.000131822
0.000131822
0.000131823
0.000131823
0.000131823
0.000131823
0.000131823
0.000131823
0.000131823
0.000131823
0.000131823
0.000131823
0.000131823
0.000131823
0.000131823
0.000131823
0.000131823
0.000131823
0.000131823
0.000131823
0.000131822
0.000131822
0.000131822
0.000131822
0.000131822
0.000131821
0.000131821
0.000131821
0.00013182
0.00013182
0.00013182
0.000131819
0.000131819
0.000131818
0.000131818
0.000131818
0.000131817
0.000131817
0.000131816
0.000131815
0.000131815
0.000131814
0.000131814
0.000131813
0.000129947
0.000129947
0.000129948
0.000129948
0.000129948
0.000129949
0.000129949
0.000129949
0.00012995
0.00012995
0.00012995
0.000129951
0.000129951
0.000129951
0.000129951
0.000129951
0.000129952
0.000129952
0.000129952
0.000129952
0.000129952
0.000129952
0.000129952
0.000129952
0.000129953
0.000129953
0.000129953
0.000129953
0.000129952
0.000129952
0.000129952
0.000129952
0.000129952
0.000129952
0.000129952
0.000129952
0.000129952
0.000129951
0.000129951
0.000129951
0.000129951
0.00012995
0.00012995
0.00012995
0.000129949
0.000129949
0.000129949
0.000129948
0.000129948
0.000129947
0.000129947
0.000129946
0.000129946
0.000129945
0.000129945
0.000129944
0.000129944
0.000129943
0.000129943
0.000128096
0.000128097
0.000128097
0.000128097
0.000128098
0.000128098
0.000128098
0.000128099
0.000128099
0.000128099
0.000128099
0.0001281
0.0001281
0.0001281
0.0001281
0.000128101
0.000128101
0.000128101
0.000128101
0.000128101
0.000128101
0.000128101
0.000128101
0.000128102
0.000128102
0.000128102
0.000128102
0.000128102
0.000128102
0.000128101
0.000128101
0.000128101
0.000128101
0.000128101
0.000128101
0.000128101
0.000128101
0.0001281
0.0001281
0.0001281
0.0001281
0.000128099
0.000128099
0.000128099
0.000128098
0.000128098
0.000128098
0.000128097
0.000128097
0.000128097
0.000128096
0.000128096
0.000128095
0.000128095
0.000128094
0.000128094
0.000128093
0.000128093
0.000128092
0.000126269
0.000126269
0.00012627
0.00012627
0.00012627
0.000126271
0.000126271
0.000126271
0.000126271
0.000126272
0.000126272
0.000126272
0.000126272
0.000126273
0.000126273
0.000126273
0.000126273
0.000126273
0.000126273
0.000126274
0.000126274
0.000126274
0.000126274
0.000126274
0.000126274
0.000126274
0.000126274
0.000126274
0.000126274
0.000126274
0.000126274
0.000126274
0.000126274
0.000126273
0.000126273
0.000126273
0.000126273
0.000126273
0.000126273
0.000126272
0.000126272
0.000126272
0.000126271
0.000126271
0.000126271
0.000126271
0.00012627
0.00012627
0.000126269
0.000126269
0.000126269
0.000126268
0.000126268
0.000126267
0.000126267
0.000126266
0.000126266
0.000126265
0.000126265
0.000124468
0.000124468
0.000124469
0.000124469
0.000124469
0.00012447
0.00012447
0.00012447
0.000124471
0.000124471
0.000124471
0.000124471
0.000124471
0.000124472
0.000124472
0.000124472
0.000124472
0.000124472
0.000124472
0.000124473
0.000124473
0.000124473
0.000124473
0.000124473
0.000124473
0.000124473
0.000124473
0.000124473
0.000124473
0.000124473
0.000124473
0.000124473
0.000124472
0.000124472
0.000124472
0.000124472
0.000124472
0.000124472
0.000124471
0.000124471
0.000124471
0.000124471
0.00012447
0.00012447
0.00012447
0.00012447
0.000124469
0.000124469
0.000124468
0.000124468
0.000124468
0.000124467
0.000124467
0.000124466
0.000124466
0.000124465
0.000124465
0.000124464
0.000124464
0.000122697
0.000122698
0.000122698
0.000122698
0.000122698
0.000122699
0.000122699
0.000122699
0.000122699
0.0001227
0.0001227
0.0001227
0.0001227
0.000122701
0.000122701
0.000122701
0.000122701
0.000122701
0.000122701
0.000122701
0.000122702
0.000122702
0.000122702
0.000122702
0.000122702
0.000122702
0.000122702
0.000122702
0.000122702
0.000122702
0.000122702
0.000122701
0.000122701
0.000122701
0.000122701
0.000122701
0.000122701
0.000122701
0.0001227
0.0001227
0.0001227
0.0001227
0.000122699
0.000122699
0.000122699
0.000122698
0.000122698
0.000122698
0.000122697
0.000122697
0.000122697
0.000122696
0.000122696
0.000122695
0.000122695
0.000122694
0.000122694
0.000122693
0.000122693
0.000120959
0.000120959
0.00012096
0.00012096
0.00012096
0.000120961
0.000120961
0.000120961
0.000120961
0.000120962
0.000120962
0.000120962
0.000120962
0.000120962
0.000120963
0.000120963
0.000120963
0.000120963
0.000120963
0.000120963
0.000120963
0.000120963
0.000120963
0.000120963
0.000120963
0.000120963
0.000120963
0.000120963
0.000120963
0.000120963
0.000120963
0.000120963
0.000120963
0.000120963
0.000120963
0.000120963
0.000120962
0.000120962
0.000120962
0.000120962
0.000120962
0.000120961
0.000120961
0.000120961
0.000120961
0.00012096
0.00012096
0.00012096
0.000120959
0.000120959
0.000120959
0.000120958
0.000120958
0.000120957
0.000120957
0.000120956
0.000120956
0.000120955
0.000120955
0.000119257
0.000119257
0.000119258
0.000119258
0.000119258
0.000119258
0.000119259
0.000119259
0.000119259
0.000119259
0.00011926
0.00011926
0.00011926
0.00011926
0.00011926
0.00011926
0.000119261
0.000119261
0.000119261
0.000119261
0.000119261
0.000119261
0.000119261
0.000119261
0.000119261
0.000119261
0.000119261
0.000119261
0.000119261
0.000119261
0.000119261
0.000119261
0.000119261
0.000119261
0.00011926
0.00011926
0.00011926
0.00011926
0.00011926
0.00011926
0.000119259
0.000119259
0.000119259
0.000119259
0.000119258
0.000119258
0.000119258
0.000119257
0.000119257
0.000119257
0.000119256
0.000119256
0.000119255
0.000119255
0.000119255
0.000119254
0.000119254
0.000119253
0.000119253
0.000117594
0.000117594
0.000117594
0.000117594
0.000117595
0.000117595
0.000117595
0.000117595
0.000117596
0.000117596
0.000117596
0.000117596
0.000117596
0.000117596
0.000117597
0.000117597
0.000117597
0.000117597
0.000117597
0.000117597
0.000117597
0.000117597
0.000117597
0.000117597
0.000117597
0.000117597
0.000117597
0.000117597
0.000117597
0.000117597
0.000117597
0.000117597
0.000117597
0.000117597
0.000117597
0.000117597
0.000117596
0.000117596
0.000117596
0.000117596
0.000117596
0.000117595
0.000117595
0.000117595
0.000117595
0.000117594
0.000117594
0.000117594
0.000117593
0.000117593
0.000117593
0.000117592
0.000117592
0.000117591
0.000117591
0.000117591
0.00011759
0.00011759
0.000117589
0.000115971
0.000115972
0.000115972
0.000115972
0.000115972
0.000115972
0.000115973
0.000115973
0.000115973
0.000115973
0.000115974
0.000115974
0.000115974
0.000115974
0.000115974
0.000115974
0.000115974
0.000115975
0.000115975
0.000115975
0.000115975
0.000115975
0.000115975
0.000115975
0.000115975
0.000115975
0.000115975
0.000115975
0.000115975
0.000115975
0.000115975
0.000115975
0.000115974
0.000115974
0.000115974
0.000115974
0.000115974
0.000115974
0.000115974
0.000115973
0.000115973
0.000115973
0.000115973
0.000115972
0.000115972
0.000115972
0.000115972
0.000115971
0.000115971
0.000115971
0.00011597
0.00011597
0.00011597
0.000115969
0.000115969
0.000115968
0.000115968
0.000115967
0.000115967
0.000114393
0.000114393
0.000114393
0.000114393
0.000114394
0.000114394
0.000114394
0.000114394
0.000114394
0.000114395
0.000114395
0.000114395
0.000114395
0.000114395
0.000114395
0.000114396
0.000114396
0.000114396
0.000114396
0.000114396
0.000114396
0.000114396
0.000114396
0.000114396
0.000114396
0.000114396
0.000114396
0.000114396
0.000114396
0.000114396
0.000114396
0.000114396
0.000114396
0.000114396
0.000114395
0.000114395
0.000114395
0.000114395
0.000114395
0.000114395
0.000114394
0.000114394
0.000114394
0.000114394
0.000114393
0.000114393
0.000114393
0.000114393
0.000114392
0.000114392
0.000114392
0.000114391
0.000114391
0.000114391
0.00011439
0.00011439
0.000114389
0.000114389
0.000114388
0.00011286
0.00011286
0.00011286
0.000112861
0.000112861
0.000112861
0.000112861
0.000112862
0.000112862
0.000112862
0.000112862
0.000112862
0.000112862
0.000112863
0.000112863
0.000112863
0.000112863
0.000112863
0.000112863
0.000112863
0.000112863
0.000112863
0.000112863
0.000112863
0.000112863
0.000112863
0.000112863
0.000112863
0.000112863
0.000112863
0.000112863
0.000112863
0.000112863
0.000112863
0.000112863
0.000112862
0.000112862
0.000112862
0.000112862
0.000112862
0.000112862
0.000112861
0.000112861
0.000112861
0.000112861
0.00011286
0.00011286
0.00011286
0.00011286
0.000112859
0.000112859
0.000112859
0.000112858
0.000112858
0.000112857
0.000112857
0.000112857
0.000112856
0.000112856
0.000111376
0.000111376
0.000111376
0.000111376
0.000111376
0.000111377
0.000111377
0.000111377
0.000111377
0.000111377
0.000111377
0.000111378
0.000111378
0.000111378
0.000111378
0.000111378
0.000111378
0.000111378
0.000111378
0.000111378
0.000111379
0.000111379
0.000111379
0.000111379
0.000111379
0.000111379
0.000111379
0.000111379
0.000111378
0.000111378
0.000111378
0.000111378
0.000111378
0.000111378
0.000111378
0.000111378
0.000111378
0.000111377
0.000111377
0.000111377
0.000111377
0.000111377
0.000111376
0.000111376
0.000111376
0.000111376
0.000111375
0.000111375
0.000111375
0.000111375
0.000111374
0.000111374
0.000111374
0.000111373
0.000111373
0.000111372
0.000111372
0.000111372
0.000111371
0.000109941
0.000109941
0.000109941
0.000109942
0.000109942
0.000109942
0.000109942
0.000109942
0.000109943
0.000109943
0.000109943
0.000109943
0.000109943
0.000109943
0.000109943
0.000109944
0.000109944
0.000109944
0.000109944
0.000109944
0.000109944
0.000109944
0.000109944
0.000109944
0.000109944
0.000109944
0.000109944
0.000109944
0.000109944
0.000109944
0.000109944
0.000109944
0.000109944
0.000109943
0.000109943
0.000109943
0.000109943
0.000109943
0.000109943
0.000109943
0.000109942
0.000109942
0.000109942
0.000109942
0.000109941
0.000109941
0.000109941
0.000109941
0.00010994
0.00010994
0.00010994
0.000109939
0.000109939
0.000109939
0.000109938
0.000109938
0.000109938
0.000109937
0.000109937
0.000108559
0.000108559
0.000108559
0.000108559
0.000108559
0.000108559
0.00010856
0.00010856
0.00010856
0.00010856
0.00010856
0.00010856
0.000108561
0.000108561
0.000108561
0.000108561
0.000108561
0.000108561
0.000108561
0.000108561
0.000108561
0.000108561
0.000108561
0.000108561
0.000108561
0.000108561
0.000108561
0.000108561
0.000108561
0.000108561
0.000108561
0.000108561
0.000108561
0.000108561
0.000108561
0.00010856
0.00010856
0.00010856
0.00010856
0.00010856
0.00010856
0.000108559
0.000108559
0.000108559
0.000108559
0.000108559
0.000108558
0.000108558
0.000108558
0.000108557
0.000108557
0.000108557
0.000108556
0.000108556
0.000108556
0.000108555
0.000108555
0.000108555
0.000108554
0.00010723
0.00010723
0.00010723
0.00010723
0.00010723
0.00010723
0.000107231
0.000107231
0.000107231
0.000107231
0.000107231
0.000107231
0.000107232
0.000107232
0.000107232
0.000107232
0.000107232
0.000107232
0.000107232
0.000107232
0.000107232
0.000107232
0.000107232
0.000107232
0.000107232
0.000107232
0.000107232
0.000107232
0.000107232
0.000107232
0.000107232
0.000107232
0.000107232
0.000107232
0.000107232
0.000107231
0.000107231
0.000107231
0.000107231
0.000107231
0.000107231
0.00010723
0.00010723
0.00010723
0.00010723
0.00010723
0.000107229
0.000107229
0.000107229
0.000107228
0.000107228
0.000107228
0.000107228
0.000107227
0.000107227
0.000107227
0.000107226
0.000107226
0.000107225
0.000105956
0.000105956
0.000105956
0.000105956
0.000105957
0.000105957
0.000105957
0.000105957
0.000105957
0.000105957
0.000105957
0.000105958
0.000105958
0.000105958
0.000105958
0.000105958
0.000105958
0.000105958
0.000105958
0.000105958
0.000105958
0.000105958
0.000105958
0.000105958
0.000105958
0.000105958
0.000105958
0.000105958
0.000105958
0.000105958
0.000105958
0.000105958
0.000105958
0.000105958
0.000105958
0.000105958
0.000105957
0.000105957
0.000105957
0.000105957
0.000105957
0.000105957
0.000105956
0.000105956
0.000105956
0.000105956
0.000105955
0.000105955
0.000105955
0.000105955
0.000105954
0.000105954
0.000105954
0.000105953
0.000105953
0.000105953
0.000105952
0.000105952
0.000105952
0.000104739
0.000104739
0.000104739
0.000104739
0.00010474
0.00010474
0.00010474
0.00010474
0.00010474
0.00010474
0.00010474
0.000104741
0.000104741
0.000104741
0.000104741
0.000104741
0.000104741
0.000104741
0.000104741
0.000104741
0.000104741
0.000104741
0.000104741
0.000104741
0.000104741
0.000104741
0.000104741
0.000104741
0.000104741
0.000104741
0.000104741
0.000104741
0.000104741
0.000104741
0.000104741
0.00010474
0.00010474
0.00010474
0.00010474
0.00010474
0.00010474
0.00010474
0.000104739
0.000104739
0.000104739
0.000104739
0.000104738
0.000104738
0.000104738
0.000104738
0.000104737
0.000104737
0.000104737
0.000104737
0.000104736
0.000104736
0.000104736
0.000104735
0.000104735
0.00010358
0.00010358
0.00010358
0.000103581
0.000103581
0.000103581
0.000103581
0.000103581
0.000103581
0.000103581
0.000103582
0.000103582
0.000103582
0.000103582
0.000103582
0.000103582
0.000103582
0.000103582
0.000103582
0.000103582
0.000103582
0.000103582
0.000103582
0.000103582
0.000103582
0.000103582
0.000103582
0.000103582
0.000103582
0.000103582
0.000103582
0.000103582
0.000103582
0.000103582
0.000103582
0.000103582
0.000103581
0.000103581
0.000103581
0.000103581
0.000103581
0.000103581
0.00010358
0.00010358
0.00010358
0.00010358
0.00010358
0.000103579
0.000103579
0.000103579
0.000103579
0.000103578
0.000103578
0.000103578
0.000103577
0.000103577
0.000103577
0.000103576
0.000103576
0.000102481
0.000102481
0.000102481
0.000102481
0.000102481
0.000102482
0.000102482
0.000102482
0.000102482
0.000102482
0.000102482
0.000102482
0.000102482
0.000102483
0.000102483
0.000102483
0.000102483
0.000102483
0.000102483
0.000102483
0.000102483
0.000102483
0.000102483
0.000102483
0.000102483
0.000102483
0.000102483
0.000102483
0.000102483
0.000102483
0.000102483
0.000102483
0.000102482
0.000102482
0.000102482
0.000102482
0.000102482
0.000102482
0.000102482
0.000102482
0.000102481
0.000102481
0.000102481
0.000102481
0.000102481
0.00010248
0.00010248
0.00010248
0.00010248
0.000102479
0.000102479
0.000102479
0.000102479
0.000102478
0.000102478
0.000102478
0.000102477
0.000102477
0.000102477
0.000101442
0.000101442
0.000101443
0.000101443
0.000101443
0.000101443
0.000101443
0.000101443
0.000101444
0.000101444
0.000101444
0.000101444
0.000101444
0.000101444
0.000101444
0.000101444
0.000101444
0.000101444
0.000101444
0.000101444
0.000101444
0.000101444
0.000101444
0.000101444
0.000101444
0.000101444
0.000101444
0.000101444
0.000101444
0.000101444
0.000101444
0.000101444
0.000101444
0.000101444
0.000101444
0.000101444
0.000101444
0.000101443
0.000101443
0.000101443
0.000101443
0.000101443
0.000101443
0.000101442
0.000101442
0.000101442
0.000101442
0.000101442
0.000101441
0.000101441
0.000101441
0.000101441
0.00010144
0.00010144
0.00010144
0.000101439
0.000101439
0.000101439
0.000101438
0.000100466
0.000100466
0.000100466
0.000100467
0.000100467
0.000100467
0.000100467
0.000100467
0.000100467
0.000100467
0.000100468
0.000100468
0.000100468
0.000100468
0.000100468
0.000100468
0.000100468
0.000100468
0.000100468
0.000100468
0.000100468
0.000100468
0.000100468
0.000100468
0.000100468
0.000100468
0.000100468
0.000100468
0.000100468
0.000100468
0.000100468
0.000100468
0.000100468
0.000100468
0.000100468
0.000100467
0.000100467
0.000100467
0.000100467
0.000100467
0.000100467
0.000100467
0.000100466
0.000100466
0.000100466
0.000100466
0.000100466
0.000100465
0.000100465
0.000100465
0.000100465
0.000100464
0.000100464
0.000100464
0.000100464
0.000100463
0.000100463
0.000100463
0.000100462
9.95535e-05
9.95536e-05
9.95538e-05
9.95539e-05
9.95541e-05
9.95542e-05
9.95544e-05
9.95545e-05
9.95547e-05
9.95548e-05
9.95549e-05
9.9555e-05
9.95551e-05
9.95552e-05
9.95552e-05
9.95553e-05
9.95554e-05
9.95554e-05
9.95555e-05
9.95555e-05
9.95555e-05
9.95555e-05
9.95555e-05
9.95555e-05
9.95555e-05
9.95555e-05
9.95555e-05
9.95554e-05
9.95554e-05
9.95553e-05
9.95552e-05
9.95551e-05
9.9555e-05
9.95549e-05
9.95548e-05
9.95547e-05
9.95546e-05
9.95545e-05
9.95543e-05
9.95542e-05
9.9554e-05
9.95539e-05
9.95537e-05
9.95535e-05
9.95533e-05
9.95531e-05
9.95529e-05
9.95527e-05
9.95525e-05
9.95523e-05
9.9552e-05
9.95518e-05
9.95515e-05
9.95513e-05
9.9551e-05
9.95507e-05
9.95504e-05
9.95502e-05
9.95499e-05
9.87059e-05
9.87061e-05
9.87062e-05
9.87064e-05
9.87065e-05
9.87067e-05
9.87068e-05
9.87069e-05
9.87071e-05
9.87072e-05
9.87073e-05
9.87074e-05
9.87075e-05
9.87076e-05
9.87076e-05
9.87077e-05
9.87078e-05
9.87078e-05
9.87079e-05
9.87079e-05
9.87079e-05
9.87079e-05
9.87079e-05
9.87079e-05
9.87079e-05
9.87079e-05
9.87078e-05
9.87078e-05
9.87077e-05
9.87077e-05
9.87076e-05
9.87075e-05
9.87074e-05
9.87073e-05
9.87072e-05
9.87071e-05
9.8707e-05
9.87069e-05
9.87067e-05
9.87066e-05
9.87064e-05
9.87063e-05
9.87061e-05
9.87059e-05
9.87057e-05
9.87055e-05
9.87053e-05
9.87051e-05
9.87049e-05
9.87047e-05
9.87045e-05
9.87042e-05
9.8704e-05
9.87038e-05
9.87035e-05
9.87032e-05
9.8703e-05
9.87027e-05
9.87024e-05
9.79249e-05
9.7925e-05
9.79252e-05
9.79254e-05
9.79255e-05
9.79257e-05
9.79258e-05
9.79259e-05
9.79261e-05
9.79262e-05
9.79263e-05
9.79264e-05
9.79265e-05
9.79266e-05
9.79266e-05
9.79267e-05
9.79267e-05
9.79268e-05
9.79268e-05
9.79269e-05
9.79269e-05
9.79269e-05
9.79269e-05
9.79269e-05
9.79268e-05
9.79268e-05
9.79268e-05
9.79267e-05
9.79267e-05
9.79266e-05
9.79265e-05
9.79265e-05
9.79264e-05
9.79263e-05
9.79262e-05
9.79261e-05
9.79259e-05
9.79258e-05
9.79257e-05
9.79255e-05
9.79254e-05
9.79252e-05
9.79251e-05
9.79249e-05
9.79247e-05
9.79245e-05
9.79243e-05
9.79241e-05
9.79239e-05
9.79237e-05
9.79235e-05
9.79233e-05
9.79231e-05
9.79228e-05
9.79226e-05
9.79223e-05
9.7922e-05
9.79218e-05
9.79215e-05
9.72121e-05
9.72123e-05
9.72124e-05
9.72126e-05
9.72128e-05
9.72129e-05
9.72131e-05
9.72132e-05
9.72133e-05
9.72134e-05
9.72135e-05
9.72136e-05
9.72137e-05
9.72138e-05
9.72139e-05
9.72139e-05
9.7214e-05
9.7214e-05
9.72141e-05
9.72141e-05
9.72141e-05
9.72141e-05
9.72141e-05
9.72141e-05
9.72141e-05
9.7214e-05
9.7214e-05
9.72139e-05
9.72139e-05
9.72138e-05
9.72138e-05
9.72137e-05
9.72136e-05
9.72135e-05
9.72134e-05
9.72133e-05
9.72132e-05
9.7213e-05
9.72129e-05
9.72128e-05
9.72126e-05
9.72125e-05
9.72123e-05
9.72121e-05
9.7212e-05
9.72118e-05
9.72116e-05
9.72114e-05
9.72112e-05
9.7211e-05
9.72108e-05
9.72106e-05
9.72104e-05
9.72101e-05
9.72099e-05
9.72097e-05
9.72094e-05
9.72091e-05
9.72089e-05
9.65695e-05
9.65697e-05
9.65698e-05
9.657e-05
9.65701e-05
9.65703e-05
9.65704e-05
9.65706e-05
9.65707e-05
9.65708e-05
9.65709e-05
9.6571e-05
9.65711e-05
9.65712e-05
9.65712e-05
9.65713e-05
9.65713e-05
9.65714e-05
9.65714e-05
9.65714e-05
9.65714e-05
9.65714e-05
9.65714e-05
9.65714e-05
9.65714e-05
9.65714e-05
9.65713e-05
9.65713e-05
9.65712e-05
9.65712e-05
9.65711e-05
9.6571e-05
9.65709e-05
9.65708e-05
9.65707e-05
9.65706e-05
9.65705e-05
9.65704e-05
9.65703e-05
9.65701e-05
9.657e-05
9.65698e-05
9.65697e-05
9.65695e-05
9.65694e-05
9.65692e-05
9.6569e-05
9.65688e-05
9.65686e-05
9.65684e-05
9.65682e-05
9.6568e-05
9.65678e-05
9.65676e-05
9.65674e-05
9.65671e-05
9.65669e-05
9.65666e-05
9.65664e-05
9.59991e-05
9.59993e-05
9.59994e-05
9.59996e-05
9.59998e-05
9.59999e-05
9.60001e-05
9.60002e-05
9.60003e-05
9.60004e-05
9.60005e-05
9.60006e-05
9.60007e-05
9.60008e-05
9.60008e-05
9.60009e-05
9.60009e-05
9.6001e-05
9.6001e-05
9.6001e-05
9.6001e-05
9.6001e-05
9.6001e-05
9.6001e-05
9.6001e-05
9.60009e-05
9.60009e-05
9.60008e-05
9.60008e-05
9.60007e-05
9.60007e-05
9.60006e-05
9.60005e-05
9.60004e-05
9.60003e-05
9.60002e-05
9.60001e-05
9.6e-05
9.59999e-05
9.59997e-05
9.59996e-05
9.59994e-05
9.59993e-05
9.59991e-05
9.5999e-05
9.59988e-05
9.59986e-05
9.59985e-05
9.59983e-05
9.59981e-05
9.59979e-05
9.59977e-05
9.59975e-05
9.59973e-05
9.59971e-05
9.59968e-05
9.59966e-05
9.59964e-05
9.59962e-05
9.55034e-05
9.55035e-05
9.55037e-05
9.55039e-05
9.5504e-05
9.55042e-05
9.55043e-05
9.55045e-05
9.55046e-05
9.55047e-05
9.55048e-05
9.55049e-05
9.55049e-05
9.5505e-05
9.55051e-05
9.55051e-05
9.55052e-05
9.55052e-05
9.55052e-05
9.55052e-05
9.55052e-05
9.55052e-05
9.55052e-05
9.55052e-05
9.55052e-05
9.55051e-05
9.55051e-05
9.55051e-05
9.5505e-05
9.55049e-05
9.55049e-05
9.55048e-05
9.55047e-05
9.55046e-05
9.55045e-05
9.55044e-05
9.55043e-05
9.55042e-05
9.55041e-05
9.5504e-05
9.55038e-05
9.55037e-05
9.55036e-05
9.55034e-05
9.55033e-05
9.55031e-05
9.55029e-05
9.55028e-05
9.55026e-05
9.55024e-05
9.55022e-05
9.5502e-05
9.55018e-05
9.55016e-05
9.55014e-05
9.55012e-05
9.5501e-05
9.55008e-05
9.55006e-05
9.5085e-05
9.50852e-05
9.50854e-05
9.50856e-05
9.50857e-05
9.50859e-05
9.5086e-05
9.50861e-05
9.50863e-05
9.50864e-05
9.50864e-05
9.50865e-05
9.50866e-05
9.50866e-05
9.50867e-05
9.50867e-05
9.50868e-05
9.50868e-05
9.50868e-05
9.50868e-05
9.50868e-05
9.50868e-05
9.50868e-05
9.50868e-05
9.50868e-05
9.50868e-05
9.50867e-05
9.50867e-05
9.50866e-05
9.50866e-05
9.50865e-05
9.50864e-05
9.50864e-05
9.50863e-05
9.50862e-05
9.50861e-05
9.5086e-05
9.50859e-05
9.50858e-05
9.50856e-05
9.50855e-05
9.50854e-05
9.50853e-05
9.50851e-05
9.5085e-05
9.50848e-05
9.50847e-05
9.50845e-05
9.50843e-05
9.50841e-05
9.5084e-05
9.50838e-05
9.50836e-05
9.50834e-05
9.50832e-05
9.5083e-05
9.50828e-05
9.50826e-05
9.50824e-05
9.47473e-05
9.47475e-05
9.47477e-05
9.47479e-05
9.4748e-05
9.47482e-05
9.47483e-05
9.47484e-05
9.47485e-05
9.47486e-05
9.47487e-05
9.47488e-05
9.47488e-05
9.47489e-05
9.47489e-05
9.4749e-05
9.4749e-05
9.4749e-05
9.4749e-05
9.47491e-05
9.47491e-05
9.47491e-05
9.4749e-05
9.4749e-05
9.4749e-05
9.4749e-05
9.47489e-05
9.47489e-05
9.47489e-05
9.47488e-05
9.47487e-05
9.47487e-05
9.47486e-05
9.47485e-05
9.47484e-05
9.47483e-05
9.47483e-05
9.47481e-05
9.4748e-05
9.47479e-05
9.47478e-05
9.47477e-05
9.47476e-05
9.47474e-05
9.47473e-05
9.47471e-05
9.4747e-05
9.47468e-05
9.47467e-05
9.47465e-05
9.47463e-05
9.47462e-05
9.4746e-05
9.47458e-05
9.47456e-05
9.47454e-05
9.47452e-05
9.4745e-05
9.47448e-05
9.4494e-05
9.44942e-05
9.44943e-05
9.44945e-05
9.44946e-05
9.44948e-05
9.44949e-05
9.4495e-05
9.44951e-05
9.44951e-05
9.44952e-05
9.44953e-05
9.44953e-05
9.44954e-05
9.44954e-05
9.44955e-05
9.44955e-05
9.44955e-05
9.44956e-05
9.44956e-05
9.44956e-05
9.44956e-05
9.44956e-05
9.44956e-05
9.44955e-05
9.44955e-05
9.44955e-05
9.44955e-05
9.44954e-05
9.44954e-05
9.44953e-05
9.44952e-05
9.44952e-05
9.44951e-05
9.4495e-05
9.44949e-05
9.44948e-05
9.44948e-05
9.44947e-05
9.44945e-05
9.44944e-05
9.44943e-05
9.44942e-05
9.44941e-05
9.44939e-05
9.44938e-05
9.44937e-05
9.44935e-05
9.44934e-05
9.44932e-05
9.4493e-05
9.44929e-05
9.44927e-05
9.44925e-05
9.44923e-05
9.44922e-05
9.4492e-05
9.44918e-05
9.44916e-05
9.43292e-05
9.43294e-05
9.43295e-05
9.43297e-05
9.43298e-05
9.43299e-05
9.433e-05
9.43301e-05
9.43302e-05
9.43303e-05
9.43304e-05
9.43304e-05
9.43305e-05
9.43305e-05
9.43306e-05
9.43306e-05
9.43306e-05
9.43307e-05
9.43307e-05
9.43307e-05
9.43307e-05
9.43307e-05
9.43307e-05
9.43307e-05
9.43307e-05
9.43307e-05
9.43307e-05
9.43306e-05
9.43306e-05
9.43305e-05
9.43305e-05
9.43304e-05
9.43304e-05
9.43303e-05
9.43302e-05
9.43302e-05
9.43301e-05
9.433e-05
9.43299e-05
9.43298e-05
9.43297e-05
9.43296e-05
9.43295e-05
9.43293e-05
9.43292e-05
9.43291e-05
9.43289e-05
9.43288e-05
9.43287e-05
9.43285e-05
9.43284e-05
9.43282e-05
9.4328e-05
9.43279e-05
9.43277e-05
9.43275e-05
9.43273e-05
9.43271e-05
9.4327e-05
9.42581e-05
9.42582e-05
9.42583e-05
9.42584e-05
9.42585e-05
9.42586e-05
9.42587e-05
9.42588e-05
9.42589e-05
9.4259e-05
9.42591e-05
9.42591e-05
9.42592e-05
9.42592e-05
9.42593e-05
9.42593e-05
9.42594e-05
9.42594e-05
9.42594e-05
9.42594e-05
9.42595e-05
9.42595e-05
9.42595e-05
9.42595e-05
9.42595e-05
9.42594e-05
9.42594e-05
9.42594e-05
9.42594e-05
9.42593e-05
9.42593e-05
9.42592e-05
9.42592e-05
9.42591e-05
9.4259e-05
9.4259e-05
9.42589e-05
9.42588e-05
9.42587e-05
9.42586e-05
9.42585e-05
9.42584e-05
9.42583e-05
9.42582e-05
9.42581e-05
9.4258e-05
9.42578e-05
9.42577e-05
9.42576e-05
9.42574e-05
9.42573e-05
9.42571e-05
9.42569e-05
9.42568e-05
9.42566e-05
9.42564e-05
9.42563e-05
9.42561e-05
9.42559e-05
)
;

boundaryField
{
    bottomWall
    {
        type            fixedValue;
        value           nonuniform 0();
    }
    topWall
    {
        type            fixedValue;
        value           nonuniform 0();
    }
    sides1_half0
    {
        type            cyclic;
    }
    sides1_half1
    {
        type            cyclic;
    }
    sides2_half0
    {
        type            cyclic;
    }
    sides2_half1
    {
        type            cyclic;
    }
    inout1_half0
    {
        type            cyclic;
    }
    inout1_half1
    {
        type            cyclic;
    }
    inout2_half0
    {
        type            cyclic;
    }
    inout2_half1
    {
        type            cyclic;
    }
    procBoundary4to2
    {
        type            processor;
        value           nonuniform List<scalar> 
59
(
9.42858e-05
9.42859e-05
9.4286e-05
9.42861e-05
9.42862e-05
9.42863e-05
9.42864e-05
9.42865e-05
9.42866e-05
9.42866e-05
9.42867e-05
9.42868e-05
9.42869e-05
9.42869e-05
9.4287e-05
9.4287e-05
9.4287e-05
9.42871e-05
9.42871e-05
9.42871e-05
9.42872e-05
9.42872e-05
9.42872e-05
9.42872e-05
9.42872e-05
9.42872e-05
9.42871e-05
9.42871e-05
9.42871e-05
9.42871e-05
9.4287e-05
9.4287e-05
9.42869e-05
9.42869e-05
9.42868e-05
9.42867e-05
9.42867e-05
9.42866e-05
9.42865e-05
9.42864e-05
9.42863e-05
9.42862e-05
9.42861e-05
9.4286e-05
9.42859e-05
9.42858e-05
9.42856e-05
9.42855e-05
9.42854e-05
9.42852e-05
9.42851e-05
9.42849e-05
9.42848e-05
9.42846e-05
9.42845e-05
9.42843e-05
9.42841e-05
9.4284e-05
9.42838e-05
)
;
    }
    procBoundary4to3
    {
        type            processor;
        value           nonuniform List<scalar> 
63
(
0.000183082
0.000183081
0.000183081
0.000183081
0.000183081
0.00018308
0.00018308
0.00018308
0.00018308
0.000183079
0.000183079
0.000183079
0.000183079
0.000183078
0.000183078
0.000183078
0.000183078
0.000183077
0.000183077
0.000183077
0.000183077
0.000183076
0.000183076
0.000183076
0.000183076
0.000183075
0.000183075
0.000183075
0.000183074
0.000183074
0.000183074
0.000183073
0.000183073
0.000183073
0.000183072
0.000183072
0.000183071
0.000183071
0.0001826
0.0001826
0.0001826
0.000182589
0.000182589
0.000182589
0.000182022
0.000182022
0.000182022
0.000182012
0.000182012
0.000182011
0.000182011
0.000182011
0.000182011
0.00018201
0.00018201
0.00018201
0.00018201
0.00018201
0.00018201
0.000182009
0.000182009
0.000182009
0.000182009
)
;
    }
    procBoundary4to5
    {
        type            processor;
        value           nonuniform List<scalar> 
132
(
0.000181356
0.000181342
0.000180605
0.000180592
0.000179775
0.000179761
0.000178868
0.000178854
0.000177889
0.000177875
0.00017684
0.000176826
0.000175724
0.000175711
0.000174544
0.000174531
0.000173302
0.00017329
0.000172001
0.000171989
0.000170643
0.000170631
0.000169231
0.000169219
0.000167766
0.000167755
0.000166251
0.00016624
0.000164688
0.000164678
0.00016308
0.000163071
0.00016143
0.000161422
0.00015974
0.000159732
0.000158014
0.000158006
0.000156253
0.000156246
0.000154461
0.000154455
0.000152642
0.000152636
0.000150799
0.000150793
0.000148934
0.000148928
0.000147052
0.000147047
0.000145157
0.000145151
0.000143251
0.000143246
0.000141339
0.000141334
0.000139425
0.00013942
0.000137512
0.000137507
0.000135603
0.000135599
0.000133704
0.0001337
0.000131817
0.000131813
0.000129947
0.000129942
0.000128096
0.000128092
0.000126269
0.000126264
0.000124468
0.000124464
0.000122697
0.000122693
0.000120959
0.000120955
0.000119257
0.000119253
0.000117594
0.000117589
0.000115971
0.000115967
0.000114393
0.000114388
0.00011286
0.000112856
0.000111375
0.000111371
0.000109941
0.000109937
0.000108558
0.000108554
0.000107229
0.000107225
0.000105956
0.000105952
0.000104739
0.000104735
0.00010358
0.000103576
0.000102481
0.000102477
0.000101442
0.000101438
0.000100466
0.000100462
9.95534e-05
9.95498e-05
9.87058e-05
9.87024e-05
9.79248e-05
9.79215e-05
9.7212e-05
9.72089e-05
9.65694e-05
9.65664e-05
9.5999e-05
9.59962e-05
9.55032e-05
9.55006e-05
9.50849e-05
9.50824e-05
9.47472e-05
9.47449e-05
9.44938e-05
9.44916e-05
9.4329e-05
9.4327e-05
9.42579e-05
9.42559e-05
)
;
    }
}


// ************************************************************************* //
