/*--------------------------------*- C++ -*----------------------------------*\
  =========                 |
  \\      /  F ield         | OpenFOAM: The Open Source CFD Toolbox
   \\    /   O peration     | Website:  https://openfoam.org
    \\  /    A nd           | Version:  7
     \\/     M anipulation  |
\*---------------------------------------------------------------------------*/
FoamFile
{
    version     2.0;
    format      ascii;
    class       volScalarField;
    location    "17000";
    object      nut;
}
// * * * * * * * * * * * * * * * * * * * * * * * * * * * * * * * * * * * * * //

dimensions      [0 2 -1 0 0 0 0];

internalField   nonuniform List<scalar> 
3974
(
0.000270356
0.000270352
0.00027035
0.000270348
0.000270346
0.000270343
0.000270341
0.000270339
0.000270338
0.000270336
0.000270334
0.000270332
0.000270331
0.000270329
0.000270328
0.000270327
0.000270325
0.000270324
0.000270323
0.000270321
0.00027032
0.000270319
0.000270318
0.000270317
0.000270315
0.000270314
0.000270313
0.000270312
0.000270311
0.00027031
0.000270309
0.000270308
0.000270307
0.000270306
0.000270305
0.000270304
0.000270303
0.000270302
0.000284614
0.000284613
0.000284625
0.000284628
0.000284629
0.000284629
0.000284628
0.000284627
0.000284625
0.000284624
0.000284622
0.000284621
0.000284619
0.000284618
0.000284616
0.000284615
0.000284614
0.000284612
0.000284611
0.00028461
0.000284608
0.000284607
0.000284606
0.000284605
0.000284603
0.000284602
0.000284601
0.0002846
0.000284598
0.000284597
0.000284596
0.000284595
0.000284594
0.000284593
0.000284591
0.00028459
0.000284589
0.000284588
0.000284587
0.000284587
0.000284563
0.000284556
0.000299256
0.000299256
0.000299268
0.000299272
0.000299281
0.000299287
0.000299291
0.000299292
0.000299293
0.000299293
0.000299292
0.000299291
0.00029929
0.000299289
0.000299288
0.000299287
0.000299285
0.000299284
0.000299283
0.000299282
0.00029928
0.000299279
0.000299278
0.000299277
0.000299275
0.000299274
0.000299273
0.000299271
0.00029927
0.000299269
0.000299267
0.000299266
0.000299265
0.000299263
0.000299262
0.000299261
0.00029926
0.000299258
0.000299257
0.000299256
0.000299254
0.000299255
0.000299241
0.000299233
0.000299206
0.0002992
0.000299201
0.000299203
0.000299205
0.000299207
0.000299209
0.000299211
0.000299212
0.000299214
0.000299216
0.000299217
0.000299218
0.000299219
0.000299222
0.000314324
0.000314323
0.000314331
0.000314338
0.000314346
0.000314353
0.000314358
0.000314361
0.000314363
0.000314364
0.000314364
0.000314364
0.000314363
0.000314363
0.000314362
0.000314361
0.00031436
0.000314359
0.000314358
0.000314356
0.000314355
0.000314354
0.000314353
0.000314351
0.00031435
0.000314349
0.000314347
0.000314346
0.000314344
0.000314343
0.000314342
0.00031434
0.000314339
0.000314337
0.000314336
0.000314334
0.000314333
0.000314332
0.00031433
0.000314329
0.000314327
0.000314327
0.000314319
0.000314312
0.000314295
0.000314283
0.000314279
0.000314278
0.000314278
0.000314279
0.00031428
0.000314281
0.000314282
0.000314283
0.000314284
0.000314285
0.000314286
0.000314287
0.00031429
0.000329825
0.000329823
0.000329828
0.000329834
0.000329841
0.000329848
0.000329854
0.000329858
0.000329861
0.000329863
0.000329865
0.000329865
0.000329865
0.000329865
0.000329864
0.000329864
0.000329863
0.000329862
0.000329861
0.00032986
0.000329859
0.000329858
0.000329857
0.000329855
0.000329854
0.000329852
0.000329851
0.000329849
0.000329848
0.000329846
0.000329845
0.000329843
0.000329842
0.00032984
0.000329839
0.000329837
0.000329835
0.000329834
0.000329832
0.00032983
0.000329829
0.000329828
0.000329823
0.000329818
0.000329806
0.000329795
0.000329788
0.000329784
0.000329782
0.000329781
0.000329781
0.000329781
0.000329782
0.000329782
0.000329782
0.000329783
0.000329784
0.000329784
0.000329787
0.000345782
0.000345779
0.000345782
0.000345788
0.000345794
0.000345801
0.000345807
0.000345812
0.000345815
0.000345818
0.00034582
0.000345821
0.000345822
0.000345822
0.000345822
0.000345821
0.000345821
0.00034582
0.00034582
0.000345819
0.000345818
0.000345816
0.000345815
0.000345814
0.000345812
0.000345811
0.000345809
0.000345808
0.000345806
0.000345805
0.000345803
0.000345801
0.000345799
0.000345798
0.000345796
0.000345794
0.000345792
0.00034579
0.000345789
0.000345787
0.000345785
0.000345783
0.00034578
0.000345776
0.000345768
0.000345758
0.00034575
0.000345745
0.000345741
0.000345739
0.000345738
0.000345737
0.000345736
0.000345736
0.000345736
0.000345736
0.000345736
0.000345735
0.000345738
0.000362222
0.000362219
0.000362221
0.000362226
0.000362231
0.000362237
0.000362243
0.000362248
0.000362252
0.000362255
0.000362258
0.00036226
0.000362261
0.000362261
0.000362261
0.000362261
0.000362261
0.000362261
0.00036226
0.000362259
0.000362258
0.000362257
0.000362256
0.000362255
0.000362253
0.000362252
0.00036225
0.000362248
0.000362247
0.000362245
0.000362243
0.000362241
0.000362239
0.000362237
0.000362235
0.000362233
0.000362231
0.000362229
0.000362227
0.000362225
0.000362223
0.000362221
0.000362218
0.000362215
0.000362209
0.000362201
0.000362194
0.000362187
0.000362182
0.000362179
0.000362176
0.000362175
0.000362173
0.000362172
0.000362171
0.00036217
0.00036217
0.000362169
0.00036217
0.000379175
0.000379172
0.000379173
0.000379177
0.000379181
0.000379186
0.000379192
0.000379197
0.000379201
0.000379205
0.000379208
0.00037921
0.000379212
0.000379212
0.000379213
0.000379213
0.000379213
0.000379213
0.000379212
0.000379212
0.000379211
0.00037921
0.000379208
0.000379207
0.000379206
0.000379204
0.000379202
0.0003792
0.000379198
0.000379196
0.000379194
0.000379192
0.00037919
0.000379188
0.000379186
0.000379184
0.000379181
0.000379179
0.000379177
0.000379175
0.000379172
0.00037917
0.000379167
0.000379164
0.00037916
0.000379153
0.000379146
0.00037914
0.000379134
0.00037913
0.000379126
0.000379124
0.000379121
0.000379119
0.000379118
0.000379116
0.000379115
0.000379114
0.000379114
0.00039667
0.000396668
0.000396669
0.000396672
0.000396676
0.000396681
0.000396685
0.00039669
0.000396694
0.000396698
0.000396701
0.000396704
0.000396706
0.000396707
0.000396707
0.000396708
0.000396708
0.000396708
0.000396708
0.000396707
0.000396706
0.000396705
0.000396704
0.000396702
0.000396701
0.000396699
0.000396697
0.000396695
0.000396693
0.000396691
0.000396689
0.000396686
0.000396684
0.000396682
0.000396679
0.000396677
0.000396674
0.000396672
0.000396669
0.000396667
0.000396664
0.000396661
0.000396658
0.000396655
0.000396651
0.000396646
0.00039664
0.000396634
0.000396628
0.000396623
0.000396619
0.000396615
0.000396612
0.000396609
0.000396606
0.000396604
0.000396602
0.0003966
0.000396599
0.000414742
0.000414741
0.000414743
0.000414745
0.000414748
0.000414752
0.000414756
0.000414761
0.000414765
0.000414769
0.000414772
0.000414774
0.000414776
0.000414777
0.000414778
0.000414779
0.000414779
0.000414779
0.000414779
0.000414778
0.000414778
0.000414776
0.000414775
0.000414774
0.000414772
0.00041477
0.000414768
0.000414766
0.000414764
0.000414761
0.000414759
0.000414756
0.000414754
0.000414751
0.000414748
0.000414746
0.000414743
0.00041474
0.000414737
0.000414734
0.000414731
0.000414728
0.000414725
0.000414722
0.000414718
0.000414713
0.000414708
0.000414702
0.000414696
0.000414691
0.000414686
0.000414681
0.000414677
0.000414674
0.00041467
0.000414668
0.000414665
0.000414662
0.000414659
0.000433425
0.000433427
0.000433428
0.00043343
0.000433433
0.000433436
0.00043344
0.000433444
0.000433448
0.000433451
0.000433454
0.000433457
0.000433459
0.00043346
0.000433461
0.000433462
0.000433462
0.000433462
0.000433462
0.000433461
0.00043346
0.000433459
0.000433458
0.000433456
0.000433454
0.000433452
0.00043345
0.000433448
0.000433445
0.000433443
0.00043344
0.000433437
0.000433434
0.000433432
0.000433429
0.000433425
0.000433422
0.000433419
0.000433416
0.000433413
0.000433409
0.000433406
0.000433402
0.000433399
0.000433395
0.00043339
0.000433385
0.00043338
0.000433374
0.000433368
0.000433363
0.000433358
0.000433353
0.000433349
0.000433345
0.000433341
0.000433337
0.000433335
0.000433329
0.000452757
0.000452761
0.000452763
0.000452765
0.000452767
0.00045277
0.000452774
0.000452777
0.000452781
0.000452784
0.000452786
0.000452789
0.000452791
0.000452792
0.000452793
0.000452793
0.000452794
0.000452794
0.000452794
0.000452793
0.000452792
0.000452791
0.000452789
0.000452788
0.000452785
0.000452783
0.000452781
0.000452778
0.000452775
0.000452773
0.00045277
0.000452766
0.000452763
0.00045276
0.000452757
0.000452753
0.00045275
0.000452746
0.000452742
0.000452739
0.000452735
0.000452731
0.000452727
0.000452723
0.000452719
0.000452715
0.00045271
0.000452704
0.000452698
0.000452692
0.000452687
0.000452681
0.000452676
0.000452671
0.000452666
0.000452662
0.000452657
0.000452654
0.000452647
0.000472777
0.000472783
0.000472786
0.000472788
0.000472791
0.000472793
0.000472796
0.000472799
0.000472802
0.000472805
0.000472807
0.000472809
0.000472811
0.000472812
0.000472813
0.000472813
0.000472814
0.000472814
0.000472813
0.000472813
0.000472811
0.00047281
0.000472808
0.000472806
0.000472804
0.000472802
0.000472799
0.000472796
0.000472793
0.00047279
0.000472786
0.000472783
0.000472779
0.000472776
0.000472772
0.000472768
0.000472764
0.00047276
0.000472756
0.000472752
0.000472748
0.000472743
0.000472739
0.000472735
0.00047273
0.000472725
0.00047272
0.000472715
0.000472709
0.000472703
0.000472697
0.000472691
0.000472685
0.000472679
0.000472674
0.000472669
0.000472663
0.00047266
0.00047265
0.000493527
0.000493536
0.000493539
0.000493541
0.000493544
0.000493546
0.000493549
0.000493552
0.000493554
0.000493556
0.000493558
0.00049356
0.000493561
0.000493562
0.000493563
0.000493563
0.000493563
0.000493563
0.000493562
0.000493561
0.00049356
0.000493559
0.000493557
0.000493554
0.000493552
0.000493549
0.000493546
0.000493543
0.000493539
0.000493536
0.000493532
0.000493528
0.000493524
0.00049352
0.000493516
0.000493512
0.000493507
0.000493503
0.000493498
0.000493494
0.000493489
0.000493484
0.000493479
0.000493474
0.000493469
0.000493464
0.000493458
0.000493453
0.000493447
0.00049344
0.000493434
0.000493427
0.000493421
0.000493415
0.000493409
0.000493403
0.000493397
0.000493393
0.00049338
0.00051505
0.000515061
0.000515065
0.000515068
0.00051507
0.000515072
0.000515075
0.000515077
0.000515079
0.000515081
0.000515083
0.000515084
0.000515085
0.000515086
0.000515086
0.000515086
0.000515086
0.000515085
0.000515084
0.000515083
0.000515081
0.00051508
0.000515077
0.000515075
0.000515072
0.000515069
0.000515065
0.000515062
0.000515058
0.000515054
0.00051505
0.000515045
0.000515041
0.000515036
0.000515032
0.000515027
0.000515022
0.000515017
0.000515012
0.000515007
0.000515001
0.000514996
0.00051499
0.000514985
0.000514979
0.000514973
0.000514968
0.000514961
0.000514955
0.000514948
0.000514941
0.000514935
0.000514928
0.000514921
0.000514914
0.000514907
0.000514901
0.000514896
0.000514881
0.00053739
0.000537405
0.00053741
0.000537413
0.000537415
0.000537417
0.00053742
0.000537422
0.000537424
0.000537425
0.000537426
0.000537427
0.000537427
0.000537428
0.000537427
0.000537427
0.000537426
0.000537426
0.000537424
0.000537423
0.000537421
0.000537419
0.000537416
0.000537413
0.00053741
0.000537406
0.000537402
0.000537398
0.000537394
0.000537389
0.000537385
0.00053738
0.000537375
0.00053737
0.000537365
0.000537359
0.000537354
0.000537348
0.000537342
0.000537336
0.000537331
0.000537324
0.000537318
0.000537312
0.000537306
0.0005373
0.000537293
0.000537286
0.000537279
0.000537272
0.000537265
0.000537258
0.00053725
0.000537243
0.000537235
0.000537228
0.00053722
0.000537215
0.000537197
0.000560597
0.000560616
0.000560621
0.000560624
0.000560626
0.000560629
0.000560631
0.000560633
0.000560634
0.000560635
0.000560636
0.000560636
0.000560636
0.000560636
0.000560635
0.000560634
0.000560633
0.000560632
0.00056063
0.000560628
0.000560626
0.000560623
0.00056062
0.000560617
0.000560613
0.000560609
0.000560604
0.0005606
0.000560595
0.00056059
0.000560585
0.000560579
0.000560574
0.000560568
0.000560562
0.000560556
0.00056055
0.000560544
0.000560537
0.000560531
0.000560524
0.000560517
0.00056051
0.000560503
0.000560496
0.000560489
0.000560482
0.000560475
0.000560467
0.00056046
0.000560452
0.000560444
0.000560436
0.000560427
0.000560419
0.000560411
0.000560403
0.000560397
0.000560376
0.000584719
0.000584742
0.000584749
0.000584752
0.000584754
0.000584756
0.000584758
0.000584759
0.00058476
0.000584761
0.000584761
0.000584761
0.000584761
0.00058476
0.000584759
0.000584757
0.000584756
0.000584754
0.000584752
0.000584749
0.000584746
0.000584743
0.000584739
0.000584735
0.000584731
0.000584726
0.000584721
0.000584716
0.000584711
0.000584705
0.000584699
0.000584693
0.000584687
0.00058468
0.000584674
0.000584667
0.00058466
0.000584653
0.000584646
0.000584639
0.000584631
0.000584624
0.000584616
0.000584608
0.0005846
0.000584593
0.000584585
0.000584577
0.000584568
0.00058456
0.000584552
0.000584543
0.000584534
0.000584525
0.000584516
0.000584507
0.000584498
0.000584492
0.000584467
0.000609808
0.000609836
0.000609843
0.000609847
0.000609849
0.000609851
0.000609853
0.000609854
0.000609854
0.000609855
0.000609854
0.000609854
0.000609852
0.000609851
0.000609849
0.000609847
0.000609845
0.000609843
0.00060984
0.000609837
0.000609833
0.000609829
0.000609825
0.00060982
0.000609815
0.00060981
0.000609804
0.000609798
0.000609792
0.000609786
0.000609779
0.000609772
0.000609765
0.000609758
0.000609751
0.000609743
0.000609736
0.000609728
0.00060972
0.000609712
0.000609703
0.000609695
0.000609686
0.000609678
0.000609669
0.00060966
0.000609652
0.000609643
0.000609634
0.000609625
0.000609615
0.000609606
0.000609596
0.000609586
0.000609576
0.000609567
0.000609556
0.00060955
0.000609521
0.000635917
0.00063595
0.000635959
0.000635963
0.000635965
0.000635967
0.000635968
0.000635969
0.000635969
0.000635969
0.000635968
0.000635967
0.000635965
0.000635963
0.000635961
0.000635958
0.000635955
0.000635952
0.000635949
0.000635945
0.000635941
0.000635936
0.000635931
0.000635925
0.00063592
0.000635913
0.000635907
0.0006359
0.000635893
0.000635886
0.000635879
0.000635871
0.000635863
0.000635855
0.000635847
0.000635838
0.00063583
0.000635821
0.000635812
0.000635803
0.000635794
0.000635785
0.000635775
0.000635766
0.000635756
0.000635746
0.000635737
0.000635727
0.000635717
0.000635707
0.000635697
0.000635686
0.000635675
0.000635665
0.000635654
0.000635644
0.000635632
0.000635626
0.000635593
0.000663103
0.000663142
0.000663152
0.000663155
0.000663157
0.000663159
0.00066316
0.000663161
0.00066316
0.00066316
0.000663158
0.000663156
0.000663154
0.000663151
0.000663148
0.000663145
0.000663141
0.000663137
0.000663133
0.000663128
0.000663123
0.000663118
0.000663112
0.000663106
0.000663099
0.000663092
0.000663084
0.000663077
0.000663069
0.000663061
0.000663053
0.000663044
0.000663035
0.000663026
0.000663017
0.000663008
0.000662998
0.000662988
0.000662979
0.000662969
0.000662958
0.000662948
0.000662938
0.000662927
0.000662916
0.000662905
0.000662895
0.000662884
0.000662873
0.000662862
0.000662851
0.000662839
0.000662827
0.000662816
0.000662804
0.000662792
0.00066278
0.000662773
0.000662736
0.000691421
0.000691466
0.000691478
0.000691482
0.000691484
0.000691485
0.000691486
0.000691486
0.000691485
0.000691484
0.000691482
0.000691479
0.000691476
0.000691473
0.000691469
0.000691465
0.00069146
0.000691455
0.00069145
0.000691445
0.000691439
0.000691432
0.000691425
0.000691418
0.00069141
0.000691402
0.000691394
0.000691385
0.000691377
0.000691368
0.000691358
0.000691349
0.000691339
0.000691329
0.000691318
0.000691308
0.000691297
0.000691287
0.000691276
0.000691264
0.000691253
0.000691242
0.00069123
0.000691218
0.000691207
0.000691195
0.000691183
0.000691171
0.000691159
0.000691147
0.000691134
0.000691122
0.000691109
0.000691096
0.000691083
0.000691071
0.000691057
0.000691049
0.000691008
0.000720931
0.000720983
0.000720996
0.000721
0.000721002
0.000721003
0.000721004
0.000721003
0.000721002
0.000721
0.000720997
0.000720994
0.00072099
0.000720986
0.000720981
0.000720976
0.00072097
0.000720965
0.000720959
0.000720952
0.000720945
0.000720938
0.00072093
0.000720921
0.000720912
0.000720903
0.000720894
0.000720884
0.000720874
0.000720864
0.000720854
0.000720843
0.000720832
0.000720821
0.000720809
0.000720798
0.000720786
0.000720774
0.000720762
0.00072075
0.000720737
0.000720724
0.000720712
0.000720699
0.000720686
0.000720673
0.000720659
0.000720646
0.000720633
0.000720619
0.000720606
0.000720592
0.000720578
0.000720564
0.00072055
0.000720536
0.000720521
0.000720513
0.000720466
0.000751693
0.000751753
0.000751767
0.000751771
0.000751773
0.000751774
0.000751774
0.000751773
0.000751771
0.000751768
0.000751764
0.00075176
0.000751756
0.00075175
0.000751745
0.000751739
0.000751732
0.000751725
0.000751718
0.000751711
0.000751703
0.000751694
0.000751685
0.000751675
0.000751665
0.000751655
0.000751644
0.000751633
0.000751622
0.000751611
0.000751599
0.000751587
0.000751575
0.000751562
0.00075155
0.000751537
0.000751524
0.000751511
0.000751497
0.000751484
0.00075147
0.000751456
0.000751442
0.000751427
0.000751413
0.000751399
0.000751384
0.00075137
0.000751355
0.00075134
0.000751325
0.00075131
0.000751295
0.000751279
0.000751264
0.000751249
0.000751233
0.000751223
0.000751172
0.000783767
0.000783835
0.000783852
0.000783856
0.000783857
0.000783858
0.000783857
0.000783855
0.000783853
0.000783849
0.000783845
0.00078384
0.000783834
0.000783828
0.000783821
0.000783814
0.000783807
0.000783799
0.00078379
0.000783782
0.000783772
0.000783763
0.000783752
0.000783741
0.00078373
0.000783718
0.000783706
0.000783694
0.000783682
0.000783669
0.000783656
0.000783642
0.000783629
0.000783615
0.000783601
0.000783586
0.000783572
0.000783557
0.000783543
0.000783528
0.000783512
0.000783497
0.000783482
0.000783466
0.00078345
0.000783434
0.000783418
0.000783402
0.000783386
0.00078337
0.000783353
0.000783337
0.00078332
0.000783303
0.000783287
0.00078327
0.000783252
0.000783242
0.000783186
0.000817217
0.000817294
0.000817312
0.000817316
0.000817318
0.000817317
0.000817316
0.000817313
0.00081731
0.000817305
0.0008173
0.000817294
0.000817288
0.00081728
0.000817272
0.000817264
0.000817256
0.000817246
0.000817237
0.000817227
0.000817216
0.000817205
0.000817193
0.000817181
0.000817168
0.000817155
0.000817141
0.000817128
0.000817114
0.0008171
0.000817085
0.00081707
0.000817055
0.00081704
0.000817024
0.000817008
0.000816992
0.000816976
0.00081696
0.000816943
0.000816927
0.00081691
0.000816893
0.000816875
0.000816858
0.000816841
0.000816823
0.000816806
0.000816788
0.00081677
0.000816752
0.000816734
0.000816716
0.000816697
0.000816679
0.000816661
0.000816641
0.00081663
0.000816569
0.000852104
0.00085219
0.00085221
0.000852215
0.000852216
0.000852215
0.000852213
0.00085221
0.000852205
0.0008522
0.000852193
0.000852186
0.000852179
0.00085217
0.000852161
0.000852151
0.000852141
0.000852131
0.00085212
0.000852109
0.000852096
0.000852084
0.00085207
0.000852057
0.000852042
0.000852027
0.000852012
0.000851997
0.000851982
0.000851966
0.000851949
0.000851933
0.000851916
0.000851899
0.000851882
0.000851865
0.000851847
0.000851829
0.000851811
0.000851793
0.000851775
0.000851756
0.000851738
0.000851719
0.0008517
0.000851681
0.000851662
0.000851642
0.000851623
0.000851603
0.000851584
0.000851564
0.000851544
0.000851524
0.000851504
0.000851484
0.000851463
0.000851451
0.000851384
0.000888491
0.000888588
0.00088861
0.000888615
0.000888615
0.000888613
0.000888611
0.000888606
0.000888601
0.000888594
0.000888587
0.000888578
0.000888569
0.00088856
0.000888549
0.000888538
0.000888527
0.000888515
0.000888502
0.000888489
0.000888476
0.000888461
0.000888446
0.000888431
0.000888415
0.000888398
0.000888382
0.000888365
0.000888348
0.00088833
0.000888312
0.000888293
0.000888275
0.000888256
0.000888237
0.000888218
0.000888199
0.000888179
0.00088816
0.00088814
0.00088812
0.000888099
0.000888079
0.000888058
0.000888037
0.000888017
0.000887996
0.000887975
0.000887953
0.000887932
0.000887911
0.000887889
0.000887867
0.000887846
0.000887824
0.000887802
0.000887779
0.000887765
0.000887693
0.00092644
0.000926548
0.000926573
0.000926577
0.000926577
0.000926575
0.000926571
0.000926566
0.000926559
0.000926551
0.000926542
0.000926533
0.000926522
0.000926511
0.000926499
0.000926487
0.000926474
0.00092646
0.000926446
0.000926432
0.000926416
0.0009264
0.000926383
0.000926366
0.000926349
0.00092633
0.000926311
0.000926293
0.000926274
0.000926254
0.000926234
0.000926214
0.000926193
0.000926173
0.000926152
0.000926131
0.00092611
0.000926089
0.000926067
0.000926045
0.000926023
0.000926001
0.000925978
0.000925956
0.000925933
0.00092591
0.000925888
0.000925865
0.000925841
0.000925818
0.000925795
0.000925771
0.000925748
0.000925724
0.0009257
0.000925677
0.000925652
0.000925637
0.000925559
0.000966014
0.000966133
0.00096616
0.000966165
0.000966164
0.000966161
0.000966156
0.00096615
0.000966142
0.000966133
0.000966122
0.000966111
0.000966099
0.000966086
0.000966073
0.000966059
0.000966044
0.000966029
0.000966013
0.000965997
0.000965979
0.000965961
0.000965943
0.000965924
0.000965904
0.000965884
0.000965863
0.000965842
0.000965821
0.000965799
0.000965777
0.000965755
0.000965733
0.00096571
0.000965687
0.000965664
0.000965641
0.000965618
0.000965594
0.00096557
0.000965546
0.000965522
0.000965497
0.000965473
0.000965448
0.000965423
0.000965399
0.000965374
0.000965348
0.000965323
0.000965298
0.000965272
0.000965247
0.000965221
0.000965195
0.00096517
0.000965142
0.000965125
0.000965043
0.00100727
0.0010074
0.00100743
0.00100744
0.00100744
0.00100743
0.00100743
0.00100742
0.00100741
0.0010074
0.00100739
0.00100737
0.00100736
0.00100734
0.00100733
0.00100731
0.0010073
0.00100728
0.00100726
0.00100724
0.00100722
0.0010072
0.00100718
0.00100716
0.00100714
0.00100712
0.0010071
0.00100707
0.00100705
0.00100703
0.001007
0.00100698
0.00100695
0.00100693
0.0010069
0.00100688
0.00100685
0.00100683
0.0010068
0.00100678
0.00100675
0.00100672
0.0010067
0.00100667
0.00100664
0.00100662
0.00100659
0.00100656
0.00100653
0.00100651
0.00100648
0.00100645
0.00100642
0.0010064
0.00100637
0.00100634
0.00100631
0.00100629
0.0010062
0.00105027
0.00105042
0.00105045
0.00105045
0.00105045
0.00105044
0.00105044
0.00105043
0.00105042
0.00105041
0.00105039
0.00105038
0.00105036
0.00105034
0.00105033
0.00105031
0.00105029
0.00105027
0.00105025
0.00105023
0.00105021
0.00105019
0.00105017
0.00105014
0.00105012
0.00105009
0.00105007
0.00105004
0.00105002
0.00104999
0.00104996
0.00104994
0.00104991
0.00104988
0.00104986
0.00104983
0.0010498
0.00104977
0.00104975
0.00104972
0.00104969
0.00104966
0.00104963
0.0010496
0.00104957
0.00104954
0.00104952
0.00104949
0.00104946
0.00104943
0.0010494
0.00104937
0.00104934
0.00104931
0.00104928
0.00104925
0.00104921
0.00104919
0.0010491
0.00109507
0.00109523
0.00109526
0.00109527
0.00109526
0.00109526
0.00109525
0.00109524
0.00109522
0.00109521
0.00109519
0.00109518
0.00109516
0.00109514
0.00109512
0.0010951
0.00109508
0.00109506
0.00109504
0.00109502
0.00109499
0.00109497
0.00109494
0.00109492
0.00109489
0.00109486
0.00109483
0.00109481
0.00109478
0.00109475
0.00109472
0.00109469
0.00109466
0.00109463
0.0010946
0.00109457
0.00109454
0.00109451
0.00109448
0.00109445
0.00109442
0.00109439
0.00109436
0.00109433
0.0010943
0.00109426
0.00109423
0.0010942
0.00109417
0.00109414
0.0010941
0.00109407
0.00109404
0.00109401
0.00109397
0.00109394
0.00109391
0.00109389
0.00109379
0.00114171
0.00114188
0.00114192
0.00114193
0.00114192
0.00114191
0.0011419
0.00114189
0.00114188
0.00114186
0.00114184
0.00114182
0.0011418
0.00114178
0.00114176
0.00114174
0.00114172
0.00114169
0.00114167
0.00114164
0.00114162
0.00114159
0.00114156
0.00114153
0.00114151
0.00114148
0.00114145
0.00114142
0.00114139
0.00114135
0.00114132
0.00114129
0.00114126
0.00114123
0.00114119
0.00114116
0.00114113
0.0011411
0.00114106
0.00114103
0.001141
0.00114096
0.00114093
0.0011409
0.00114086
0.00114083
0.00114079
0.00114076
0.00114072
0.00114069
0.00114065
0.00114062
0.00114058
0.00114055
0.00114051
0.00114048
0.00114044
0.00114042
0.00114032
0.00119025
0.00119044
0.00119048
0.00119048
0.00119048
0.00119047
0.00119046
0.00119044
0.00119043
0.00119041
0.00119039
0.00119037
0.00119034
0.00119032
0.0011903
0.00119027
0.00119025
0.00119022
0.00119019
0.00119017
0.00119014
0.00119011
0.00119008
0.00119005
0.00119001
0.00118998
0.00118995
0.00118992
0.00118988
0.00118985
0.00118981
0.00118978
0.00118975
0.00118971
0.00118968
0.00118964
0.00118961
0.00118957
0.00118953
0.0011895
0.00118946
0.00118943
0.00118939
0.00118935
0.00118932
0.00118928
0.00118924
0.00118921
0.00118917
0.00118913
0.00118909
0.00118906
0.00118902
0.00118898
0.00118894
0.00118891
0.00118887
0.00118884
0.00118873
0.00124072
0.00124093
0.00124097
0.00124098
0.00124097
0.00124096
0.00124094
0.00124093
0.00124091
0.00124089
0.00124087
0.00124084
0.00124082
0.00124079
0.00124077
0.00124074
0.00124071
0.00124068
0.00124065
0.00124062
0.00124059
0.00124056
0.00124052
0.00124049
0.00124045
0.00124042
0.00124038
0.00124035
0.00124031
0.00124027
0.00124024
0.0012402
0.00124016
0.00124013
0.00124009
0.00124005
0.00124001
0.00123997
0.00123993
0.0012399
0.00123986
0.00123982
0.00123978
0.00123974
0.0012397
0.00123966
0.00123962
0.00123958
0.00123954
0.0012395
0.00123946
0.00123942
0.00123938
0.00123934
0.0012393
0.00123926
0.00123922
0.00123919
0.00123908
0.00129317
0.00129339
0.00129344
0.00129344
0.00129343
0.00129342
0.0012934
0.00129338
0.00129336
0.00129334
0.00129331
0.00129329
0.00129326
0.00129323
0.0012932
0.00129317
0.00129314
0.00129311
0.00129308
0.00129304
0.00129301
0.00129297
0.00129294
0.0012929
0.00129286
0.00129282
0.00129278
0.00129275
0.00129271
0.00129267
0.00129263
0.00129259
0.00129255
0.0012925
0.00129246
0.00129242
0.00129238
0.00129234
0.0012923
0.00129226
0.00129222
0.00129217
0.00129213
0.00129209
0.00129205
0.001292
0.00129196
0.00129192
0.00129188
0.00129183
0.00129179
0.00129175
0.0012917
0.00129166
0.00129162
0.00129157
0.00129153
0.0012915
0.00129139
0.00134761
0.00134785
0.0013479
0.0013479
0.00134789
0.00134787
0.00134785
0.00134783
0.00134781
0.00134778
0.00134775
0.00134773
0.0013477
0.00134766
0.00134763
0.0013476
0.00134757
0.00134753
0.0013475
0.00134746
0.00134742
0.00134738
0.00134734
0.0013473
0.00134726
0.00134722
0.00134718
0.00134713
0.00134709
0.00134705
0.00134701
0.00134696
0.00134692
0.00134687
0.00134683
0.00134679
0.00134674
0.0013467
0.00134665
0.00134661
0.00134656
0.00134652
0.00134647
0.00134643
0.00134638
0.00134634
0.00134629
0.00134625
0.0013462
0.00134616
0.00134611
0.00134606
0.00134602
0.00134597
0.00134593
0.00134588
0.00134583
0.00134579
0.00134569
0.00140406
0.00140432
0.00140437
0.00140437
0.00140436
0.00140434
0.00140432
0.00140429
0.00140427
0.00140424
0.00140421
0.00140417
0.00140414
0.00140411
0.00140407
0.00140404
0.001404
0.00140396
0.00140392
0.00140388
0.00140384
0.0014038
0.00140375
0.00140371
0.00140367
0.00140362
0.00140358
0.00140353
0.00140348
0.00140344
0.00140339
0.00140334
0.0014033
0.00140325
0.0014032
0.00140316
0.00140311
0.00140306
0.00140301
0.00140297
0.00140292
0.00140287
0.00140282
0.00140277
0.00140273
0.00140268
0.00140263
0.00140258
0.00140253
0.00140248
0.00140243
0.00140238
0.00140234
0.00140229
0.00140224
0.00140219
0.00140214
0.0014021
0.00140199
0.00146252
0.0014628
0.00146286
0.00146286
0.00146284
0.00146282
0.0014628
0.00146277
0.00146274
0.00146271
0.00146267
0.00146264
0.0014626
0.00146257
0.00146253
0.00146249
0.00146245
0.00146241
0.00146236
0.00146232
0.00146227
0.00146223
0.00146218
0.00146213
0.00146209
0.00146204
0.00146199
0.00146194
0.00146189
0.00146184
0.00146179
0.00146174
0.00146169
0.00146164
0.00146159
0.00146154
0.00146149
0.00146144
0.00146139
0.00146133
0.00146128
0.00146123
0.00146118
0.00146113
0.00146108
0.00146103
0.00146097
0.00146092
0.00146087
0.00146082
0.00146077
0.00146072
0.00146066
0.00146061
0.00146056
0.00146051
0.00146045
0.00146041
0.0014603
0.001523
0.0015233
0.00152336
0.00152335
0.00152334
0.00152331
0.00152329
0.00152326
0.00152322
0.00152319
0.00152315
0.00152311
0.00152307
0.00152303
0.00152299
0.00152295
0.0015229
0.00152286
0.00152281
0.00152276
0.00152271
0.00152266
0.00152261
0.00152256
0.00152251
0.00152246
0.00152241
0.00152235
0.0015223
0.00152225
0.00152219
0.00152214
0.00152208
0.00152203
0.00152198
0.00152192
0.00152187
0.00152182
0.00152176
0.00152171
0.00152165
0.0015216
0.00152154
0.00152149
0.00152143
0.00152138
0.00152132
0.00152127
0.00152122
0.00152116
0.00152111
0.00152105
0.00152099
0.00152094
0.00152088
0.00152083
0.00152077
0.00152072
0.00152062
0.00158547
0.00158578
0.00158584
0.00158584
0.00158582
0.00158579
0.00158576
0.00158573
0.00158569
0.00158565
0.00158561
0.00158557
0.00158553
0.00158548
0.00158544
0.00158539
0.00158534
0.00158529
0.00158524
0.00158519
0.00158514
0.00158509
0.00158503
0.00158498
0.00158492
0.00158486
0.00158481
0.00158475
0.00158469
0.00158464
0.00158458
0.00158452
0.00158446
0.00158441
0.00158435
0.00158429
0.00158423
0.00158418
0.00158412
0.00158406
0.001584
0.00158395
0.00158389
0.00158383
0.00158377
0.00158372
0.00158366
0.0015836
0.00158354
0.00158348
0.00158342
0.00158337
0.00158331
0.00158325
0.00158319
0.00158313
0.00158307
0.00158302
0.00158292
0.00164988
0.00165022
0.00165028
0.00165028
0.00165026
0.00165023
0.00165019
0.00165015
0.00165011
0.00165007
0.00165003
0.00164998
0.00164993
0.00164988
0.00164983
0.00164978
0.00164973
0.00164968
0.00164962
0.00164957
0.00164951
0.00164945
0.0016494
0.00164934
0.00164928
0.00164922
0.00164916
0.00164909
0.00164903
0.00164897
0.00164891
0.00164885
0.00164879
0.00164873
0.00164867
0.00164861
0.00164855
0.00164848
0.00164842
0.00164836
0.0016483
0.00164824
0.00164818
0.00164812
0.00164806
0.001648
0.00164793
0.00164787
0.00164781
0.00164775
0.00164769
0.00164763
0.00164757
0.00164751
0.00164744
0.00164738
0.00164732
0.00164726
0.00164717
0.0017162
0.00171656
0.00171662
0.00171661
0.00171659
0.00171655
0.00171652
0.00171647
0.00171643
0.00171638
0.00171633
0.00171628
0.00171623
0.00171618
0.00171612
0.00171607
0.00171601
0.00171596
0.0017159
0.00171584
0.00171578
0.00171571
0.00171565
0.00171559
0.00171552
0.00171546
0.00171539
0.00171533
0.00171526
0.0017152
0.00171514
0.00171507
0.00171501
0.00171494
0.00171488
0.00171481
0.00171475
0.00171468
0.00171462
0.00171455
0.00171449
0.00171442
0.00171436
0.0017143
0.00171423
0.00171417
0.0017141
0.00171404
0.00171397
0.00171391
0.00171384
0.00171378
0.00171372
0.00171365
0.00171359
0.00171352
0.00171346
0.0017134
0.00171331
0.00178433
0.00178471
0.00178478
0.00178477
0.00178474
0.0017847
0.00178466
0.00178461
0.00178456
0.00178451
0.00178446
0.0017844
0.00178435
0.00178429
0.00178423
0.00178417
0.00178411
0.00178405
0.00178399
0.00178392
0.00178386
0.00178379
0.00178373
0.00178366
0.00178359
0.00178352
0.00178345
0.00178338
0.00178331
0.00178324
0.00178317
0.00178311
0.00178304
0.00178297
0.0017829
0.00178283
0.00178276
0.0017827
0.00178263
0.00178256
0.00178249
0.00178242
0.00178236
0.00178229
0.00178222
0.00178215
0.00178209
0.00178202
0.00178195
0.00178188
0.00178182
0.00178175
0.00178168
0.00178161
0.00178155
0.00178148
0.00178141
0.00178134
0.00178127
0.00185419
0.00185459
0.00185466
0.00185465
0.00185461
0.00185457
0.00185452
0.00185447
0.00185442
0.00185436
0.00185431
0.00185425
0.00185419
0.00185412
0.00185406
0.001854
0.00185393
0.00185387
0.0018538
0.00185373
0.00185366
0.00185359
0.00185352
0.00185345
0.00185337
0.0018533
0.00185323
0.00185315
0.00185308
0.00185301
0.00185293
0.00185286
0.00185279
0.00185271
0.00185264
0.00185257
0.0018525
0.00185243
0.00185236
0.00185228
0.00185221
0.00185214
0.00185207
0.001852
0.00185193
0.00185186
0.00185179
0.00185172
0.00185165
0.00185157
0.0018515
0.00185143
0.00185136
0.00185129
0.00185122
0.00185115
0.00185108
0.00185101
0.00185095
0.00192566
0.00192608
0.00192614
0.00192613
0.00192609
0.00192604
0.00192599
0.00192594
0.00192588
0.00192582
0.00192575
0.00192569
0.00192562
0.00192556
0.00192549
0.00192542
0.00192535
0.00192528
0.00192521
0.00192514
0.00192506
0.00192499
0.00192491
0.00192483
0.00192475
0.00192468
0.0019246
0.00192452
0.00192444
0.00192436
0.00192429
0.00192421
0.00192413
0.00192406
0.00192398
0.00192391
0.00192383
0.00192376
0.00192368
0.0019236
0.00192353
0.00192346
0.00192338
0.00192331
0.00192323
0.00192316
0.00192309
0.00192301
0.00192294
0.00192286
0.00192279
0.00192272
0.00192264
0.00192257
0.0019225
0.00192242
0.00192235
0.00192228
0.00192223
0.00199858
0.00199901
0.00199908
0.00199906
0.00199902
0.00199897
0.00199891
0.00199885
0.00199879
0.00199872
0.00199865
0.00199858
0.00199851
0.00199844
0.00199837
0.0019983
0.00199822
0.00199815
0.00199807
0.00199799
0.00199791
0.00199783
0.00199775
0.00199767
0.00199758
0.0019975
0.00199742
0.00199734
0.00199725
0.00199717
0.00199709
0.00199701
0.00199693
0.00199685
0.00199677
0.00199669
0.00199661
0.00199653
0.00199645
0.00199637
0.0019963
0.00199622
0.00199614
0.00199606
0.00199599
0.00199591
0.00199583
0.00199576
0.00199568
0.0019956
0.00199553
0.00199545
0.00199537
0.0019953
0.00199522
0.00199515
0.00199507
0.00199499
0.00199496
0.00207277
0.00207323
0.0020733
0.00207327
0.00207322
0.00207317
0.00207311
0.00207304
0.00207297
0.0020729
0.00207283
0.00207275
0.00207268
0.0020726
0.00207252
0.00207244
0.00207236
0.00207228
0.0020722
0.00207212
0.00207203
0.00207195
0.00207186
0.00207178
0.00207169
0.0020716
0.00207151
0.00207143
0.00207134
0.00207125
0.00207117
0.00207108
0.002071
0.00207091
0.00207083
0.00207075
0.00207066
0.00207058
0.0020705
0.00207042
0.00207034
0.00207025
0.00207017
0.00207009
0.00207001
0.00206993
0.00206985
0.00206977
0.00206969
0.00206961
0.00206954
0.00206946
0.00206938
0.0020693
0.00206922
0.00206914
0.00206907
0.00206898
0.00206897
0.00214804
0.00214851
0.00214858
0.00214855
0.0021485
0.00214843
0.00214837
0.0021483
0.00214822
0.00214814
0.00214807
0.00214799
0.0021479
0.00214782
0.00214774
0.00214766
0.00214757
0.00214749
0.0021474
0.00214731
0.00214722
0.00214713
0.00214704
0.00214695
0.00214686
0.00214676
0.00214667
0.00214658
0.00214649
0.0021464
0.00214631
0.00214622
0.00214613
0.00214604
0.00214595
0.00214587
0.00214578
0.00214569
0.00214561
0.00214552
0.00214544
0.00214535
0.00214527
0.00214519
0.0021451
0.00214502
0.00214494
0.00214485
0.00214477
0.00214469
0.00214461
0.00214453
0.00214445
0.00214437
0.00214428
0.0021442
0.00214412
0.00214404
0.00214404
0.00222413
0.00222462
0.00222469
0.00222465
0.00222459
0.00222453
0.00222445
0.00222437
0.00222429
0.00222421
0.00222413
0.00222404
0.00222395
0.00222387
0.00222378
0.00222369
0.0022236
0.00222351
0.00222342
0.00222332
0.00222323
0.00222313
0.00222304
0.00222294
0.00222284
0.00222275
0.00222265
0.00222255
0.00222246
0.00222236
0.00222227
0.00222217
0.00222208
0.00222199
0.0022219
0.00222181
0.00222172
0.00222163
0.00222154
0.00222145
0.00222136
0.00222127
0.00222119
0.0022211
0.00222101
0.00222093
0.00222084
0.00222076
0.00222067
0.00222059
0.0022205
0.00222042
0.00222034
0.00222025
0.00222017
0.00222009
0.00222001
0.00221991
0.00221994
0.00230076
0.00230128
0.00230134
0.0023013
0.00230124
0.00230116
0.00230108
0.002301
0.00230091
0.00230082
0.00230073
0.00230064
0.00230055
0.00230045
0.00230036
0.00230027
0.00230017
0.00230008
0.00229998
0.00229988
0.00229978
0.00229968
0.00229958
0.00229948
0.00229937
0.00229927
0.00229917
0.00229907
0.00229897
0.00229887
0.00229877
0.00229867
0.00229857
0.00229848
0.00229838
0.00229829
0.00229819
0.0022981
0.00229801
0.00229792
0.00229783
0.00229774
0.00229765
0.00229756
0.00229747
0.00229738
0.00229729
0.0022972
0.00229712
0.00229703
0.00229694
0.00229686
0.00229677
0.00229669
0.0022966
0.00229652
0.00229643
0.00229634
0.00229639
0.00237763
0.00237816
0.00237822
0.00237818
0.0023781
0.00237802
0.00237793
0.00237784
0.00237775
0.00237766
0.00237756
0.00237746
0.00237737
0.00237727
0.00237717
0.00237707
0.00237697
0.00237687
0.00237676
0.00237666
0.00237655
0.00237645
0.00237634
0.00237623
0.00237613
0.00237602
0.00237591
0.00237581
0.0023757
0.0023756
0.00237549
0.00237539
0.00237529
0.00237519
0.00237509
0.00237499
0.00237489
0.0023748
0.0023747
0.00237461
0.00237451
0.00237442
0.00237433
0.00237424
0.00237414
0.00237405
0.00237396
0.00237387
0.00237378
0.0023737
0.00237361
0.00237352
0.00237343
0.00237334
0.00237326
0.00237317
0.00237309
0.00237299
0.00237307
0.00245436
0.00245491
0.00245497
0.00245492
0.00245484
0.00245475
0.00245466
0.00245456
0.00245446
0.00245436
0.00245426
0.00245415
0.00245405
0.00245394
0.00245384
0.00245373
0.00245363
0.00245352
0.00245341
0.0024533
0.00245319
0.00245308
0.00245297
0.00245286
0.00245274
0.00245263
0.00245252
0.00245241
0.0024523
0.00245219
0.00245208
0.00245197
0.00245187
0.00245177
0.00245166
0.00245156
0.00245146
0.00245136
0.00245126
0.00245116
0.00245107
0.00245097
0.00245088
0.00245078
0.00245069
0.00245059
0.0024505
0.00245041
0.00245032
0.00245023
0.00245014
0.00245005
0.00244996
0.00244987
0.00244978
0.00244969
0.00244961
0.00244951
0.00244962
0.00253057
0.00253113
0.00253119
0.00253113
0.00253104
0.00253094
0.00253084
0.00253074
0.00253063
0.00253053
0.00253042
0.00253031
0.0025302
0.00253008
0.00252997
0.00252986
0.00252975
0.00252964
0.00252952
0.00252941
0.00252929
0.00252917
0.00252906
0.00252894
0.00252882
0.0025287
0.00252859
0.00252847
0.00252836
0.00252824
0.00252813
0.00252802
0.00252791
0.0025278
0.0025277
0.00252759
0.00252749
0.00252739
0.00252728
0.00252718
0.00252708
0.00252699
0.00252689
0.00252679
0.00252669
0.0025266
0.00252651
0.00252641
0.00252632
0.00252623
0.00252613
0.00252604
0.00252595
0.00252586
0.00252577
0.00252568
0.0025256
0.00252549
0.00252563
0.00260579
0.00260637
0.00260642
0.00260636
0.00260626
0.00260616
0.00260605
0.00260594
0.00260582
0.00260571
0.00260559
0.00260548
0.00260536
0.00260524
0.00260512
0.00260501
0.00260489
0.00260477
0.00260465
0.00260453
0.00260441
0.00260428
0.00260416
0.00260404
0.00260391
0.00260379
0.00260367
0.00260355
0.00260343
0.00260331
0.0026032
0.00260308
0.00260297
0.00260286
0.00260275
0.00260264
0.00260253
0.00260243
0.00260232
0.00260222
0.00260212
0.00260202
0.00260192
0.00260182
0.00260172
0.00260162
0.00260153
0.00260143
0.00260134
0.00260124
0.00260115
0.00260106
0.00260097
0.00260088
0.00260079
0.0026007
0.00260061
0.0026005
0.00260068
0.00267954
0.00268014
0.00268019
0.00268012
0.00268001
0.0026799
0.00267978
0.00267966
0.00267954
0.00267942
0.0026793
0.00267917
0.00267905
0.00267892
0.0026788
0.00267867
0.00267855
0.00267842
0.0026783
0.00267817
0.00267804
0.00267792
0.00267779
0.00267766
0.00267753
0.0026774
0.00267728
0.00267715
0.00267703
0.00267691
0.00267679
0.00267667
0.00267655
0.00267644
0.00267632
0.00267621
0.0026761
0.00267599
0.00267589
0.00267578
0.00267568
0.00267558
0.00267547
0.00267537
0.00267527
0.00267518
0.00267508
0.00267498
0.00267489
0.00267479
0.0026747
0.0026746
0.00267451
0.00267442
0.00267433
0.00267424
0.00267415
0.00267404
0.00267425
0.00275129
0.00275191
0.00275195
0.00275187
0.00275176
0.00275164
0.00275151
0.00275138
0.00275125
0.00275112
0.00275099
0.00275086
0.00275072
0.00275059
0.00275046
0.00275033
0.0027502
0.00275006
0.00274993
0.0027498
0.00274967
0.00274954
0.0027494
0.00274927
0.00274914
0.002749
0.00274887
0.00274874
0.00274862
0.00274849
0.00274837
0.00274824
0.00274812
0.00274801
0.00274789
0.00274778
0.00274767
0.00274755
0.00274745
0.00274734
0.00274723
0.00274713
0.00274703
0.00274692
0.00274682
0.00274672
0.00274662
0.00274653
0.00274643
0.00274634
0.00274624
0.00274615
0.00274606
0.00274596
0.00274587
0.00274578
0.00274569
0.00274559
0.00274583
0.00282046
0.00282109
0.00282113
0.00282104
0.00282092
0.00282079
0.00282066
0.00282052
0.00282038
0.00282024
0.00282009
0.00281995
0.00281981
0.00281967
0.00281953
0.00281939
0.00281925
0.00281911
0.00281898
0.00281884
0.0028187
0.00281856
0.00281842
0.00281829
0.00281815
0.00281801
0.00281788
0.00281774
0.00281761
0.00281748
0.00281736
0.00281723
0.00281711
0.00281699
0.00281687
0.00281676
0.00281664
0.00281653
0.00281642
0.00281631
0.0028162
0.0028161
0.00281599
0.00281589
0.00281579
0.00281569
0.00281559
0.00281549
0.0028154
0.0028153
0.00281521
0.00281511
0.00281502
0.00281493
0.00281484
0.00281475
0.00281466
0.00281455
0.00281483
0.00288643
0.00288708
0.00288711
0.00288701
0.00288688
0.00288674
0.00288659
0.00288644
0.00288629
0.00288614
0.00288599
0.00288583
0.00288568
0.00288553
0.00288538
0.00288524
0.00288509
0.00288495
0.0028848
0.00288466
0.00288452
0.00288438
0.00288423
0.00288409
0.00288395
0.00288381
0.00288367
0.00288354
0.0028834
0.00288327
0.00288314
0.00288302
0.00288289
0.00288277
0.00288265
0.00288253
0.00288242
0.0028823
0.00288219
0.00288208
0.00288197
0.00288187
0.00288176
0.00288166
0.00288156
0.00288146
0.00288136
0.00288126
0.00288116
0.00288107
0.00288097
0.00288088
0.00288079
0.0028807
0.00288061
0.00288052
0.00288043
0.00288032
0.00288064
0.00294855
0.00294921
0.00294924
0.00294913
0.00294899
0.00294883
0.00294867
0.0029485
0.00294834
0.00294817
0.00294801
0.00294784
0.00294768
0.00294752
0.00294737
0.00294721
0.00294706
0.00294691
0.00294676
0.00294662
0.00294647
0.00294632
0.00294618
0.00294603
0.00294589
0.00294575
0.00294561
0.00294547
0.00294533
0.0029452
0.00294507
0.00294494
0.00294481
0.00294469
0.00294457
0.00294445
0.00294434
0.00294422
0.00294411
0.002944
0.00294389
0.00294379
0.00294368
0.00294358
0.00294348
0.00294338
0.00294328
0.00294318
0.00294309
0.00294299
0.0029429
0.0029428
0.00294271
0.00294262
0.00294254
0.00294245
0.00294236
0.00294226
0.0029426
0.00300614
0.00300681
0.00300683
0.00300671
0.00300654
0.00300637
0.00300619
0.00300601
0.00300582
0.00300564
0.00300547
0.00300529
0.00300512
0.00300495
0.00300479
0.00300463
0.00300447
0.00300432
0.00300417
0.00300402
0.00300387
0.00300372
0.00300357
0.00300343
0.00300328
0.00300314
0.003003
0.00300286
0.00300272
0.00300259
0.00300246
0.00300233
0.0030022
0.00300208
0.00300196
0.00300184
0.00300172
0.00300161
0.0030015
0.00300139
0.00300128
0.00300118
0.00300107
0.00300097
0.00300087
0.00300077
0.00300067
0.00300058
0.00300048
0.00300039
0.0030003
0.00300021
0.00300012
0.00300003
0.00299994
0.00299986
0.00299977
0.00299967
0.00300005
0.00305849
0.00305917
0.00305918
0.00305903
0.00305884
0.00305864
0.00305844
0.00305823
0.00305804
0.00305784
0.00305765
0.00305747
0.00305729
0.00305712
0.00305695
0.00305679
0.00305663
0.00305647
0.00305631
0.00305616
0.00305601
0.00305586
0.00305572
0.00305557
0.00305543
0.00305528
0.00305514
0.00305501
0.00305487
0.00305474
0.0030546
0.00305448
0.00305435
0.00305423
0.00305411
0.00305399
0.00305388
0.00305377
0.00305366
0.00305355
0.00305344
0.00305334
0.00305323
0.00305313
0.00305304
0.00305294
0.00305284
0.00305275
0.00305266
0.00305256
0.00305247
0.00305239
0.0030523
0.00305221
0.00305213
0.00305204
0.00305196
0.00305186
0.00305228
0.0031049
0.00310558
0.00310556
0.00310537
0.00310515
0.00310492
0.00310468
0.00310446
0.00310425
0.00310404
0.00310384
0.00310365
0.00310347
0.0031033
0.00310313
0.00310296
0.0031028
0.00310265
0.00310249
0.00310234
0.00310219
0.00310205
0.0031019
0.00310176
0.00310162
0.00310148
0.00310134
0.0031012
0.00310107
0.00310094
0.00310081
0.00310068
0.00310056
0.00310044
0.00310032
0.00310021
0.0031001
0.00309999
0.00309988
0.00309977
0.00309967
0.00309957
0.00309947
0.00309937
0.00309927
0.00309918
0.00309908
0.00309899
0.0030989
0.00309881
0.00309873
0.00309864
0.00309855
0.00309847
0.00309839
0.00309831
0.00309823
0.00309813
0.00309858
0.00314466
0.00314531
0.00314523
0.00314499
0.00314471
0.00314445
0.00314419
0.00314396
0.00314373
0.00314352
0.00314332
0.00314314
0.00314296
0.00314278
0.00314262
0.00314245
0.0031423
0.00314215
0.003142
0.00314185
0.00314171
0.00314156
0.00314142
0.00314128
0.00314115
0.00314101
0.00314088
0.00314075
0.00314062
0.00314049
0.00314036
0.00314024
0.00314012
0.00314001
0.00313989
0.00313978
0.00313967
0.00313957
0.00313946
0.00313936
0.00313926
0.00313916
0.00313906
0.00313897
0.00313888
0.00313878
0.00313869
0.00313861
0.00313852
0.00313843
0.00313835
0.00313827
0.00313819
0.00313811
0.00313803
0.00313795
0.00313787
0.00313778
0.00313825
0.00317705
0.00317762
0.00317743
0.00317712
0.0031768
0.00317651
0.00317625
0.00317601
0.0031758
0.00317559
0.0031754
0.00317522
0.00317505
0.00317489
0.00317473
0.00317458
0.00317443
0.00317429
0.00317415
0.00317401
0.00317387
0.00317374
0.0031736
0.00317347
0.00317334
0.00317321
0.00317308
0.00317296
0.00317283
0.00317271
0.00317259
0.00317248
0.00317236
0.00317225
0.00317214
0.00317204
0.00317193
0.00317183
0.00317173
0.00317163
0.00317154
0.00317144
0.00317135
0.00317126
0.00317117
0.00317108
0.003171
0.00317091
0.00317083
0.00317075
0.00317067
0.00317059
0.00317051
0.00317043
0.00317036
0.00317028
0.00317021
0.00317012
0.00317061
0.00320136
0.00320172
0.00320139
0.00320102
0.00320069
0.00320042
0.00320019
0.00319998
0.00319978
0.0031996
0.00319943
0.00319927
0.00319912
0.00319897
0.00319883
0.00319869
0.00319855
0.00319842
0.00319829
0.00319816
0.00319804
0.00319791
0.00319779
0.00319767
0.00319754
0.00319742
0.00319731
0.00319719
0.00319707
0.00319696
0.00319685
0.00319674
0.00319663
0.00319653
0.00319642
0.00319632
0.00319623
0.00319613
0.00319603
0.00319594
0.00319585
0.00319576
0.00319567
0.00319559
0.0031955
0.00319542
0.00319534
0.00319526
0.00319518
0.0031951
0.00319503
0.00319495
0.00319488
0.0031948
0.00319473
0.00319466
0.0031946
0.00319451
0.00319499
0.00321679
0.0032167
0.00321631
0.00321601
0.00321578
0.00321558
0.0032154
0.00321524
0.00321509
0.00321495
0.00321481
0.00321467
0.00321454
0.00321442
0.0032143
0.00321417
0.00321406
0.00321394
0.00321383
0.00321371
0.0032136
0.00321349
0.00321337
0.00321326
0.00321315
0.00321304
0.00321293
0.00321282
0.00321272
0.00321261
0.00321251
0.00321241
0.00321231
0.00321221
0.00321212
0.00321203
0.00321193
0.00321184
0.00321176
0.00321167
0.00321158
0.0032115
0.00321142
0.00321134
0.00321126
0.00321118
0.0032111
0.00321103
0.00321095
0.00321088
0.00321081
0.00321074
0.00321067
0.0032106
0.00321054
0.00321047
0.00321041
0.00321033
0.00321073
)
;

boundaryField
{
    bottomWall
    {
        type            nutUWallFunction;
        Cmu             0.09;
        kappa           0.41;
        E               9.8;
        value           nonuniform 0();
    }
    topWall
    {
        type            nutUWallFunction;
        Cmu             0.09;
        kappa           0.41;
        E               9.8;
        value           nonuniform 0();
    }
    sides1_half0
    {
        type            cyclic;
    }
    sides1_half1
    {
        type            cyclic;
    }
    sides2_half0
    {
        type            cyclic;
    }
    sides2_half1
    {
        type            cyclic;
    }
    inout1_half0
    {
        type            cyclic;
    }
    inout1_half1
    {
        type            cyclic;
    }
    inout2_half0
    {
        type            cyclic;
    }
    inout2_half1
    {
        type            cyclic;
    }
    procBoundary4to2
    {
        type            processor;
        value           nonuniform List<scalar> 
59
(
0.00321704
0.00321771
0.00321793
0.00321794
0.00321788
0.00321779
0.0032177
0.0032176
0.0032175
0.0032174
0.0032173
0.00321719
0.00321709
0.00321699
0.00321689
0.00321679
0.00321669
0.00321659
0.0032165
0.0032164
0.0032163
0.0032162
0.0032161
0.003216
0.0032159
0.0032158
0.0032157
0.00321561
0.00321551
0.00321541
0.00321532
0.00321523
0.00321514
0.00321505
0.00321496
0.00321488
0.00321479
0.00321471
0.00321463
0.00321454
0.00321446
0.00321439
0.00321431
0.00321423
0.00321416
0.00321409
0.00321402
0.00321395
0.00321388
0.00321381
0.00321374
0.00321368
0.00321361
0.00321355
0.00321349
0.00321343
0.00321337
0.0032133
0.00321338
)
;
    }
    procBoundary4to3
    {
        type            processor;
        value           nonuniform List<scalar> 
63
(
0.000256488
0.000256476
0.00025647
0.000256466
0.000256463
0.00025646
0.000256458
0.000256455
0.000256453
0.000256451
0.000256449
0.000256447
0.000256446
0.000256444
0.000256443
0.000256441
0.00025644
0.000256439
0.000256437
0.000256436
0.000256435
0.000256434
0.000256433
0.000256432
0.000256431
0.00025643
0.000256428
0.000256427
0.000256426
0.000256426
0.000256425
0.000256424
0.000256423
0.000256422
0.000256421
0.00025642
0.000256419
0.000256417
0.000270383
0.000270376
0.000270376
0.000270296
0.000270296
0.000270302
0.000284633
0.000284632
0.000284632
0.000284552
0.000284552
0.00028456
0.000284566
0.00028457
0.000284574
0.000284577
0.00028458
0.000284582
0.000284584
0.000284586
0.000284588
0.00028459
0.000284591
0.000284593
0.000284595
)
;
    }
    procBoundary4to5
    {
        type            processor;
        value           nonuniform List<scalar> 
132
(
0.00029927
0.000299209
0.000314342
0.000314273
0.000329842
0.00032977
0.000345797
0.000345723
0.000362234
0.000362159
0.000379182
0.000379106
0.000396671
0.000396597
0.000414737
0.000414663
0.000433412
0.000433341
0.000452735
0.000452667
0.000472744
0.00047268
0.000493482
0.000493422
0.00051499
0.000514937
0.000537316
0.000537268
0.000560504
0.000560464
0.000584607
0.000584575
0.000609674
0.000609651
0.000635759
0.000635746
0.000662918
0.000662916
0.000691206
0.000691217
0.000720684
0.000720708
0.00075141
0.000751449
0.000783446
0.000783501
0.000816854
0.000816926
0.000851696
0.000851786
0.000888034
0.000888144
0.000925931
0.000926063
0.000965448
0.000965603
0.00100665
0.00100682
0.00104958
0.00104979
0.00109431
0.00109454
0.00114088
0.00114114
0.00118934
0.00118964
0.00123974
0.00124006
0.0012921
0.00129245
0.00134645
0.00134684
0.00140281
0.00140323
0.00146118
0.00146164
0.00152156
0.00152206
0.00158393
0.00158446
0.00164825
0.00164882
0.00171445
0.00171506
0.00178248
0.00178313
0.00185224
0.00185292
0.00192359
0.00192431
0.00199639
0.00199716
0.00207048
0.00207128
0.00214563
0.00214647
0.00222161
0.00222249
0.00229813
0.00229905
0.00237488
0.00237584
0.0024515
0.00245251
0.00252759
0.00252864
0.00260271
0.00260379
0.00267635
0.00267748
0.00274799
0.00274917
0.00281705
0.00281828
0.00288291
0.0028842
0.00294493
0.00294627
0.00300242
0.00300381
0.00305469
0.00305612
0.00310102
0.0031025
0.00314072
0.00314223
0.0031731
0.00317461
0.00319749
0.0031989
0.00321324
0.00321432
)
;
    }
}


// ************************************************************************* //
