/*--------------------------------*- C++ -*----------------------------------*\
  =========                 |
  \\      /  F ield         | OpenFOAM: The Open Source CFD Toolbox
   \\    /   O peration     | Website:  https://openfoam.org
    \\  /    A nd           | Version:  7
     \\/     M anipulation  |
\*---------------------------------------------------------------------------*/
FoamFile
{
    version     2.0;
    format      ascii;
    class       volScalarField;
    location    "17500";
    object      omega;
}
// * * * * * * * * * * * * * * * * * * * * * * * * * * * * * * * * * * * * * //

dimensions      [0 0 -1 0 0 0 0];

internalField   nonuniform List<scalar> 
4000
(
0.0265258
0.0265203
0.0265208
0.0265224
0.0265242
0.0265259
0.0265276
0.0265292
0.0265307
0.0265322
0.0265336
0.026535
0.0265363
0.0265376
0.0265389
0.0265401
0.0265413
0.0265426
0.0265438
0.026545
0.0265462
0.0265474
0.0265485
0.0265496
0.0265507
0.0265518
0.0265528
0.0265538
0.0265547
0.0265556
0.0265565
0.0265574
0.0265582
0.026559
0.0265598
0.0265605
0.0265612
0.0265619
0.0265626
0.0265632
0.0265639
0.0265645
0.0265651
0.0265657
0.0265647
0.0265546
0.0265491
0.0265474
0.0265473
0.0265478
0.0265484
0.026549
0.0265497
0.0265503
0.026551
0.0265516
0.0265522
0.0265528
0.0265534
0.026554
0.0265546
0.0265552
0.0265558
0.0265564
0.026557
0.0265576
0.0265582
0.0265588
0.0265594
0.02656
0.0265606
0.0265611
0.0265617
0.0265622
0.0265627
0.0265633
0.0265638
0.0265643
0.0265648
0.0265653
0.0265658
0.0265663
0.0265669
0.0265674
0.0265679
0.0265684
0.0265689
0.0265694
0.0265699
0.0265704
0.0265709
0.0265714
0.0265719
0.0265724
0.0265729
0.0265735
0.026574
0.0265745
0.026575
0.0265755
0.0265761
0.0265766
0.0265771
0.0265761
0.026566
0.0265605
0.0265588
0.0265588
0.0265593
0.0265599
0.0265607
0.0265614
0.0265622
0.0265629
0.0265637
0.0265645
0.0265653
0.026566
0.0265668
0.0265606
0.0266508
0.0266449
0.0266448
0.026646
0.0266475
0.0266491
0.0266506
0.026652
0.0266535
0.0266548
0.0266562
0.0266574
0.0266587
0.0266599
0.0266611
0.0266623
0.0266635
0.0266646
0.0266658
0.0266669
0.0266681
0.0266692
0.0266703
0.0266714
0.0266724
0.0266734
0.0266744
0.0266754
0.0266763
0.0266772
0.026678
0.0266789
0.0266796
0.0266804
0.0266811
0.0266819
0.0266826
0.0266832
0.0266839
0.0266845
0.0266851
0.0266857
0.0266863
0.0266868
0.0266869
0.0266835
0.0266797
0.0266772
0.0266758
0.0266753
0.0266751
0.0266752
0.0266754
0.0266757
0.026676
0.0266764
0.0266768
0.0266772
0.0266776
0.0266781
0.0266785
0.026679
0.0266794
0.0266799
0.0266804
0.0266809
0.0266814
0.0266819
0.0266824
0.0266829
0.0266833
0.0266838
0.0266843
0.0266848
0.0266852
0.0266857
0.0266862
0.0266866
0.0266871
0.0266875
0.026688
0.0266884
0.0266889
0.0266893
0.0266898
0.0266903
0.0266907
0.0266912
0.0266916
0.0266921
0.0266926
0.026693
0.0266935
0.026694
0.0266945
0.026695
0.0266954
0.0266959
0.0266964
0.0266969
0.0266974
0.0266979
0.0266984
0.0266984
0.026695
0.0266913
0.0266887
0.0266874
0.0266869
0.0266868
0.026687
0.0266873
0.0266877
0.0266881
0.0266886
0.0266892
0.0266897
0.0266903
0.0266909
0.0266851
0.0268704
0.0268644
0.0268641
0.0268651
0.0268663
0.0268677
0.026869
0.0268703
0.0268716
0.0268729
0.0268741
0.0268753
0.0268765
0.0268776
0.0268787
0.0268799
0.026881
0.0268821
0.0268832
0.0268843
0.0268854
0.0268864
0.0268875
0.0268885
0.0268895
0.0268905
0.0268915
0.0268924
0.0268933
0.0268941
0.0268949
0.0268957
0.0268965
0.0268972
0.0268979
0.0268986
0.0268993
0.0268999
0.0269005
0.0269011
0.0269017
0.0269023
0.0269028
0.0269034
0.0269037
0.0269028
0.026901
0.0268992
0.0268978
0.0268969
0.0268963
0.0268961
0.026896
0.026896
0.0268961
0.0268962
0.0268965
0.0268967
0.026897
0.0268973
0.0268976
0.0268979
0.0268983
0.0268986
0.026899
0.0268994
0.0268998
0.0269002
0.0269006
0.026901
0.0269014
0.0269019
0.0269023
0.0269027
0.0269031
0.0269035
0.0269039
0.0269043
0.0269047
0.0269051
0.0269055
0.0269059
0.0269063
0.0269068
0.0269072
0.0269076
0.026908
0.0269084
0.0269089
0.0269093
0.0269097
0.0269102
0.0269106
0.0269111
0.0269115
0.026912
0.0269124
0.0269129
0.0269134
0.0269138
0.0269143
0.0269148
0.0269152
0.0269156
0.0269146
0.0269128
0.026911
0.0269097
0.0269088
0.0269083
0.0269081
0.0269081
0.0269083
0.0269085
0.0269088
0.0269091
0.0269095
0.02691
0.0269105
0.0269047
0.0271827
0.0271766
0.0271762
0.027177
0.0271781
0.0271793
0.0271805
0.0271816
0.0271828
0.027184
0.0271851
0.0271862
0.0271873
0.0271884
0.0271894
0.0271905
0.0271915
0.0271926
0.0271936
0.0271947
0.0271957
0.0271967
0.0271977
0.0271987
0.0271997
0.0272007
0.0272016
0.0272024
0.0272033
0.0272041
0.0272049
0.0272057
0.0272064
0.0272071
0.0272078
0.0272084
0.0272091
0.0272097
0.0272103
0.0272109
0.0272114
0.0272119
0.0272125
0.027213
0.0272134
0.0272134
0.0272127
0.0272118
0.0272109
0.0272101
0.0272095
0.0272091
0.0272088
0.0272087
0.0272086
0.0272087
0.0272088
0.0272089
0.027209
0.0272092
0.0272094
0.0272097
0.0272099
0.0272102
0.0272105
0.0272108
0.0272111
0.0272115
0.0272118
0.0272122
0.0272125
0.0272129
0.0272132
0.0272136
0.0272139
0.0272143
0.0272147
0.027215
0.0272154
0.0272158
0.0272161
0.0272165
0.0272169
0.0272173
0.0272177
0.0272181
0.0272185
0.0272189
0.0272193
0.0272197
0.0272201
0.0272205
0.0272209
0.0272214
0.0272218
0.0272222
0.0272226
0.0272231
0.0272235
0.027224
0.0272244
0.0272249
0.0272253
0.0272258
0.0272257
0.0272251
0.0272242
0.0272233
0.0272225
0.027222
0.0272217
0.0272215
0.0272215
0.0272216
0.0272218
0.027222
0.0272223
0.0272226
0.027223
0.0272172
0.0275863
0.0275801
0.0275796
0.0275803
0.0275812
0.0275823
0.0275834
0.0275845
0.0275855
0.0275866
0.0275876
0.0275887
0.0275897
0.0275907
0.0275917
0.0275926
0.0275936
0.0275946
0.0275956
0.0275966
0.0275976
0.0275986
0.0275996
0.0276005
0.0276014
0.0276023
0.0276032
0.0276041
0.0276049
0.0276057
0.0276064
0.0276071
0.0276078
0.0276085
0.0276092
0.0276098
0.0276104
0.027611
0.0276116
0.0276121
0.0276127
0.0276132
0.0276137
0.0276142
0.0276146
0.0276149
0.0276148
0.0276145
0.027614
0.0276135
0.0276131
0.0276127
0.0276125
0.0276123
0.0276122
0.0276122
0.0276122
0.0276122
0.0276123
0.0276124
0.0276126
0.0276127
0.0276129
0.0276132
0.0276134
0.0276136
0.0276139
0.0276142
0.0276145
0.0276148
0.0276151
0.0276154
0.0276157
0.027616
0.0276163
0.0276167
0.027617
0.0276173
0.0276177
0.027618
0.0276184
0.0276187
0.0276191
0.0276194
0.0276198
0.0276202
0.0276206
0.0276209
0.0276213
0.0276217
0.0276221
0.0276225
0.0276229
0.0276233
0.0276238
0.0276242
0.0276246
0.027625
0.0276255
0.0276259
0.0276263
0.0276268
0.0276272
0.0276277
0.0276279
0.0276279
0.0276276
0.0276272
0.0276267
0.0276264
0.0276261
0.027626
0.0276259
0.0276259
0.027626
0.0276262
0.0276264
0.0276266
0.027627
0.0276212
0.0280806
0.0280742
0.0280736
0.0280743
0.0280752
0.0280761
0.0280771
0.0280781
0.0280791
0.02808
0.028081
0.028082
0.0280829
0.0280838
0.0280848
0.0280857
0.0280866
0.0280876
0.0280885
0.0280895
0.0280904
0.0280914
0.0280923
0.0280932
0.0280941
0.028095
0.0280958
0.0280966
0.0280974
0.0280981
0.0280989
0.0280996
0.0281002
0.0281009
0.0281015
0.0281021
0.0281027
0.0281033
0.0281038
0.0281043
0.0281048
0.0281053
0.0281058
0.0281063
0.0281067
0.0281071
0.0281073
0.0281073
0.0281072
0.028107
0.0281068
0.0281065
0.0281064
0.0281062
0.0281061
0.0281061
0.0281061
0.0281061
0.0281062
0.0281062
0.0281063
0.0281065
0.0281066
0.0281068
0.028107
0.0281072
0.0281075
0.0281077
0.028108
0.0281082
0.0281085
0.0281088
0.0281091
0.0281094
0.0281097
0.02811
0.0281103
0.0281106
0.0281109
0.0281112
0.0281116
0.0281119
0.0281122
0.0281126
0.028113
0.0281133
0.0281137
0.0281141
0.0281144
0.0281148
0.0281152
0.0281156
0.028116
0.0281164
0.0281168
0.0281172
0.0281177
0.0281181
0.0281185
0.0281189
0.0281194
0.0281198
0.0281203
0.0281207
0.0281211
0.0281213
0.0281214
0.0281213
0.0281212
0.0281211
0.0281209
0.0281209
0.0281208
0.0281209
0.028121
0.0281211
0.0281213
0.0281215
0.0281218
0.0281161
0.0286659
0.0286593
0.0286586
0.0286592
0.02866
0.0286609
0.0286618
0.0286627
0.0286636
0.0286645
0.0286654
0.0286663
0.0286672
0.028668
0.0286689
0.0286698
0.0286707
0.0286716
0.0286725
0.0286734
0.0286743
0.0286752
0.0286761
0.0286769
0.0286778
0.0286786
0.0286794
0.0286802
0.028681
0.0286817
0.0286824
0.028683
0.0286837
0.0286843
0.0286849
0.0286855
0.028686
0.0286866
0.0286871
0.0286876
0.0286881
0.0286886
0.028689
0.0286895
0.0286899
0.0286903
0.0286906
0.0286909
0.028691
0.028691
0.0286909
0.0286909
0.0286908
0.0286907
0.0286907
0.0286907
0.0286907
0.0286907
0.0286908
0.0286909
0.028691
0.0286911
0.0286912
0.0286914
0.0286916
0.0286918
0.028692
0.0286922
0.0286924
0.0286927
0.0286929
0.0286932
0.0286935
0.0286938
0.028694
0.0286943
0.0286946
0.028695
0.0286953
0.0286956
0.0286959
0.0286963
0.0286966
0.0286969
0.0286973
0.0286977
0.028698
0.0286984
0.0286988
0.0286992
0.0286996
0.0286999
0.0287003
0.0287008
0.0287012
0.0287016
0.028702
0.0287024
0.0287029
0.0287033
0.0287037
0.0287042
0.0287046
0.0287051
0.0287055
0.0287059
0.0287061
0.0287063
0.0287064
0.0287065
0.0287065
0.0287066
0.0287066
0.0287067
0.0287068
0.028707
0.0287072
0.0287074
0.0287078
0.028702
0.0293431
0.0293362
0.0293355
0.0293359
0.0293367
0.0293375
0.0293384
0.0293392
0.0293401
0.0293409
0.0293417
0.0293426
0.0293434
0.0293442
0.029345
0.0293458
0.0293467
0.0293475
0.0293484
0.0293492
0.0293501
0.029351
0.0293518
0.0293526
0.0293535
0.0293543
0.029355
0.0293558
0.0293565
0.0293572
0.0293578
0.0293585
0.0293591
0.0293597
0.0293602
0.0293608
0.0293613
0.0293619
0.0293624
0.0293629
0.0293633
0.0293638
0.0293642
0.0293647
0.0293651
0.0293655
0.0293659
0.0293662
0.0293664
0.0293666
0.0293667
0.0293667
0.0293668
0.0293668
0.0293669
0.0293669
0.029367
0.029367
0.0293671
0.0293672
0.0293673
0.0293675
0.0293676
0.0293678
0.029368
0.0293682
0.0293684
0.0293686
0.0293688
0.0293691
0.0293693
0.0293696
0.0293699
0.0293702
0.0293704
0.0293707
0.0293711
0.0293714
0.0293717
0.029372
0.0293723
0.0293727
0.029373
0.0293734
0.0293737
0.0293741
0.0293745
0.0293749
0.0293753
0.0293757
0.0293761
0.0293765
0.0293769
0.0293773
0.0293777
0.0293781
0.0293786
0.029379
0.0293795
0.0293799
0.0293803
0.0293808
0.0293813
0.0293817
0.0293822
0.0293826
0.029383
0.0293833
0.0293835
0.0293837
0.0293839
0.0293841
0.0293843
0.0293844
0.0293846
0.0293848
0.0293851
0.0293853
0.0293857
0.02938
0.0301138
0.0301067
0.0301058
0.0301062
0.0301069
0.0301077
0.0301085
0.0301092
0.03011
0.0301108
0.0301116
0.0301123
0.0301131
0.0301139
0.0301146
0.0301154
0.0301162
0.030117
0.0301178
0.0301186
0.0301194
0.0301203
0.0301211
0.0301219
0.0301227
0.0301234
0.0301241
0.0301248
0.0301255
0.0301262
0.0301268
0.0301274
0.030128
0.0301286
0.0301291
0.0301297
0.0301302
0.0301307
0.0301312
0.0301316
0.0301321
0.0301326
0.030133
0.0301334
0.0301338
0.0301342
0.0301346
0.030135
0.0301353
0.0301355
0.0301358
0.0301359
0.0301361
0.0301362
0.0301363
0.0301364
0.0301366
0.0301367
0.0301368
0.030137
0.0301371
0.0301373
0.0301375
0.0301376
0.0301378
0.0301381
0.0301383
0.0301385
0.0301388
0.030139
0.0301393
0.0301396
0.0301399
0.0301402
0.0301405
0.0301408
0.0301411
0.0301414
0.0301418
0.0301421
0.0301425
0.0301428
0.0301432
0.0301436
0.0301439
0.0301443
0.0301447
0.0301451
0.0301455
0.0301459
0.0301464
0.0301468
0.0301472
0.0301476
0.0301481
0.0301485
0.030149
0.0301494
0.0301499
0.0301503
0.0301508
0.0301513
0.0301517
0.0301522
0.0301527
0.0301531
0.0301536
0.030154
0.0301543
0.0301547
0.030155
0.0301552
0.0301555
0.0301558
0.030156
0.0301563
0.0301565
0.0301568
0.0301572
0.0301517
0.0309805
0.030973
0.030972
0.0309723
0.0309729
0.0309736
0.0309743
0.0309751
0.0309758
0.0309765
0.0309772
0.0309779
0.0309786
0.0309793
0.03098
0.0309808
0.0309815
0.0309823
0.030983
0.0309838
0.0309846
0.0309854
0.0309861
0.0309869
0.0309876
0.0309884
0.030989
0.0309897
0.0309904
0.030991
0.0309916
0.0309922
0.0309927
0.0309933
0.0309938
0.0309943
0.0309948
0.0309953
0.0309958
0.0309962
0.0309967
0.0309971
0.0309976
0.030998
0.0309984
0.0309988
0.0309992
0.0309996
0.031
0.0310003
0.0310006
0.0310008
0.0310011
0.0310013
0.0310015
0.0310017
0.0310019
0.0310021
0.0310023
0.0310024
0.0310026
0.0310029
0.0310031
0.0310033
0.0310035
0.0310038
0.031004
0.0310043
0.0310046
0.0310049
0.0310052
0.0310055
0.0310058
0.0310061
0.0310065
0.0310068
0.0310072
0.0310075
0.0310079
0.0310082
0.0310086
0.031009
0.0310094
0.0310098
0.0310102
0.0310106
0.031011
0.0310114
0.0310119
0.0310123
0.0310128
0.0310132
0.0310137
0.0310141
0.0310146
0.031015
0.0310155
0.031016
0.0310165
0.0310169
0.0310174
0.0310179
0.0310184
0.0310189
0.0310194
0.0310199
0.0310203
0.0310208
0.0310212
0.0310216
0.031022
0.0310224
0.0310227
0.0310231
0.0310234
0.0310237
0.031024
0.0310243
0.0310248
0.0310193
0.0319459
0.0319381
0.0319369
0.0319371
0.0319377
0.0319383
0.0319389
0.0319396
0.0319403
0.0319409
0.0319415
0.0319422
0.0319428
0.0319435
0.0319441
0.0319448
0.0319455
0.0319462
0.0319469
0.0319477
0.0319484
0.0319491
0.0319499
0.0319506
0.0319513
0.031952
0.0319526
0.0319532
0.0319539
0.0319544
0.031955
0.0319556
0.0319561
0.0319566
0.0319571
0.0319576
0.0319581
0.0319586
0.0319591
0.0319595
0.03196
0.0319604
0.0319609
0.0319613
0.0319617
0.0319622
0.0319626
0.031963
0.0319634
0.0319638
0.0319641
0.0319644
0.0319648
0.0319651
0.0319653
0.0319656
0.0319659
0.0319661
0.0319664
0.0319666
0.0319669
0.0319672
0.0319674
0.0319677
0.031968
0.0319683
0.0319686
0.0319689
0.0319692
0.0319696
0.0319699
0.0319703
0.0319706
0.031971
0.0319713
0.0319717
0.0319721
0.0319725
0.0319729
0.0319733
0.0319737
0.0319741
0.0319746
0.031975
0.0319754
0.0319759
0.0319763
0.0319768
0.0319773
0.0319777
0.0319782
0.0319787
0.0319792
0.0319796
0.0319801
0.0319806
0.0319811
0.0319816
0.0319821
0.0319826
0.0319832
0.0319837
0.0319842
0.0319847
0.0319852
0.0319857
0.0319862
0.0319867
0.0319872
0.0319877
0.0319881
0.0319885
0.0319889
0.0319893
0.0319897
0.0319901
0.0319904
0.0319907
0.0319912
0.0319859
0.0330137
0.0330055
0.0330042
0.0330043
0.0330047
0.0330053
0.0330058
0.0330064
0.033007
0.0330076
0.0330081
0.0330087
0.0330093
0.0330099
0.0330105
0.0330111
0.0330117
0.0330124
0.033013
0.0330137
0.0330144
0.0330151
0.0330158
0.0330165
0.0330171
0.0330178
0.0330184
0.033019
0.0330195
0.0330201
0.0330206
0.0330212
0.0330217
0.0330222
0.0330227
0.0330231
0.0330236
0.0330241
0.0330246
0.033025
0.0330255
0.033026
0.0330264
0.0330269
0.0330273
0.0330278
0.0330282
0.0330287
0.0330291
0.0330295
0.03303
0.0330304
0.0330307
0.0330311
0.0330315
0.0330318
0.0330322
0.0330325
0.0330328
0.0330332
0.0330335
0.0330338
0.0330342
0.0330345
0.0330349
0.0330352
0.0330356
0.0330359
0.0330363
0.0330367
0.0330371
0.0330375
0.0330379
0.0330383
0.0330387
0.0330391
0.0330396
0.03304
0.0330405
0.0330409
0.0330414
0.0330418
0.0330423
0.0330428
0.0330433
0.0330437
0.0330442
0.0330447
0.0330452
0.0330457
0.0330463
0.0330468
0.0330473
0.0330478
0.0330483
0.0330489
0.0330494
0.0330499
0.0330505
0.033051
0.0330515
0.0330521
0.0330526
0.0330532
0.0330537
0.0330543
0.0330548
0.0330553
0.0330558
0.0330564
0.0330568
0.0330573
0.0330578
0.0330582
0.0330586
0.033059
0.0330594
0.0330597
0.0330603
0.0330551
0.0341881
0.0341795
0.034178
0.0341779
0.0341783
0.0341787
0.0341791
0.0341796
0.0341801
0.0341806
0.0341811
0.0341816
0.0341821
0.0341826
0.0341831
0.0341837
0.0341843
0.0341849
0.0341855
0.0341861
0.0341867
0.0341874
0.034188
0.0341886
0.0341893
0.0341898
0.0341904
0.034191
0.0341915
0.034192
0.0341926
0.0341931
0.0341935
0.034194
0.0341945
0.034195
0.0341955
0.034196
0.0341965
0.0341969
0.0341974
0.0341979
0.0341984
0.0341989
0.0341994
0.0341999
0.0342004
0.0342009
0.0342014
0.0342018
0.0342023
0.0342028
0.0342032
0.0342037
0.0342041
0.0342046
0.034205
0.0342054
0.0342058
0.0342062
0.0342066
0.0342071
0.0342075
0.0342079
0.0342083
0.0342087
0.0342092
0.0342096
0.03421
0.0342105
0.0342109
0.0342114
0.0342118
0.0342123
0.0342128
0.0342133
0.0342138
0.0342143
0.0342148
0.0342153
0.0342158
0.0342163
0.0342168
0.0342173
0.0342179
0.0342184
0.0342189
0.0342195
0.03422
0.0342206
0.0342211
0.0342217
0.0342223
0.0342228
0.0342234
0.034224
0.0342245
0.0342251
0.0342257
0.0342262
0.0342268
0.0342274
0.034228
0.0342285
0.0342291
0.0342297
0.0342302
0.0342308
0.0342314
0.0342319
0.0342324
0.0342329
0.0342334
0.0342339
0.0342343
0.0342347
0.0342351
0.0342355
0.034236
0.034231
0.0354739
0.0354648
0.035463
0.0354628
0.035463
0.0354633
0.0354636
0.035464
0.0354644
0.0354648
0.0354652
0.0354656
0.035466
0.0354664
0.0354669
0.0354673
0.0354678
0.0354684
0.0354689
0.0354695
0.0354701
0.0354707
0.0354713
0.0354718
0.0354724
0.0354729
0.0354735
0.035474
0.0354745
0.035475
0.0354755
0.035476
0.0354765
0.0354769
0.0354774
0.0354779
0.0354784
0.0354789
0.0354795
0.03548
0.0354805
0.035481
0.0354816
0.0354821
0.0354827
0.0354832
0.0354838
0.0354843
0.0354849
0.0354854
0.035486
0.0354865
0.0354871
0.0354876
0.0354881
0.0354887
0.0354892
0.0354897
0.0354902
0.0354907
0.0354912
0.0354917
0.0354922
0.0354927
0.0354932
0.0354937
0.0354942
0.0354947
0.0354952
0.0354957
0.0354962
0.0354968
0.0354973
0.0354978
0.0354984
0.0354989
0.0354995
0.0355
0.0355006
0.0355012
0.0355017
0.0355023
0.0355029
0.0355035
0.035504
0.0355046
0.0355052
0.0355058
0.0355064
0.035507
0.0355076
0.0355082
0.0355088
0.0355095
0.0355101
0.0355107
0.0355113
0.0355119
0.0355125
0.0355131
0.0355137
0.0355143
0.0355149
0.0355156
0.0355162
0.0355168
0.0355174
0.0355179
0.0355185
0.0355191
0.0355196
0.0355202
0.0355207
0.0355211
0.0355216
0.035522
0.0355224
0.0355227
0.0355232
0.0355183
0.0368763
0.0368666
0.0368645
0.0368642
0.0368642
0.0368643
0.0368645
0.0368648
0.036865
0.0368653
0.0368656
0.0368659
0.0368662
0.0368666
0.0368669
0.0368673
0.0368678
0.0368682
0.0368687
0.0368692
0.0368697
0.0368703
0.0368708
0.0368713
0.0368718
0.0368723
0.0368728
0.0368733
0.0368738
0.0368743
0.0368747
0.0368752
0.0368757
0.0368762
0.0368767
0.0368772
0.0368778
0.0368783
0.0368789
0.0368795
0.0368801
0.0368807
0.0368813
0.0368819
0.0368826
0.0368832
0.0368838
0.0368845
0.0368851
0.0368857
0.0368864
0.036887
0.0368877
0.0368883
0.0368889
0.0368895
0.0368901
0.0368907
0.0368913
0.0368919
0.0368925
0.0368931
0.0368937
0.0368943
0.0368949
0.0368955
0.036896
0.0368966
0.0368972
0.0368978
0.0368984
0.036899
0.0368996
0.0369003
0.0369009
0.0369015
0.0369021
0.0369027
0.0369034
0.036904
0.0369046
0.0369053
0.0369059
0.0369066
0.0369072
0.0369079
0.0369085
0.0369092
0.0369098
0.0369105
0.0369111
0.0369118
0.0369124
0.0369131
0.0369138
0.0369144
0.0369151
0.0369157
0.0369164
0.036917
0.0369177
0.0369183
0.036919
0.0369196
0.0369203
0.0369209
0.0369215
0.0369221
0.0369227
0.0369233
0.0369239
0.0369244
0.0369249
0.0369254
0.0369258
0.0369262
0.0369265
0.0369268
0.0369273
0.0369225
0.0384012
0.0383909
0.0383885
0.0383879
0.0383878
0.0383878
0.0383878
0.0383879
0.038388
0.0383881
0.0383883
0.0383885
0.0383887
0.0383889
0.0383892
0.0383895
0.0383899
0.0383902
0.0383907
0.0383911
0.0383916
0.038392
0.0383925
0.038393
0.0383935
0.0383939
0.0383944
0.0383948
0.0383953
0.0383957
0.0383962
0.0383967
0.0383972
0.0383978
0.0383983
0.0383989
0.0383995
0.0384002
0.0384008
0.0384015
0.0384022
0.0384029
0.0384036
0.0384043
0.0384051
0.0384058
0.0384065
0.0384073
0.038408
0.0384088
0.0384095
0.0384102
0.038411
0.0384117
0.0384124
0.0384131
0.0384139
0.0384146
0.0384153
0.038416
0.0384167
0.0384174
0.038418
0.0384187
0.0384194
0.0384201
0.0384208
0.0384215
0.0384222
0.0384228
0.0384235
0.0384242
0.0384249
0.0384256
0.0384263
0.038427
0.0384277
0.0384284
0.0384291
0.0384298
0.0384305
0.0384312
0.0384319
0.0384326
0.0384333
0.0384341
0.0384348
0.0384355
0.0384362
0.0384369
0.0384376
0.0384383
0.038439
0.0384397
0.0384405
0.0384412
0.0384419
0.0384426
0.0384433
0.038444
0.0384446
0.0384453
0.038446
0.0384467
0.0384474
0.038448
0.0384487
0.0384493
0.03845
0.0384505
0.0384511
0.0384516
0.0384521
0.0384525
0.0384528
0.0384531
0.0384534
0.0384536
0.038454
0.0384493
0.0400551
0.0400441
0.0400414
0.0400405
0.0400402
0.0400399
0.0400398
0.0400397
0.0400397
0.0400397
0.0400397
0.0400397
0.0400398
0.0400399
0.0400401
0.0400403
0.0400406
0.0400409
0.0400412
0.0400416
0.040042
0.0400424
0.0400429
0.0400433
0.0400437
0.0400441
0.0400445
0.040045
0.0400454
0.0400459
0.0400464
0.0400469
0.0400475
0.0400481
0.0400488
0.0400495
0.0400502
0.0400509
0.0400517
0.0400525
0.0400533
0.0400542
0.040055
0.0400558
0.0400567
0.0400576
0.0400584
0.0400593
0.0400602
0.040061
0.0400619
0.0400628
0.0400636
0.0400645
0.0400653
0.0400661
0.040067
0.0400678
0.0400686
0.0400694
0.0400702
0.040071
0.0400718
0.0400726
0.0400734
0.0400742
0.040075
0.0400757
0.0400765
0.0400773
0.0400781
0.0400789
0.0400796
0.0400804
0.0400812
0.040082
0.0400828
0.0400835
0.0400843
0.0400851
0.0400859
0.0400867
0.0400874
0.0400882
0.040089
0.0400898
0.0400906
0.0400913
0.0400921
0.0400929
0.0400936
0.0400944
0.0400952
0.0400959
0.0400967
0.0400975
0.0400982
0.040099
0.0400997
0.0401004
0.0401012
0.0401019
0.0401026
0.0401033
0.040104
0.0401047
0.0401054
0.0401061
0.0401067
0.0401072
0.0401078
0.0401082
0.0401086
0.0401089
0.0401092
0.0401093
0.0401095
0.0401095
0.0401098
0.0401053
0.0418449
0.0418331
0.04183
0.0418289
0.0418283
0.0418278
0.0418275
0.0418272
0.041827
0.0418268
0.0418267
0.0418266
0.0418266
0.0418266
0.0418267
0.0418268
0.0418269
0.0418272
0.0418274
0.0418278
0.0418281
0.0418285
0.0418288
0.0418292
0.0418296
0.04183
0.0418304
0.0418308
0.0418313
0.0418318
0.0418324
0.041833
0.0418336
0.0418344
0.0418352
0.041836
0.0418369
0.0418378
0.0418387
0.0418397
0.0418407
0.0418417
0.0418427
0.0418437
0.0418447
0.0418457
0.0418467
0.0418478
0.0418488
0.0418498
0.0418508
0.0418518
0.0418528
0.0418537
0.0418547
0.0418557
0.0418566
0.0418576
0.0418585
0.0418594
0.0418604
0.0418613
0.0418622
0.0418631
0.041864
0.0418649
0.0418658
0.0418666
0.0418675
0.0418684
0.0418693
0.0418701
0.041871
0.0418719
0.0418728
0.0418736
0.0418745
0.0418753
0.0418762
0.0418771
0.0418779
0.0418788
0.0418796
0.0418805
0.0418813
0.0418822
0.041883
0.0418839
0.0418847
0.0418855
0.0418863
0.0418872
0.041888
0.0418888
0.0418896
0.0418904
0.0418912
0.041892
0.0418928
0.0418936
0.0418944
0.0418951
0.0418959
0.0418966
0.0418974
0.0418981
0.0418988
0.0418994
0.0419
0.0419005
0.0419009
0.0419013
0.0419015
0.0419017
0.0419018
0.0419018
0.0419017
0.0419016
0.0419017
0.0418973
0.0437781
0.0437655
0.043762
0.0437606
0.0437597
0.043759
0.0437584
0.043758
0.0437575
0.0437572
0.0437569
0.0437567
0.0437565
0.0437564
0.0437564
0.0437564
0.0437565
0.0437566
0.0437568
0.0437571
0.0437573
0.0437577
0.043758
0.0437583
0.0437587
0.043759
0.0437595
0.0437599
0.0437604
0.043761
0.0437617
0.0437625
0.0437633
0.0437642
0.0437652
0.0437663
0.0437673
0.0437685
0.0437696
0.0437708
0.043772
0.0437732
0.0437744
0.0437756
0.0437768
0.043778
0.0437792
0.0437804
0.0437816
0.0437827
0.0437839
0.043785
0.0437862
0.0437873
0.0437884
0.0437895
0.0437906
0.0437917
0.0437927
0.0437938
0.0437948
0.0437958
0.0437969
0.0437979
0.0437989
0.0437999
0.0438009
0.0438019
0.0438029
0.0438038
0.0438048
0.0438058
0.0438067
0.0438077
0.0438087
0.0438096
0.0438106
0.0438115
0.0438124
0.0438134
0.0438143
0.0438152
0.0438162
0.0438171
0.043818
0.0438189
0.0438198
0.0438207
0.0438216
0.0438225
0.0438234
0.0438243
0.0438252
0.043826
0.0438269
0.0438277
0.0438286
0.0438294
0.0438303
0.0438311
0.0438319
0.0438327
0.0438335
0.0438343
0.0438351
0.0438358
0.0438365
0.0438371
0.0438376
0.043838
0.0438382
0.0438384
0.0438384
0.0438384
0.0438382
0.043838
0.0438377
0.0438373
0.0438372
0.0438328
0.0458627
0.0458493
0.0458453
0.0458436
0.0458424
0.0458414
0.0458406
0.0458399
0.0458393
0.0458388
0.0458384
0.045838
0.0458377
0.0458375
0.0458373
0.0458373
0.0458373
0.0458373
0.0458375
0.0458377
0.0458379
0.0458382
0.0458384
0.0458388
0.0458391
0.0458395
0.0458399
0.0458405
0.0458411
0.0458419
0.0458428
0.0458438
0.0458448
0.045846
0.0458473
0.0458486
0.0458499
0.0458513
0.0458528
0.0458542
0.0458556
0.0458571
0.0458585
0.0458599
0.0458614
0.0458628
0.0458641
0.0458655
0.0458669
0.0458682
0.0458695
0.0458708
0.0458721
0.0458734
0.0458747
0.0458759
0.0458771
0.0458783
0.0458795
0.0458807
0.0458819
0.045883
0.0458842
0.0458853
0.0458864
0.0458875
0.0458886
0.0458897
0.0458908
0.0458919
0.045893
0.045894
0.0458951
0.0458961
0.0458972
0.0458982
0.0458992
0.0459003
0.0459013
0.0459023
0.0459033
0.0459043
0.0459053
0.0459063
0.0459073
0.0459083
0.0459093
0.0459102
0.0459112
0.0459121
0.0459131
0.045914
0.0459149
0.0459159
0.0459168
0.0459177
0.0459186
0.0459194
0.0459203
0.0459212
0.045922
0.0459229
0.0459237
0.0459245
0.0459253
0.045926
0.0459266
0.0459271
0.0459275
0.0459276
0.0459277
0.0459275
0.0459273
0.0459269
0.0459264
0.0459259
0.0459253
0.0459246
0.0459243
0.04592
0.0481073
0.048093
0.0480886
0.0480864
0.048085
0.0480837
0.0480827
0.0480818
0.048081
0.0480803
0.0480797
0.0480792
0.0480788
0.0480784
0.0480782
0.048078
0.048078
0.048078
0.0480781
0.0480782
0.0480784
0.0480786
0.0480789
0.0480792
0.0480796
0.04808
0.0480806
0.0480813
0.0480822
0.0480832
0.0480844
0.0480857
0.0480871
0.0480886
0.0480902
0.0480919
0.0480936
0.0480953
0.0480971
0.0480988
0.0481005
0.0481022
0.0481039
0.0481056
0.0481073
0.0481089
0.0481105
0.0481121
0.0481136
0.0481151
0.0481166
0.0481181
0.0481195
0.048121
0.0481224
0.0481238
0.0481251
0.0481265
0.0481278
0.0481291
0.0481304
0.0481317
0.0481329
0.0481342
0.0481354
0.0481366
0.0481378
0.048139
0.0481402
0.0481414
0.0481426
0.0481437
0.0481449
0.048146
0.0481471
0.0481483
0.0481494
0.0481505
0.0481516
0.0481527
0.0481538
0.0481548
0.0481559
0.048157
0.048158
0.0481591
0.0481601
0.0481611
0.0481621
0.0481631
0.0481641
0.0481651
0.0481661
0.0481671
0.048168
0.048169
0.0481699
0.0481708
0.0481718
0.0481727
0.0481736
0.0481744
0.0481753
0.0481761
0.0481768
0.0481775
0.0481779
0.0481782
0.0481783
0.0481782
0.0481778
0.0481773
0.0481766
0.0481758
0.0481749
0.048174
0.0481731
0.0481721
0.0481713
0.0481671
0.0505209
0.0505056
0.0505007
0.0504983
0.0504965
0.050495
0.0504937
0.0504926
0.0504916
0.0504908
0.05049
0.0504894
0.0504889
0.0504884
0.0504881
0.0504879
0.0504878
0.0504878
0.0504878
0.0504879
0.0504881
0.0504883
0.0504886
0.0504889
0.0504894
0.05049
0.0504908
0.0504918
0.050493
0.0504944
0.050496
0.0504978
0.0504996
0.0505016
0.0505037
0.0505057
0.0505078
0.0505099
0.050512
0.0505141
0.0505162
0.0505182
0.0505201
0.0505221
0.050524
0.0505258
0.0505277
0.0505294
0.0505312
0.0505329
0.0505346
0.0505362
0.0505378
0.0505394
0.050541
0.0505425
0.050544
0.0505455
0.0505469
0.0505483
0.0505498
0.0505511
0.0505525
0.0505539
0.0505552
0.0505565
0.0505578
0.0505591
0.0505604
0.0505617
0.050563
0.0505642
0.0505654
0.0505667
0.0505679
0.0505691
0.0505703
0.0505715
0.0505726
0.0505738
0.050575
0.0505761
0.0505772
0.0505784
0.0505795
0.0505806
0.0505817
0.0505827
0.0505838
0.0505849
0.0505859
0.050587
0.050588
0.050589
0.05059
0.050591
0.050592
0.0505929
0.0505939
0.0505948
0.0505958
0.0505967
0.0505975
0.0505983
0.0505989
0.0505994
0.0505996
0.0505996
0.0505992
0.0505986
0.0505977
0.0505966
0.0505954
0.050594
0.0505927
0.0505913
0.0505899
0.0505886
0.0505875
0.0505834
0.053113
0.0530969
0.0530915
0.0530887
0.0530866
0.0530848
0.0530833
0.053082
0.0530809
0.0530799
0.0530791
0.0530783
0.0530777
0.0530773
0.0530769
0.0530766
0.0530765
0.0530764
0.0530765
0.0530766
0.0530768
0.053077
0.0530773
0.0530777
0.0530783
0.0530792
0.0530804
0.0530818
0.0530836
0.0530856
0.0530878
0.0530901
0.0530926
0.0530951
0.0530976
0.0531002
0.0531028
0.0531053
0.0531078
0.0531102
0.0531126
0.0531149
0.0531172
0.0531194
0.0531215
0.0531236
0.0531257
0.0531277
0.0531296
0.0531315
0.0531333
0.0531351
0.0531369
0.0531386
0.0531403
0.053142
0.0531436
0.0531452
0.0531468
0.0531484
0.0531499
0.0531514
0.0531529
0.0531543
0.0531558
0.0531572
0.0531586
0.05316
0.0531613
0.0531627
0.053164
0.0531654
0.0531667
0.053168
0.0531693
0.0531706
0.0531718
0.0531731
0.0531743
0.0531755
0.0531768
0.053178
0.0531792
0.0531804
0.0531815
0.0531827
0.0531838
0.053185
0.0531861
0.0531872
0.0531883
0.0531894
0.0531904
0.0531915
0.0531925
0.0531935
0.0531945
0.0531955
0.0531965
0.0531975
0.0531985
0.0531994
0.0532002
0.0532009
0.0532013
0.0532015
0.0532013
0.0532007
0.0531996
0.0531982
0.0531966
0.0531948
0.0531929
0.053191
0.0531891
0.0531872
0.0531854
0.0531837
0.0531822
0.0531783
0.0558938
0.0558767
0.0558709
0.0558677
0.0558654
0.0558634
0.0558617
0.0558603
0.055859
0.0558579
0.055857
0.0558562
0.0558556
0.0558551
0.0558547
0.0558544
0.0558543
0.0558543
0.0558543
0.0558545
0.0558547
0.0558549
0.0558553
0.0558559
0.0558568
0.0558582
0.05586
0.0558622
0.0558647
0.0558674
0.0558704
0.0558735
0.0558766
0.0558798
0.0558829
0.055886
0.055889
0.055892
0.0558949
0.0558977
0.0559004
0.0559031
0.0559056
0.0559081
0.0559105
0.0559128
0.055915
0.0559172
0.0559193
0.0559214
0.0559234
0.0559254
0.0559273
0.0559291
0.0559309
0.0559327
0.0559345
0.0559362
0.0559379
0.0559395
0.0559412
0.0559428
0.0559443
0.0559459
0.0559474
0.0559489
0.0559504
0.0559519
0.0559533
0.0559548
0.0559562
0.0559576
0.055959
0.0559603
0.0559617
0.0559631
0.0559644
0.0559657
0.055967
0.0559683
0.0559696
0.0559708
0.0559721
0.0559733
0.0559745
0.0559757
0.0559769
0.0559781
0.0559793
0.0559804
0.0559815
0.0559827
0.0559838
0.0559848
0.0559859
0.055987
0.055988
0.055989
0.0559901
0.0559911
0.055992
0.055993
0.0559937
0.0559941
0.0559942
0.0559938
0.0559929
0.0559914
0.0559893
0.0559869
0.0559844
0.0559817
0.0559791
0.0559765
0.055974
0.0559716
0.0559694
0.0559673
0.0559655
0.0559618
0.0588738
0.0588559
0.0588496
0.0588461
0.0588435
0.0588414
0.0588396
0.058838
0.0588367
0.0588356
0.0588347
0.0588339
0.0588332
0.0588328
0.0588324
0.0588322
0.0588321
0.0588321
0.0588322
0.0588324
0.0588326
0.0588329
0.0588335
0.0588345
0.058836
0.0588382
0.0588409
0.0588441
0.0588476
0.0588514
0.0588553
0.0588592
0.0588631
0.0588669
0.0588707
0.0588743
0.0588778
0.0588813
0.0588845
0.0588877
0.0588907
0.0588937
0.0588965
0.0588992
0.0589018
0.0589043
0.0589067
0.0589091
0.0589113
0.0589136
0.0589157
0.0589178
0.0589198
0.0589218
0.0589237
0.0589256
0.0589275
0.0589293
0.0589311
0.0589328
0.0589345
0.0589362
0.0589378
0.0589395
0.0589411
0.0589427
0.0589442
0.0589458
0.0589473
0.0589488
0.0589503
0.0589517
0.0589532
0.0589546
0.058956
0.0589574
0.0589588
0.0589602
0.0589616
0.0589629
0.0589642
0.0589655
0.0589668
0.0589681
0.0589694
0.0589706
0.0589718
0.058973
0.0589742
0.0589754
0.0589766
0.0589777
0.0589789
0.05898
0.0589811
0.0589821
0.0589832
0.0589843
0.0589853
0.0589863
0.0589873
0.0589882
0.0589886
0.0589886
0.0589881
0.0589868
0.0589847
0.0589818
0.0589784
0.0589748
0.0589711
0.0589675
0.0589641
0.0589608
0.0589578
0.058955
0.0589525
0.05895
0.058948
0.0589446
0.0620642
0.0620454
0.0620387
0.062035
0.0620322
0.06203
0.0620281
0.0620266
0.0620253
0.0620242
0.0620233
0.0620226
0.062022
0.0620216
0.0620213
0.0620211
0.0620211
0.0620212
0.0620213
0.0620216
0.0620219
0.0620224
0.0620234
0.0620251
0.0620276
0.062031
0.0620351
0.0620396
0.0620445
0.0620494
0.0620544
0.0620592
0.0620639
0.0620684
0.0620727
0.0620769
0.0620809
0.0620847
0.0620883
0.0620918
0.0620951
0.0620983
0.0621013
0.0621042
0.062107
0.0621097
0.0621122
0.0621147
0.0621171
0.0621195
0.0621217
0.0621239
0.062126
0.0621281
0.0621301
0.0621321
0.062134
0.0621359
0.0621377
0.0621395
0.0621413
0.0621431
0.0621448
0.0621465
0.0621481
0.0621498
0.0621514
0.062153
0.0621546
0.0621561
0.0621577
0.0621592
0.0621607
0.0621622
0.0621636
0.0621651
0.0621665
0.0621679
0.0621693
0.0621707
0.0621721
0.0621734
0.0621747
0.062176
0.0621773
0.0621786
0.0621799
0.0621811
0.0621823
0.0621835
0.0621847
0.0621859
0.062187
0.0621882
0.0621893
0.0621904
0.0621915
0.0621925
0.0621936
0.0621946
0.0621956
0.0621962
0.062196
0.0621953
0.0621937
0.062191
0.0621871
0.0621823
0.0621772
0.0621721
0.0621672
0.0621628
0.0621586
0.0621549
0.0621515
0.0621483
0.0621455
0.0621429
0.0621406
0.0621377
0.0654767
0.065457
0.0654499
0.065446
0.0654432
0.065441
0.0654392
0.0654377
0.0654365
0.0654356
0.0654348
0.0654341
0.0654337
0.0654334
0.0654332
0.0654331
0.0654332
0.0654334
0.0654337
0.0654341
0.0654345
0.0654353
0.065437
0.06544
0.0654442
0.0654494
0.0654554
0.0654616
0.065468
0.0654742
0.0654802
0.0654859
0.0654913
0.0654965
0.0655014
0.065506
0.0655103
0.0655145
0.0655184
0.0655221
0.0655256
0.0655289
0.0655321
0.0655352
0.0655381
0.0655408
0.0655435
0.0655461
0.0655486
0.065551
0.0655533
0.0655555
0.0655577
0.0655598
0.0655619
0.0655639
0.0655659
0.0655678
0.0655697
0.0655716
0.0655734
0.0655752
0.065577
0.0655787
0.0655804
0.0655821
0.0655837
0.0655854
0.065587
0.0655886
0.0655901
0.0655917
0.0655932
0.0655948
0.0655962
0.0655977
0.0655992
0.0656006
0.0656021
0.0656035
0.0656049
0.0656062
0.0656076
0.0656089
0.0656102
0.0656115
0.0656128
0.0656141
0.0656153
0.0656165
0.0656177
0.0656189
0.0656201
0.0656212
0.0656223
0.0656234
0.0656245
0.0656256
0.0656266
0.0656278
0.0656287
0.0656286
0.0656273
0.0656254
0.0656222
0.0656171
0.0656105
0.0656032
0.0655962
0.0655897
0.0655839
0.0655787
0.0655741
0.06557
0.0655663
0.065563
0.0655601
0.0655575
0.0655551
0.0655529
0.0691233
0.0691027
0.0690953
0.0690914
0.0690888
0.0690867
0.0690851
0.0690839
0.0690829
0.069082
0.0690814
0.069081
0.0690807
0.0690805
0.0690805
0.0690806
0.0690809
0.0690812
0.0690817
0.0690823
0.0690826
0.0690842
0.0690875
0.0690925
0.0690992
0.069107
0.0691153
0.0691235
0.0691314
0.0691389
0.0691458
0.0691523
0.0691583
0.069164
0.0691692
0.0691741
0.0691787
0.0691831
0.0691871
0.069191
0.0691946
0.069198
0.0692013
0.0692044
0.0692073
0.0692102
0.0692129
0.0692155
0.069218
0.0692204
0.0692227
0.069225
0.0692272
0.0692294
0.0692315
0.0692335
0.0692355
0.0692374
0.0692393
0.0692412
0.0692431
0.0692449
0.0692466
0.0692484
0.0692501
0.0692518
0.0692535
0.0692552
0.0692568
0.0692584
0.06926
0.0692616
0.0692631
0.0692647
0.0692662
0.0692677
0.0692692
0.0692706
0.0692721
0.0692735
0.0692749
0.0692763
0.0692776
0.069279
0.0692803
0.0692816
0.0692829
0.0692842
0.0692854
0.0692866
0.0692878
0.069289
0.0692902
0.0692913
0.0692925
0.0692936
0.0692947
0.0692957
0.0692968
0.069298
0.0692985
0.0692971
0.0692938
0.0692903
0.0692844
0.0692756
0.0692653
0.0692553
0.0692465
0.0692389
0.0692325
0.069227
0.0692222
0.0692181
0.0692144
0.0692112
0.0692084
0.0692059
0.0692036
0.0692022
0.0730168
0.0729952
0.0729877
0.0729841
0.0729818
0.0729802
0.0729789
0.0729779
0.0729771
0.0729766
0.0729762
0.072976
0.0729759
0.072976
0.0729762
0.0729765
0.072977
0.0729775
0.0729782
0.072979
0.0729792
0.0729826
0.0729886
0.0729971
0.0730073
0.0730183
0.0730291
0.0730393
0.0730486
0.073057
0.0730647
0.0730717
0.073078
0.0730839
0.0730893
0.0730943
0.073099
0.0731034
0.0731075
0.0731113
0.073115
0.0731184
0.0731216
0.0731247
0.0731276
0.0731304
0.0731331
0.0731356
0.0731381
0.0731405
0.0731428
0.0731451
0.0731473
0.0731494
0.0731514
0.0731535
0.0731554
0.0731574
0.0731593
0.0731611
0.073163
0.0731648
0.0731666
0.0731683
0.07317
0.0731717
0.0731734
0.0731751
0.0731767
0.0731783
0.0731799
0.0731815
0.073183
0.0731846
0.0731861
0.0731876
0.0731891
0.0731905
0.073192
0.0731934
0.0731948
0.0731962
0.0731976
0.0731989
0.0732002
0.0732015
0.0732028
0.0732041
0.0732053
0.0732066
0.0732078
0.0732089
0.0732101
0.0732112
0.0732124
0.0732135
0.0732145
0.0732156
0.0732166
0.0732182
0.0732174
0.0732132
0.0732069
0.0732016
0.073191
0.0731763
0.0731617
0.0731494
0.0731396
0.0731318
0.0731255
0.0731202
0.0731157
0.0731119
0.0731086
0.0731057
0.0731032
0.0731011
0.0730991
0.0730987
0.0771701
0.0771476
0.0771406
0.0771377
0.077136
0.0771348
0.077134
0.0771334
0.077133
0.0771327
0.0771326
0.0771327
0.0771329
0.0771332
0.0771337
0.0771343
0.077135
0.0771358
0.0771366
0.0771377
0.0771375
0.0771454
0.0771559
0.0771692
0.0771841
0.0771987
0.0772119
0.0772235
0.0772337
0.0772426
0.0772505
0.0772576
0.0772639
0.0772697
0.0772751
0.07728
0.0772845
0.0772887
0.0772927
0.0772964
0.0772999
0.0773032
0.0773063
0.0773092
0.077312
0.0773147
0.0773173
0.0773198
0.0773221
0.0773244
0.0773267
0.0773289
0.077331
0.077333
0.077335
0.077337
0.0773389
0.0773408
0.0773427
0.0773445
0.0773463
0.0773481
0.0773498
0.0773515
0.0773532
0.0773549
0.0773565
0.0773582
0.0773598
0.0773614
0.077363
0.0773645
0.0773661
0.0773676
0.0773691
0.0773706
0.0773721
0.0773735
0.077375
0.0773764
0.0773778
0.0773792
0.0773805
0.0773818
0.0773832
0.0773845
0.0773857
0.077387
0.0773882
0.0773894
0.0773906
0.0773918
0.0773929
0.077394
0.0773951
0.0773962
0.0773973
0.0773984
0.0773992
0.0774014
0.0773973
0.077388
0.0773775
0.077371
0.0773514
0.0773285
0.0773104
0.0772976
0.0772884
0.0772815
0.077276
0.0772716
0.0772678
0.0772647
0.0772621
0.0772599
0.077258
0.0772564
0.0772548
0.0772558
0.0815961
0.0815738
0.0815683
0.0815665
0.0815656
0.081565
0.0815646
0.0815644
0.0815644
0.0815646
0.0815648
0.0815652
0.0815657
0.0815664
0.0815671
0.081568
0.081569
0.08157
0.0815711
0.0815725
0.0815717
0.0815904
0.0816061
0.0816261
0.0816464
0.0816641
0.0816788
0.0816909
0.081701
0.0817097
0.0817172
0.0817238
0.0817298
0.0817352
0.0817401
0.0817446
0.0817488
0.0817527
0.0817563
0.0817597
0.0817629
0.081766
0.0817688
0.0817716
0.0817742
0.0817767
0.0817791
0.0817814
0.0817836
0.0817858
0.0817879
0.0817899
0.0817919
0.0817939
0.0817958
0.0817976
0.0817995
0.0818013
0.0818031
0.0818048
0.0818066
0.0818083
0.0818099
0.0818116
0.0818133
0.0818149
0.0818165
0.0818181
0.0818197
0.0818213
0.0818228
0.0818243
0.0818259
0.0818273
0.0818288
0.0818303
0.0818317
0.0818332
0.0818346
0.081836
0.0818373
0.0818387
0.08184
0.0818413
0.0818426
0.0818439
0.0818451
0.0818464
0.0818476
0.0818487
0.0818499
0.0818511
0.0818522
0.0818533
0.0818544
0.0818554
0.0818565
0.0818575
0.0818583
0.0818614
0.0818489
0.0818314
0.0818172
0.0818112
0.081772
0.081741
0.0817235
0.0817136
0.081707
0.0817022
0.0816984
0.0816954
0.0816929
0.0816909
0.0816893
0.081688
0.0816869
0.0816861
0.081685
0.0816876
0.086307
0.0862897
0.0862866
0.0862859
0.0862856
0.0862856
0.0862857
0.086286
0.0862864
0.0862869
0.0862876
0.0862884
0.0862892
0.0862902
0.0862913
0.0862925
0.0862937
0.0862951
0.0862964
0.086298
0.0862969
0.0863402
0.0863565
0.0863868
0.086412
0.0864307
0.0864448
0.0864559
0.0864648
0.0864724
0.0864788
0.0864845
0.0864896
0.0864942
0.0864984
0.0865023
0.0865059
0.0865092
0.0865124
0.0865153
0.0865181
0.0865208
0.0865233
0.0865257
0.086528
0.0865303
0.0865324
0.0865345
0.0865365
0.0865385
0.0865404
0.0865423
0.0865441
0.0865459
0.0865477
0.0865494
0.0865511
0.0865528
0.0865545
0.0865562
0.0865578
0.0865594
0.086561
0.0865626
0.0865642
0.0865658
0.0865673
0.0865689
0.0865704
0.0865719
0.0865734
0.0865749
0.0865764
0.0865778
0.0865793
0.0865807
0.0865821
0.0865835
0.0865849
0.0865862
0.0865875
0.0865889
0.0865902
0.0865914
0.0865927
0.0865939
0.0865951
0.0865963
0.0865975
0.0865986
0.0865998
0.0866009
0.086602
0.086603
0.0866041
0.0866051
0.0866061
0.0866072
0.0866078
0.0866123
0.0865792
0.0865526
0.0865384
0.0865352
0.086452
0.0864253
0.0864173
0.0864137
0.0864113
0.0864095
0.0864081
0.086407
0.0864062
0.0864056
0.0864052
0.086405
0.0864049
0.0864051
0.0864048
0.0864089
0.0914035
0.09142
0.0914743
0.0914979
0.0915134
0.0915245
0.0915327
0.0915393
0.0915448
0.0915495
0.0915537
0.0915575
0.091561
0.0915642
0.0915672
0.09157
0.0915727
0.0915752
0.0915776
0.0915798
0.091582
0.0915841
0.0915861
0.0915881
0.09159
0.0915918
0.0915936
0.0915953
0.0915971
0.0915988
0.0916004
0.0916021
0.0916037
0.0916053
0.0916069
0.0916084
0.09161
0.0916115
0.0916131
0.0916146
0.0916161
0.0916176
0.0916191
0.0916206
0.0916221
0.0916236
0.091625
0.0916265
0.0916279
0.0916293
0.0916308
0.0916322
0.0916336
0.091635
0.0916363
0.0916377
0.091639
0.0916404
0.0916417
0.0916429
0.0916442
0.0916455
0.0916467
0.0916479
0.0916491
0.0916503
0.0916514
0.0916525
0.0916536
0.0916547
0.0916558
0.0916568
0.0916579
0.0916589
0.0916599
0.0916608
0.0916618
0.0916625
0.0916675
0.0915872
0.0915632
0.0915576
0.0915553
0.0968965
0.096915
0.0969259
0.0969315
0.0969353
0.0969384
0.0969412
0.0969437
0.096946
0.0969482
0.0969503
0.0969523
0.0969542
0.0969561
0.0969579
0.0969597
0.0969614
0.096963
0.0969647
0.0969662
0.0969678
0.0969693
0.0969708
0.0969723
0.0969737
0.0969752
0.0969766
0.096978
0.0969795
0.0969809
0.0969823
0.0969837
0.0969851
0.0969865
0.0969879
0.0969892
0.0969906
0.096992
0.0969934
0.0969948
0.0969962
0.0969976
0.096999
0.0970003
0.0970017
0.0970031
0.0970044
0.0970058
0.0970072
0.0970085
0.0970098
0.0970111
0.0970124
0.0970137
0.097015
0.0970163
0.0970175
0.0970188
0.09702
0.0970212
0.0970223
0.0970235
0.0970246
0.0970257
0.0970268
0.0970279
0.0970289
0.09703
0.097031
0.097032
0.097033
0.0970339
0.0970349
0.0970358
0.0970367
0.0970376
0.0970381
)
;

boundaryField
{
    bottomWall
    {
        beta1           0.075;
        blended         0;
        type            omegaWallFunction;
        value           nonuniform 0();
    }
    topWall
    {
        beta1           0.075;
        blended         0;
        type            omegaWallFunction;
        value           nonuniform 0();
    }
    sides1_half0
    {
        type            cyclic;
    }
    sides1_half1
    {
        type            cyclic;
    }
    sides2_half0
    {
        type            cyclic;
    }
    sides2_half1
    {
        type            cyclic;
    }
    inout1_half0
    {
        type            cyclic;
    }
    inout1_half1
    {
        type            cyclic;
    }
    inout2_half0
    {
        type            cyclic;
    }
    inout2_half1
    {
        type            cyclic;
    }
    procBoundary2to1
    {
        type            processor;
        value           nonuniform List<scalar> 
124
(
0.0914458
0.0914243
0.0914201
0.0914196
0.0914197
0.0914201
0.0914207
0.0914213
0.0914222
0.0914231
0.0914241
0.0914252
0.0914264
0.0914277
0.0914291
0.0914306
0.0914321
0.0914337
0.0914354
0.0914371
0.0914378
0.0915077
0.0915143
0.0915207
0.0915242
0.0915263
0.0915278
0.091529
0.0915302
0.0915312
0.0915323
0.0915333
0.0915343
0.0915354
0.0915365
0.0915371
0.0915419
0.0914378
0.0969635
0.096937
0.0969906
0.0969982
0.0970057
0.0915077
0.0970076
0.096937
0.102836
0.102802
0.102793
0.102791
0.102789
0.102789
0.102788
0.102788
0.102788
0.102789
0.102789
0.10279
0.102791
0.102792
0.102793
0.102794
0.102795
0.102796
0.102797
0.102798
0.102799
0.1028
0.102801
0.102802
0.102803
0.102804
0.102805
0.102806
0.102807
0.102809
0.10281
0.102811
0.102812
0.102813
0.102815
0.102816
0.102817
0.102818
0.102819
0.102821
0.102822
0.102823
0.102825
0.102826
0.102827
0.102828
0.10283
0.102831
0.102832
0.102833
0.102835
0.102836
0.102837
0.102838
0.10284
0.102841
0.102842
0.102843
0.102844
0.102845
0.102846
0.102848
0.102849
0.10285
0.102851
0.102852
0.102853
0.102854
0.102855
0.102856
0.102857
0.102858
0.102858
0.102859
0.10286
0.102861
0.0969906
0.10286
)
;
    }
    procBoundary2to4
    {
        type            processor;
        value           nonuniform List<scalar> 
59
(
0.0265506
0.0265516
0.0265548
0.0265571
0.0265589
0.0265603
0.0265616
0.0265628
0.0265638
0.0265648
0.0265657
0.0265666
0.0265674
0.0265682
0.026569
0.0265698
0.0265705
0.0265713
0.026572
0.0265727
0.0265735
0.0265742
0.0265749
0.0265756
0.0265762
0.0265769
0.0265776
0.0265782
0.0265788
0.0265794
0.02658
0.0265806
0.0265812
0.0265818
0.0265824
0.026583
0.0265835
0.0265841
0.0265847
0.0265852
0.0265858
0.0265863
0.0265869
0.0265875
0.026588
0.0265886
0.0265891
0.0265897
0.0265902
0.0265908
0.0265914
0.0265919
0.0265925
0.026593
0.0265936
0.0265942
0.0265947
0.0265953
0.0265912
)
;
    }
    procBoundary2to5
    {
        type            processor;
        value           nonuniform List<scalar> 
61
(
0.0265386
0.0265345
0.0265358
0.0265379
0.0265399
0.0265417
0.0265435
0.0265452
0.0265469
0.0265484
0.0265499
0.0265514
0.0265528
0.0265542
0.0265555
0.0265568
0.0265581
0.0265594
0.0265607
0.026562
0.0265632
0.0265645
0.0265657
0.0265668
0.026568
0.0265691
0.0265701
0.0265712
0.0265722
0.0265731
0.0265741
0.026575
0.0265758
0.0265767
0.0265775
0.0265783
0.026579
0.0265797
0.0265805
0.0265811
0.0265818
0.0265825
0.0265831
0.0265837
0.0265796
0.0265621
0.0265631
0.0265663
0.0265687
0.0265705
0.026572
0.0265734
0.0265747
0.0265758
0.0265769
0.026578
0.026579
0.02658
0.0265809
0.0265819
0.0265764
)
;
    }
}


// ************************************************************************* //
