/*--------------------------------*- C++ -*----------------------------------*\
  =========                 |
  \\      /  F ield         | OpenFOAM: The Open Source CFD Toolbox
   \\    /   O peration     | Website:  https://openfoam.org
    \\  /    A nd           | Version:  7
     \\/     M anipulation  |
\*---------------------------------------------------------------------------*/
FoamFile
{
    version     2.0;
    format      ascii;
    class       volScalarField;
    location    "4000";
    object      nut;
}
// * * * * * * * * * * * * * * * * * * * * * * * * * * * * * * * * * * * * * //

dimensions      [0 2 -1 0 0 0 0];

internalField   nonuniform List<scalar> 
4026
(
0.000288006
0.000288002
0.000288003
0.000288006
0.000288008
0.000288011
0.000288013
0.000288015
0.000288017
0.000288019
0.000288021
0.000288023
0.000288025
0.000288028
0.00028803
0.000288032
0.000288034
0.000288036
0.000288037
0.000288039
0.000288041
0.000288042
0.000288044
0.000288045
0.000288046
0.000288048
0.000288049
0.00028805
0.000288051
0.000288052
0.000288053
0.000288054
0.000288054
0.000288055
0.000288056
0.000288056
0.000288057
0.000288057
0.000288058
0.000288058
0.000288059
0.000288059
0.00028806
0.00028806
0.000288062
0.000287999
0.000288001
0.000288004
0.000288008
0.00028801
0.000288013
0.000288015
0.000288017
0.000288019
0.00028802
0.000288022
0.000288023
0.000288025
0.000288026
0.000288027
0.000288032
0.000303087
0.000303083
0.000303084
0.000303087
0.00030309
0.000303093
0.000303095
0.000303097
0.000303099
0.000303101
0.000303104
0.000303106
0.000303108
0.000303111
0.000303113
0.000303115
0.000303117
0.000303119
0.000303121
0.000303123
0.000303124
0.000303126
0.000303127
0.000303128
0.00030313
0.000303131
0.000303132
0.000303133
0.000303134
0.000303135
0.000303136
0.000303136
0.000303137
0.000303138
0.000303138
0.000303139
0.000303139
0.00030314
0.00030314
0.00030314
0.000303141
0.000303141
0.000303141
0.000303141
0.000303143
0.000303072
0.000303074
0.000303078
0.000303082
0.000303086
0.000303089
0.000303091
0.000303093
0.000303095
0.000303097
0.000303099
0.000303101
0.000303102
0.000303104
0.000303104
0.000303109
0.000318653
0.000318651
0.000318652
0.000318655
0.000318658
0.000318661
0.000318663
0.000318666
0.000318668
0.00031867
0.000318672
0.000318675
0.000318677
0.00031868
0.000318682
0.000318684
0.000318686
0.000318688
0.00031869
0.000318692
0.000318693
0.000318695
0.000318696
0.000318698
0.000318699
0.0003187
0.000318701
0.000318702
0.000318703
0.000318704
0.000318704
0.000318705
0.000318705
0.000318706
0.000318706
0.000318707
0.000318707
0.000318707
0.000318707
0.000318708
0.000318708
0.000318708
0.000318708
0.000318707
0.00031871
0.000318633
0.000318634
0.000318638
0.000318643
0.000318647
0.00031865
0.000318653
0.000318655
0.000318657
0.000318659
0.000318661
0.000318663
0.000318665
0.000318666
0.000318667
0.000318671
0.000334736
0.000334734
0.000334736
0.000334739
0.000334742
0.000334746
0.000334749
0.000334751
0.000334753
0.000334756
0.000334758
0.000334761
0.000334763
0.000334765
0.000334768
0.00033477
0.000334772
0.000334774
0.000334776
0.000334778
0.000334779
0.000334781
0.000334782
0.000334783
0.000334784
0.000334785
0.000334786
0.000334787
0.000334788
0.000334789
0.000334789
0.00033479
0.00033479
0.00033479
0.000334791
0.000334791
0.000334791
0.000334791
0.000334791
0.000334791
0.000334791
0.000334791
0.000334791
0.00033479
0.000334792
0.000334712
0.000334712
0.000334716
0.00033472
0.000334724
0.000334728
0.000334731
0.000334733
0.000334736
0.000334738
0.000334739
0.000334741
0.000334743
0.000334745
0.000334746
0.000334749
0.000351368
0.000351368
0.00035137
0.000351374
0.000351377
0.000351381
0.000351384
0.000351386
0.000351389
0.000351391
0.000351394
0.000351396
0.000351399
0.000351401
0.000351404
0.000351406
0.000351408
0.00035141
0.000351412
0.000351413
0.000351415
0.000351416
0.000351417
0.000351418
0.000351419
0.00035142
0.000351421
0.000351422
0.000351422
0.000351423
0.000351423
0.000351424
0.000351424
0.000351424
0.000351424
0.000351424
0.000351424
0.000351424
0.000351424
0.000351423
0.000351423
0.000351422
0.000351422
0.000351421
0.000351422
0.000351339
0.00035134
0.000351343
0.000351347
0.000351351
0.000351355
0.000351358
0.00035136
0.000351363
0.000351365
0.000351367
0.000351368
0.00035137
0.000351372
0.000351373
0.000351376
0.000368585
0.000368587
0.00036859
0.000368593
0.000368597
0.000368601
0.000368604
0.000368607
0.000368609
0.000368612
0.000368614
0.000368617
0.000368619
0.000368622
0.000368624
0.000368627
0.000368629
0.00036863
0.000368632
0.000368634
0.000368635
0.000368636
0.000368637
0.000368638
0.000368639
0.00036864
0.000368641
0.000368641
0.000368642
0.000368642
0.000368642
0.000368642
0.000368642
0.000368642
0.000368642
0.000368642
0.000368641
0.000368641
0.00036864
0.00036864
0.000368639
0.000368638
0.000368638
0.000368637
0.000368636
0.000368552
0.000368553
0.000368555
0.000368559
0.000368563
0.000368566
0.000368569
0.000368572
0.000368574
0.000368576
0.000368578
0.00036858
0.000368582
0.000368583
0.000368585
0.000368586
0.000386424
0.000386428
0.000386432
0.000386436
0.00038644
0.000386443
0.000386447
0.00038645
0.000386453
0.000386455
0.000386458
0.00038646
0.000386463
0.000386465
0.000386467
0.00038647
0.000386472
0.000386474
0.000386475
0.000386476
0.000386478
0.000386479
0.00038648
0.000386481
0.000386481
0.000386482
0.000386482
0.000386482
0.000386483
0.000386483
0.000386483
0.000386482
0.000386482
0.000386482
0.000386481
0.000386481
0.00038648
0.000386479
0.000386478
0.000386477
0.000386477
0.000386476
0.000386474
0.000386473
0.000386471
0.000386385
0.000386388
0.00038639
0.000386393
0.000386397
0.0003864
0.000386403
0.000386405
0.000386408
0.000386409
0.000386411
0.000386413
0.000386414
0.000386416
0.000386418
0.000386418
0.000404925
0.000404932
0.000404936
0.000404941
0.000404945
0.000404949
0.000404952
0.000404955
0.000404958
0.000404961
0.000404963
0.000404966
0.000404968
0.000404971
0.000404973
0.000404975
0.000404977
0.000404979
0.00040498
0.000404981
0.000404982
0.000404983
0.000404984
0.000404985
0.000404985
0.000404985
0.000404985
0.000404985
0.000404985
0.000404985
0.000404985
0.000404984
0.000404984
0.000404983
0.000404982
0.000404981
0.00040498
0.000404979
0.000404978
0.000404976
0.000404975
0.000404974
0.000404972
0.000404971
0.000404967
0.00040488
0.000404884
0.000404887
0.00040489
0.000404893
0.000404896
0.000404898
0.0004049
0.000404902
0.000404904
0.000404906
0.000404907
0.000404909
0.00040491
0.000404912
0.00040491
0.000424131
0.00042414
0.000424146
0.00042415
0.000424154
0.000424158
0.000424162
0.000424165
0.000424168
0.000424171
0.000424173
0.000424176
0.000424178
0.00042418
0.000424183
0.000424185
0.000424186
0.000424188
0.000424189
0.00042419
0.000424191
0.000424192
0.000424192
0.000424192
0.000424193
0.000424193
0.000424192
0.000424192
0.000424192
0.000424191
0.00042419
0.000424189
0.000424188
0.000424187
0.000424186
0.000424185
0.000424183
0.000424182
0.00042418
0.000424178
0.000424177
0.000424175
0.000424173
0.000424172
0.000424165
0.000424079
0.000424084
0.000424087
0.00042409
0.000424092
0.000424095
0.000424097
0.000424099
0.000424101
0.000424102
0.000424103
0.000424104
0.000424106
0.000424107
0.000424109
0.000424105
0.000444085
0.000444097
0.000444104
0.000444109
0.000444113
0.000444117
0.000444121
0.000444124
0.000444127
0.00044413
0.000444132
0.000444134
0.000444137
0.000444139
0.000444141
0.000444143
0.000444144
0.000444146
0.000444147
0.000444147
0.000444148
0.000444148
0.000444148
0.000444148
0.000444148
0.000444148
0.000444147
0.000444147
0.000444146
0.000444145
0.000444144
0.000444142
0.000444141
0.000444139
0.000444138
0.000444136
0.000444134
0.000444132
0.00044413
0.000444128
0.000444125
0.000444123
0.00044412
0.000444119
0.00044411
0.000444024
0.000444032
0.000444035
0.000444038
0.00044404
0.000444042
0.000444044
0.000444045
0.000444046
0.000444047
0.000444048
0.000444049
0.00044405
0.000444051
0.000444053
0.000444047
0.000464834
0.00046485
0.000464857
0.000464863
0.000464867
0.000464872
0.000464875
0.000464879
0.000464881
0.000464884
0.000464886
0.000464888
0.000464891
0.000464893
0.000464895
0.000464896
0.000464898
0.000464899
0.000464899
0.0004649
0.0004649
0.0004649
0.0004649
0.000464899
0.000464899
0.000464898
0.000464897
0.000464896
0.000464895
0.000464893
0.000464892
0.00046489
0.000464888
0.000464886
0.000464884
0.000464881
0.000464879
0.000464876
0.000464874
0.000464871
0.000464868
0.000464865
0.000464862
0.00046486
0.000464849
0.000464763
0.000464774
0.000464778
0.00046478
0.000464782
0.000464783
0.000464784
0.000464786
0.000464786
0.000464787
0.000464788
0.000464788
0.000464789
0.000464789
0.000464791
0.000464783
0.000486428
0.000486448
0.000486456
0.000486462
0.000486467
0.000486471
0.000486475
0.000486478
0.000486481
0.000486483
0.000486485
0.000486487
0.000486489
0.000486491
0.000486493
0.000486494
0.000486495
0.000486496
0.000486496
0.000486496
0.000486496
0.000486496
0.000486495
0.000486494
0.000486493
0.000486492
0.000486491
0.000486489
0.000486487
0.000486485
0.000486483
0.000486481
0.000486478
0.000486476
0.000486473
0.00048647
0.000486467
0.000486463
0.00048646
0.000486457
0.000486453
0.00048645
0.000486446
0.000486444
0.00048643
0.000486345
0.000486359
0.000486364
0.000486366
0.000486367
0.000486368
0.000486369
0.000486369
0.00048637
0.00048637
0.00048637
0.00048637
0.00048637
0.00048637
0.000486372
0.000486361
0.000508918
0.000508942
0.000508951
0.000508958
0.000508962
0.000508967
0.00050897
0.000508973
0.000508976
0.000508978
0.00050898
0.000508982
0.000508984
0.000508985
0.000508987
0.000508988
0.000508989
0.000508989
0.000508989
0.000508989
0.000508988
0.000508987
0.000508986
0.000508985
0.000508983
0.000508981
0.000508979
0.000508977
0.000508975
0.000508972
0.000508969
0.000508966
0.000508963
0.00050896
0.000508956
0.000508953
0.000508949
0.000508945
0.000508941
0.000508937
0.000508933
0.000508928
0.000508923
0.000508921
0.000508904
0.000508821
0.000508839
0.000508844
0.000508846
0.000508847
0.000508847
0.000508848
0.000508848
0.000508847
0.000508847
0.000508847
0.000508846
0.000508846
0.000508845
0.000508847
0.000508833
0.000532358
0.000532386
0.000532397
0.000532403
0.000532408
0.000532412
0.000532416
0.000532419
0.000532421
0.000532423
0.000532425
0.000532427
0.000532428
0.000532429
0.000532431
0.000532431
0.000532432
0.000532432
0.000532431
0.00053243
0.000532429
0.000532428
0.000532426
0.000532424
0.000532422
0.000532419
0.000532417
0.000532414
0.000532411
0.000532408
0.000532404
0.0005324
0.000532397
0.000532392
0.000532388
0.000532384
0.000532379
0.000532375
0.00053237
0.000532365
0.00053236
0.000532355
0.000532349
0.000532347
0.000532325
0.000532244
0.000532267
0.000532273
0.000532274
0.000532275
0.000532275
0.000532275
0.000532274
0.000532273
0.000532272
0.000532271
0.00053227
0.000532269
0.000532268
0.00053227
0.000532253
0.000556803
0.000556837
0.000556849
0.000556856
0.00055686
0.000556864
0.000556868
0.000556871
0.000556873
0.000556875
0.000556876
0.000556877
0.000556878
0.000556879
0.00055688
0.00055688
0.00055688
0.00055688
0.000556879
0.000556877
0.000556876
0.000556873
0.000556871
0.000556868
0.000556866
0.000556862
0.000556859
0.000556855
0.000556852
0.000556848
0.000556843
0.000556839
0.000556834
0.000556829
0.000556824
0.000556819
0.000556814
0.000556808
0.000556802
0.000556796
0.00055679
0.000556784
0.000556778
0.000556775
0.00055675
0.000556671
0.000556699
0.000556705
0.000556707
0.000556707
0.000556706
0.000556706
0.000556705
0.000556703
0.000556702
0.0005567
0.000556698
0.000556697
0.000556694
0.000556696
0.000556676
0.000582313
0.000582352
0.000582365
0.000582372
0.000582377
0.000582381
0.000582384
0.000582387
0.000582389
0.00058239
0.000582391
0.000582392
0.000582393
0.000582393
0.000582394
0.000582393
0.000582393
0.000582391
0.00058239
0.000582388
0.000582385
0.000582383
0.00058238
0.000582376
0.000582372
0.000582369
0.000582364
0.00058236
0.000582355
0.00058235
0.000582345
0.00058234
0.000582334
0.000582329
0.000582323
0.000582316
0.00058231
0.000582303
0.000582297
0.00058229
0.000582283
0.000582276
0.000582268
0.000582265
0.000582235
0.00058216
0.000582193
0.0005822
0.000582202
0.000582201
0.0005822
0.000582199
0.000582197
0.000582195
0.000582193
0.00058219
0.000582188
0.000582186
0.000582183
0.000582185
0.00058216
0.000608946
0.000608992
0.000609007
0.000609014
0.000609019
0.000609023
0.000609025
0.000609028
0.000609029
0.00060903
0.000609031
0.000609031
0.000609032
0.000609032
0.000609031
0.00060903
0.000609029
0.000609027
0.000609025
0.000609022
0.000609019
0.000609015
0.000609012
0.000609007
0.000609003
0.000608998
0.000608993
0.000608988
0.000608982
0.000608976
0.00060897
0.000608964
0.000608957
0.00060895
0.000608943
0.000608936
0.000608928
0.000608921
0.000608913
0.000608905
0.000608897
0.000608889
0.00060888
0.000608876
0.000608842
0.00060877
0.000608809
0.000608818
0.000608819
0.000608818
0.000608817
0.000608814
0.000608812
0.000608809
0.000608806
0.000608803
0.0006088
0.000608797
0.000608793
0.000608795
0.000608766
0.000636767
0.00063682
0.000636836
0.000636844
0.000636848
0.000636851
0.000636854
0.000636856
0.000636857
0.000636857
0.000636857
0.000636857
0.000636857
0.000636856
0.000636855
0.000636854
0.000636852
0.000636849
0.000636846
0.000636843
0.000636839
0.000636834
0.000636829
0.000636824
0.000636819
0.000636813
0.000636807
0.000636801
0.000636794
0.000636787
0.00063678
0.000636772
0.000636765
0.000636757
0.000636749
0.00063674
0.000636731
0.000636723
0.000636714
0.000636704
0.000636695
0.000636686
0.000636675
0.000636671
0.000636632
0.000636565
0.00063661
0.00063662
0.000636621
0.00063662
0.000636617
0.000636614
0.000636611
0.000636608
0.000636604
0.0006366
0.000636596
0.000636592
0.000636587
0.000636588
0.000636555
0.000665838
0.000665898
0.000665917
0.000665924
0.000665928
0.000665931
0.000665933
0.000665935
0.000665935
0.000665935
0.000665935
0.000665934
0.000665933
0.000665932
0.00066593
0.000665928
0.000665925
0.000665922
0.000665918
0.000665913
0.000665908
0.000665903
0.000665897
0.000665891
0.000665884
0.000665877
0.00066587
0.000665863
0.000665855
0.000665847
0.000665838
0.00066583
0.000665821
0.000665812
0.000665802
0.000665792
0.000665783
0.000665772
0.000665762
0.000665752
0.000665741
0.00066573
0.000665718
0.000665713
0.00066567
0.000665606
0.000665659
0.00066567
0.000665671
0.000665669
0.000665666
0.000665663
0.000665659
0.000665654
0.000665649
0.000665644
0.00066564
0.000665635
0.000665629
0.00066563
0.000665592
0.000696225
0.000696294
0.000696314
0.000696322
0.000696326
0.000696328
0.000696329
0.00069633
0.00069633
0.00069633
0.000696328
0.000696327
0.000696325
0.000696323
0.000696321
0.000696318
0.000696314
0.000696309
0.000696304
0.000696299
0.000696293
0.000696286
0.000696279
0.000696272
0.000696264
0.000696256
0.000696248
0.000696239
0.00069623
0.000696221
0.000696211
0.000696201
0.000696191
0.00069618
0.00069617
0.000696158
0.000696147
0.000696136
0.000696124
0.000696112
0.0006961
0.000696088
0.000696074
0.000696068
0.000696019
0.000695961
0.000696022
0.000696035
0.000696035
0.000696033
0.000696029
0.000696024
0.000696019
0.000696014
0.000696008
0.000696002
0.000695996
0.000695991
0.000695983
0.000695984
0.000695941
0.000727994
0.000728073
0.000728095
0.000728103
0.000728106
0.000728108
0.000728109
0.000728109
0.000728108
0.000728107
0.000728105
0.000728103
0.0007281
0.000728097
0.000728094
0.00072809
0.000728085
0.000728079
0.000728073
0.000728067
0.000728059
0.000728052
0.000728043
0.000728035
0.000728026
0.000728016
0.000728007
0.000727997
0.000727986
0.000727976
0.000727964
0.000727953
0.000727941
0.000727929
0.000727917
0.000727904
0.000727892
0.000727879
0.000727865
0.000727852
0.000727838
0.000727824
0.000727809
0.000727802
0.000727748
0.000727695
0.000727765
0.000727779
0.00072778
0.000727776
0.000727772
0.000727766
0.00072776
0.000727754
0.000727747
0.00072774
0.000727733
0.000727726
0.000727718
0.000727717
0.000727669
0.000761214
0.000761303
0.000761327
0.000761335
0.000761338
0.000761339
0.000761339
0.000761338
0.000761337
0.000761335
0.000761332
0.000761329
0.000761325
0.000761321
0.000761317
0.000761311
0.000761306
0.000761299
0.000761292
0.000761284
0.000761275
0.000761266
0.000761256
0.000761246
0.000761236
0.000761225
0.000761214
0.000761203
0.000761191
0.000761178
0.000761166
0.000761153
0.00076114
0.000761126
0.000761112
0.000761098
0.000761083
0.000761069
0.000761053
0.000761038
0.000761023
0.000761008
0.00076099
0.000760982
0.000760922
0.000760876
0.000760956
0.000760971
0.000760972
0.000760968
0.000760962
0.000760955
0.000760948
0.000760941
0.000760933
0.000760925
0.000760916
0.000760908
0.000760898
0.000760898
0.000760844
0.000795952
0.000796052
0.000796078
0.000796086
0.000796089
0.000796089
0.000796088
0.000796087
0.000796084
0.000796081
0.000796077
0.000796073
0.000796068
0.000796063
0.000796057
0.000796051
0.000796044
0.000796036
0.000796027
0.000796018
0.000796008
0.000795997
0.000795986
0.000795975
0.000795963
0.00079595
0.000795938
0.000795924
0.000795911
0.000795897
0.000795883
0.000795868
0.000795853
0.000795838
0.000795822
0.000795806
0.00079579
0.000795773
0.000795756
0.000795739
0.000795722
0.000795705
0.000795686
0.000795677
0.00079561
0.000795572
0.000795662
0.000795679
0.000795679
0.000795674
0.000795668
0.00079566
0.000795651
0.000795643
0.000795633
0.000795624
0.000795614
0.000795605
0.000795593
0.000795592
0.000795533
0.000832276
0.000832388
0.000832416
0.000832424
0.000832426
0.000832426
0.000832424
0.000832421
0.000832418
0.000832413
0.000832408
0.000832403
0.000832397
0.000832391
0.000832384
0.000832376
0.000832367
0.000832358
0.000832347
0.000832336
0.000832325
0.000832313
0.0008323
0.000832287
0.000832273
0.000832259
0.000832245
0.00083223
0.000832215
0.000832199
0.000832183
0.000832167
0.00083215
0.000832133
0.000832115
0.000832097
0.000832079
0.00083206
0.000832042
0.000832023
0.000832003
0.000831984
0.000831963
0.000831952
0.00083188
0.00083185
0.000831951
0.00083197
0.00083197
0.000831964
0.000831956
0.000831947
0.000831937
0.000831927
0.000831917
0.000831906
0.000831895
0.000831884
0.00083187
0.000831868
0.000831803
0.000870254
0.000870377
0.000870408
0.000870416
0.000870417
0.000870416
0.000870413
0.000870409
0.000870404
0.000870399
0.000870393
0.000870386
0.000870379
0.000870371
0.000870362
0.000870353
0.000870343
0.000870332
0.00087032
0.000870307
0.000870294
0.00087028
0.000870266
0.000870251
0.000870235
0.000870219
0.000870203
0.000870186
0.000870169
0.000870152
0.000870134
0.000870115
0.000870096
0.000870077
0.000870058
0.000870038
0.000870017
0.000869997
0.000869976
0.000869955
0.000869933
0.000869912
0.000869889
0.000869876
0.000869798
0.000869776
0.00086989
0.000869911
0.000869911
0.000869904
0.000869895
0.000869884
0.000869873
0.000869861
0.000869849
0.000869837
0.000869824
0.000869811
0.000869797
0.000869793
0.000869722
0.00090995
0.000910087
0.00091012
0.000910128
0.000910129
0.000910126
0.000910122
0.000910117
0.00091011
0.000910104
0.000910096
0.000910088
0.000910079
0.00091007
0.000910059
0.000910048
0.000910036
0.000910023
0.00091001
0.000909995
0.00090998
0.000909964
0.000909948
0.000909931
0.000909914
0.000909896
0.000909878
0.000909859
0.00090984
0.00090982
0.0009098
0.00090978
0.000909759
0.000909737
0.000909716
0.000909694
0.000909671
0.000909648
0.000909625
0.000909602
0.000909578
0.000909554
0.000909528
0.000909514
0.00090943
0.000909418
0.000909545
0.000909568
0.000909567
0.000909559
0.000909549
0.000909537
0.000909524
0.000909511
0.000909497
0.000909483
0.000909468
0.000909454
0.000909437
0.000909432
0.000909356
0.000951429
0.00095158
0.000951616
0.000951624
0.000951623
0.00095162
0.000951614
0.000951607
0.0009516
0.000951591
0.000951582
0.000951572
0.000951562
0.00095155
0.000951538
0.000951525
0.000951511
0.000951497
0.000951481
0.000951464
0.000951447
0.00095143
0.000951411
0.000951392
0.000951373
0.000951353
0.000951332
0.000951311
0.00095129
0.000951268
0.000951246
0.000951223
0.0009512
0.000951177
0.000951153
0.000951128
0.000951103
0.000951078
0.000951052
0.000951027
0.000951
0.000950974
0.000950946
0.00095093
0.00095084
0.000950839
0.000950979
0.000951005
0.000951004
0.000950995
0.000950982
0.000950969
0.000950954
0.000950939
0.000950924
0.000950908
0.000950891
0.000950875
0.000950856
0.000950849
0.000950768
0.000994752
0.000994919
0.000994957
0.000994964
0.000994963
0.000994958
0.00099495
0.000994942
0.000994933
0.000994922
0.000994912
0.0009949
0.000994887
0.000994874
0.00099486
0.000994845
0.000994829
0.000994812
0.000994794
0.000994776
0.000994756
0.000994736
0.000994716
0.000994695
0.000994673
0.000994651
0.000994628
0.000994605
0.000994581
0.000994557
0.000994532
0.000994507
0.000994482
0.000994456
0.000994429
0.000994402
0.000994375
0.000994347
0.000994319
0.000994291
0.000994262
0.000994233
0.000994203
0.000994184
0.000994089
0.0009941
0.000994255
0.000994283
0.000994281
0.00099427
0.000994257
0.000994241
0.000994225
0.000994208
0.00099419
0.000994172
0.000994154
0.000994135
0.000994115
0.000994106
0.000994019
0.00103998
0.00104016
0.0010402
0.00104021
0.0010402
0.0010402
0.00104019
0.00104018
0.00104017
0.00104015
0.00104014
0.00104013
0.00104011
0.0010401
0.00104008
0.00104006
0.00104005
0.00104003
0.00104001
0.00103999
0.00103996
0.00103994
0.00103992
0.0010399
0.00103987
0.00103985
0.00103982
0.0010398
0.00103977
0.00103974
0.00103972
0.00103969
0.00103966
0.00103963
0.0010396
0.00103957
0.00103954
0.00103951
0.00103948
0.00103945
0.00103942
0.00103939
0.00103935
0.00103933
0.00103923
0.00103926
0.00103943
0.00103946
0.00103946
0.00103944
0.00103943
0.00103941
0.00103939
0.00103937
0.00103935
0.00103933
0.00103931
0.00103929
0.00103927
0.00103926
0.00103917
0.00108715
0.00108735
0.0010874
0.0010874
0.0010874
0.00108739
0.00108738
0.00108737
0.00108735
0.00108734
0.00108733
0.00108731
0.00108729
0.00108728
0.00108726
0.00108724
0.00108722
0.00108719
0.00108717
0.00108715
0.00108712
0.0010871
0.00108707
0.00108705
0.00108702
0.00108699
0.00108697
0.00108694
0.00108691
0.00108688
0.00108685
0.00108682
0.00108679
0.00108676
0.00108673
0.00108669
0.00108666
0.00108663
0.00108659
0.00108656
0.00108653
0.00108649
0.00108645
0.00108643
0.00108633
0.00108636
0.00108655
0.00108659
0.00108658
0.00108657
0.00108655
0.00108653
0.00108651
0.00108649
0.00108647
0.00108644
0.00108642
0.0010864
0.00108637
0.00108636
0.00108626
0.00113633
0.00113655
0.0011366
0.0011366
0.0011366
0.00113659
0.00113657
0.00113656
0.00113654
0.00113653
0.00113651
0.00113649
0.00113647
0.00113645
0.00113643
0.00113641
0.00113638
0.00113636
0.00113633
0.00113631
0.00113628
0.00113625
0.00113622
0.0011362
0.00113617
0.00113614
0.00113611
0.00113607
0.00113604
0.00113601
0.00113598
0.00113595
0.00113591
0.00113588
0.00113584
0.00113581
0.00113577
0.00113574
0.0011357
0.00113566
0.00113563
0.00113559
0.00113555
0.00113552
0.00113541
0.00113547
0.00113567
0.00113571
0.0011357
0.00113569
0.00113567
0.00113565
0.00113563
0.0011356
0.00113558
0.00113555
0.00113553
0.0011355
0.00113547
0.00113546
0.00113536
0.00118755
0.00118779
0.00118784
0.00118784
0.00118783
0.00118782
0.00118781
0.00118779
0.00118777
0.00118775
0.00118773
0.00118771
0.00118769
0.00118767
0.00118764
0.00118762
0.00118759
0.00118756
0.00118753
0.00118751
0.00118748
0.00118744
0.00118741
0.00118738
0.00118735
0.00118732
0.00118728
0.00118725
0.00118721
0.00118718
0.00118714
0.00118711
0.00118707
0.00118703
0.001187
0.00118696
0.00118692
0.00118688
0.00118684
0.0011868
0.00118676
0.00118672
0.00118668
0.00118665
0.00118654
0.00118661
0.00118683
0.00118687
0.00118687
0.00118685
0.00118683
0.0011868
0.00118678
0.00118675
0.00118672
0.0011867
0.00118667
0.00118664
0.00118661
0.00118659
0.00118649
0.00124084
0.0012411
0.00124115
0.00124115
0.00124114
0.00124113
0.00124111
0.00124109
0.00124107
0.00124105
0.00124103
0.001241
0.00124098
0.00124095
0.00124092
0.0012409
0.00124087
0.00124084
0.0012408
0.00124077
0.00124074
0.00124071
0.00124067
0.00124064
0.0012406
0.00124056
0.00124053
0.00124049
0.00124045
0.00124042
0.00124038
0.00124034
0.0012403
0.00124026
0.00124022
0.00124018
0.00124014
0.00124009
0.00124005
0.00124001
0.00123996
0.00123992
0.00123988
0.00123984
0.00123973
0.00123982
0.00124006
0.0012401
0.0012401
0.00124008
0.00124005
0.00124002
0.00124
0.00123997
0.00123994
0.00123991
0.00123988
0.00123984
0.00123981
0.00123979
0.00123968
0.00129623
0.00129651
0.00129656
0.00129656
0.00129655
0.00129653
0.00129651
0.00129649
0.00129647
0.00129644
0.00129641
0.00129639
0.00129636
0.00129633
0.0012963
0.00129627
0.00129624
0.0012962
0.00129617
0.00129613
0.00129609
0.00129606
0.00129602
0.00129598
0.00129594
0.0012959
0.00129586
0.00129582
0.00129578
0.00129574
0.0012957
0.00129566
0.00129562
0.00129557
0.00129553
0.00129548
0.00129544
0.00129539
0.00129535
0.0012953
0.00129525
0.00129521
0.00129516
0.00129512
0.00129501
0.00129512
0.00129538
0.00129542
0.00129542
0.0012954
0.00129537
0.00129534
0.00129531
0.00129528
0.00129524
0.00129521
0.00129517
0.00129514
0.0012951
0.00129507
0.00129497
0.00135372
0.00135402
0.00135408
0.00135408
0.00135406
0.00135404
0.00135402
0.00135399
0.00135396
0.00135394
0.00135391
0.00135388
0.00135385
0.00135381
0.00135378
0.00135374
0.00135371
0.00135367
0.00135363
0.00135359
0.00135355
0.00135351
0.00135347
0.00135343
0.00135339
0.00135334
0.0013533
0.00135326
0.00135321
0.00135317
0.00135312
0.00135308
0.00135303
0.00135299
0.00135294
0.00135289
0.00135284
0.0013528
0.00135275
0.0013527
0.00135265
0.0013526
0.00135254
0.0013525
0.00135239
0.00135252
0.0013528
0.00135285
0.00135284
0.00135282
0.00135279
0.00135276
0.00135272
0.00135269
0.00135265
0.00135261
0.00135258
0.00135254
0.0013525
0.00135246
0.00135236
0.00141332
0.00141364
0.0014137
0.0014137
0.00141368
0.00141366
0.00141363
0.0014136
0.00141357
0.00141354
0.00141351
0.00141347
0.00141344
0.0014134
0.00141336
0.00141332
0.00141328
0.00141324
0.0014132
0.00141316
0.00141311
0.00141307
0.00141302
0.00141298
0.00141293
0.00141289
0.00141284
0.00141279
0.00141275
0.0014127
0.00141265
0.0014126
0.00141255
0.0014125
0.00141245
0.0014124
0.00141235
0.0014123
0.00141224
0.00141219
0.00141214
0.00141208
0.00141203
0.00141198
0.00141187
0.00141203
0.00141233
0.00141238
0.00141237
0.00141234
0.00141231
0.00141228
0.00141224
0.0014122
0.00141216
0.00141212
0.00141208
0.00141204
0.00141199
0.00141196
0.00141185
0.00147502
0.00147535
0.00147541
0.00147541
0.00147539
0.00147536
0.00147533
0.0014753
0.00147527
0.00147523
0.00147519
0.00147516
0.00147512
0.00147508
0.00147503
0.00147499
0.00147495
0.0014749
0.00147485
0.00147481
0.00147476
0.00147471
0.00147466
0.00147461
0.00147456
0.00147452
0.00147447
0.00147441
0.00147436
0.00147431
0.00147426
0.00147421
0.00147416
0.0014741
0.00147405
0.00147399
0.00147394
0.00147388
0.00147383
0.00147377
0.00147372
0.00147366
0.0014736
0.00147355
0.00147344
0.00147363
0.00147395
0.001474
0.00147399
0.00147396
0.00147393
0.00147389
0.00147385
0.0014738
0.00147376
0.00147372
0.00147367
0.00147363
0.00147358
0.00147354
0.00147344
0.00153877
0.00153913
0.00153919
0.00153919
0.00153916
0.00153913
0.0015391
0.00153906
0.00153902
0.00153898
0.00153894
0.0015389
0.00153886
0.00153881
0.00153877
0.00153872
0.00153867
0.00153862
0.00153857
0.00153852
0.00153847
0.00153842
0.00153836
0.00153831
0.00153826
0.0015382
0.00153815
0.0015381
0.00153804
0.00153799
0.00153793
0.00153788
0.00153782
0.00153776
0.00153771
0.00153765
0.00153759
0.00153753
0.00153747
0.00153741
0.00153735
0.00153729
0.00153723
0.00153717
0.00153707
0.00153729
0.00153763
0.00153769
0.00153767
0.00153764
0.0015376
0.00153756
0.00153751
0.00153747
0.00153742
0.00153737
0.00153733
0.00153728
0.00153722
0.00153718
0.00153708
0.00160455
0.00160493
0.00160499
0.00160498
0.00160496
0.00160492
0.00160488
0.00160484
0.0016048
0.00160475
0.00160471
0.00160466
0.00160462
0.00160457
0.00160452
0.00160446
0.00160441
0.00160436
0.0016043
0.00160425
0.00160419
0.00160413
0.00160408
0.00160402
0.00160396
0.00160391
0.00160385
0.00160379
0.00160373
0.00160367
0.00160361
0.00160355
0.0016035
0.00160343
0.00160337
0.00160331
0.00160325
0.00160319
0.00160313
0.00160306
0.001603
0.00160294
0.00160287
0.00160281
0.00160272
0.00160296
0.00160333
0.00160339
0.00160337
0.00160334
0.00160329
0.00160325
0.0016032
0.00160315
0.0016031
0.00160305
0.00160299
0.00160294
0.00160288
0.00160283
0.00160274
0.00167228
0.00167268
0.00167275
0.00167273
0.0016727
0.00167266
0.00167262
0.00167257
0.00167253
0.00167248
0.00167243
0.00167238
0.00167233
0.00167227
0.00167222
0.00167216
0.0016721
0.00167204
0.00167198
0.00167192
0.00167186
0.0016718
0.00167174
0.00167168
0.00167162
0.00167156
0.0016715
0.00167143
0.00167137
0.00167131
0.00167125
0.00167119
0.00167112
0.00167106
0.00167099
0.00167093
0.00167086
0.0016708
0.00167073
0.00167067
0.0016706
0.00167053
0.00167046
0.0016704
0.00167031
0.0016706
0.00167099
0.00167105
0.00167103
0.00167099
0.00167094
0.00167089
0.00167084
0.00167079
0.00167073
0.00167068
0.00167062
0.00167056
0.0016705
0.00167044
0.00167036
0.00174189
0.00174231
0.00174238
0.00174236
0.00174232
0.00174228
0.00174223
0.00174218
0.00174213
0.00174208
0.00174202
0.00174197
0.00174191
0.00174185
0.00174179
0.00174173
0.00174167
0.0017416
0.00174154
0.00174147
0.00174141
0.00174134
0.00174128
0.00174121
0.00174115
0.00174108
0.00174101
0.00174095
0.00174088
0.00174082
0.00174075
0.00174068
0.00174062
0.00174055
0.00174048
0.00174042
0.00174035
0.00174028
0.00174021
0.00174014
0.00174007
0.00174
0.00173993
0.00173986
0.00173978
0.00174011
0.00174052
0.00174058
0.00174056
0.00174051
0.00174046
0.00174041
0.00174035
0.0017403
0.00174024
0.00174018
0.00174012
0.00174005
0.00173999
0.00173992
0.00173985
0.00181327
0.00181371
0.00181378
0.00181376
0.00181372
0.00181367
0.00181361
0.00181356
0.0018135
0.00181344
0.00181339
0.00181333
0.00181326
0.0018132
0.00181313
0.00181307
0.001813
0.00181293
0.00181286
0.00181279
0.00181272
0.00181265
0.00181258
0.00181251
0.00181244
0.00181237
0.0018123
0.00181223
0.00181216
0.00181209
0.00181202
0.00181195
0.00181188
0.00181181
0.00181174
0.00181167
0.0018116
0.00181152
0.00181145
0.00181138
0.00181131
0.00181123
0.00181116
0.00181108
0.00181102
0.00181139
0.00181182
0.00181188
0.00181186
0.00181181
0.00181176
0.0018117
0.00181164
0.00181158
0.00181152
0.00181145
0.00181138
0.00181132
0.00181125
0.00181118
0.00181112
0.00188631
0.00188676
0.00188683
0.00188681
0.00188676
0.0018867
0.00188664
0.00188658
0.00188652
0.00188646
0.00188639
0.00188633
0.00188626
0.00188619
0.00188612
0.00188605
0.00188598
0.0018859
0.00188583
0.00188575
0.00188568
0.0018856
0.00188553
0.00188545
0.00188538
0.0018853
0.00188523
0.00188516
0.00188508
0.00188501
0.00188494
0.00188486
0.00188479
0.00188471
0.00188464
0.00188457
0.00188449
0.00188442
0.00188434
0.00188426
0.00188419
0.00188411
0.00188403
0.00188395
0.00188391
0.00188433
0.00188478
0.00188484
0.00188481
0.00188476
0.0018847
0.00188464
0.00188458
0.00188451
0.00188444
0.00188437
0.0018843
0.00188423
0.00188416
0.00188408
0.00188404
0.00196084
0.00196132
0.00196138
0.00196135
0.0019613
0.00196124
0.00196118
0.00196111
0.00196104
0.00196097
0.0019609
0.00196083
0.00196076
0.00196069
0.00196061
0.00196053
0.00196045
0.00196037
0.00196029
0.00196021
0.00196013
0.00196005
0.00195997
0.00195989
0.00195981
0.00195974
0.00195966
0.00195958
0.0019595
0.00195943
0.00195935
0.00195927
0.00195919
0.00195912
0.00195904
0.00195896
0.00195888
0.0019588
0.00195873
0.00195865
0.00195857
0.00195849
0.00195841
0.00195832
0.0019583
0.00195877
0.00195924
0.0019593
0.00195927
0.00195922
0.00195915
0.00195909
0.00195902
0.00195895
0.00195887
0.0019588
0.00195873
0.00195865
0.00195857
0.00195848
0.00195846
0.00203671
0.00203721
0.00203727
0.00203723
0.00203717
0.00203711
0.00203704
0.00203696
0.00203689
0.00203682
0.00203674
0.00203666
0.00203659
0.00203651
0.00203642
0.00203634
0.00203626
0.00203617
0.00203608
0.002036
0.00203591
0.00203583
0.00203574
0.00203566
0.00203558
0.0020355
0.00203541
0.00203533
0.00203525
0.00203517
0.00203509
0.00203501
0.00203493
0.00203485
0.00203476
0.00203468
0.0020346
0.00203452
0.00203444
0.00203436
0.00203428
0.00203419
0.00203411
0.00203402
0.00203402
0.00203455
0.00203504
0.0020351
0.00203506
0.002035
0.00203494
0.00203487
0.00203479
0.00203472
0.00203464
0.00203456
0.00203448
0.0020344
0.00203432
0.00203422
0.00203422
0.00211372
0.00211423
0.00211429
0.00211425
0.00211418
0.00211411
0.00211403
0.00211395
0.00211387
0.00211379
0.00211371
0.00211363
0.00211355
0.00211346
0.00211337
0.00211328
0.00211319
0.0021131
0.00211301
0.00211292
0.00211283
0.00211274
0.00211265
0.00211256
0.00211247
0.00211239
0.0021123
0.00211221
0.00211213
0.00211204
0.00211196
0.00211188
0.00211179
0.00211171
0.00211162
0.00211154
0.00211146
0.00211137
0.00211129
0.0021112
0.00211112
0.00211103
0.00211095
0.00211086
0.00211088
0.00211147
0.00211197
0.00211204
0.002112
0.00211193
0.00211186
0.00211178
0.00211171
0.00211163
0.00211154
0.00211146
0.00211138
0.00211129
0.0021112
0.0021111
0.00211112
0.00219165
0.00219217
0.00219223
0.00219218
0.0021921
0.00219202
0.00219194
0.00219186
0.00219177
0.00219168
0.0021916
0.00219151
0.00219142
0.00219132
0.00219123
0.00219114
0.00219104
0.00219094
0.00219085
0.00219075
0.00219065
0.00219056
0.00219046
0.00219037
0.00219028
0.00219019
0.0021901
0.00219001
0.00218992
0.00218983
0.00218974
0.00218965
0.00218957
0.00218948
0.00218939
0.00218931
0.00218922
0.00218913
0.00218905
0.00218896
0.00218887
0.00218878
0.0021887
0.0021886
0.00218865
0.00218931
0.00218983
0.00218989
0.00218985
0.00218978
0.0021897
0.00218962
0.00218954
0.00218945
0.00218937
0.00218928
0.00218919
0.0021891
0.00218901
0.0021889
0.00218894
0.00227024
0.00227077
0.00227083
0.00227077
0.00227069
0.0022706
0.00227051
0.00227042
0.00227033
0.00227023
0.00227014
0.00227004
0.00226995
0.00226985
0.00226975
0.00226965
0.00226955
0.00226945
0.00226934
0.00226924
0.00226914
0.00226904
0.00226894
0.00226884
0.00226874
0.00226865
0.00226855
0.00226846
0.00226837
0.00226828
0.00226818
0.00226809
0.002268
0.00226791
0.00226782
0.00226773
0.00226765
0.00226756
0.00226747
0.00226738
0.00226729
0.0022672
0.00226711
0.00226701
0.00226709
0.00226782
0.00226836
0.00226842
0.00226837
0.0022683
0.00226821
0.00226813
0.00226804
0.00226795
0.00226786
0.00226777
0.00226767
0.00226758
0.00226748
0.00226737
0.00226743
0.00234922
0.00234977
0.00234981
0.00234975
0.00234966
0.00234957
0.00234947
0.00234937
0.00234927
0.00234917
0.00234907
0.00234897
0.00234886
0.00234876
0.00234866
0.00234855
0.00234844
0.00234833
0.00234822
0.00234812
0.00234801
0.0023479
0.0023478
0.0023477
0.0023476
0.0023475
0.0023474
0.0023473
0.0023472
0.00234711
0.00234701
0.00234692
0.00234682
0.00234673
0.00234664
0.00234655
0.00234646
0.00234637
0.00234627
0.00234618
0.00234609
0.002346
0.00234591
0.00234581
0.00234591
0.00234673
0.00234728
0.00234734
0.00234728
0.0023472
0.00234712
0.00234703
0.00234693
0.00234684
0.00234674
0.00234665
0.00234655
0.00234645
0.00234634
0.00234623
0.00234631
0.00242828
0.00242884
0.00242888
0.00242881
0.00242871
0.00242861
0.0024285
0.0024284
0.00242829
0.00242818
0.00242807
0.00242797
0.00242786
0.00242775
0.00242764
0.00242752
0.00242741
0.0024273
0.00242718
0.00242707
0.00242696
0.00242684
0.00242674
0.00242663
0.00242652
0.00242642
0.00242632
0.00242621
0.00242611
0.00242602
0.00242592
0.00242582
0.00242572
0.00242563
0.00242553
0.00242544
0.00242535
0.00242525
0.00242516
0.00242507
0.00242498
0.00242488
0.00242479
0.00242469
0.00242482
0.00242572
0.00242629
0.00242634
0.00242629
0.0024262
0.00242611
0.00242601
0.00242591
0.00242581
0.00242571
0.00242561
0.00242551
0.0024254
0.0024253
0.00242517
0.00242529
0.0025071
0.00250766
0.00250769
0.00250761
0.00250751
0.00250739
0.00250728
0.00250716
0.00250705
0.00250694
0.00250682
0.00250671
0.00250659
0.00250648
0.00250636
0.00250624
0.00250612
0.002506
0.00250588
0.00250576
0.00250564
0.00250553
0.00250541
0.0025053
0.00250519
0.00250508
0.00250498
0.00250487
0.00250477
0.00250466
0.00250456
0.00250446
0.00250437
0.00250427
0.00250417
0.00250407
0.00250398
0.00250388
0.00250379
0.0025037
0.0025036
0.00250351
0.00250342
0.00250331
0.00250347
0.00250447
0.00250505
0.0025051
0.00250504
0.00250495
0.00250485
0.00250475
0.00250464
0.00250454
0.00250443
0.00250433
0.00250422
0.00250411
0.002504
0.00250387
0.00250401
0.00258529
0.00258585
0.00258588
0.00258579
0.00258567
0.00258555
0.00258543
0.00258531
0.00258518
0.00258506
0.00258494
0.00258482
0.0025847
0.00258458
0.00258445
0.00258433
0.0025842
0.00258408
0.00258395
0.00258383
0.0025837
0.00258358
0.00258346
0.00258335
0.00258323
0.00258312
0.00258301
0.0025829
0.00258279
0.00258269
0.00258259
0.00258248
0.00258238
0.00258228
0.00258218
0.00258208
0.00258199
0.00258189
0.0025818
0.0025817
0.00258161
0.00258151
0.00258142
0.00258131
0.00258151
0.00258261
0.0025832
0.00258324
0.00258317
0.00258308
0.00258297
0.00258287
0.00258276
0.00258265
0.00258254
0.00258243
0.00258231
0.0025822
0.00258208
0.00258195
0.00258212
0.00266245
0.00266302
0.00266304
0.00266294
0.00266282
0.00266269
0.00266255
0.00266242
0.00266229
0.00266217
0.00266204
0.00266191
0.00266178
0.00266165
0.00266152
0.00266139
0.00266126
0.00266113
0.002661
0.00266087
0.00266074
0.00266061
0.00266049
0.00266037
0.00266025
0.00266013
0.00266002
0.00265991
0.0026598
0.00265969
0.00265958
0.00265948
0.00265938
0.00265927
0.00265917
0.00265907
0.00265897
0.00265888
0.00265878
0.00265868
0.00265859
0.00265849
0.0026584
0.00265829
0.00265852
0.00265973
0.00266033
0.00266037
0.00266029
0.00266019
0.00266008
0.00265997
0.00265986
0.00265974
0.00265963
0.00265951
0.00265939
0.00265928
0.00265915
0.00265902
0.00265921
0.00273817
0.00273874
0.00273875
0.00273864
0.00273851
0.00273837
0.00273822
0.00273809
0.00273795
0.00273781
0.00273768
0.00273754
0.00273741
0.00273727
0.00273714
0.002737
0.00273687
0.00273673
0.00273659
0.00273646
0.00273632
0.00273619
0.00273606
0.00273594
0.00273582
0.0027357
0.00273558
0.00273546
0.00273535
0.00273524
0.00273513
0.00273502
0.00273492
0.00273481
0.00273471
0.00273461
0.00273451
0.00273441
0.00273431
0.00273422
0.00273412
0.00273403
0.00273393
0.00273382
0.00273409
0.00273542
0.00273602
0.00273605
0.00273597
0.00273586
0.00273575
0.00273563
0.00273551
0.00273539
0.00273527
0.00273515
0.00273503
0.0027349
0.00273478
0.00273464
0.00273486
0.00281198
0.00281255
0.00281255
0.00281243
0.00281228
0.00281213
0.00281198
0.00281183
0.00281169
0.00281154
0.0028114
0.00281126
0.00281112
0.00281098
0.00281084
0.0028107
0.00281055
0.00281041
0.00281027
0.00281013
0.00280999
0.00280986
0.00280972
0.00280959
0.00280947
0.00280934
0.00280922
0.0028091
0.00280899
0.00280887
0.00280876
0.00280865
0.00280855
0.00280844
0.00280834
0.00280823
0.00280813
0.00280803
0.00280794
0.00280784
0.00280774
0.00280765
0.00280755
0.00280745
0.00280774
0.0028092
0.0028098
0.00280983
0.00280974
0.00280963
0.00280951
0.00280938
0.00280926
0.00280913
0.00280901
0.00280888
0.00280876
0.00280863
0.0028085
0.00280835
0.0028086
0.00288338
0.00288395
0.00288393
0.0028838
0.00288364
0.00288348
0.00288332
0.00288317
0.00288301
0.00288286
0.00288271
0.00288257
0.00288242
0.00288227
0.00288213
0.00288198
0.00288183
0.00288169
0.00288154
0.00288139
0.00288125
0.00288111
0.00288098
0.00288084
0.00288071
0.00288058
0.00288046
0.00288034
0.00288022
0.00288011
0.00287999
0.00287988
0.00287977
0.00287967
0.00287956
0.00287946
0.00287936
0.00287926
0.00287916
0.00287906
0.00287897
0.00287887
0.00287878
0.00287867
0.002879
0.00288058
0.00288119
0.00288122
0.00288112
0.002881
0.00288087
0.00288074
0.00288061
0.00288048
0.00288035
0.00288022
0.00288008
0.00287995
0.00287981
0.00287966
0.00287994
0.00295184
0.00295241
0.00295239
0.00295224
0.00295208
0.00295191
0.00295174
0.00295157
0.00295141
0.00295125
0.0029511
0.00295095
0.00295079
0.00295064
0.00295049
0.00295034
0.00295019
0.00295003
0.00294988
0.00294973
0.00294959
0.00294944
0.0029493
0.00294917
0.00294903
0.0029489
0.00294878
0.00294865
0.00294853
0.00294841
0.0029483
0.00294819
0.00294808
0.00294797
0.00294786
0.00294776
0.00294766
0.00294756
0.00294746
0.00294736
0.00294727
0.00294718
0.00294708
0.00294698
0.00294734
0.00294905
0.00294966
0.00294968
0.00294958
0.00294945
0.00294932
0.00294918
0.00294904
0.0029489
0.00294876
0.00294863
0.00294849
0.00294835
0.0029482
0.00294805
0.00294835
0.00301683
0.00301739
0.00301736
0.00301721
0.00301703
0.00301685
0.00301667
0.0030165
0.00301633
0.00301617
0.00301601
0.00301585
0.00301569
0.00301553
0.00301538
0.00301522
0.00301506
0.00301491
0.00301475
0.0030146
0.00301445
0.0030143
0.00301416
0.00301402
0.00301388
0.00301375
0.00301362
0.00301349
0.00301337
0.00301325
0.00301314
0.00301302
0.00301291
0.00301281
0.0030127
0.0030126
0.0030125
0.0030124
0.0030123
0.0030122
0.00301211
0.00301201
0.00301192
0.00301182
0.00301222
0.00301406
0.00301467
0.00301469
0.00301458
0.00301444
0.0030143
0.00301415
0.003014
0.00301385
0.00301371
0.00301356
0.00301341
0.00301327
0.00301312
0.00301296
0.00301329
0.00307776
0.00307832
0.00307828
0.00307811
0.00307793
0.00307774
0.00307755
0.00307738
0.0030772
0.00307703
0.00307686
0.0030767
0.00307654
0.00307637
0.00307621
0.00307605
0.00307589
0.00307573
0.00307558
0.00307542
0.00307527
0.00307512
0.00307497
0.00307483
0.00307469
0.00307455
0.00307442
0.0030743
0.00307417
0.00307405
0.00307394
0.00307382
0.00307371
0.00307361
0.0030735
0.0030734
0.0030733
0.0030732
0.0030731
0.003073
0.00307291
0.00307282
0.00307273
0.00307263
0.00307306
0.00307503
0.00307565
0.00307565
0.00307553
0.00307539
0.00307523
0.00307507
0.00307491
0.00307475
0.0030746
0.00307444
0.00307429
0.00307413
0.00307398
0.00307381
0.00307417
0.00313403
0.00313459
0.00313454
0.00313437
0.00313418
0.00313398
0.00313379
0.00313361
0.00313343
0.00313325
0.00313308
0.00313291
0.00313274
0.00313258
0.00313241
0.00313225
0.00313209
0.00313193
0.00313177
0.00313161
0.00313145
0.0031313
0.00313115
0.00313101
0.00313087
0.00313073
0.0031306
0.00313047
0.00313035
0.00313023
0.00313011
0.00313
0.00312989
0.00312978
0.00312968
0.00312957
0.00312947
0.00312937
0.00312928
0.00312919
0.00312909
0.003129
0.00312892
0.00312882
0.00312928
0.00313138
0.00313199
0.00313199
0.00313186
0.00313169
0.00313152
0.00313135
0.00313118
0.003131
0.00313084
0.00313067
0.00313051
0.00313035
0.00313019
0.00313002
0.0031304
0.00318504
0.0031856
0.00318555
0.00318538
0.00318518
0.00318498
0.00318478
0.00318459
0.00318441
0.00318423
0.00318405
0.00318388
0.00318371
0.00318354
0.00318337
0.00318321
0.00318304
0.00318288
0.00318272
0.00318256
0.0031824
0.00318225
0.0031821
0.00318195
0.00318181
0.00318168
0.00318155
0.00318142
0.00318129
0.00318118
0.00318106
0.00318095
0.00318084
0.00318073
0.00318063
0.00318053
0.00318043
0.00318033
0.00318024
0.00318015
0.00318006
0.00317997
0.00317988
0.00317979
0.00318027
0.00318249
0.00318311
0.00318309
0.00318294
0.00318275
0.00318256
0.00318236
0.00318217
0.00318199
0.00318181
0.00318163
0.00318147
0.0031813
0.00318114
0.00318097
0.00318137
0.00323018
0.00323075
0.0032307
0.00323052
0.00323032
0.00323012
0.00322992
0.00322972
0.00322953
0.00322935
0.00322917
0.00322899
0.00322882
0.00322865
0.00322849
0.00322832
0.00322815
0.00322799
0.00322783
0.00322767
0.00322751
0.00322736
0.00322721
0.00322706
0.00322692
0.00322679
0.00322666
0.00322653
0.00322641
0.00322629
0.00322618
0.00322606
0.00322596
0.00322585
0.00322575
0.00322565
0.00322555
0.00322546
0.00322537
0.00322528
0.00322519
0.00322511
0.00322502
0.00322493
0.00322544
0.00322777
0.00322837
0.00322833
0.00322814
0.00322792
0.0032277
0.00322748
0.00322727
0.00322708
0.00322689
0.00322671
0.00322654
0.00322637
0.00322621
0.00322604
0.00322647
0.00326884
0.00326943
0.00326938
0.00326921
0.003269
0.00326879
0.00326859
0.00326839
0.0032682
0.00326801
0.00326783
0.00326766
0.00326748
0.00326731
0.00326715
0.00326698
0.00326682
0.00326665
0.00326649
0.00326633
0.00326618
0.00326602
0.00326588
0.00326573
0.00326559
0.00326546
0.00326533
0.00326521
0.00326509
0.00326497
0.00326486
0.00326475
0.00326465
0.00326454
0.00326444
0.00326435
0.00326425
0.00326416
0.00326407
0.00326399
0.0032639
0.00326382
0.00326374
0.00326366
0.00326419
0.0032666
0.00326717
0.00326706
0.00326682
0.00326656
0.00326631
0.00326608
0.00326586
0.00326566
0.00326547
0.00326529
0.00326512
0.00326495
0.00326479
0.00326463
0.00326509
0.00330046
0.00330107
0.00330103
0.00330084
0.00330063
0.00330041
0.00330021
0.00330001
0.00329981
0.00329963
0.00329945
0.00329927
0.0032991
0.00329894
0.00329877
0.00329861
0.00329844
0.00329828
0.00329812
0.00329797
0.00329781
0.00329767
0.00329752
0.00329738
0.00329725
0.00329712
0.00329699
0.00329687
0.00329675
0.00329664
0.00329653
0.00329642
0.00329632
0.00329622
0.00329613
0.00329603
0.00329594
0.00329586
0.00329577
0.00329569
0.00329561
0.00329553
0.00329546
0.00329537
0.00329591
0.00329837
0.00329884
0.00329864
0.00329833
0.00329804
0.00329777
0.00329753
0.00329732
0.00329712
0.00329694
0.00329677
0.00329661
0.00329646
0.00329631
0.00329615
0.00329663
0.00332451
0.00332514
0.00332507
0.00332486
0.00332463
0.00332442
0.00332421
0.00332401
0.00332382
0.00332364
0.00332346
0.00332329
0.00332313
0.00332296
0.0033228
0.00332264
0.00332248
0.00332233
0.00332217
0.00332202
0.00332187
0.00332173
0.00332159
0.00332145
0.00332132
0.00332119
0.00332107
0.00332096
0.00332084
0.00332074
0.00332063
0.00332053
0.00332043
0.00332034
0.00332025
0.00332016
0.00332007
0.00331999
0.00331991
0.00331983
0.00331975
0.00331968
0.00331961
0.00331953
0.00332005
0.00332245
0.00332272
0.00332239
0.00332204
0.00332174
0.00332149
0.00332128
0.00332109
0.00332092
0.00332076
0.00332061
0.00332046
0.00332032
0.00332019
0.00332005
0.00332056
0.00334065
0.00334111
0.00334095
0.00334071
0.00334049
0.00334027
0.00334007
0.00333988
0.0033397
0.00333953
0.00333936
0.0033392
0.00333904
0.00333888
0.00333872
0.00333857
0.00333842
0.00333827
0.00333812
0.00333797
0.00333783
0.00333769
0.00333756
0.00333743
0.0033373
0.00333718
0.00333707
0.00333696
0.00333685
0.00333675
0.00333665
0.00333655
0.00333646
0.00333637
0.00333628
0.0033362
0.00333612
0.00333604
0.00333597
0.00333589
0.00333582
0.00333575
0.00333569
0.00333562
0.00333604
0.00333813
0.00333802
0.00333764
0.00333736
0.00333715
0.00333698
0.00333682
0.00333668
0.00333654
0.00333641
0.00333629
0.00333617
0.00333605
0.00333594
0.00333581
0.00333636
)
;

boundaryField
{
    bottomWall
    {
        type            nutUWallFunction;
        Cmu             0.09;
        kappa           0.41;
        E               9.8;
        value           nonuniform 0();
    }
    topWall
    {
        type            nutUWallFunction;
        Cmu             0.09;
        kappa           0.41;
        E               9.8;
        value           nonuniform 0();
    }
    sides1_half0
    {
        type            cyclic;
    }
    sides1_half1
    {
        type            cyclic;
    }
    sides2_half0
    {
        type            cyclic;
    }
    sides2_half1
    {
        type            cyclic;
    }
    inout1_half0
    {
        type            cyclic;
    }
    inout1_half1
    {
        type            cyclic;
    }
    inout2_half0
    {
        type            cyclic;
    }
    inout2_half1
    {
        type            cyclic;
    }
    procBoundary5to2
    {
        type            processor;
        value           nonuniform List<scalar> 
61
(
0.00334393
0.00334455
0.00334449
0.0033443
0.0033441
0.0033439
0.00334371
0.00334354
0.00334337
0.00334321
0.00334305
0.00334289
0.00334274
0.0033426
0.00334245
0.0033423
0.00334216
0.00334201
0.00334187
0.00334173
0.0033416
0.00334146
0.00334134
0.00334121
0.0033411
0.00334098
0.00334087
0.00334077
0.00334067
0.00334057
0.00334048
0.00334038
0.0033403
0.00334021
0.00334013
0.00334005
0.00333998
0.0033399
0.00333983
0.00333976
0.0033397
0.00333963
0.00333957
0.00333951
0.00333959
0.00333949
0.00334012
0.00334031
0.00334031
0.00334025
0.00334017
0.00334009
0.00334
0.00333991
0.00333982
0.00333973
0.00333964
0.00333955
0.00333945
0.00333935
0.00333998
)
;
    }
    procBoundary5to3
    {
        type            processor;
        value           nonuniform List<scalar> 
61
(
0.000273422
0.000273418
0.000273419
0.000273421
0.000273424
0.000273426
0.000273428
0.00027343
0.000273432
0.000273434
0.000273435
0.000273438
0.00027344
0.000273442
0.000273444
0.000273446
0.000273448
0.00027345
0.000273452
0.000273453
0.000273455
0.000273456
0.000273458
0.000273459
0.00027346
0.000273462
0.000273463
0.000273464
0.000273465
0.000273466
0.000273467
0.000273468
0.000273469
0.00027347
0.00027347
0.000273471
0.000273472
0.000273472
0.000273473
0.000273474
0.000273474
0.000273475
0.000273475
0.000273475
0.000273477
0.000273428
0.000273426
0.000273428
0.00027343
0.000273432
0.000273434
0.000273436
0.000273437
0.000273439
0.00027344
0.000273442
0.000273443
0.000273444
0.000273446
0.000273446
0.000273452
)
;
    }
    procBoundary5to4
    {
        type            processor;
        value           nonuniform List<scalar> 
132
(
0.000288047
0.000288013
0.000303126
0.000303089
0.000318693
0.00031865
0.000334777
0.000334725
0.000351412
0.000351349
0.000368632
0.000368555
0.000386475
0.000386382
0.000404979
0.000404869
0.000424187
0.000424057
0.000444144
0.000443991
0.000464896
0.000464717
0.000486492
0.000486284
0.000508984
0.000508742
0.000532425
0.000532146
0.000556872
0.000556552
0.000582382
0.000582016
0.000609017
0.000608599
0.000636838
0.000636362
0.000665909
0.000665371
0.000696295
0.000695688
0.000728065
0.000727382
0.000761284
0.000760518
0.000796021
0.000795165
0.000832344
0.00083139
0.000870319
0.000869259
0.000910013
0.000908839
0.000951489
0.000950194
0.000994809
0.000993383
0.00104003
0.00103846
0.0010872
0.00108549
0.00113638
0.00113451
0.00118759
0.00118556
0.00124088
0.00123868
0.00129626
0.00129388
0.00135374
0.00135118
0.00141333
0.00141058
0.00147501
0.00147207
0.00153875
0.00153561
0.00160451
0.00160118
0.00167223
0.0016687
0.00174182
0.00173809
0.00181317
0.00180925
0.00188618
0.00188207
0.00196069
0.0019564
0.00203652
0.00203206
0.00211349
0.00210887
0.00219137
0.0021866
0.00226992
0.00226501
0.00234884
0.00234382
0.00242785
0.00242272
0.00250659
0.00250138
0.00258471
0.00257943
0.00266181
0.00265647
0.00273745
0.00273208
0.00281118
0.00280578
0.0028825
0.0028771
0.0029509
0.00294551
0.00301583
0.00301046
0.00307673
0.00307138
0.00313299
0.00312767
0.00318403
0.00317875
0.00322923
0.003224
0.00326799
0.00326281
0.0032997
0.0032946
0.00332372
0.00331879
0.00333937
0.00333481
)
;
    }
}


// ************************************************************************* //
