/*--------------------------------*- C++ -*----------------------------------*\
  =========                 |
  \\      /  F ield         | OpenFOAM: The Open Source CFD Toolbox
   \\    /   O peration     | Website:  https://openfoam.org
    \\  /    A nd           | Version:  7
     \\/     M anipulation  |
\*---------------------------------------------------------------------------*/
FoamFile
{
    version     2.0;
    format      ascii;
    class       volScalarField;
    location    "3000";
    object      nut;
}
// * * * * * * * * * * * * * * * * * * * * * * * * * * * * * * * * * * * * * //

dimensions      [0 2 -1 0 0 0 0];

internalField   nonuniform List<scalar> 
4037
(
0.000281219
0.000281226
0.000281232
0.000281236
0.00028124
0.000281242
0.000281245
0.000281247
0.000281248
0.00028125
0.000281252
0.000281253
0.000281255
0.000281256
0.000281257
0.000281259
0.00028126
0.000281261
0.000281262
0.000281263
0.000281264
0.000281265
0.000281266
0.000281267
0.000281268
0.000281269
0.00028127
0.00028127
0.000281271
0.000281272
0.000281273
0.000281274
0.000281275
0.000281275
0.000281276
0.000281277
0.000281278
0.000281279
0.000281279
0.00028128
0.000281281
0.000281281
0.000281282
0.000281283
0.000281283
0.000281284
0.000281285
0.000281286
0.000281286
0.000281287
0.000281287
0.000281288
0.000281289
0.000281289
0.00028129
0.00028129
0.000281291
0.000281292
0.000281292
0.000281293
0.000281293
0.000281294
0.000281294
0.000281295
0.000281295
0.000281295
0.000281296
0.000281296
0.000281296
0.000281297
0.000281297
0.000281297
0.000281297
0.000281297
0.000281298
0.000281297
0.000281299
0.000267195
0.000267187
0.000267186
0.000267186
0.000267187
0.000267187
0.000267187
0.000267187
0.000267187
0.000267187
0.000267187
0.000267188
0.000267188
0.000267188
0.000267188
0.000267189
0.000267189
0.000267189
0.000267189
0.00026719
0.00026719
0.00026719
0.000267191
0.00026719
0.000267208
0.000267219
0.000267226
0.000267231
0.000267234
0.000267237
0.00026724
0.000267242
0.000267244
0.000267246
0.000267248
0.000267249
0.000267251
0.000267252
0.000267254
0.000267255
0.000267256
0.000267257
0.000267258
0.00026726
0.000267261
0.000267262
0.000267263
0.000267264
0.000267265
0.000267266
0.000267266
0.000267267
0.000267268
0.000267269
0.00026727
0.000267271
0.000267271
0.000267272
0.000267273
0.000267274
0.000267274
0.000267275
0.000267276
0.000267277
0.000267277
0.000267278
0.000267279
0.000267279
0.00026728
0.000267281
0.000267281
0.000267282
0.000267283
0.000267283
0.000267284
0.000267284
0.000267285
0.000267286
0.000267286
0.000267287
0.000267287
0.000267288
0.000267288
0.000267289
0.000267289
0.00026729
0.00026729
0.000267291
0.000267291
0.000267291
0.000267292
0.000267292
0.000267292
0.000267293
0.000267293
0.000267293
0.000267293
0.000267293
0.000267293
0.000267293
0.000267296
0.000267266
0.000267254
0.00026725
0.000267247
0.000267245
0.000267243
0.000267241
0.000267239
0.000267237
0.000267236
0.000267234
0.000267233
0.000267231
0.00026723
0.000267229
0.000267227
0.000267226
0.000267224
0.000267228
0.000253551
0.000253543
0.00025354
0.00025354
0.000253541
0.000253541
0.000253541
0.000253541
0.000253541
0.000253542
0.000253542
0.000253542
0.000253542
0.000253542
0.000253543
0.000253543
0.000253543
0.000253544
0.000253544
0.000253544
0.000253545
0.000253545
0.000253546
0.000253545
0.000253553
0.000253562
0.000253568
0.000253573
0.000253577
0.000253581
0.000253583
0.000253586
0.000253588
0.00025359
0.000253592
0.000253593
0.000253595
0.000253596
0.000253598
0.000253599
0.0002536
0.000253601
0.000253603
0.000253604
0.000253605
0.000253606
0.000253607
0.000253608
0.000253609
0.00025361
0.000253611
0.000253611
0.000253612
0.000253613
0.000253614
0.000253615
0.000253615
0.000253616
0.000253617
0.000253618
0.000253618
0.000253619
0.00025362
0.000253621
0.000253621
0.000253622
0.000253622
0.000253623
0.000253624
0.000253624
0.000253625
0.000253626
0.000253626
0.000253627
0.000253627
0.000253628
0.000253629
0.000253629
0.00025363
0.00025363
0.000253631
0.000253631
0.000253632
0.000253632
0.000253633
0.000253633
0.000253633
0.000253634
0.000253634
0.000253635
0.000253635
0.000253635
0.000253635
0.000253636
0.000253636
0.000253636
0.000253636
0.000253636
0.000253637
0.000253636
0.000253639
0.000253625
0.000253614
0.000253608
0.000253604
0.000253601
0.000253599
0.000253597
0.000253595
0.000253593
0.000253591
0.00025359
0.000253588
0.000253587
0.000253586
0.000253584
0.000253583
0.000253582
0.00025358
0.000253584
0.000240235
0.000240226
0.000240223
0.000240223
0.000240223
0.000240223
0.000240224
0.000240224
0.000240224
0.000240224
0.000240224
0.000240224
0.000240225
0.000240225
0.000240225
0.000240226
0.000240226
0.000240226
0.000240227
0.000240227
0.000240227
0.000240228
0.000240228
0.000240228
0.000240232
0.000240238
0.000240243
0.000240248
0.000240251
0.000240254
0.000240257
0.000240259
0.000240262
0.000240264
0.000240265
0.000240267
0.000240269
0.00024027
0.000240272
0.000240273
0.000240274
0.000240275
0.000240276
0.000240278
0.000240279
0.00024028
0.000240281
0.000240282
0.000240283
0.000240284
0.000240284
0.000240285
0.000240286
0.000240287
0.000240288
0.000240288
0.000240289
0.00024029
0.000240291
0.000240291
0.000240292
0.000240293
0.000240294
0.000240294
0.000240295
0.000240295
0.000240296
0.000240297
0.000240297
0.000240298
0.000240298
0.000240299
0.0002403
0.0002403
0.000240301
0.000240301
0.000240302
0.000240302
0.000240303
0.000240303
0.000240304
0.000240304
0.000240305
0.000240305
0.000240305
0.000240306
0.000240306
0.000240307
0.000240307
0.000240307
0.000240308
0.000240308
0.000240308
0.000240308
0.000240309
0.000240309
0.000240309
0.000240309
0.000240309
0.000240309
0.000240311
0.000240305
0.000240297
0.000240291
0.000240287
0.000240284
0.000240282
0.000240279
0.000240278
0.000240276
0.000240274
0.000240273
0.000240271
0.00024027
0.000240269
0.000240267
0.000240266
0.000240265
0.000240263
0.000240268
0.000227229
0.000227221
0.000227218
0.000227217
0.000227217
0.000227218
0.000227218
0.000227218
0.000227218
0.000227218
0.000227218
0.000227219
0.000227219
0.000227219
0.00022722
0.00022722
0.000227221
0.000227221
0.000227221
0.000227222
0.000227222
0.000227223
0.000227223
0.000227223
0.000227225
0.000227229
0.000227233
0.000227236
0.00022724
0.000227242
0.000227245
0.000227247
0.000227249
0.000227251
0.000227253
0.000227255
0.000227256
0.000227258
0.000227259
0.000227261
0.000227262
0.000227263
0.000227264
0.000227265
0.000227266
0.000227267
0.000227268
0.000227269
0.00022727
0.000227271
0.000227272
0.000227273
0.000227273
0.000227274
0.000227275
0.000227276
0.000227276
0.000227277
0.000227278
0.000227279
0.000227279
0.00022728
0.000227281
0.000227281
0.000227282
0.000227282
0.000227283
0.000227283
0.000227284
0.000227285
0.000227285
0.000227286
0.000227286
0.000227287
0.000227287
0.000227288
0.000227288
0.000227289
0.000227289
0.00022729
0.00022729
0.00022729
0.000227291
0.000227291
0.000227292
0.000227292
0.000227292
0.000227293
0.000227293
0.000227293
0.000227294
0.000227294
0.000227294
0.000227294
0.000227295
0.000227295
0.000227295
0.000227295
0.000227295
0.000227295
0.000227296
0.000227294
0.000227289
0.000227285
0.000227281
0.000227278
0.000227275
0.000227273
0.000227272
0.00022727
0.000227268
0.000227267
0.000227266
0.000227264
0.000227263
0.000227262
0.000227261
0.00022726
0.000227257
0.000227262
0.000214521
0.000214513
0.00021451
0.000214509
0.000214509
0.00021451
0.00021451
0.00021451
0.00021451
0.00021451
0.00021451
0.00021451
0.000214511
0.000214511
0.000214512
0.000214512
0.000214513
0.000214513
0.000214513
0.000214514
0.000214514
0.000214515
0.000214515
0.000214515
0.000214517
0.000214519
0.000214521
0.000214524
0.000214527
0.00021453
0.000214532
0.000214534
0.000214536
0.000214538
0.00021454
0.000214541
0.000214543
0.000214544
0.000214546
0.000214547
0.000214548
0.000214549
0.00021455
0.000214551
0.000214552
0.000214553
0.000214554
0.000214555
0.000214556
0.000214557
0.000214558
0.000214559
0.000214559
0.00021456
0.000214561
0.000214562
0.000214562
0.000214563
0.000214564
0.000214564
0.000214565
0.000214566
0.000214566
0.000214567
0.000214567
0.000214568
0.000214568
0.000214569
0.000214569
0.00021457
0.00021457
0.000214571
0.000214571
0.000214572
0.000214572
0.000214573
0.000214573
0.000214574
0.000214574
0.000214574
0.000214575
0.000214575
0.000214576
0.000214576
0.000214576
0.000214577
0.000214577
0.000214577
0.000214578
0.000214578
0.000214578
0.000214579
0.000214579
0.000214579
0.000214579
0.000214579
0.000214579
0.00021458
0.00021458
0.00021458
0.00021458
0.000214579
0.000214577
0.000214574
0.000214571
0.000214568
0.000214566
0.000214564
0.000214562
0.000214561
0.000214559
0.000214558
0.000214557
0.000214555
0.000214554
0.000214553
0.000214552
0.000214551
0.000214549
0.000214554
0.000202097
0.000202089
0.000202086
0.000202085
0.000202085
0.000202085
0.000202086
0.000202086
0.000202086
0.000202086
0.000202086
0.000202086
0.000202087
0.000202087
0.000202088
0.000202088
0.000202089
0.000202089
0.000202089
0.00020209
0.00020209
0.000202091
0.000202091
0.000202092
0.000202092
0.000202094
0.000202096
0.000202098
0.0002021
0.000202102
0.000202104
0.000202106
0.000202108
0.00020211
0.000202111
0.000202113
0.000202114
0.000202116
0.000202117
0.000202118
0.000202119
0.00020212
0.000202121
0.000202122
0.000202123
0.000202124
0.000202125
0.000202126
0.000202127
0.000202128
0.000202129
0.00020213
0.00020213
0.000202131
0.000202132
0.000202132
0.000202133
0.000202134
0.000202134
0.000202135
0.000202135
0.000202136
0.000202137
0.000202137
0.000202138
0.000202138
0.000202139
0.000202139
0.00020214
0.00020214
0.000202141
0.000202141
0.000202141
0.000202142
0.000202142
0.000202143
0.000202143
0.000202144
0.000202144
0.000202144
0.000202145
0.000202145
0.000202145
0.000202146
0.000202146
0.000202146
0.000202147
0.000202147
0.000202147
0.000202148
0.000202148
0.000202148
0.000202148
0.000202148
0.000202149
0.000202149
0.000202149
0.000202149
0.000202149
0.000202149
0.000202149
0.000202149
0.000202148
0.000202146
0.000202144
0.000202142
0.00020214
0.000202138
0.000202136
0.000202135
0.000202134
0.000202132
0.000202131
0.00020213
0.000202129
0.000202128
0.000202127
0.000202126
0.000202124
0.000202129
0.000189945
0.000189937
0.000189934
0.000189933
0.000189933
0.000189934
0.000189934
0.000189934
0.000189934
0.000189934
0.000189934
0.000189934
0.000189935
0.000189935
0.000189936
0.000189936
0.000189937
0.000189937
0.000189938
0.000189938
0.000189939
0.000189939
0.00018994
0.00018994
0.000189941
0.000189942
0.000189943
0.000189945
0.000189946
0.000189948
0.00018995
0.000189951
0.000189953
0.000189955
0.000189956
0.000189958
0.000189959
0.00018996
0.000189961
0.000189963
0.000189964
0.000189965
0.000189966
0.000189967
0.000189968
0.000189969
0.000189969
0.00018997
0.000189971
0.000189972
0.000189973
0.000189973
0.000189974
0.000189975
0.000189975
0.000189976
0.000189977
0.000189977
0.000189978
0.000189978
0.000189979
0.00018998
0.00018998
0.00018998
0.000189981
0.000189981
0.000189982
0.000189982
0.000189983
0.000189983
0.000189984
0.000189984
0.000189984
0.000189985
0.000189985
0.000189986
0.000189986
0.000189986
0.000189987
0.000189987
0.000189987
0.000189988
0.000189988
0.000189988
0.000189989
0.000189989
0.000189989
0.000189989
0.00018999
0.00018999
0.00018999
0.00018999
0.000189991
0.000189991
0.000189991
0.000189991
0.000189991
0.000189991
0.000189991
0.000189991
0.000189992
0.000189992
0.000189991
0.00018999
0.000189988
0.000189987
0.000189985
0.000189984
0.000189982
0.000189981
0.00018998
0.000189979
0.000189978
0.000189977
0.000189976
0.000189975
0.000189974
0.000189973
0.000189971
0.000189976
0.000178054
0.000178046
0.000178044
0.000178043
0.000178043
0.000178043
0.000178044
0.000178044
0.000178044
0.000178044
0.000178044
0.000178044
0.000178045
0.000178045
0.000178046
0.000178046
0.000178047
0.000178047
0.000178048
0.000178048
0.000178048
0.000178049
0.000178049
0.00017805
0.000178051
0.000178051
0.000178052
0.000178054
0.000178055
0.000178056
0.000178058
0.000178059
0.000178061
0.000178062
0.000178063
0.000178065
0.000178066
0.000178067
0.000178068
0.000178069
0.00017807
0.000178071
0.000178072
0.000178073
0.000178074
0.000178075
0.000178076
0.000178077
0.000178077
0.000178078
0.000178079
0.00017808
0.00017808
0.000178081
0.000178081
0.000178082
0.000178083
0.000178083
0.000178084
0.000178084
0.000178085
0.000178085
0.000178086
0.000178086
0.000178087
0.000178087
0.000178087
0.000178088
0.000178088
0.000178089
0.000178089
0.000178089
0.00017809
0.00017809
0.00017809
0.000178091
0.000178091
0.000178091
0.000178092
0.000178092
0.000178092
0.000178093
0.000178093
0.000178093
0.000178093
0.000178094
0.000178094
0.000178094
0.000178094
0.000178095
0.000178095
0.000178095
0.000178095
0.000178095
0.000178095
0.000178096
0.000178096
0.000178096
0.000178096
0.000178096
0.000178096
0.000178096
0.000178096
0.000178095
0.000178094
0.000178093
0.000178092
0.000178091
0.00017809
0.000178088
0.000178087
0.000178086
0.000178085
0.000178084
0.000178084
0.000178083
0.000178082
0.000178081
0.000178079
0.000178084
0.000166417
0.000166409
0.000166407
0.000166406
0.000166406
0.000166406
0.000166406
0.000166406
0.000166406
0.000166407
0.000166407
0.000166407
0.000166407
0.000166408
0.000166408
0.000166409
0.000166409
0.00016641
0.00016641
0.000166411
0.000166411
0.000166412
0.000166412
0.000166413
0.000166413
0.000166414
0.000166415
0.000166416
0.000166417
0.000166418
0.000166419
0.00016642
0.000166421
0.000166423
0.000166424
0.000166425
0.000166426
0.000166428
0.000166429
0.00016643
0.000166431
0.000166431
0.000166432
0.000166433
0.000166434
0.000166435
0.000166436
0.000166436
0.000166437
0.000166438
0.000166438
0.000166439
0.00016644
0.00016644
0.000166441
0.000166441
0.000166442
0.000166442
0.000166443
0.000166443
0.000166444
0.000166444
0.000166445
0.000166445
0.000166445
0.000166446
0.000166446
0.000166446
0.000166447
0.000166447
0.000166448
0.000166448
0.000166448
0.000166449
0.000166449
0.000166449
0.000166449
0.00016645
0.00016645
0.00016645
0.000166451
0.000166451
0.000166451
0.000166451
0.000166452
0.000166452
0.000166452
0.000166452
0.000166452
0.000166453
0.000166453
0.000166453
0.000166453
0.000166453
0.000166453
0.000166453
0.000166454
0.000166454
0.000166454
0.000166454
0.000166454
0.000166454
0.000166454
0.000166454
0.000166453
0.000166452
0.000166451
0.00016645
0.000166449
0.000166448
0.000166447
0.000166447
0.000166446
0.000166445
0.000166444
0.000166443
0.000166443
0.000166442
0.00016644
0.000166445
0.000155025
0.000155017
0.000155015
0.000155014
0.000155014
0.000155014
0.000155015
0.000155015
0.000155015
0.000155015
0.000155015
0.000155015
0.000155016
0.000155016
0.000155016
0.000155017
0.000155018
0.000155018
0.000155018
0.000155019
0.000155019
0.00015502
0.00015502
0.000155021
0.000155021
0.000155022
0.000155023
0.000155024
0.000155024
0.000155025
0.000155026
0.000155027
0.000155028
0.000155029
0.00015503
0.000155032
0.000155033
0.000155034
0.000155035
0.000155036
0.000155037
0.000155037
0.000155038
0.000155039
0.00015504
0.00015504
0.000155041
0.000155042
0.000155043
0.000155043
0.000155044
0.000155044
0.000155045
0.000155045
0.000155046
0.000155046
0.000155047
0.000155047
0.000155048
0.000155048
0.000155049
0.000155049
0.00015505
0.00015505
0.00015505
0.000155051
0.000155051
0.000155051
0.000155051
0.000155052
0.000155052
0.000155052
0.000155053
0.000155053
0.000155053
0.000155054
0.000155054
0.000155054
0.000155054
0.000155054
0.000155055
0.000155055
0.000155055
0.000155055
0.000155056
0.000155056
0.000155056
0.000155056
0.000155056
0.000155057
0.000155057
0.000155057
0.000155057
0.000155057
0.000155057
0.000155057
0.000155057
0.000155058
0.000155058
0.000155058
0.000155058
0.000155058
0.000155058
0.000155058
0.000155057
0.000155057
0.000155056
0.000155055
0.000155055
0.000155054
0.000155053
0.000155052
0.000155052
0.000155051
0.00015505
0.000155049
0.000155049
0.000155048
0.000155046
0.000155051
0.000143872
0.000143865
0.000143863
0.000143862
0.000143862
0.000143863
0.000143863
0.000143863
0.000143863
0.000143863
0.000143863
0.000143863
0.000143864
0.000143864
0.000143865
0.000143865
0.000143866
0.000143866
0.000143867
0.000143867
0.000143867
0.000143868
0.000143868
0.000143869
0.000143869
0.00014387
0.000143871
0.000143871
0.000143872
0.000143873
0.000143874
0.000143874
0.000143875
0.000143876
0.000143877
0.000143878
0.000143879
0.00014388
0.000143881
0.000143882
0.000143883
0.000143883
0.000143884
0.000143885
0.000143886
0.000143886
0.000143887
0.000143888
0.000143888
0.000143889
0.000143889
0.00014389
0.00014389
0.000143891
0.000143891
0.000143892
0.000143892
0.000143893
0.000143893
0.000143893
0.000143894
0.000143894
0.000143895
0.000143895
0.000143895
0.000143895
0.000143896
0.000143896
0.000143896
0.000143897
0.000143897
0.000143897
0.000143897
0.000143898
0.000143898
0.000143898
0.000143898
0.000143899
0.000143899
0.000143899
0.000143899
0.000143899
0.000143899
0.0001439
0.0001439
0.0001439
0.0001439
0.0001439
0.000143901
0.000143901
0.000143901
0.000143901
0.000143901
0.000143901
0.000143901
0.000143901
0.000143901
0.000143902
0.000143902
0.000143902
0.000143902
0.000143902
0.000143902
0.000143902
0.000143902
0.000143901
0.000143901
0.0001439
0.0001439
0.000143899
0.000143898
0.000143898
0.000143897
0.000143896
0.000143896
0.000143895
0.000143895
0.000143894
0.000143892
0.000143897
0.000132956
0.00013295
0.000132948
0.000132947
0.000132947
0.000132947
0.000132947
0.000132947
0.000132947
0.000132947
0.000132947
0.000132948
0.000132948
0.000132948
0.000132949
0.000132949
0.00013295
0.00013295
0.000132951
0.000132951
0.000132952
0.000132952
0.000132953
0.000132953
0.000132954
0.000132954
0.000132955
0.000132955
0.000132956
0.000132957
0.000132957
0.000132958
0.000132959
0.000132959
0.00013296
0.000132961
0.000132962
0.000132963
0.000132964
0.000132964
0.000132965
0.000132966
0.000132967
0.000132967
0.000132968
0.000132968
0.000132969
0.00013297
0.00013297
0.000132971
0.000132971
0.000132972
0.000132972
0.000132973
0.000132973
0.000132973
0.000132974
0.000132974
0.000132975
0.000132975
0.000132975
0.000132976
0.000132976
0.000132976
0.000132976
0.000132977
0.000132977
0.000132977
0.000132977
0.000132978
0.000132978
0.000132978
0.000132978
0.000132979
0.000132979
0.000132979
0.000132979
0.000132979
0.00013298
0.00013298
0.00013298
0.00013298
0.00013298
0.00013298
0.000132981
0.000132981
0.000132981
0.000132981
0.000132981
0.000132981
0.000132981
0.000132982
0.000132982
0.000132982
0.000132982
0.000132982
0.000132982
0.000132982
0.000132982
0.000132982
0.000132982
0.000132982
0.000132982
0.000132982
0.000132982
0.000132982
0.000132982
0.000132981
0.000132981
0.00013298
0.00013298
0.000132979
0.000132979
0.000132978
0.000132978
0.000132977
0.000132976
0.000132976
0.000132975
0.000132979
0.000122274
0.000122268
0.000122266
0.000122266
0.000122266
0.000122266
0.000122266
0.000122266
0.000122266
0.000122266
0.000122266
0.000122266
0.000122267
0.000122267
0.000122267
0.000122268
0.000122268
0.000122269
0.000122269
0.00012227
0.00012227
0.00012227
0.000122271
0.000122271
0.000122272
0.000122272
0.000122273
0.000122274
0.000122274
0.000122275
0.000122275
0.000122276
0.000122276
0.000122277
0.000122278
0.000122279
0.000122279
0.00012228
0.000122281
0.000122282
0.000122282
0.000122283
0.000122283
0.000122284
0.000122285
0.000122285
0.000122286
0.000122286
0.000122287
0.000122287
0.000122288
0.000122288
0.000122289
0.000122289
0.000122289
0.00012229
0.00012229
0.00012229
0.000122291
0.000122291
0.000122291
0.000122292
0.000122292
0.000122292
0.000122292
0.000122292
0.000122293
0.000122293
0.000122293
0.000122293
0.000122293
0.000122294
0.000122294
0.000122294
0.000122294
0.000122294
0.000122295
0.000122295
0.000122295
0.000122295
0.000122295
0.000122295
0.000122295
0.000122296
0.000122296
0.000122296
0.000122296
0.000122296
0.000122296
0.000122296
0.000122296
0.000122297
0.000122297
0.000122297
0.000122297
0.000122297
0.000122297
0.000122297
0.000122297
0.000122297
0.000122297
0.000122297
0.000122297
0.000122297
0.000122297
0.000122297
0.000122297
0.000122297
0.000122296
0.000122296
0.000122295
0.000122295
0.000122294
0.000122294
0.000122294
0.000122293
0.000122293
0.000122292
0.000122291
0.000122295
0.000111827
0.000111821
0.00011182
0.000111819
0.000111819
0.000111819
0.000111819
0.000111819
0.000111819
0.000111819
0.000111819
0.00011182
0.00011182
0.00011182
0.000111821
0.000111821
0.000111822
0.000111822
0.000111822
0.000111823
0.000111823
0.000111823
0.000111824
0.000111824
0.000111825
0.000111825
0.000111826
0.000111826
0.000111827
0.000111827
0.000111828
0.000111828
0.000111829
0.000111829
0.00011183
0.000111831
0.000111831
0.000111832
0.000111833
0.000111833
0.000111834
0.000111834
0.000111835
0.000111835
0.000111836
0.000111836
0.000111837
0.000111837
0.000111838
0.000111838
0.000111839
0.000111839
0.00011184
0.00011184
0.00011184
0.00011184
0.000111841
0.000111841
0.000111841
0.000111842
0.000111842
0.000111842
0.000111842
0.000111843
0.000111843
0.000111843
0.000111843
0.000111843
0.000111843
0.000111844
0.000111844
0.000111844
0.000111844
0.000111844
0.000111845
0.000111845
0.000111845
0.000111845
0.000111845
0.000111845
0.000111845
0.000111845
0.000111845
0.000111846
0.000111846
0.000111846
0.000111846
0.000111846
0.000111846
0.000111846
0.000111846
0.000111846
0.000111847
0.000111847
0.000111847
0.000111847
0.000111847
0.000111847
0.000111847
0.000111847
0.000111847
0.000111847
0.000111847
0.000111847
0.000111847
0.000111847
0.000111847
0.000111847
0.000111846
0.000111846
0.000111846
0.000111845
0.000111845
0.000111845
0.000111844
0.000111844
0.000111843
0.000111843
0.000111842
0.000111845
0.000101617
0.000101612
0.00010161
0.00010161
0.00010161
0.00010161
0.00010161
0.00010161
0.00010161
0.00010161
0.00010161
0.00010161
0.00010161
0.000101611
0.000101611
0.000101612
0.000101612
0.000101612
0.000101613
0.000101613
0.000101613
0.000101614
0.000101614
0.000101615
0.000101615
0.000101616
0.000101616
0.000101616
0.000101617
0.000101617
0.000101618
0.000101618
0.000101619
0.000101619
0.00010162
0.00010162
0.000101621
0.000101621
0.000101622
0.000101622
0.000101623
0.000101623
0.000101624
0.000101624
0.000101625
0.000101625
0.000101626
0.000101626
0.000101627
0.000101627
0.000101627
0.000101628
0.000101628
0.000101628
0.000101629
0.000101629
0.000101629
0.000101629
0.00010163
0.00010163
0.00010163
0.00010163
0.00010163
0.000101631
0.000101631
0.000101631
0.000101631
0.000101631
0.000101631
0.000101632
0.000101632
0.000101632
0.000101632
0.000101632
0.000101632
0.000101632
0.000101632
0.000101633
0.000101633
0.000101633
0.000101633
0.000101633
0.000101633
0.000101633
0.000101633
0.000101633
0.000101634
0.000101634
0.000101634
0.000101634
0.000101634
0.000101634
0.000101634
0.000101634
0.000101634
0.000101634
0.000101634
0.000101634
0.000101634
0.000101634
0.000101634
0.000101634
0.000101634
0.000101634
0.000101634
0.000101634
0.000101634
0.000101634
0.000101634
0.000101634
0.000101633
0.000101633
0.000101633
0.000101633
0.000101632
0.000101632
0.000101631
0.000101631
0.00010163
0.000101633
9.16496e-05
9.16454e-05
9.16438e-05
9.16433e-05
9.16432e-05
9.16433e-05
9.16433e-05
9.16433e-05
9.16433e-05
9.16434e-05
9.16434e-05
9.16436e-05
9.16438e-05
9.16441e-05
9.16445e-05
9.16449e-05
9.16453e-05
9.16457e-05
9.1646e-05
9.16463e-05
9.16466e-05
9.16469e-05
9.16473e-05
9.16477e-05
9.16481e-05
9.16485e-05
9.16489e-05
9.16493e-05
9.16497e-05
9.165e-05
9.16504e-05
9.16507e-05
9.16511e-05
9.16516e-05
9.1652e-05
9.16525e-05
9.16531e-05
9.16536e-05
9.16541e-05
9.16545e-05
9.1655e-05
9.16554e-05
9.16558e-05
9.16562e-05
9.16566e-05
9.1657e-05
9.16574e-05
9.16578e-05
9.16582e-05
9.16585e-05
9.16588e-05
9.16591e-05
9.16594e-05
9.16596e-05
9.16599e-05
9.16601e-05
9.16603e-05
9.16606e-05
9.16608e-05
9.1661e-05
9.16612e-05
9.16614e-05
9.16616e-05
9.16617e-05
9.16618e-05
9.16619e-05
9.16621e-05
9.16622e-05
9.16623e-05
9.16624e-05
9.16626e-05
9.16627e-05
9.16628e-05
9.16629e-05
9.1663e-05
9.16631e-05
9.16632e-05
9.16633e-05
9.16634e-05
9.16635e-05
9.16635e-05
9.16636e-05
9.16637e-05
9.16638e-05
9.16639e-05
9.1664e-05
9.16641e-05
9.16642e-05
9.16642e-05
9.16643e-05
9.16644e-05
9.16644e-05
9.16644e-05
9.16645e-05
9.16645e-05
9.16646e-05
9.16646e-05
9.16647e-05
9.16647e-05
9.16648e-05
9.16648e-05
9.16648e-05
9.16648e-05
9.16648e-05
9.16648e-05
9.16648e-05
9.16647e-05
9.16646e-05
9.16645e-05
9.16643e-05
9.16641e-05
9.16639e-05
9.16636e-05
9.16634e-05
9.16631e-05
9.16628e-05
9.16625e-05
9.16623e-05
9.16613e-05
9.16639e-05
8.19341e-05
8.19304e-05
8.1929e-05
8.19285e-05
8.19285e-05
8.19285e-05
8.19285e-05
8.19285e-05
8.19285e-05
8.19285e-05
8.19285e-05
8.19286e-05
8.19288e-05
8.19291e-05
8.19295e-05
8.19299e-05
8.19302e-05
8.19305e-05
8.19308e-05
8.19311e-05
8.19314e-05
8.19317e-05
8.1932e-05
8.19324e-05
8.19328e-05
8.19331e-05
8.19335e-05
8.19339e-05
8.19342e-05
8.19345e-05
8.19348e-05
8.19351e-05
8.19354e-05
8.19358e-05
8.19362e-05
8.19366e-05
8.19371e-05
8.19375e-05
8.19379e-05
8.19383e-05
8.19387e-05
8.19391e-05
8.19394e-05
8.19398e-05
8.19401e-05
8.19405e-05
8.19408e-05
8.19412e-05
8.19415e-05
8.19418e-05
8.19421e-05
8.19423e-05
8.19426e-05
8.19428e-05
8.1943e-05
8.19432e-05
8.19434e-05
8.19436e-05
8.19438e-05
8.19439e-05
8.19441e-05
8.19443e-05
8.19444e-05
8.19445e-05
8.19446e-05
8.19447e-05
8.19448e-05
8.19449e-05
8.1945e-05
8.19451e-05
8.19452e-05
8.19453e-05
8.19455e-05
8.19455e-05
8.19456e-05
8.19457e-05
8.19458e-05
8.19458e-05
8.19459e-05
8.1946e-05
8.1946e-05
8.19461e-05
8.19462e-05
8.19462e-05
8.19463e-05
8.19464e-05
8.19465e-05
8.19465e-05
8.19466e-05
8.19467e-05
8.19467e-05
8.19467e-05
8.19468e-05
8.19468e-05
8.19469e-05
8.19469e-05
8.19469e-05
8.1947e-05
8.1947e-05
8.1947e-05
8.19471e-05
8.19471e-05
8.19471e-05
8.19471e-05
8.19471e-05
8.19471e-05
8.1947e-05
8.1947e-05
8.19469e-05
8.19467e-05
8.19466e-05
8.19464e-05
8.19462e-05
8.1946e-05
8.19458e-05
8.19455e-05
8.19452e-05
8.19451e-05
8.19442e-05
8.19464e-05
7.24831e-05
7.24799e-05
7.24787e-05
7.24782e-05
7.24781e-05
7.24781e-05
7.24781e-05
7.24781e-05
7.2478e-05
7.2478e-05
7.2478e-05
7.24781e-05
7.24783e-05
7.24786e-05
7.24789e-05
7.24792e-05
7.24795e-05
7.24798e-05
7.24801e-05
7.24804e-05
7.24806e-05
7.24809e-05
7.24812e-05
7.24815e-05
7.24818e-05
7.24822e-05
7.24825e-05
7.24828e-05
7.24831e-05
7.24833e-05
7.24836e-05
7.24839e-05
7.24841e-05
7.24844e-05
7.24848e-05
7.24851e-05
7.24855e-05
7.24859e-05
7.24863e-05
7.24866e-05
7.24869e-05
7.24872e-05
7.24875e-05
7.24878e-05
7.24881e-05
7.24884e-05
7.24887e-05
7.2489e-05
7.24893e-05
7.24896e-05
7.24898e-05
7.249e-05
7.24902e-05
7.24904e-05
7.24906e-05
7.24907e-05
7.24909e-05
7.24911e-05
7.24912e-05
7.24914e-05
7.24915e-05
7.24917e-05
7.24918e-05
7.24919e-05
7.2492e-05
7.2492e-05
7.24921e-05
7.24922e-05
7.24923e-05
7.24924e-05
7.24925e-05
7.24925e-05
7.24926e-05
7.24927e-05
7.24928e-05
7.24928e-05
7.24929e-05
7.24929e-05
7.2493e-05
7.2493e-05
7.24931e-05
7.24931e-05
7.24932e-05
7.24933e-05
7.24933e-05
7.24934e-05
7.24935e-05
7.24935e-05
7.24936e-05
7.24936e-05
7.24936e-05
7.24937e-05
7.24937e-05
7.24937e-05
7.24938e-05
7.24938e-05
7.24938e-05
7.24939e-05
7.24939e-05
7.24939e-05
7.2494e-05
7.2494e-05
7.2494e-05
7.2494e-05
7.2494e-05
7.2494e-05
7.24939e-05
7.24939e-05
7.24938e-05
7.24937e-05
7.24936e-05
7.24935e-05
7.24933e-05
7.24931e-05
7.24929e-05
7.24927e-05
7.24925e-05
7.24924e-05
7.24916e-05
7.24935e-05
6.33142e-05
6.33116e-05
6.33105e-05
6.331e-05
6.33099e-05
6.33099e-05
6.33098e-05
6.33097e-05
6.33097e-05
6.33096e-05
6.33097e-05
6.33097e-05
6.33099e-05
6.33101e-05
6.33104e-05
6.33107e-05
6.3311e-05
6.33112e-05
6.33115e-05
6.33117e-05
6.33119e-05
6.33122e-05
6.33124e-05
6.33127e-05
6.3313e-05
6.33133e-05
6.33136e-05
6.33138e-05
6.33141e-05
6.33143e-05
6.33145e-05
6.33147e-05
6.3315e-05
6.33152e-05
6.33155e-05
6.33158e-05
6.33161e-05
6.33164e-05
6.33167e-05
6.3317e-05
6.33173e-05
6.33176e-05
6.33178e-05
6.33181e-05
6.33183e-05
6.33186e-05
6.33188e-05
6.33191e-05
6.33193e-05
6.33196e-05
6.33198e-05
6.332e-05
6.33201e-05
6.33203e-05
6.33204e-05
6.33205e-05
6.33207e-05
6.33208e-05
6.33209e-05
6.33211e-05
6.33212e-05
6.33213e-05
6.33214e-05
6.33215e-05
6.33215e-05
6.33216e-05
6.33217e-05
6.33217e-05
6.33218e-05
6.33219e-05
6.33219e-05
6.3322e-05
6.33221e-05
6.33221e-05
6.33222e-05
6.33222e-05
6.33223e-05
6.33223e-05
6.33224e-05
6.33224e-05
6.33224e-05
6.33225e-05
6.33225e-05
6.33226e-05
6.33226e-05
6.33227e-05
6.33227e-05
6.33228e-05
6.33228e-05
6.33229e-05
6.33229e-05
6.33229e-05
6.33229e-05
6.3323e-05
6.3323e-05
6.3323e-05
6.3323e-05
6.33231e-05
6.33231e-05
6.33231e-05
6.33231e-05
6.33232e-05
6.33232e-05
6.33232e-05
6.33232e-05
6.33232e-05
6.33232e-05
6.33231e-05
6.33231e-05
6.3323e-05
6.33229e-05
6.33228e-05
6.33227e-05
6.33225e-05
6.33224e-05
6.33222e-05
6.3322e-05
6.33219e-05
6.33212e-05
6.33228e-05
5.44516e-05
5.44494e-05
5.44485e-05
5.44481e-05
5.44479e-05
5.44479e-05
5.44477e-05
5.44476e-05
5.44476e-05
5.44475e-05
5.44475e-05
5.44476e-05
5.44477e-05
5.44479e-05
5.44481e-05
5.44484e-05
5.44487e-05
5.44489e-05
5.44491e-05
5.44493e-05
5.44495e-05
5.44497e-05
5.44499e-05
5.44501e-05
5.44504e-05
5.44506e-05
5.44509e-05
5.44511e-05
5.44513e-05
5.44515e-05
5.44517e-05
5.44519e-05
5.4452e-05
5.44523e-05
5.44525e-05
5.44527e-05
5.4453e-05
5.44533e-05
5.44535e-05
5.44538e-05
5.4454e-05
5.44542e-05
5.44544e-05
5.44546e-05
5.44548e-05
5.44551e-05
5.44553e-05
5.44555e-05
5.44557e-05
5.44559e-05
5.4456e-05
5.44562e-05
5.44563e-05
5.44565e-05
5.44566e-05
5.44567e-05
5.44568e-05
5.44569e-05
5.4457e-05
5.44571e-05
5.44572e-05
5.44573e-05
5.44574e-05
5.44574e-05
5.44575e-05
5.44575e-05
5.44576e-05
5.44576e-05
5.44577e-05
5.44578e-05
5.44578e-05
5.44579e-05
5.44579e-05
5.4458e-05
5.4458e-05
5.44581e-05
5.44581e-05
5.44581e-05
5.44582e-05
5.44582e-05
5.44582e-05
5.44582e-05
5.44583e-05
5.44583e-05
5.44584e-05
5.44584e-05
5.44585e-05
5.44585e-05
5.44585e-05
5.44586e-05
5.44586e-05
5.44586e-05
5.44586e-05
5.44586e-05
5.44587e-05
5.44587e-05
5.44587e-05
5.44587e-05
5.44587e-05
5.44588e-05
5.44588e-05
5.44588e-05
5.44588e-05
5.44588e-05
5.44588e-05
5.44588e-05
5.44588e-05
5.44588e-05
5.44587e-05
5.44587e-05
5.44586e-05
5.44585e-05
5.44584e-05
5.44583e-05
5.44582e-05
5.44581e-05
5.44579e-05
5.44578e-05
5.44572e-05
5.44585e-05
4.5928e-05
4.59262e-05
4.59254e-05
4.59251e-05
4.59249e-05
4.59248e-05
4.59246e-05
4.59245e-05
4.59244e-05
4.59243e-05
4.59243e-05
4.59244e-05
4.59245e-05
4.59246e-05
4.59249e-05
4.59251e-05
4.59253e-05
4.59255e-05
4.59257e-05
4.59258e-05
4.5926e-05
4.59262e-05
4.59263e-05
4.59265e-05
4.59268e-05
4.5927e-05
4.59272e-05
4.59274e-05
4.59275e-05
4.59277e-05
4.59278e-05
4.5928e-05
4.59281e-05
4.59283e-05
4.59285e-05
4.59287e-05
4.59289e-05
4.59291e-05
4.59293e-05
4.59295e-05
4.59297e-05
4.59299e-05
4.593e-05
4.59302e-05
4.59304e-05
4.59306e-05
4.59308e-05
4.59309e-05
4.59311e-05
4.59313e-05
4.59314e-05
4.59315e-05
4.59316e-05
4.59317e-05
4.59318e-05
4.59319e-05
4.5932e-05
4.59321e-05
4.59322e-05
4.59323e-05
4.59323e-05
4.59324e-05
4.59325e-05
4.59325e-05
4.59326e-05
4.59326e-05
4.59326e-05
4.59327e-05
4.59327e-05
4.59328e-05
4.59328e-05
4.59329e-05
4.59329e-05
4.59329e-05
4.5933e-05
4.5933e-05
4.5933e-05
4.59331e-05
4.59331e-05
4.59331e-05
4.59331e-05
4.59332e-05
4.59332e-05
4.59332e-05
4.59333e-05
4.59333e-05
4.59333e-05
4.59334e-05
4.59334e-05
4.59334e-05
4.59334e-05
4.59334e-05
4.59335e-05
4.59335e-05
4.59335e-05
4.59335e-05
4.59335e-05
4.59335e-05
4.59336e-05
4.59336e-05
4.59336e-05
4.59336e-05
4.59336e-05
4.59336e-05
4.59336e-05
4.59336e-05
4.59336e-05
4.59336e-05
4.59336e-05
4.59335e-05
4.59335e-05
4.59334e-05
4.59333e-05
4.59332e-05
4.59331e-05
4.5933e-05
4.59329e-05
4.59328e-05
4.59323e-05
4.59333e-05
3.77881e-05
3.77867e-05
3.7786e-05
3.77857e-05
3.77855e-05
3.77853e-05
3.77852e-05
3.7785e-05
3.77849e-05
3.77849e-05
3.77848e-05
3.77849e-05
3.7785e-05
3.77851e-05
3.77853e-05
3.77855e-05
3.77856e-05
3.77858e-05
3.7786e-05
3.77861e-05
3.77862e-05
3.77864e-05
3.77865e-05
3.77867e-05
3.77868e-05
3.7787e-05
3.77872e-05
3.77873e-05
3.77875e-05
3.77876e-05
3.77877e-05
3.77878e-05
3.77879e-05
3.77881e-05
3.77882e-05
3.77884e-05
3.77886e-05
3.77887e-05
3.77889e-05
3.7789e-05
3.77892e-05
3.77893e-05
3.77895e-05
3.77896e-05
3.77897e-05
3.77899e-05
3.779e-05
3.77902e-05
3.77903e-05
3.77904e-05
3.77906e-05
3.77907e-05
3.77907e-05
3.77908e-05
3.77909e-05
3.7791e-05
3.7791e-05
3.77911e-05
3.77912e-05
3.77913e-05
3.77913e-05
3.77914e-05
3.77914e-05
3.77915e-05
3.77915e-05
3.77915e-05
3.77915e-05
3.77916e-05
3.77916e-05
3.77916e-05
3.77917e-05
3.77917e-05
3.77917e-05
3.77918e-05
3.77918e-05
3.77918e-05
3.77918e-05
3.77919e-05
3.77919e-05
3.77919e-05
3.77919e-05
3.77919e-05
3.7792e-05
3.7792e-05
3.7792e-05
3.77921e-05
3.77921e-05
3.77921e-05
3.77921e-05
3.77921e-05
3.77922e-05
3.77922e-05
3.77922e-05
3.77922e-05
3.77922e-05
3.77922e-05
3.77922e-05
3.77922e-05
3.77923e-05
3.77923e-05
3.77923e-05
3.77923e-05
3.77923e-05
3.77923e-05
3.77923e-05
3.77923e-05
3.77923e-05
3.77923e-05
3.77923e-05
3.77923e-05
3.77922e-05
3.77922e-05
3.77921e-05
3.7792e-05
3.7792e-05
3.77919e-05
3.77917e-05
3.77917e-05
3.77913e-05
3.7792e-05
3.00939e-05
3.00929e-05
3.00923e-05
3.0092e-05
3.00918e-05
3.00916e-05
3.00914e-05
3.00913e-05
3.00912e-05
3.00911e-05
3.00911e-05
3.00911e-05
3.00912e-05
3.00913e-05
3.00914e-05
3.00916e-05
3.00917e-05
3.00919e-05
3.0092e-05
3.00921e-05
3.00922e-05
3.00923e-05
3.00924e-05
3.00925e-05
3.00927e-05
3.00928e-05
3.0093e-05
3.00931e-05
3.00932e-05
3.00933e-05
3.00934e-05
3.00934e-05
3.00935e-05
3.00936e-05
3.00938e-05
3.00939e-05
3.0094e-05
3.00941e-05
3.00943e-05
3.00944e-05
3.00945e-05
3.00946e-05
3.00947e-05
3.00948e-05
3.00949e-05
3.00951e-05
3.00952e-05
3.00953e-05
3.00954e-05
3.00955e-05
3.00956e-05
3.00957e-05
3.00957e-05
3.00958e-05
3.00958e-05
3.00959e-05
3.0096e-05
3.0096e-05
3.00961e-05
3.00961e-05
3.00962e-05
3.00962e-05
3.00962e-05
3.00963e-05
3.00963e-05
3.00963e-05
3.00963e-05
3.00964e-05
3.00964e-05
3.00964e-05
3.00964e-05
3.00965e-05
3.00965e-05
3.00965e-05
3.00966e-05
3.00966e-05
3.00966e-05
3.00966e-05
3.00966e-05
3.00966e-05
3.00966e-05
3.00967e-05
3.00967e-05
3.00967e-05
3.00967e-05
3.00967e-05
3.00968e-05
3.00968e-05
3.00968e-05
3.00968e-05
3.00968e-05
3.00968e-05
3.00968e-05
3.00969e-05
3.00969e-05
3.00969e-05
3.00969e-05
3.00969e-05
3.00969e-05
3.00969e-05
3.00969e-05
3.00969e-05
3.00969e-05
3.00969e-05
3.00969e-05
3.00969e-05
3.00969e-05
3.00969e-05
3.00969e-05
3.00969e-05
3.00969e-05
3.00969e-05
3.00968e-05
3.00968e-05
3.00967e-05
3.00966e-05
3.00965e-05
3.00964e-05
3.00962e-05
3.00967e-05
2.29333e-05
2.29325e-05
2.29321e-05
2.29317e-05
2.29315e-05
2.29313e-05
2.29312e-05
2.2931e-05
2.29309e-05
2.29309e-05
2.29309e-05
2.29309e-05
2.29309e-05
2.2931e-05
2.29311e-05
2.29313e-05
2.29314e-05
2.29315e-05
2.29315e-05
2.29316e-05
2.29317e-05
2.29318e-05
2.29319e-05
2.2932e-05
2.29321e-05
2.29322e-05
2.29323e-05
2.29324e-05
2.29324e-05
2.29325e-05
2.29326e-05
2.29326e-05
2.29327e-05
2.29328e-05
2.29329e-05
2.2933e-05
2.29331e-05
2.29332e-05
2.29333e-05
2.29333e-05
2.29334e-05
2.29335e-05
2.29336e-05
2.29337e-05
2.29338e-05
2.29339e-05
2.29339e-05
2.2934e-05
2.29341e-05
2.29342e-05
2.29343e-05
2.29343e-05
2.29344e-05
2.29344e-05
2.29345e-05
2.29345e-05
2.29345e-05
2.29346e-05
2.29346e-05
2.29347e-05
2.29347e-05
2.29347e-05
2.29348e-05
2.29348e-05
2.29348e-05
2.29348e-05
2.29348e-05
2.29349e-05
2.29349e-05
2.29349e-05
2.29349e-05
2.29349e-05
2.2935e-05
2.2935e-05
2.2935e-05
2.2935e-05
2.2935e-05
2.2935e-05
2.2935e-05
2.2935e-05
2.29351e-05
2.29351e-05
2.29351e-05
2.29351e-05
2.29351e-05
2.29351e-05
2.29352e-05
2.29352e-05
2.29352e-05
2.29352e-05
2.29352e-05
2.29352e-05
2.29352e-05
2.29352e-05
2.29352e-05
2.29352e-05
2.29352e-05
2.29353e-05
2.29353e-05
2.29353e-05
2.29353e-05
2.29353e-05
2.29353e-05
2.29353e-05
2.29353e-05
2.29353e-05
2.29353e-05
2.29353e-05
2.29353e-05
2.29353e-05
2.29353e-05
2.29352e-05
2.29352e-05
2.29352e-05
2.29351e-05
2.29351e-05
2.2935e-05
2.29349e-05
2.29347e-05
2.2935e-05
1.64323e-05
1.64317e-05
1.64314e-05
1.64311e-05
1.64309e-05
1.64307e-05
1.64306e-05
1.64305e-05
1.64304e-05
1.64303e-05
1.64303e-05
1.64303e-05
1.64304e-05
1.64304e-05
1.64305e-05
1.64306e-05
1.64307e-05
1.64307e-05
1.64308e-05
1.64308e-05
1.64309e-05
1.6431e-05
1.6431e-05
1.64311e-05
1.64312e-05
1.64312e-05
1.64313e-05
1.64314e-05
1.64314e-05
1.64315e-05
1.64315e-05
1.64316e-05
1.64316e-05
1.64317e-05
1.64317e-05
1.64318e-05
1.64319e-05
1.64319e-05
1.6432e-05
1.64321e-05
1.64321e-05
1.64322e-05
1.64323e-05
1.64323e-05
1.64324e-05
1.64324e-05
1.64325e-05
1.64326e-05
1.64326e-05
1.64327e-05
1.64327e-05
1.64328e-05
1.64328e-05
1.64328e-05
1.64329e-05
1.64329e-05
1.64329e-05
1.6433e-05
1.6433e-05
1.6433e-05
1.64331e-05
1.64331e-05
1.64331e-05
1.64331e-05
1.64331e-05
1.64331e-05
1.64332e-05
1.64332e-05
1.64332e-05
1.64332e-05
1.64332e-05
1.64332e-05
1.64333e-05
1.64333e-05
1.64333e-05
1.64333e-05
1.64333e-05
1.64333e-05
1.64333e-05
1.64333e-05
1.64333e-05
1.64333e-05
1.64334e-05
1.64334e-05
1.64334e-05
1.64334e-05
1.64334e-05
1.64334e-05
1.64334e-05
1.64334e-05
1.64334e-05
1.64334e-05
1.64334e-05
1.64335e-05
1.64335e-05
1.64335e-05
1.64335e-05
1.64335e-05
1.64335e-05
1.64335e-05
1.64335e-05
1.64335e-05
1.64335e-05
1.64335e-05
1.64335e-05
1.64335e-05
1.64335e-05
1.64335e-05
1.64335e-05
1.64335e-05
1.64335e-05
1.64335e-05
1.64335e-05
1.64334e-05
1.64334e-05
1.64333e-05
1.64333e-05
1.64333e-05
1.64331e-05
1.64333e-05
1.0771e-05
1.07706e-05
1.07703e-05
1.07701e-05
1.07699e-05
1.07698e-05
1.07697e-05
1.07696e-05
1.07695e-05
1.07695e-05
1.07695e-05
1.07695e-05
1.07695e-05
1.07696e-05
1.07696e-05
1.07697e-05
1.07697e-05
1.07698e-05
1.07698e-05
1.07698e-05
1.07699e-05
1.07699e-05
1.07699e-05
1.077e-05
1.077e-05
1.07701e-05
1.07701e-05
1.07702e-05
1.07702e-05
1.07702e-05
1.07703e-05
1.07703e-05
1.07703e-05
1.07704e-05
1.07704e-05
1.07705e-05
1.07705e-05
1.07705e-05
1.07706e-05
1.07706e-05
1.07707e-05
1.07707e-05
1.07708e-05
1.07708e-05
1.07708e-05
1.07709e-05
1.07709e-05
1.0771e-05
1.0771e-05
1.0771e-05
1.07711e-05
1.07711e-05
1.07711e-05
1.07712e-05
1.07712e-05
1.07712e-05
1.07712e-05
1.07713e-05
1.07713e-05
1.07713e-05
1.07713e-05
1.07713e-05
1.07713e-05
1.07714e-05
1.07714e-05
1.07714e-05
1.07714e-05
1.07714e-05
1.07714e-05
1.07714e-05
1.07714e-05
1.07714e-05
1.07714e-05
1.07715e-05
1.07715e-05
1.07715e-05
1.07715e-05
1.07715e-05
1.07715e-05
1.07715e-05
1.07715e-05
1.07715e-05
1.07715e-05
1.07715e-05
1.07715e-05
1.07715e-05
1.07716e-05
1.07716e-05
1.07716e-05
1.07716e-05
1.07716e-05
1.07716e-05
1.07716e-05
1.07716e-05
1.07716e-05
1.07716e-05
1.07716e-05
1.07716e-05
1.07716e-05
1.07716e-05
1.07716e-05
1.07716e-05
1.07716e-05
1.07716e-05
1.07716e-05
1.07716e-05
1.07716e-05
1.07716e-05
1.07716e-05
1.07716e-05
1.07716e-05
1.07716e-05
1.07716e-05
1.07716e-05
1.07716e-05
1.07715e-05
1.07715e-05
1.07715e-05
1.07714e-05
1.07715e-05
6.18742e-06
6.18722e-06
6.18703e-06
6.18689e-06
6.18677e-06
6.18667e-06
6.18659e-06
6.18654e-06
6.1865e-06
6.18647e-06
6.18646e-06
6.18646e-06
6.18648e-06
6.1865e-06
6.18653e-06
6.18656e-06
6.18659e-06
6.18661e-06
6.18663e-06
6.18665e-06
6.18667e-06
6.18669e-06
6.18672e-06
6.18674e-06
6.18677e-06
6.1868e-06
6.18683e-06
6.18685e-06
6.18687e-06
6.18689e-06
6.18691e-06
6.18693e-06
6.18695e-06
6.18697e-06
6.18699e-06
6.18702e-06
6.18705e-06
6.18707e-06
6.1871e-06
6.18712e-06
6.18715e-06
6.18717e-06
6.1872e-06
6.18722e-06
6.18725e-06
6.18728e-06
6.18731e-06
6.18733e-06
6.18736e-06
6.18738e-06
6.1874e-06
6.18742e-06
6.18744e-06
6.18745e-06
6.18747e-06
6.18748e-06
6.18749e-06
6.18751e-06
6.18752e-06
6.18753e-06
6.18755e-06
6.18756e-06
6.18756e-06
6.18757e-06
6.18758e-06
6.18758e-06
6.18759e-06
6.1876e-06
6.1876e-06
6.18761e-06
6.18762e-06
6.18763e-06
6.18763e-06
6.18764e-06
6.18765e-06
6.18765e-06
6.18765e-06
6.18766e-06
6.18766e-06
6.18767e-06
6.18767e-06
6.18768e-06
6.18768e-06
6.18769e-06
6.18769e-06
6.1877e-06
6.1877e-06
6.18771e-06
6.18771e-06
6.18772e-06
6.18772e-06
6.18772e-06
6.18773e-06
6.18773e-06
6.18773e-06
6.18773e-06
6.18774e-06
6.18774e-06
6.18774e-06
6.18775e-06
6.18775e-06
6.18775e-06
6.18775e-06
6.18776e-06
6.18776e-06
6.18776e-06
6.18776e-06
6.18776e-06
6.18776e-06
6.18776e-06
6.18775e-06
6.18775e-06
6.18774e-06
6.18773e-06
6.18772e-06
6.1877e-06
6.18768e-06
6.18766e-06
6.1876e-06
6.18764e-06
2.9219e-06
2.9218e-06
2.92171e-06
2.92163e-06
2.92156e-06
2.92151e-06
2.92147e-06
2.92143e-06
2.92141e-06
2.9214e-06
2.92139e-06
2.92139e-06
2.9214e-06
2.92141e-06
2.92142e-06
2.92143e-06
2.92145e-06
2.92146e-06
2.92147e-06
2.92148e-06
2.92149e-06
2.9215e-06
2.92151e-06
2.92152e-06
2.92154e-06
2.92155e-06
2.92156e-06
2.92157e-06
2.92158e-06
2.92159e-06
2.9216e-06
2.92161e-06
2.92162e-06
2.92163e-06
2.92164e-06
2.92166e-06
2.92167e-06
2.92168e-06
2.9217e-06
2.92171e-06
2.92172e-06
2.92173e-06
2.92175e-06
2.92176e-06
2.92177e-06
2.92179e-06
2.9218e-06
2.92181e-06
2.92183e-06
2.92184e-06
2.92185e-06
2.92186e-06
2.92187e-06
2.92188e-06
2.92188e-06
2.92189e-06
2.9219e-06
2.92191e-06
2.92191e-06
2.92192e-06
2.92193e-06
2.92193e-06
2.92194e-06
2.92194e-06
2.92194e-06
2.92195e-06
2.92195e-06
2.92195e-06
2.92196e-06
2.92196e-06
2.92197e-06
2.92197e-06
2.92197e-06
2.92198e-06
2.92198e-06
2.92198e-06
2.92199e-06
2.92199e-06
2.92199e-06
2.92199e-06
2.92199e-06
2.922e-06
2.922e-06
2.922e-06
2.92201e-06
2.92201e-06
2.92201e-06
2.92201e-06
2.92202e-06
2.92202e-06
2.92202e-06
2.92202e-06
2.92202e-06
2.92203e-06
2.92203e-06
2.92203e-06
2.92203e-06
2.92203e-06
2.92203e-06
2.92204e-06
2.92204e-06
2.92204e-06
2.92204e-06
2.92204e-06
2.92204e-06
2.92204e-06
2.92204e-06
2.92204e-06
2.92204e-06
2.92204e-06
2.92204e-06
2.92204e-06
2.92203e-06
2.92203e-06
2.92202e-06
2.92201e-06
2.922e-06
2.92199e-06
2.92197e-06
2.92198e-06
1.03909e-06
1.03905e-06
1.03902e-06
1.03899e-06
1.03896e-06
1.03894e-06
1.03892e-06
1.03891e-06
1.0389e-06
1.0389e-06
1.03889e-06
1.03889e-06
1.0389e-06
1.0389e-06
1.0389e-06
1.03891e-06
1.03891e-06
1.03892e-06
1.03892e-06
1.03892e-06
1.03893e-06
1.03893e-06
1.03893e-06
1.03894e-06
1.03894e-06
1.03895e-06
1.03895e-06
1.03896e-06
1.03896e-06
1.03897e-06
1.03897e-06
1.03897e-06
1.03898e-06
1.03898e-06
1.03898e-06
1.03899e-06
1.03899e-06
1.039e-06
1.039e-06
1.03901e-06
1.03901e-06
1.03902e-06
1.03902e-06
1.03903e-06
1.03903e-06
1.03904e-06
1.03904e-06
1.03905e-06
1.03905e-06
1.03906e-06
1.03906e-06
1.03907e-06
1.03907e-06
1.03907e-06
1.03908e-06
1.03908e-06
1.03908e-06
1.03908e-06
1.03909e-06
1.03909e-06
1.03909e-06
1.03909e-06
1.0391e-06
1.0391e-06
1.0391e-06
1.0391e-06
1.0391e-06
1.0391e-06
1.03911e-06
1.03911e-06
1.03911e-06
1.03911e-06
1.03911e-06
1.03911e-06
1.03911e-06
1.03912e-06
1.03912e-06
1.03912e-06
1.03912e-06
1.03912e-06
1.03912e-06
1.03912e-06
1.03912e-06
1.03912e-06
1.03912e-06
1.03913e-06
1.03913e-06
1.03913e-06
1.03913e-06
1.03913e-06
1.03913e-06
1.03913e-06
1.03913e-06
1.03913e-06
1.03913e-06
1.03913e-06
1.03913e-06
1.03914e-06
1.03914e-06
1.03914e-06
1.03914e-06
1.03914e-06
1.03914e-06
1.03914e-06
1.03914e-06
1.03914e-06
1.03914e-06
1.03914e-06
1.03914e-06
1.03914e-06
1.03914e-06
1.03914e-06
1.03914e-06
1.03914e-06
1.03913e-06
1.03913e-06
1.03913e-06
1.03912e-06
1.03911e-06
1.03912e-06
2.4746e-07
2.47453e-07
2.47444e-07
2.47437e-07
2.4743e-07
2.47425e-07
2.4742e-07
2.47417e-07
2.47415e-07
2.47413e-07
2.47412e-07
2.47412e-07
2.47412e-07
2.47413e-07
2.47414e-07
2.47415e-07
2.47416e-07
2.47417e-07
2.47418e-07
2.47419e-07
2.47419e-07
2.4742e-07
2.47421e-07
2.47423e-07
2.47424e-07
2.47425e-07
2.47426e-07
2.47427e-07
2.47428e-07
2.47429e-07
2.4743e-07
2.47431e-07
2.47431e-07
2.47433e-07
2.47434e-07
2.47435e-07
2.47436e-07
2.47437e-07
2.47438e-07
2.4744e-07
2.47441e-07
2.47442e-07
2.47443e-07
2.47444e-07
2.47446e-07
2.47447e-07
2.47448e-07
2.4745e-07
2.47451e-07
2.47452e-07
2.47453e-07
2.47454e-07
2.47455e-07
2.47456e-07
2.47457e-07
2.47457e-07
2.47458e-07
2.47459e-07
2.4746e-07
2.4746e-07
2.47461e-07
2.47461e-07
2.47462e-07
2.47462e-07
2.47463e-07
2.47463e-07
2.47463e-07
2.47464e-07
2.47464e-07
2.47465e-07
2.47465e-07
2.47466e-07
2.47466e-07
2.47466e-07
2.47467e-07
2.47467e-07
2.47467e-07
2.47467e-07
2.47467e-07
2.47468e-07
2.47468e-07
2.47468e-07
2.47469e-07
2.47469e-07
2.47469e-07
2.47469e-07
2.4747e-07
2.4747e-07
2.4747e-07
2.4747e-07
2.47471e-07
2.47471e-07
2.47471e-07
2.47471e-07
2.47471e-07
2.47472e-07
2.47472e-07
2.47472e-07
2.47472e-07
2.47472e-07
2.47472e-07
2.47473e-07
2.47473e-07
2.47473e-07
2.47473e-07
2.47473e-07
2.47473e-07
2.47473e-07
2.47473e-07
2.47473e-07
2.47473e-07
2.47473e-07
2.47472e-07
2.47472e-07
2.47471e-07
2.47471e-07
2.4747e-07
2.47469e-07
2.47467e-07
2.47468e-07
3.25225e-08
3.25216e-08
3.25205e-08
3.25194e-08
3.25185e-08
3.25178e-08
3.25172e-08
3.25167e-08
3.25164e-08
3.25162e-08
3.25161e-08
3.25161e-08
3.25161e-08
3.25162e-08
3.25163e-08
3.25165e-08
3.25166e-08
3.25167e-08
3.25168e-08
3.25169e-08
3.2517e-08
3.25171e-08
3.25173e-08
3.25174e-08
3.25176e-08
3.25178e-08
3.25179e-08
3.2518e-08
3.25182e-08
3.25183e-08
3.25184e-08
3.25185e-08
3.25186e-08
3.25187e-08
3.25189e-08
3.25191e-08
3.25192e-08
3.25194e-08
3.25195e-08
3.25197e-08
3.25198e-08
3.252e-08
3.25202e-08
3.25203e-08
3.25205e-08
3.25207e-08
3.25209e-08
3.25211e-08
3.25212e-08
3.25214e-08
3.25215e-08
3.25216e-08
3.25218e-08
3.25219e-08
3.2522e-08
3.25221e-08
3.25222e-08
3.25223e-08
3.25224e-08
3.25225e-08
3.25226e-08
3.25226e-08
3.25227e-08
3.25228e-08
3.25228e-08
3.25229e-08
3.25229e-08
3.2523e-08
3.2523e-08
3.25231e-08
3.25231e-08
3.25232e-08
3.25232e-08
3.25233e-08
3.25233e-08
3.25234e-08
3.25234e-08
3.25234e-08
3.25235e-08
3.25235e-08
3.25235e-08
3.25236e-08
3.25236e-08
3.25237e-08
3.25237e-08
3.25237e-08
3.25238e-08
3.25238e-08
3.25238e-08
3.25239e-08
3.25239e-08
3.25239e-08
3.25239e-08
3.2524e-08
3.2524e-08
3.2524e-08
3.2524e-08
3.25241e-08
3.25241e-08
3.25241e-08
3.25241e-08
3.25242e-08
3.25242e-08
3.25242e-08
3.25242e-08
3.25242e-08
3.25242e-08
3.25242e-08
3.25242e-08
3.25242e-08
3.25242e-08
3.25242e-08
3.25242e-08
3.25241e-08
3.2524e-08
3.25239e-08
3.25238e-08
3.25237e-08
3.25234e-08
3.25235e-08
1.52339e-09
1.52334e-09
1.52329e-09
1.52325e-09
1.5232e-09
1.52317e-09
1.52314e-09
1.52312e-09
1.5231e-09
1.52309e-09
1.52309e-09
1.52308e-09
1.52309e-09
1.52309e-09
1.5231e-09
1.5231e-09
1.52311e-09
1.52311e-09
1.52312e-09
1.52312e-09
1.52313e-09
1.52313e-09
1.52314e-09
1.52315e-09
1.52316e-09
1.52316e-09
1.52317e-09
1.52318e-09
1.52318e-09
1.52319e-09
1.52319e-09
1.5232e-09
1.5232e-09
1.52321e-09
1.52322e-09
1.52323e-09
1.52323e-09
1.52324e-09
1.52325e-09
1.52325e-09
1.52326e-09
1.52327e-09
1.52328e-09
1.52329e-09
1.52329e-09
1.5233e-09
1.52331e-09
1.52332e-09
1.52333e-09
1.52333e-09
1.52334e-09
1.52335e-09
1.52335e-09
1.52336e-09
1.52336e-09
1.52337e-09
1.52337e-09
1.52338e-09
1.52338e-09
1.52339e-09
1.52339e-09
1.52339e-09
1.5234e-09
1.5234e-09
1.5234e-09
1.52341e-09
1.52341e-09
1.52341e-09
1.52341e-09
1.52342e-09
1.52342e-09
1.52342e-09
1.52342e-09
1.52343e-09
1.52343e-09
1.52343e-09
1.52343e-09
1.52343e-09
1.52343e-09
1.52344e-09
1.52344e-09
1.52344e-09
1.52344e-09
1.52344e-09
1.52344e-09
1.52345e-09
1.52345e-09
1.52345e-09
1.52345e-09
1.52345e-09
1.52345e-09
1.52345e-09
1.52346e-09
1.52346e-09
1.52346e-09
1.52346e-09
1.52346e-09
1.52346e-09
1.52346e-09
1.52346e-09
1.52347e-09
1.52347e-09
1.52347e-09
1.52347e-09
1.52347e-09
1.52347e-09
1.52347e-09
1.52347e-09
1.52347e-09
1.52347e-09
1.52347e-09
1.52347e-09
1.52347e-09
1.52346e-09
1.52346e-09
1.52346e-09
1.52345e-09
1.52344e-09
1.52343e-09
1.52344e-09
8.21121e-12
8.21098e-12
8.21071e-12
8.21044e-12
8.21021e-12
8.21001e-12
8.20986e-12
8.20974e-12
8.20966e-12
8.2096e-12
8.20958e-12
8.20957e-12
8.20959e-12
8.20961e-12
8.20964e-12
8.20967e-12
8.2097e-12
8.20973e-12
8.20975e-12
8.20978e-12
8.2098e-12
8.20984e-12
8.20988e-12
8.20992e-12
8.20996e-12
8.21e-12
8.21004e-12
8.21007e-12
8.2101e-12
8.21012e-12
8.21015e-12
8.21018e-12
8.21021e-12
8.21025e-12
8.21029e-12
8.21033e-12
8.21037e-12
8.21041e-12
8.21045e-12
8.21049e-12
8.21053e-12
8.21057e-12
8.21061e-12
8.21065e-12
8.2107e-12
8.21075e-12
8.21079e-12
8.21084e-12
8.21088e-12
8.21092e-12
8.21095e-12
8.21098e-12
8.21101e-12
8.21104e-12
8.21107e-12
8.2111e-12
8.21113e-12
8.21115e-12
8.21118e-12
8.2112e-12
8.21122e-12
8.21124e-12
8.21126e-12
8.21127e-12
8.21128e-12
8.2113e-12
8.21131e-12
8.21133e-12
8.21134e-12
8.21136e-12
8.21137e-12
8.21138e-12
8.2114e-12
8.21141e-12
8.21142e-12
8.21143e-12
8.21144e-12
8.21144e-12
8.21145e-12
8.21146e-12
8.21147e-12
8.21148e-12
8.21149e-12
8.2115e-12
8.21151e-12
8.21152e-12
8.21153e-12
8.21154e-12
8.21155e-12
8.21155e-12
8.21156e-12
8.21157e-12
8.21157e-12
8.21158e-12
8.21159e-12
8.21159e-12
8.2116e-12
8.21161e-12
8.21161e-12
8.21162e-12
8.21162e-12
8.21163e-12
8.21163e-12
8.21164e-12
8.21164e-12
8.21164e-12
8.21164e-12
8.21165e-12
8.21165e-12
8.21165e-12
8.21165e-12
8.21164e-12
8.21163e-12
8.21162e-12
8.2116e-12
8.21157e-12
8.21154e-12
8.21151e-12
8.21143e-12
8.21147e-12
)
;

boundaryField
{
    bottomWall
    {
        type            nutUWallFunction;
        Cmu             0.09;
        kappa           0.41;
        E               9.8;
        value           nonuniform 0();
    }
    topWall
    {
        type            nutUWallFunction;
        Cmu             0.09;
        kappa           0.41;
        E               9.8;
        value           uniform 0;
    }
    sides1_half0
    {
        type            cyclic;
    }
    sides1_half1
    {
        type            cyclic;
    }
    sides2_half0
    {
        type            cyclic;
    }
    sides2_half1
    {
        type            cyclic;
    }
    inout1_half0
    {
        type            cyclic;
    }
    inout1_half1
    {
        type            cyclic;
    }
    inout2_half0
    {
        type            cyclic;
    }
    inout2_half1
    {
        type            cyclic;
    }
    procBoundary0to1
    {
        type            processor;
        value           nonuniform List<scalar> 
122
(
0.00029565
0.000295646
0.000295648
0.00029565
0.000295653
0.000295655
0.000295657
0.000295658
0.00029566
0.000295662
0.000295663
0.000295664
0.000295666
0.000295667
0.000295668
0.000295669
0.00029567
0.000295671
0.000295672
0.000295673
0.000295674
0.000295675
0.000295676
0.000295677
0.000295678
0.000295679
0.00029568
0.00029568
0.000295681
0.000295682
0.000295683
0.000295684
0.000295684
0.000295685
0.000295686
0.000295687
0.000295688
0.000295688
0.000295689
0.00029569
0.000295691
0.000295691
0.000295692
0.000295693
0.000295693
0.000295694
0.000295695
0.000295696
0.000295696
0.000295697
0.000295698
0.000295698
0.000295699
0.000295699
0.0002957
0.000295701
0.000295701
0.000295702
0.000295702
0.000295703
0.000295704
0.000295704
0.000295705
0.000295705
0.000295705
0.000295706
0.000295706
0.000295706
0.000295707
0.000295707
0.000295707
0.000295708
0.000295708
0.000295708
0.000295708
0.000295708
0.000295708
0.000281227
0.000281221
0.000281221
0.000281221
0.000281222
0.000281222
0.000281222
0.000281222
0.000281222
0.000281222
0.000281223
0.000281223
0.000281223
0.000281223
0.000281223
0.000281223
0.000281224
0.000281224
0.000281224
0.000281224
0.000281224
0.000281225
0.000281225
0.000281225
0.000281225
0.000281281
0.000281281
0.000281281
0.00028128
0.000281279
0.000281277
0.000281275
0.000281273
0.000281272
0.00028127
0.000281269
0.000281267
0.000281266
0.000281264
0.000281263
0.000281262
0.00028126
0.000281259
0.000281257
0.000281261
)
;
    }
}


// ************************************************************************* //
