/*--------------------------------*- C++ -*----------------------------------*\
  =========                 |
  \\      /  F ield         | OpenFOAM: The Open Source CFD Toolbox
   \\    /   O peration     | Website:  https://openfoam.org
    \\  /    A nd           | Version:  7
     \\/     M anipulation  |
\*---------------------------------------------------------------------------*/
FoamFile
{
    version     2.0;
    format      ascii;
    class       volScalarField;
    location    "4000";
    object      k;
}
// * * * * * * * * * * * * * * * * * * * * * * * * * * * * * * * * * * * * * //

dimensions      [0 2 -2 0 0 0 0];

internalField   nonuniform List<scalar> 
3963
(
0.000122714
0.000122713
0.000122714
0.000122714
0.000122714
0.000122714
0.000122714
0.000122714
0.000122714
0.000122714
0.000122715
0.000122715
0.000122715
0.000122715
0.000122715
0.000122715
0.000122715
0.000122715
0.000122715
0.000122715
0.000122715
0.000122727
0.000122726
0.000122726
0.000122725
0.000122724
0.000122723
0.000122722
0.000122722
0.000122721
0.00012272
0.00012272
0.000122719
0.000122718
0.000122718
0.000122717
0.000122717
0.000124423
0.000124423
0.000124423
0.000124423
0.000124423
0.000124423
0.000124423
0.000124423
0.000124423
0.000124424
0.000124424
0.000124424
0.000124424
0.000124424
0.000124424
0.000124424
0.000124424
0.000124425
0.000124425
0.000124425
0.000124425
0.000124423
0.000124423
0.000124436
0.000124436
0.000124435
0.000124435
0.000124435
0.000124434
0.000124434
0.000124433
0.000124432
0.000124432
0.000124431
0.00012443
0.00012443
0.000124429
0.000124428
0.000124428
0.000124427
0.000124427
0.000124426
0.000124425
0.000126147
0.000126146
0.000126146
0.000126146
0.000126147
0.000126147
0.000126147
0.000126147
0.000126147
0.000126147
0.000126148
0.000126148
0.000126148
0.000126148
0.000126148
0.000126148
0.000126149
0.000126149
0.000126149
0.000126149
0.000126149
0.000126148
0.000126147
0.000126146
0.000126146
0.000126147
0.000126148
0.000126149
0.000126149
0.00012615
0.00012615
0.000126151
0.000126152
0.000126152
0.000126153
0.000126153
0.000126153
0.000126154
0.000126154
0.000126155
0.000126155
0.000126155
0.000126155
0.000126156
0.000126156
0.000126156
0.000126156
0.000126157
0.000126157
0.000126157
0.000126157
0.000126157
0.000126157
0.000126157
0.000126157
0.000126158
0.000126158
0.000126158
0.000126158
0.000126158
0.000126158
0.000126158
0.000126158
0.000126158
0.000126158
0.000126158
0.000126158
0.000126158
0.000126158
0.000126158
0.000126158
0.000126158
0.000126158
0.000126158
0.000126158
0.000126158
0.000126158
0.000126158
0.000126158
0.000126158
0.000126158
0.000126158
0.000126158
0.000126158
0.000126158
0.000126158
0.000126158
0.000126158
0.000126158
0.000126158
0.000126158
0.000126158
0.000126157
0.000126157
0.000126157
0.000126157
0.000126157
0.000126157
0.000126157
0.000126157
0.000126157
0.000126157
0.000126157
0.000126156
0.000126156
0.000126156
0.000126156
0.000126155
0.000126155
0.000126154
0.000126154
0.000126153
0.000126153
0.000126152
0.000126152
0.000126151
0.00012615
0.00012615
0.000126149
0.000126149
0.000127882
0.000127881
0.000127881
0.000127882
0.000127882
0.000127882
0.000127882
0.000127882
0.000127882
0.000127883
0.000127883
0.000127883
0.000127883
0.000127883
0.000127884
0.000127884
0.000127884
0.000127884
0.000127884
0.000127884
0.000127884
0.000127884
0.000127883
0.000127882
0.000127882
0.000127882
0.000127882
0.000127883
0.000127883
0.000127884
0.000127884
0.000127884
0.000127885
0.000127885
0.000127886
0.000127886
0.000127886
0.000127887
0.000127887
0.000127887
0.000127888
0.000127888
0.000127888
0.000127888
0.000127889
0.000127889
0.000127889
0.000127889
0.000127889
0.000127889
0.00012789
0.00012789
0.00012789
0.00012789
0.00012789
0.00012789
0.00012789
0.00012789
0.00012789
0.00012789
0.00012789
0.00012789
0.00012789
0.000127891
0.000127891
0.000127891
0.000127891
0.000127891
0.000127891
0.000127891
0.000127891
0.000127891
0.000127891
0.000127891
0.000127891
0.000127891
0.000127891
0.00012789
0.00012789
0.00012789
0.00012789
0.00012789
0.00012789
0.00012789
0.00012789
0.00012789
0.00012789
0.00012789
0.00012789
0.00012789
0.00012789
0.00012789
0.00012789
0.00012789
0.00012789
0.000127889
0.000127889
0.000127889
0.000127889
0.000127889
0.000127889
0.000127889
0.000127889
0.000127889
0.000127889
0.000127889
0.000127889
0.000127889
0.000127889
0.000127888
0.000127888
0.000127887
0.000127887
0.000127886
0.000127886
0.000127885
0.000127885
0.000127884
0.000127884
0.000127883
0.000129624
0.000129624
0.000129624
0.000129624
0.000129624
0.000129625
0.000129625
0.000129625
0.000129625
0.000129626
0.000129626
0.000129626
0.000129626
0.000129627
0.000129627
0.000129627
0.000129627
0.000129627
0.000129627
0.000129627
0.000129627
0.000129627
0.000129627
0.000129626
0.000129625
0.000129625
0.000129625
0.000129625
0.000129626
0.000129626
0.000129626
0.000129627
0.000129627
0.000129627
0.000129627
0.000129628
0.000129628
0.000129628
0.000129629
0.000129629
0.000129629
0.000129629
0.000129629
0.00012963
0.00012963
0.00012963
0.00012963
0.00012963
0.00012963
0.000129631
0.000129631
0.000129631
0.000129631
0.000129631
0.000129631
0.000129631
0.000129631
0.000129631
0.000129631
0.000129631
0.000129631
0.000129631
0.000129631
0.000129631
0.000129631
0.000129631
0.000129631
0.000129631
0.000129631
0.000129631
0.000129631
0.000129631
0.000129631
0.000129631
0.000129631
0.000129631
0.000129631
0.000129631
0.000129631
0.000129631
0.000129631
0.000129631
0.000129631
0.000129631
0.000129631
0.000129631
0.000129631
0.000129631
0.000129631
0.000129631
0.00012963
0.00012963
0.00012963
0.00012963
0.00012963
0.00012963
0.00012963
0.00012963
0.00012963
0.00012963
0.00012963
0.00012963
0.00012963
0.00012963
0.00012963
0.00012963
0.00012963
0.00012963
0.00012963
0.00012963
0.000129629
0.000129629
0.000129629
0.000129628
0.000129628
0.000129628
0.000129627
0.000129627
0.000129626
0.000129626
0.000131371
0.000131371
0.000131371
0.000131371
0.000131371
0.000131372
0.000131372
0.000131372
0.000131372
0.000131373
0.000131373
0.000131373
0.000131374
0.000131374
0.000131374
0.000131374
0.000131374
0.000131374
0.000131375
0.000131375
0.000131375
0.000131375
0.000131375
0.000131374
0.000131374
0.000131373
0.000131373
0.000131373
0.000131373
0.000131373
0.000131373
0.000131373
0.000131374
0.000131374
0.000131374
0.000131374
0.000131374
0.000131375
0.000131375
0.000131375
0.000131375
0.000131375
0.000131376
0.000131376
0.000131376
0.000131376
0.000131376
0.000131376
0.000131376
0.000131376
0.000131376
0.000131376
0.000131377
0.000131377
0.000131377
0.000131377
0.000131377
0.000131377
0.000131377
0.000131377
0.000131377
0.000131377
0.000131377
0.000131377
0.000131377
0.000131377
0.000131377
0.000131377
0.000131377
0.000131377
0.000131377
0.000131377
0.000131377
0.000131377
0.000131377
0.000131377
0.000131377
0.000131377
0.000131377
0.000131377
0.000131376
0.000131376
0.000131376
0.000131376
0.000131376
0.000131376
0.000131376
0.000131376
0.000131376
0.000131376
0.000131376
0.000131376
0.000131376
0.000131376
0.000131376
0.000131375
0.000131375
0.000131375
0.000131375
0.000131375
0.000131375
0.000131375
0.000131375
0.000131375
0.000131375
0.000131375
0.000131375
0.000131375
0.000131375
0.000131375
0.000131375
0.000131375
0.000131375
0.000131374
0.000131374
0.000131374
0.000131373
0.000131373
0.000131373
0.000131372
0.000133118
0.000133118
0.000133118
0.000133118
0.000133119
0.000133119
0.000133119
0.00013312
0.00013312
0.00013312
0.000133121
0.000133121
0.000133121
0.000133121
0.000133122
0.000133122
0.000133122
0.000133122
0.000133122
0.000133122
0.000133123
0.000133123
0.000133122
0.000133122
0.000133122
0.000133121
0.000133121
0.000133121
0.000133121
0.000133121
0.000133121
0.000133121
0.000133121
0.000133121
0.000133121
0.000133122
0.000133122
0.000133122
0.000133122
0.000133122
0.000133122
0.000133122
0.000133123
0.000133123
0.000133123
0.000133123
0.000133123
0.000133123
0.000133123
0.000133123
0.000133123
0.000133123
0.000133123
0.000133123
0.000133123
0.000133123
0.000133123
0.000133123
0.000133123
0.000133123
0.000133123
0.000133123
0.000133123
0.000133123
0.000133123
0.000133123
0.000133123
0.000133123
0.000133123
0.000133123
0.000133123
0.000133123
0.000133123
0.000133123
0.000133123
0.000133123
0.000133123
0.000133123
0.000133123
0.000133123
0.000133123
0.000133123
0.000133123
0.000133123
0.000133123
0.000133123
0.000133122
0.000133122
0.000133122
0.000133122
0.000133122
0.000133122
0.000133122
0.000133122
0.000133122
0.000133122
0.000133122
0.000133122
0.000133121
0.000133121
0.000133121
0.000133121
0.000133121
0.000133121
0.000133122
0.000133122
0.000133122
0.000133122
0.000133122
0.000133122
0.000133121
0.000133121
0.000133121
0.000133121
0.000133121
0.00013312
0.00013312
0.00013312
0.000133119
0.000133119
0.000134861
0.000134862
0.000134862
0.000134862
0.000134863
0.000134863
0.000134863
0.000134864
0.000134864
0.000134864
0.000134865
0.000134865
0.000134865
0.000134866
0.000134866
0.000134866
0.000134866
0.000134866
0.000134867
0.000134867
0.000134867
0.000134867
0.000134867
0.000134867
0.000134867
0.000134866
0.000134866
0.000134866
0.000134866
0.000134866
0.000134866
0.000134866
0.000134866
0.000134866
0.000134866
0.000134866
0.000134866
0.000134866
0.000134866
0.000134866
0.000134866
0.000134866
0.000134867
0.000134867
0.000134867
0.000134867
0.000134867
0.000134867
0.000134867
0.000134867
0.000134867
0.000134867
0.000134867
0.000134867
0.000134867
0.000134867
0.000134867
0.000134867
0.000134867
0.000134867
0.000134867
0.000134867
0.000134867
0.000134867
0.000134867
0.000134867
0.000134867
0.000134867
0.000134867
0.000134867
0.000134867
0.000134867
0.000134867
0.000134867
0.000134867
0.000134867
0.000134867
0.000134867
0.000134866
0.000134866
0.000134866
0.000134866
0.000134866
0.000134866
0.000134866
0.000134866
0.000134866
0.000134866
0.000134866
0.000134866
0.000134866
0.000134866
0.000134865
0.000134865
0.000134865
0.000134865
0.000134865
0.000134865
0.000134865
0.000134865
0.000134865
0.000134865
0.000134865
0.000134865
0.000134865
0.000134865
0.000134865
0.000134865
0.000134865
0.000134865
0.000134865
0.000134865
0.000134864
0.000134864
0.000134864
0.000134864
0.000134864
0.000134863
0.000134863
0.000134863
0.000136598
0.000136598
0.000136599
0.000136599
0.000136599
0.0001366
0.0001366
0.000136601
0.000136601
0.000136601
0.000136602
0.000136602
0.000136602
0.000136603
0.000136603
0.000136603
0.000136603
0.000136603
0.000136604
0.000136604
0.000136604
0.000136604
0.000136604
0.000136604
0.000136604
0.000136604
0.000136604
0.000136604
0.000136603
0.000136603
0.000136603
0.000136603
0.000136603
0.000136603
0.000136603
0.000136603
0.000136603
0.000136603
0.000136603
0.000136603
0.000136604
0.000136604
0.000136604
0.000136604
0.000136604
0.000136604
0.000136604
0.000136604
0.000136604
0.000136604
0.000136604
0.000136604
0.000136604
0.000136604
0.000136604
0.000136604
0.000136604
0.000136604
0.000136604
0.000136604
0.000136604
0.000136604
0.000136604
0.000136604
0.000136604
0.000136604
0.000136604
0.000136604
0.000136604
0.000136604
0.000136604
0.000136604
0.000136603
0.000136603
0.000136603
0.000136603
0.000136603
0.000136603
0.000136603
0.000136603
0.000136603
0.000136603
0.000136603
0.000136603
0.000136603
0.000136603
0.000136603
0.000136603
0.000136602
0.000136602
0.000136602
0.000136602
0.000136602
0.000136602
0.000136602
0.000136602
0.000136602
0.000136602
0.000136602
0.000136601
0.000136601
0.000136601
0.000136601
0.000136601
0.000136601
0.000136601
0.000136601
0.000136601
0.000136601
0.000136601
0.000136601
0.000136601
0.000136601
0.000136601
0.0001366
0.0001366
0.0001366
0.0001366
0.000136599
0.000136599
0.000138324
0.000138324
0.000138325
0.000138325
0.000138325
0.000138326
0.000138326
0.000138327
0.000138327
0.000138327
0.000138328
0.000138328
0.000138328
0.000138329
0.000138329
0.000138329
0.000138329
0.00013833
0.00013833
0.00013833
0.00013833
0.00013833
0.00013833
0.00013833
0.00013833
0.00013833
0.00013833
0.00013833
0.00013833
0.00013833
0.00013833
0.00013833
0.00013833
0.00013833
0.00013833
0.00013833
0.00013833
0.00013833
0.00013833
0.00013833
0.00013833
0.00013833
0.00013833
0.00013833
0.00013833
0.00013833
0.00013833
0.00013833
0.00013833
0.00013833
0.00013833
0.00013833
0.00013833
0.00013833
0.00013833
0.00013833
0.00013833
0.00013833
0.00013833
0.00013833
0.00013833
0.00013833
0.00013833
0.00013833
0.00013833
0.00013833
0.00013833
0.00013833
0.00013833
0.00013833
0.00013833
0.00013833
0.00013833
0.000138329
0.000138329
0.000138329
0.000138329
0.000138329
0.000138329
0.000138329
0.000138329
0.000138329
0.000138329
0.000138329
0.000138329
0.000138329
0.000138329
0.000138329
0.000138329
0.000138328
0.000138328
0.000138328
0.000138328
0.000138328
0.000138328
0.000138328
0.000138328
0.000138328
0.000138328
0.000138327
0.000138327
0.000138327
0.000138327
0.000138327
0.000138327
0.000138327
0.000138327
0.000138327
0.000138327
0.000138327
0.000138327
0.000138327
0.000138326
0.000138326
0.000138326
0.000138326
0.000138326
0.000138325
0.000138325
0.000138325
0.000140035
0.000140035
0.000140036
0.000140036
0.000140037
0.000140037
0.000140037
0.000140038
0.000140038
0.000140039
0.000140039
0.000140039
0.00014004
0.00014004
0.00014004
0.00014004
0.000140041
0.000140041
0.000140041
0.000140041
0.000140041
0.000140041
0.000140041
0.000140041
0.000140042
0.000140042
0.000140042
0.000140041
0.000140041
0.000140041
0.000140041
0.000140041
0.000140041
0.000140041
0.000140041
0.000140041
0.000140041
0.000140041
0.000140041
0.000140041
0.000140041
0.000140041
0.000140041
0.000140041
0.000140041
0.000140041
0.000140041
0.000140041
0.000140041
0.000140041
0.000140041
0.000140041
0.000140041
0.000140041
0.000140041
0.000140041
0.000140041
0.000140041
0.000140041
0.000140041
0.000140041
0.000140041
0.000140041
0.000140041
0.000140041
0.000140041
0.000140041
0.000140041
0.000140041
0.000140041
0.000140041
0.000140041
0.000140041
0.000140041
0.000140041
0.000140041
0.000140041
0.000140041
0.000140041
0.000140041
0.000140041
0.000140041
0.000140041
0.00014004
0.00014004
0.00014004
0.00014004
0.00014004
0.00014004
0.00014004
0.00014004
0.00014004
0.00014004
0.00014004
0.00014004
0.000140039
0.000140039
0.000140039
0.000140039
0.000140039
0.000140039
0.000140039
0.000140039
0.000140039
0.000140039
0.000140038
0.000140038
0.000140038
0.000140038
0.000140038
0.000140038
0.000140038
0.000140038
0.000140037
0.000140037
0.000140037
0.000140037
0.000140036
0.000140036
0.000140036
0.000141728
0.000141728
0.000141729
0.000141729
0.00014173
0.00014173
0.00014173
0.000141731
0.000141731
0.000141731
0.000141732
0.000141732
0.000141732
0.000141733
0.000141733
0.000141733
0.000141733
0.000141734
0.000141734
0.000141734
0.000141734
0.000141734
0.000141734
0.000141734
0.000141734
0.000141734
0.000141734
0.000141734
0.000141734
0.000141734
0.000141734
0.000141734
0.000141734
0.000141734
0.000141734
0.000141734
0.000141734
0.000141734
0.000141734
0.000141734
0.000141734
0.000141734
0.000141734
0.000141735
0.000141735
0.000141735
0.000141735
0.000141735
0.000141735
0.000141735
0.000141735
0.000141734
0.000141734
0.000141734
0.000141734
0.000141734
0.000141734
0.000141734
0.000141734
0.000141734
0.000141734
0.000141734
0.000141734
0.000141734
0.000141734
0.000141734
0.000141734
0.000141734
0.000141734
0.000141734
0.000141734
0.000141734
0.000141734
0.000141734
0.000141734
0.000141734
0.000141734
0.000141734
0.000141734
0.000141734
0.000141734
0.000141734
0.000141734
0.000141734
0.000141734
0.000141734
0.000141734
0.000141733
0.000141733
0.000141733
0.000141733
0.000141733
0.000141733
0.000141733
0.000141733
0.000141733
0.000141733
0.000141733
0.000141732
0.000141732
0.000141732
0.000141732
0.000141732
0.000141732
0.000141732
0.000141732
0.000141732
0.000141731
0.000141731
0.000141731
0.000141731
0.000141731
0.000141731
0.00014173
0.00014173
0.00014173
0.00014173
0.000141729
0.000141729
0.000141729
0.000143399
0.000143399
0.0001434
0.0001434
0.0001434
0.000143401
0.000143401
0.000143401
0.000143402
0.000143402
0.000143403
0.000143403
0.000143403
0.000143403
0.000143404
0.000143404
0.000143404
0.000143404
0.000143404
0.000143405
0.000143405
0.000143405
0.000143405
0.000143405
0.000143405
0.000143405
0.000143405
0.000143405
0.000143405
0.000143405
0.000143405
0.000143405
0.000143405
0.000143405
0.000143405
0.000143405
0.000143405
0.000143405
0.000143405
0.000143405
0.000143405
0.000143405
0.000143405
0.000143405
0.000143405
0.000143405
0.000143405
0.000143405
0.000143405
0.000143405
0.000143405
0.000143405
0.000143405
0.000143405
0.000143405
0.000143405
0.000143406
0.000143406
0.000143406
0.000143406
0.000143406
0.000143406
0.000143406
0.000143406
0.000143406
0.000143406
0.000143406
0.000143406
0.000143406
0.000143406
0.000143406
0.000143406
0.000143406
0.000143406
0.000143405
0.000143405
0.000143405
0.000143405
0.000143405
0.000143405
0.000143405
0.000143405
0.000143405
0.000143405
0.000143405
0.000143405
0.000143405
0.000143405
0.000143405
0.000143405
0.000143405
0.000143404
0.000143404
0.000143404
0.000143404
0.000143404
0.000143404
0.000143404
0.000143404
0.000143404
0.000143404
0.000143403
0.000143403
0.000143403
0.000143403
0.000143403
0.000143403
0.000143403
0.000143403
0.000143402
0.000143402
0.000143402
0.000143402
0.000143402
0.000143401
0.000143401
0.000143401
0.0001434
0.0001434
0.0001434
0.000145044
0.000145045
0.000145045
0.000145045
0.000145046
0.000145046
0.000145046
0.000145047
0.000145047
0.000145047
0.000145048
0.000145048
0.000145048
0.000145048
0.000145049
0.000145049
0.000145049
0.000145049
0.000145049
0.000145049
0.00014505
0.00014505
0.00014505
0.00014505
0.00014505
0.00014505
0.00014505
0.00014505
0.00014505
0.00014505
0.00014505
0.00014505
0.00014505
0.00014505
0.00014505
0.00014505
0.00014505
0.00014505
0.00014505
0.00014505
0.00014505
0.00014505
0.00014505
0.000145051
0.000145051
0.000145051
0.000145051
0.000145051
0.000145051
0.000145051
0.000145051
0.000145051
0.000145051
0.000145051
0.000145051
0.000145051
0.000145051
0.000145051
0.000145051
0.000145051
0.000145051
0.000145051
0.000145051
0.000145051
0.000145051
0.000145051
0.000145051
0.000145051
0.000145051
0.000145051
0.000145051
0.000145051
0.000145051
0.000145051
0.000145051
0.000145051
0.000145051
0.000145051
0.000145051
0.000145051
0.000145051
0.000145051
0.000145051
0.000145051
0.000145051
0.000145051
0.000145051
0.000145051
0.000145051
0.00014505
0.00014505
0.00014505
0.00014505
0.00014505
0.00014505
0.00014505
0.00014505
0.00014505
0.00014505
0.00014505
0.000145049
0.000145049
0.000145049
0.000145049
0.000145049
0.000145049
0.000145049
0.000145048
0.000145048
0.000145048
0.000145048
0.000145048
0.000145047
0.000145047
0.000145047
0.000145046
0.000145046
0.000145046
0.000145045
0.000145045
0.000146661
0.000146661
0.000146662
0.000146662
0.000146662
0.000146662
0.000146663
0.000146663
0.000146663
0.000146664
0.000146664
0.000146664
0.000146664
0.000146664
0.000146665
0.000146665
0.000146665
0.000146665
0.000146665
0.000146665
0.000146665
0.000146665
0.000146665
0.000146665
0.000146665
0.000146665
0.000146665
0.000146665
0.000146665
0.000146666
0.000146666
0.000146666
0.000146666
0.000146666
0.000146666
0.000146666
0.000146666
0.000146666
0.000146666
0.000146666
0.000146666
0.000146666
0.000146666
0.000146666
0.000146666
0.000146667
0.000146667
0.000146667
0.000146667
0.000146667
0.000146667
0.000146667
0.000146667
0.000146667
0.000146667
0.000146667
0.000146667
0.000146667
0.000146667
0.000146667
0.000146667
0.000146667
0.000146667
0.000146667
0.000146668
0.000146668
0.000146668
0.000146668
0.000146668
0.000146668
0.000146668
0.000146668
0.000146668
0.000146668
0.000146668
0.000146668
0.000146668
0.000146668
0.000146668
0.000146668
0.000146668
0.000146668
0.000146668
0.000146668
0.000146668
0.000146667
0.000146667
0.000146667
0.000146667
0.000146667
0.000146667
0.000146667
0.000146667
0.000146667
0.000146667
0.000146667
0.000146667
0.000146667
0.000146666
0.000146666
0.000146666
0.000146666
0.000146666
0.000146666
0.000146666
0.000146666
0.000146665
0.000146665
0.000146665
0.000146665
0.000146665
0.000146664
0.000146664
0.000146664
0.000146663
0.000146663
0.000146663
0.000146662
0.000146662
0.000146661
0.000148245
0.000148245
0.000148246
0.000148246
0.000148246
0.000148246
0.000148246
0.000148247
0.000148247
0.000148247
0.000148247
0.000148248
0.000148248
0.000148248
0.000148248
0.000148248
0.000148248
0.000148248
0.000148249
0.000148249
0.000148249
0.000148249
0.000148249
0.000148249
0.000148249
0.000148249
0.000148249
0.000148249
0.000148249
0.000148249
0.000148249
0.000148249
0.000148249
0.000148249
0.000148249
0.000148249
0.000148249
0.000148249
0.000148249
0.000148249
0.000148249
0.00014825
0.00014825
0.00014825
0.00014825
0.00014825
0.00014825
0.00014825
0.00014825
0.00014825
0.00014825
0.00014825
0.000148251
0.000148251
0.000148251
0.000148251
0.000148251
0.000148251
0.000148251
0.000148251
0.000148251
0.000148251
0.000148251
0.000148251
0.000148251
0.000148252
0.000148252
0.000148252
0.000148252
0.000148252
0.000148252
0.000148252
0.000148252
0.000148252
0.000148252
0.000148252
0.000148252
0.000148252
0.000148252
0.000148252
0.000148252
0.000148252
0.000148252
0.000148252
0.000148252
0.000148252
0.000148252
0.000148252
0.000148252
0.000148252
0.000148252
0.000148251
0.000148251
0.000148251
0.000148251
0.000148251
0.000148251
0.000148251
0.000148251
0.000148251
0.000148251
0.000148251
0.00014825
0.00014825
0.00014825
0.00014825
0.00014825
0.00014825
0.000148249
0.000148249
0.000148249
0.000148249
0.000148248
0.000148248
0.000148248
0.000148247
0.000148247
0.000148246
0.000148246
0.000148246
0.000149794
0.000149794
0.000149794
0.000149794
0.000149794
0.000149795
0.000149795
0.000149795
0.000149795
0.000149795
0.000149796
0.000149796
0.000149796
0.000149796
0.000149796
0.000149796
0.000149796
0.000149796
0.000149796
0.000149796
0.000149796
0.000149796
0.000149796
0.000149796
0.000149796
0.000149796
0.000149796
0.000149796
0.000149796
0.000149796
0.000149796
0.000149796
0.000149796
0.000149796
0.000149796
0.000149796
0.000149797
0.000149797
0.000149797
0.000149797
0.000149797
0.000149797
0.000149797
0.000149797
0.000149797
0.000149798
0.000149798
0.000149798
0.000149798
0.000149798
0.000149798
0.000149798
0.000149798
0.000149799
0.000149799
0.000149799
0.000149799
0.000149799
0.000149799
0.000149799
0.000149799
0.000149799
0.0001498
0.0001498
0.0001498
0.0001498
0.0001498
0.0001498
0.0001498
0.0001498
0.0001498
0.0001498
0.0001498
0.0001498
0.0001498
0.000149801
0.000149801
0.000149801
0.000149801
0.000149801
0.000149801
0.000149801
0.000149801
0.000149801
0.000149801
0.000149801
0.000149801
0.0001498
0.0001498
0.0001498
0.0001498
0.0001498
0.0001498
0.0001498
0.0001498
0.0001498
0.0001498
0.0001498
0.0001498
0.0001498
0.000149799
0.000149799
0.000149799
0.000149799
0.000149799
0.000149799
0.000149799
0.000149798
0.000149798
0.000149798
0.000149798
0.000149797
0.000149797
0.000149797
0.000149796
0.000149796
0.000149796
0.000149795
0.000149795
0.000149794
0.000151304
0.000151304
0.000151304
0.000151304
0.000151304
0.000151304
0.000151304
0.000151305
0.000151305
0.000151305
0.000151305
0.000151305
0.000151305
0.000151305
0.000151305
0.000151305
0.000151305
0.000151305
0.000151305
0.000151305
0.000151305
0.000151305
0.000151305
0.000151305
0.000151305
0.000151305
0.000151305
0.000151305
0.000151305
0.000151305
0.000151305
0.000151305
0.000151305
0.000151305
0.000151305
0.000151305
0.000151305
0.000151305
0.000151305
0.000151306
0.000151306
0.000151306
0.000151306
0.000151306
0.000151306
0.000151307
0.000151307
0.000151307
0.000151307
0.000151307
0.000151307
0.000151307
0.000151308
0.000151308
0.000151308
0.000151308
0.000151308
0.000151308
0.000151309
0.000151309
0.000151309
0.000151309
0.000151309
0.000151309
0.000151309
0.00015131
0.00015131
0.00015131
0.00015131
0.00015131
0.00015131
0.00015131
0.00015131
0.00015131
0.00015131
0.00015131
0.00015131
0.000151311
0.000151311
0.000151311
0.000151311
0.000151311
0.000151311
0.000151311
0.000151311
0.000151311
0.000151311
0.000151311
0.000151311
0.000151311
0.00015131
0.00015131
0.00015131
0.00015131
0.00015131
0.00015131
0.00015131
0.00015131
0.00015131
0.00015131
0.00015131
0.00015131
0.000151309
0.000151309
0.000151309
0.000151309
0.000151309
0.000151309
0.000151308
0.000151308
0.000151308
0.000151308
0.000151307
0.000151307
0.000151307
0.000151306
0.000151306
0.000151305
0.000151305
0.000151304
0.000152772
0.000152772
0.000152772
0.000152773
0.000152773
0.000152773
0.000152773
0.000152773
0.000152773
0.000152773
0.000152773
0.000152773
0.000152773
0.000152773
0.000152773
0.000152773
0.000152773
0.000152773
0.000152773
0.000152773
0.000152773
0.000152773
0.000152773
0.000152773
0.000152773
0.000152772
0.000152772
0.000152772
0.000152772
0.000152772
0.000152772
0.000152772
0.000152772
0.000152772
0.000152772
0.000152772
0.000152772
0.000152772
0.000152773
0.000152773
0.000152773
0.000152773
0.000152773
0.000152773
0.000152774
0.000152774
0.000152774
0.000152774
0.000152774
0.000152775
0.000152775
0.000152775
0.000152775
0.000152775
0.000152776
0.000152776
0.000152776
0.000152776
0.000152776
0.000152777
0.000152777
0.000152777
0.000152777
0.000152777
0.000152777
0.000152778
0.000152778
0.000152778
0.000152778
0.000152778
0.000152778
0.000152778
0.000152779
0.000152779
0.000152779
0.000152779
0.000152779
0.000152779
0.000152779
0.000152779
0.000152779
0.000152779
0.000152779
0.000152779
0.000152779
0.000152779
0.000152779
0.000152779
0.000152779
0.000152779
0.000152779
0.000152779
0.000152779
0.000152779
0.000152779
0.000152779
0.000152779
0.000152779
0.000152779
0.000152778
0.000152778
0.000152778
0.000152778
0.000152778
0.000152778
0.000152778
0.000152778
0.000152777
0.000152777
0.000152777
0.000152777
0.000152776
0.000152776
0.000152776
0.000152775
0.000152775
0.000152774
0.000152774
0.000152773
0.000152773
0.000154197
0.000154196
0.000154197
0.000154197
0.000154197
0.000154197
0.000154197
0.000154197
0.000154197
0.000154197
0.000154197
0.000154197
0.000154197
0.000154196
0.000154196
0.000154196
0.000154196
0.000154196
0.000154196
0.000154196
0.000154196
0.000154196
0.000154196
0.000154196
0.000154196
0.000154196
0.000154195
0.000154195
0.000154195
0.000154195
0.000154195
0.000154195
0.000154195
0.000154195
0.000154195
0.000154195
0.000154195
0.000154195
0.000154195
0.000154196
0.000154196
0.000154196
0.000154196
0.000154196
0.000154197
0.000154197
0.000154197
0.000154197
0.000154198
0.000154198
0.000154198
0.000154198
0.000154198
0.000154199
0.000154199
0.000154199
0.000154199
0.0001542
0.0001542
0.0001542
0.0001542
0.000154201
0.000154201
0.000154201
0.000154201
0.000154201
0.000154202
0.000154202
0.000154202
0.000154202
0.000154202
0.000154202
0.000154202
0.000154203
0.000154203
0.000154203
0.000154203
0.000154203
0.000154203
0.000154203
0.000154203
0.000154203
0.000154203
0.000154203
0.000154203
0.000154203
0.000154203
0.000154203
0.000154203
0.000154203
0.000154203
0.000154203
0.000154203
0.000154203
0.000154203
0.000154203
0.000154203
0.000154203
0.000154203
0.000154203
0.000154203
0.000154203
0.000154203
0.000154202
0.000154202
0.000154202
0.000154202
0.000154202
0.000154201
0.000154201
0.000154201
0.000154201
0.0001542
0.0001542
0.0001542
0.000154199
0.000154199
0.000154198
0.000154198
0.000154197
0.000155574
0.000155574
0.000155574
0.000155574
0.000155574
0.000155574
0.000155573
0.000155573
0.000155573
0.000155573
0.000155573
0.000155573
0.000155573
0.000155573
0.000155573
0.000155573
0.000155573
0.000155573
0.000155573
0.000155572
0.000155572
0.000155572
0.000155572
0.000155572
0.000155572
0.000155572
0.000155572
0.000155571
0.000155571
0.000155571
0.000155571
0.000155571
0.000155571
0.000155571
0.000155571
0.000155571
0.000155571
0.000155571
0.000155571
0.000155571
0.000155572
0.000155572
0.000155572
0.000155572
0.000155573
0.000155573
0.000155573
0.000155573
0.000155574
0.000155574
0.000155574
0.000155575
0.000155575
0.000155575
0.000155575
0.000155576
0.000155576
0.000155576
0.000155576
0.000155577
0.000155577
0.000155577
0.000155577
0.000155578
0.000155578
0.000155578
0.000155578
0.000155579
0.000155579
0.000155579
0.000155579
0.000155579
0.000155579
0.00015558
0.00015558
0.00015558
0.00015558
0.00015558
0.00015558
0.00015558
0.00015558
0.000155581
0.000155581
0.000155581
0.000155581
0.000155581
0.000155581
0.000155581
0.000155581
0.000155581
0.000155581
0.000155581
0.000155581
0.000155581
0.000155581
0.000155581
0.000155581
0.00015558
0.00015558
0.00015558
0.00015558
0.00015558
0.00015558
0.00015558
0.00015558
0.00015558
0.000155579
0.000155579
0.000155579
0.000155579
0.000155578
0.000155578
0.000155578
0.000155577
0.000155577
0.000155576
0.000155576
0.000155575
0.000155575
0.000155574
0.000156902
0.000156902
0.000156902
0.000156901
0.000156901
0.000156901
0.000156901
0.000156901
0.000156901
0.000156901
0.000156901
0.0001569
0.0001569
0.0001569
0.0001569
0.0001569
0.0001569
0.0001569
0.0001569
0.000156899
0.000156899
0.000156899
0.000156899
0.000156899
0.000156899
0.000156898
0.000156898
0.000156898
0.000156898
0.000156898
0.000156898
0.000156898
0.000156898
0.000156897
0.000156897
0.000156898
0.000156898
0.000156898
0.000156898
0.000156898
0.000156898
0.000156898
0.000156899
0.000156899
0.000156899
0.0001569
0.0001569
0.0001569
0.0001569
0.000156901
0.000156901
0.000156901
0.000156902
0.000156902
0.000156902
0.000156903
0.000156903
0.000156903
0.000156904
0.000156904
0.000156904
0.000156904
0.000156905
0.000156905
0.000156905
0.000156906
0.000156906
0.000156906
0.000156906
0.000156907
0.000156907
0.000156907
0.000156907
0.000156907
0.000156907
0.000156908
0.000156908
0.000156908
0.000156908
0.000156908
0.000156908
0.000156908
0.000156908
0.000156909
0.000156909
0.000156909
0.000156909
0.000156909
0.000156909
0.000156909
0.000156909
0.000156909
0.000156909
0.000156909
0.000156909
0.000156909
0.000156909
0.000156909
0.000156908
0.000156908
0.000156908
0.000156908
0.000156908
0.000156908
0.000156908
0.000156908
0.000156907
0.000156907
0.000156907
0.000156907
0.000156906
0.000156906
0.000156906
0.000156905
0.000156905
0.000156904
0.000156904
0.000156903
0.000156903
0.000156902
0.000158178
0.000158178
0.000158178
0.000158177
0.000158177
0.000158177
0.000158177
0.000158177
0.000158176
0.000158176
0.000158176
0.000158176
0.000158176
0.000158176
0.000158175
0.000158175
0.000158175
0.000158175
0.000158175
0.000158175
0.000158174
0.000158174
0.000158174
0.000158174
0.000158174
0.000158174
0.000158173
0.000158173
0.000158173
0.000158173
0.000158173
0.000158173
0.000158172
0.000158172
0.000158172
0.000158172
0.000158173
0.000158173
0.000158173
0.000158173
0.000158173
0.000158173
0.000158174
0.000158174
0.000158174
0.000158175
0.000158175
0.000158175
0.000158176
0.000158176
0.000158176
0.000158177
0.000158177
0.000158177
0.000158178
0.000158178
0.000158178
0.000158179
0.000158179
0.000158179
0.00015818
0.00015818
0.00015818
0.000158181
0.000158181
0.000158181
0.000158182
0.000158182
0.000158182
0.000158182
0.000158183
0.000158183
0.000158183
0.000158183
0.000158183
0.000158184
0.000158184
0.000158184
0.000158184
0.000158184
0.000158184
0.000158184
0.000158185
0.000158185
0.000158185
0.000158185
0.000158185
0.000158185
0.000158185
0.000158185
0.000158185
0.000158185
0.000158185
0.000158185
0.000158185
0.000158185
0.000158185
0.000158185
0.000158185
0.000158185
0.000158185
0.000158184
0.000158184
0.000158184
0.000158184
0.000158184
0.000158184
0.000158184
0.000158183
0.000158183
0.000158183
0.000158182
0.000158182
0.000158182
0.000158181
0.000158181
0.00015818
0.00015818
0.000158179
0.000158178
0.0001594
0.0001594
0.0001594
0.000159399
0.000159399
0.000159399
0.000159399
0.000159398
0.000159398
0.000159398
0.000159398
0.000159397
0.000159397
0.000159397
0.000159397
0.000159397
0.000159396
0.000159396
0.000159396
0.000159396
0.000159396
0.000159395
0.000159395
0.000159395
0.000159395
0.000159395
0.000159394
0.000159394
0.000159394
0.000159394
0.000159394
0.000159394
0.000159393
0.000159393
0.000159393
0.000159393
0.000159394
0.000159394
0.000159394
0.000159394
0.000159394
0.000159394
0.000159395
0.000159395
0.000159395
0.000159396
0.000159396
0.000159396
0.000159397
0.000159397
0.000159397
0.000159398
0.000159398
0.000159399
0.000159399
0.000159399
0.0001594
0.0001594
0.0001594
0.000159401
0.000159401
0.000159402
0.000159402
0.000159402
0.000159403
0.000159403
0.000159403
0.000159404
0.000159404
0.000159404
0.000159404
0.000159405
0.000159405
0.000159405
0.000159405
0.000159406
0.000159406
0.000159406
0.000159406
0.000159406
0.000159406
0.000159407
0.000159407
0.000159407
0.000159407
0.000159407
0.000159407
0.000159407
0.000159407
0.000159407
0.000159407
0.000159407
0.000159407
0.000159407
0.000159407
0.000159407
0.000159407
0.000159407
0.000159407
0.000159407
0.000159407
0.000159407
0.000159407
0.000159407
0.000159406
0.000159406
0.000159406
0.000159406
0.000159406
0.000159405
0.000159405
0.000159405
0.000159404
0.000159404
0.000159403
0.000159403
0.000159402
0.000159402
0.000159401
0.000159401
0.000160566
0.000160566
0.000160565
0.000160565
0.000160565
0.000160564
0.000160564
0.000160564
0.000160563
0.000160563
0.000160563
0.000160563
0.000160562
0.000160562
0.000160562
0.000160562
0.000160561
0.000160561
0.000160561
0.000160561
0.00016056
0.00016056
0.00016056
0.00016056
0.00016056
0.000160559
0.000160559
0.000160559
0.000160559
0.000160559
0.000160559
0.000160558
0.000160558
0.000160558
0.000160558
0.000160558
0.000160558
0.000160558
0.000160559
0.000160559
0.000160559
0.000160559
0.00016056
0.00016056
0.00016056
0.000160561
0.000160561
0.000160561
0.000160562
0.000160562
0.000160563
0.000160563
0.000160563
0.000160564
0.000160564
0.000160565
0.000160565
0.000160565
0.000160566
0.000160566
0.000160567
0.000160567
0.000160567
0.000160568
0.000160568
0.000160568
0.000160569
0.000160569
0.000160569
0.00016057
0.00016057
0.00016057
0.000160571
0.000160571
0.000160571
0.000160571
0.000160572
0.000160572
0.000160572
0.000160572
0.000160572
0.000160572
0.000160573
0.000160573
0.000160573
0.000160573
0.000160573
0.000160573
0.000160573
0.000160573
0.000160573
0.000160573
0.000160573
0.000160573
0.000160573
0.000160573
0.000160573
0.000160573
0.000160573
0.000160573
0.000160573
0.000160573
0.000160573
0.000160573
0.000160572
0.000160572
0.000160572
0.000160572
0.000160572
0.000160571
0.000160571
0.000160571
0.00016057
0.00016057
0.000160569
0.000160569
0.000160568
0.000160568
0.000160567
0.000160566
0.000161674
0.000161673
0.000161673
0.000161672
0.000161672
0.000161672
0.000161671
0.000161671
0.00016167
0.00016167
0.00016167
0.000161669
0.000161669
0.000161669
0.000161669
0.000161668
0.000161668
0.000161668
0.000161668
0.000161667
0.000161667
0.000161667
0.000161667
0.000161666
0.000161666
0.000161666
0.000161666
0.000161666
0.000161665
0.000161665
0.000161665
0.000161665
0.000161665
0.000161665
0.000161665
0.000161665
0.000161665
0.000161665
0.000161665
0.000161665
0.000161666
0.000161666
0.000161666
0.000161667
0.000161667
0.000161667
0.000161668
0.000161668
0.000161669
0.000161669
0.000161669
0.00016167
0.00016167
0.000161671
0.000161671
0.000161671
0.000161672
0.000161672
0.000161673
0.000161673
0.000161674
0.000161674
0.000161674
0.000161675
0.000161675
0.000161676
0.000161676
0.000161676
0.000161677
0.000161677
0.000161677
0.000161678
0.000161678
0.000161678
0.000161678
0.000161679
0.000161679
0.000161679
0.000161679
0.00016168
0.00016168
0.00016168
0.00016168
0.00016168
0.00016168
0.000161681
0.000161681
0.000161681
0.000161681
0.000161681
0.000161681
0.000161681
0.000161681
0.000161681
0.000161681
0.000161681
0.000161681
0.000161681
0.000161681
0.000161681
0.000161681
0.000161681
0.00016168
0.00016168
0.00016168
0.00016168
0.00016168
0.00016168
0.000161679
0.000161679
0.000161679
0.000161678
0.000161678
0.000161677
0.000161677
0.000161676
0.000161676
0.000161675
0.000161675
0.000161674
0.000162721
0.00016272
0.00016272
0.000162719
0.000162719
0.000162718
0.000162718
0.000162717
0.000162717
0.000162717
0.000162716
0.000162716
0.000162715
0.000162715
0.000162715
0.000162714
0.000162714
0.000162714
0.000162714
0.000162713
0.000162713
0.000162713
0.000162713
0.000162713
0.000162712
0.000162712
0.000162712
0.000162712
0.000162712
0.000162711
0.000162711
0.000162711
0.000162711
0.000162711
0.000162711
0.000162711
0.000162711
0.000162711
0.000162712
0.000162712
0.000162712
0.000162712
0.000162713
0.000162713
0.000162713
0.000162714
0.000162714
0.000162714
0.000162715
0.000162715
0.000162716
0.000162716
0.000162717
0.000162717
0.000162718
0.000162718
0.000162718
0.000162719
0.000162719
0.00016272
0.00016272
0.000162721
0.000162721
0.000162722
0.000162722
0.000162722
0.000162723
0.000162723
0.000162724
0.000162724
0.000162724
0.000162725
0.000162725
0.000162725
0.000162725
0.000162726
0.000162726
0.000162726
0.000162726
0.000162727
0.000162727
0.000162727
0.000162727
0.000162727
0.000162728
0.000162728
0.000162728
0.000162728
0.000162728
0.000162728
0.000162728
0.000162728
0.000162728
0.000162728
0.000162728
0.000162728
0.000162728
0.000162728
0.000162728
0.000162728
0.000162728
0.000162728
0.000162728
0.000162728
0.000162727
0.000162727
0.000162727
0.000162727
0.000162726
0.000162726
0.000162726
0.000162725
0.000162725
0.000162725
0.000162724
0.000162724
0.000162723
0.000162722
0.000162722
0.000162721
0.000163705
0.000163704
0.000163704
0.000163703
0.000163703
0.000163702
0.000163702
0.000163701
0.000163701
0.0001637
0.0001637
0.000163699
0.000163699
0.000163699
0.000163698
0.000163698
0.000163698
0.000163697
0.000163697
0.000163697
0.000163697
0.000163696
0.000163696
0.000163696
0.000163696
0.000163696
0.000163695
0.000163695
0.000163695
0.000163695
0.000163695
0.000163695
0.000163695
0.000163695
0.000163695
0.000163695
0.000163695
0.000163695
0.000163695
0.000163696
0.000163696
0.000163696
0.000163696
0.000163697
0.000163697
0.000163698
0.000163698
0.000163698
0.000163699
0.000163699
0.0001637
0.0001637
0.000163701
0.000163701
0.000163702
0.000163702
0.000163702
0.000163703
0.000163703
0.000163704
0.000163704
0.000163705
0.000163705
0.000163706
0.000163706
0.000163707
0.000163707
0.000163707
0.000163708
0.000163708
0.000163708
0.000163709
0.000163709
0.000163709
0.00016371
0.00016371
0.00016371
0.000163711
0.000163711
0.000163711
0.000163711
0.000163712
0.000163712
0.000163712
0.000163712
0.000163712
0.000163712
0.000163712
0.000163713
0.000163713
0.000163713
0.000163713
0.000163713
0.000163713
0.000163713
0.000163713
0.000163713
0.000163713
0.000163713
0.000163713
0.000163712
0.000163712
0.000163712
0.000163712
0.000163712
0.000163712
0.000163712
0.000163711
0.000163711
0.000163711
0.00016371
0.00016371
0.000163709
0.000163709
0.000163708
0.000163708
0.000163707
0.000163707
0.000163706
0.000163706
0.000164625
0.000164624
0.000164623
0.000164623
0.000164622
0.000164621
0.000164621
0.00016462
0.00016462
0.000164619
0.000164619
0.000164618
0.000164618
0.000164617
0.000164617
0.000164617
0.000164616
0.000164616
0.000164616
0.000164616
0.000164615
0.000164615
0.000164615
0.000164615
0.000164615
0.000164614
0.000164614
0.000164614
0.000164614
0.000164614
0.000164614
0.000164614
0.000164614
0.000164614
0.000164614
0.000164614
0.000164614
0.000164614
0.000164614
0.000164615
0.000164615
0.000164615
0.000164615
0.000164616
0.000164616
0.000164617
0.000164617
0.000164617
0.000164618
0.000164618
0.000164619
0.000164619
0.00016462
0.00016462
0.000164621
0.000164621
0.000164622
0.000164622
0.000164623
0.000164623
0.000164624
0.000164624
0.000164625
0.000164625
0.000164625
0.000164626
0.000164626
0.000164627
0.000164627
0.000164628
0.000164628
0.000164628
0.000164629
0.000164629
0.000164629
0.00016463
0.00016463
0.00016463
0.00016463
0.000164631
0.000164631
0.000164631
0.000164631
0.000164631
0.000164632
0.000164632
0.000164632
0.000164632
0.000164632
0.000164632
0.000164632
0.000164632
0.000164632
0.000164632
0.000164632
0.000164632
0.000164632
0.000164632
0.000164632
0.000164632
0.000164632
0.000164632
0.000164632
0.000164632
0.000164632
0.000164631
0.000164631
0.000164631
0.000164631
0.00016463
0.00016463
0.000164629
0.000164629
0.000164629
0.000164628
0.000164627
0.000164627
0.000164626
0.000164626
0.000164625
0.000165477
0.000165476
0.000165475
0.000165475
0.000165474
0.000165473
0.000165473
0.000165472
0.000165471
0.000165471
0.00016547
0.00016547
0.000165469
0.000165469
0.000165469
0.000165468
0.000165468
0.000165468
0.000165467
0.000165467
0.000165467
0.000165467
0.000165466
0.000165466
0.000165466
0.000165466
0.000165466
0.000165466
0.000165465
0.000165465
0.000165465
0.000165465
0.000165465
0.000165465
0.000165466
0.000165466
0.000165466
0.000165466
0.000165466
0.000165466
0.000165467
0.000165467
0.000165467
0.000165468
0.000165468
0.000165469
0.000165469
0.000165469
0.00016547
0.00016547
0.000165471
0.000165471
0.000165472
0.000165472
0.000165473
0.000165473
0.000165474
0.000165474
0.000165475
0.000165475
0.000165476
0.000165476
0.000165477
0.000165477
0.000165478
0.000165478
0.000165479
0.000165479
0.000165479
0.00016548
0.00016548
0.000165481
0.000165481
0.000165481
0.000165482
0.000165482
0.000165482
0.000165483
0.000165483
0.000165483
0.000165483
0.000165484
0.000165484
0.000165484
0.000165484
0.000165484
0.000165484
0.000165484
0.000165485
0.000165485
0.000165485
0.000165485
0.000165485
0.000165485
0.000165485
0.000165485
0.000165485
0.000165485
0.000165485
0.000165485
0.000165485
0.000165485
0.000165484
0.000165484
0.000165484
0.000165484
0.000165484
0.000165483
0.000165483
0.000165483
0.000165482
0.000165482
0.000165481
0.000165481
0.00016548
0.00016548
0.000165479
0.000165479
0.000165478
0.000165477
0.000166259
0.000166259
0.000166258
0.000166257
0.000166256
0.000166255
0.000166255
0.000166254
0.000166253
0.000166253
0.000166252
0.000166252
0.000166251
0.000166251
0.00016625
0.00016625
0.00016625
0.000166249
0.000166249
0.000166249
0.000166249
0.000166248
0.000166248
0.000166248
0.000166248
0.000166248
0.000166248
0.000166247
0.000166247
0.000166247
0.000166247
0.000166247
0.000166247
0.000166248
0.000166248
0.000166248
0.000166248
0.000166248
0.000166248
0.000166249
0.000166249
0.000166249
0.00016625
0.00016625
0.000166251
0.000166251
0.000166251
0.000166252
0.000166252
0.000166253
0.000166253
0.000166254
0.000166254
0.000166255
0.000166255
0.000166256
0.000166256
0.000166257
0.000166257
0.000166258
0.000166258
0.000166259
0.000166259
0.00016626
0.00016626
0.000166261
0.000166261
0.000166262
0.000166262
0.000166262
0.000166263
0.000166263
0.000166264
0.000166264
0.000166264
0.000166265
0.000166265
0.000166265
0.000166265
0.000166266
0.000166266
0.000166266
0.000166266
0.000166267
0.000166267
0.000166267
0.000166267
0.000166267
0.000166267
0.000166267
0.000166268
0.000166268
0.000166268
0.000166268
0.000166268
0.000166268
0.000166268
0.000166268
0.000166268
0.000166268
0.000166267
0.000166267
0.000166267
0.000166267
0.000166267
0.000166267
0.000166266
0.000166266
0.000166266
0.000166265
0.000166265
0.000166265
0.000166264
0.000166264
0.000166263
0.000166262
0.000166262
0.000166261
0.000166261
0.00016626
0.00016697
0.000166969
0.000166968
0.000166967
0.000166966
0.000166965
0.000166964
0.000166964
0.000166963
0.000166962
0.000166962
0.000166961
0.000166961
0.00016696
0.00016696
0.000166959
0.000166959
0.000166959
0.000166959
0.000166958
0.000166958
0.000166958
0.000166958
0.000166958
0.000166957
0.000166957
0.000166957
0.000166957
0.000166957
0.000166957
0.000166957
0.000166957
0.000166957
0.000166957
0.000166958
0.000166958
0.000166958
0.000166958
0.000166958
0.000166959
0.000166959
0.000166959
0.00016696
0.00016696
0.000166961
0.000166961
0.000166961
0.000166962
0.000166962
0.000166963
0.000166963
0.000166964
0.000166964
0.000166965
0.000166965
0.000166966
0.000166966
0.000166967
0.000166967
0.000166968
0.000166968
0.000166969
0.000166969
0.00016697
0.00016697
0.000166971
0.000166971
0.000166972
0.000166972
0.000166973
0.000166973
0.000166973
0.000166974
0.000166974
0.000166974
0.000166975
0.000166975
0.000166975
0.000166976
0.000166976
0.000166976
0.000166976
0.000166977
0.000166977
0.000166977
0.000166977
0.000166977
0.000166978
0.000166978
0.000166978
0.000166978
0.000166978
0.000166978
0.000166978
0.000166978
0.000166978
0.000166978
0.000166978
0.000166978
0.000166978
0.000166978
0.000166978
0.000166978
0.000166977
0.000166977
0.000166977
0.000166977
0.000166976
0.000166976
0.000166976
0.000166975
0.000166975
0.000166974
0.000166974
0.000166973
0.000166973
0.000166972
0.000166972
0.000166971
0.00016697
0.000167604
0.000167603
0.000167602
0.000167601
0.0001676
0.000167599
0.000167599
0.000167598
0.000167597
0.000167596
0.000167596
0.000167595
0.000167595
0.000167594
0.000167594
0.000167593
0.000167593
0.000167593
0.000167593
0.000167592
0.000167592
0.000167592
0.000167592
0.000167592
0.000167592
0.000167591
0.000167591
0.000167591
0.000167591
0.000167591
0.000167591
0.000167591
0.000167592
0.000167592
0.000167592
0.000167592
0.000167592
0.000167593
0.000167593
0.000167593
0.000167594
0.000167594
0.000167594
0.000167595
0.000167595
0.000167596
0.000167596
0.000167597
0.000167597
0.000167598
0.000167598
0.000167599
0.000167599
0.0001676
0.0001676
0.000167601
0.000167601
0.000167602
0.000167602
0.000167603
0.000167603
0.000167604
0.000167604
0.000167605
0.000167605
0.000167606
0.000167606
0.000167606
0.000167607
0.000167607
0.000167608
0.000167608
0.000167608
0.000167609
0.000167609
0.00016761
0.00016761
0.00016761
0.00016761
0.000167611
0.000167611
0.000167611
0.000167611
0.000167612
0.000167612
0.000167612
0.000167612
0.000167612
0.000167612
0.000167613
0.000167613
0.000167613
0.000167613
0.000167613
0.000167613
0.000167613
0.000167613
0.000167613
0.000167613
0.000167613
0.000167613
0.000167613
0.000167612
0.000167612
0.000167612
0.000167612
0.000167612
0.000167611
0.000167611
0.00016761
0.00016761
0.00016761
0.000167609
0.000167609
0.000167608
0.000167607
0.000167607
0.000167606
0.000167606
0.000167605
0.00016816
0.000168159
0.000168158
0.000168157
0.000168156
0.000168155
0.000168154
0.000168153
0.000168152
0.000168151
0.000168151
0.00016815
0.00016815
0.000168149
0.000168149
0.000168148
0.000168148
0.000168148
0.000168148
0.000168147
0.000168147
0.000168147
0.000168147
0.000168147
0.000168147
0.000168146
0.000168146
0.000168146
0.000168146
0.000168147
0.000168147
0.000168147
0.000168147
0.000168147
0.000168148
0.000168148
0.000168148
0.000168148
0.000168149
0.000168149
0.000168149
0.00016815
0.00016815
0.000168151
0.000168151
0.000168152
0.000168152
0.000168153
0.000168153
0.000168153
0.000168154
0.000168154
0.000168155
0.000168156
0.000168156
0.000168157
0.000168157
0.000168158
0.000168158
0.000168159
0.000168159
0.00016816
0.00016816
0.000168161
0.000168161
0.000168162
0.000168162
0.000168162
0.000168163
0.000168163
0.000168164
0.000168164
0.000168164
0.000168165
0.000168165
0.000168165
0.000168166
0.000168166
0.000168166
0.000168167
0.000168167
0.000168167
0.000168167
0.000168168
0.000168168
0.000168168
0.000168168
0.000168168
0.000168168
0.000168168
0.000168169
0.000168169
0.000168169
0.000168169
0.000168169
0.000168169
0.000168169
0.000168169
0.000168169
0.000168169
0.000168169
0.000168169
0.000168168
0.000168168
0.000168168
0.000168168
0.000168167
0.000168167
0.000168167
0.000168166
0.000168166
0.000168165
0.000168165
0.000168164
0.000168164
0.000168163
0.000168163
0.000168162
0.000168162
0.000168161
0.000168633
0.000168632
0.000168631
0.00016863
0.000168629
0.000168627
0.000168627
0.000168626
0.000168625
0.000168624
0.000168623
0.000168623
0.000168622
0.000168622
0.000168621
0.000168621
0.000168621
0.00016862
0.00016862
0.00016862
0.00016862
0.00016862
0.00016862
0.00016862
0.000168642
0.000168642
0.000168642
0.000168641
0.000168641
0.000168641
0.00016864
0.00016864
0.00016864
0.000168639
0.000168639
0.000168638
0.000168638
0.000168637
0.000168637
0.000168636
0.000168635
0.000168635
0.000168634
)
;

boundaryField
{
    bottomWall
    {
        type            kqRWallFunction;
        value           nonuniform 0();
    }
    topWall
    {
        type            kqRWallFunction;
        value           nonuniform 0();
    }
    sides1_half0
    {
        type            cyclic;
    }
    sides1_half1
    {
        type            cyclic;
    }
    sides2_half0
    {
        type            cyclic;
    }
    sides2_half1
    {
        type            cyclic;
    }
    inout1_half0
    {
        type            cyclic;
    }
    inout1_half1
    {
        type            cyclic;
    }
    inout2_half0
    {
        type            cyclic;
    }
    inout2_half1
    {
        type            cyclic;
    }
    procBoundary1to0
    {
        type            processor;
        value           nonuniform List<scalar> 
122
(
0.000168619
0.000168619
0.000168619
0.000168619
0.00016862
0.00016862
0.00016862
0.00016862
0.00016862
0.000168621
0.000168621
0.000168621
0.000168622
0.000168622
0.000168622
0.000168623
0.000168623
0.000168624
0.000168624
0.000168624
0.000168625
0.000168625
0.000168626
0.000168626
0.000168627
0.000168627
0.000168628
0.000168628
0.000168629
0.000168629
0.00016863
0.00016863
0.000168631
0.000168631
0.000168632
0.000168632
0.000168633
0.000168633
0.000168634
0.000168634
0.000168635
0.000168635
0.000168636
0.000168636
0.000168637
0.000168637
0.000168637
0.000168638
0.000168638
0.000168638
0.000168639
0.000168639
0.000168639
0.00016864
0.00016864
0.00016864
0.000168641
0.000168641
0.000168641
0.000168641
0.000168641
0.000168642
0.000168642
0.000168642
0.000168642
0.000168642
0.000168642
0.000168642
0.000168642
0.000168642
0.000168642
0.000168642
0.000168642
0.000168642
0.000168642
0.000168642
0.000168642
0.00016902
0.000169018
0.000169017
0.000169016
0.000169015
0.000169014
0.000169013
0.000169012
0.000169011
0.00016901
0.000169009
0.000169008
0.000169008
0.000169007
0.000169007
0.000169007
0.000169006
0.000169006
0.000169006
0.000169006
0.000169006
0.000169006
0.000169006
0.000168619
0.000169006
0.000168642
0.000169029
0.000169029
0.000169028
0.000169028
0.000169028
0.000169028
0.000169027
0.000169027
0.000169026
0.000169026
0.000169025
0.000169025
0.000169024
0.000169024
0.000169023
0.000169023
0.000169022
0.000169021
0.000169021
)
;
    }
    procBoundary1to2
    {
        type            processor;
        value           nonuniform List<scalar> 
124
(
0.000121025
0.000121024
0.000121024
0.000121024
0.000121024
0.000121025
0.000121025
0.000121025
0.000121025
0.000121025
0.000121025
0.000121025
0.000121025
0.000121026
0.000121026
0.000121026
0.000121026
0.000121026
0.000121026
0.000121026
0.000121026
0.000121039
0.000121037
0.000121036
0.000121036
0.000121035
0.000121034
0.000121033
0.000121033
0.000121032
0.000121031
0.000121031
0.00012103
0.000121029
0.000121029
0.000121028
0.000121028
0.000122715
0.000122715
0.000122716
0.000122732
0.000122731
0.00012273
0.00012273
0.00012273
0.000124424
0.000124424
0.000124425
0.000124427
0.000124428
0.000124429
0.00012443
0.00012443
0.000124431
0.000124432
0.000124432
0.000124433
0.000124433
0.000124434
0.000124434
0.000124435
0.000124435
0.000124435
0.000124436
0.000124436
0.000124436
0.000124437
0.000124437
0.000124437
0.000124437
0.000124437
0.000124438
0.000124438
0.000124438
0.000124438
0.000124438
0.000124438
0.000124439
0.000124439
0.000124439
0.000124439
0.000124439
0.000124439
0.000124439
0.000124439
0.000124439
0.000124439
0.000124439
0.000124439
0.000124439
0.000124439
0.000124439
0.00012444
0.00012444
0.00012444
0.00012444
0.00012444
0.00012444
0.000124439
0.000124439
0.000124439
0.000124439
0.000124439
0.000124439
0.000124439
0.000124439
0.000124439
0.000124439
0.000124439
0.000124439
0.000124439
0.000124439
0.000124439
0.000124439
0.000124439
0.000124439
0.000124439
0.000124439
0.000124439
0.000124438
0.000124438
0.000124438
0.000124438
0.000124438
)
;
    }
}


// ************************************************************************* //
