/*--------------------------------*- C++ -*----------------------------------*\
  =========                 |
  \\      /  F ield         | OpenFOAM: The Open Source CFD Toolbox
   \\    /   O peration     | Website:  https://openfoam.org
    \\  /    A nd           | Version:  7
     \\/     M anipulation  |
\*---------------------------------------------------------------------------*/
FoamFile
{
    version     2.0;
    format      ascii;
    class       volScalarField;
    location    "1500";
    object      k;
}
// * * * * * * * * * * * * * * * * * * * * * * * * * * * * * * * * * * * * * //

dimensions      [0 2 -2 0 0 0 0];

internalField   nonuniform List<scalar> 
3974
(
0.000138602
0.000138601
0.0001386
0.000138599
0.000138598
0.000138597
0.000138595
0.000138594
0.000138593
0.000138592
0.000138591
0.00013859
0.00013859
0.000138589
0.000138588
0.000138587
0.000138586
0.000138585
0.000138584
0.000138583
0.000138582
0.000138581
0.00013858
0.000138579
0.000138578
0.000138577
0.000138576
0.000138575
0.000138574
0.000138573
0.000138572
0.000138571
0.00013857
0.000138568
0.000138567
0.000138566
0.000138565
0.000138564
0.000136218
0.000136219
0.000136226
0.000136229
0.00013623
0.00013623
0.000136229
0.000136229
0.000136228
0.000136228
0.000136227
0.000136226
0.000136226
0.000136225
0.000136224
0.000136223
0.000136223
0.000136222
0.000136221
0.00013622
0.00013622
0.000136219
0.000136218
0.000136217
0.000136216
0.000136216
0.000136215
0.000136214
0.000136213
0.000136212
0.000136211
0.00013621
0.000136209
0.000136208
0.000136207
0.000136206
0.000136204
0.000136203
0.000136202
0.000136202
0.000136187
0.000136183
0.000133737
0.000133737
0.000133746
0.00013375
0.000133755
0.000133759
0.000133761
0.000133763
0.000133763
0.000133764
0.000133764
0.000133763
0.000133763
0.000133763
0.000133763
0.000133762
0.000133762
0.000133761
0.000133761
0.00013376
0.00013376
0.000133759
0.000133758
0.000133758
0.000133757
0.000133756
0.000133756
0.000133755
0.000133754
0.000133753
0.000133753
0.000133752
0.000133751
0.00013375
0.000133749
0.000133748
0.000133747
0.000133746
0.000133745
0.000133744
0.000133743
0.000133743
0.000133736
0.000133731
0.000133714
0.000133708
0.000133708
0.000133708
0.000133709
0.00013371
0.00013371
0.000133711
0.000133711
0.000133712
0.000133712
0.000133713
0.000133713
0.000133714
0.000133716
0.000131185
0.000131184
0.00013119
0.000131194
0.000131199
0.000131204
0.000131207
0.00013121
0.000131211
0.000131212
0.000131213
0.000131214
0.000131214
0.000131214
0.000131214
0.000131214
0.000131214
0.000131214
0.000131213
0.000131213
0.000131213
0.000131212
0.000131212
0.000131211
0.000131211
0.00013121
0.00013121
0.000131209
0.000131209
0.000131208
0.000131207
0.000131207
0.000131206
0.000131205
0.000131204
0.000131203
0.000131203
0.000131202
0.000131201
0.0001312
0.000131199
0.000131199
0.000131194
0.000131191
0.00013118
0.000131173
0.000131169
0.000131168
0.000131168
0.000131167
0.000131167
0.000131167
0.000131168
0.000131168
0.000131168
0.000131168
0.000131169
0.000131168
0.000131171
0.000128558
0.000128557
0.00012856
0.000128565
0.000128569
0.000128574
0.000128578
0.000128581
0.000128583
0.000128585
0.000128587
0.000128588
0.000128589
0.000128589
0.00012859
0.00012859
0.00012859
0.00012859
0.00012859
0.00012859
0.00012859
0.00012859
0.00012859
0.000128589
0.000128589
0.000128589
0.000128588
0.000128588
0.000128587
0.000128587
0.000128586
0.000128586
0.000128585
0.000128585
0.000128584
0.000128583
0.000128582
0.000128582
0.000128581
0.00012858
0.000128579
0.000128579
0.000128576
0.000128574
0.000128567
0.00012856
0.000128555
0.000128552
0.000128551
0.00012855
0.000128549
0.000128548
0.000128548
0.000128548
0.000128548
0.000128548
0.000128548
0.000128548
0.000128551
0.000125867
0.000125864
0.000125866
0.00012587
0.000125874
0.000125879
0.000125883
0.000125886
0.000125889
0.000125892
0.000125894
0.000125895
0.000125896
0.000125898
0.000125898
0.000125899
0.0001259
0.0001259
0.0001259
0.0001259
0.000125901
0.000125901
0.000125901
0.000125901
0.000125901
0.0001259
0.0001259
0.0001259
0.0001259
0.000125899
0.000125899
0.000125898
0.000125898
0.000125898
0.000125897
0.000125896
0.000125896
0.000125895
0.000125895
0.000125894
0.000125893
0.000125893
0.000125891
0.000125889
0.000125885
0.00012588
0.000125875
0.000125871
0.000125868
0.000125867
0.000125865
0.000125864
0.000125864
0.000125863
0.000125863
0.000125862
0.000125862
0.000125861
0.000125865
0.000123119
0.000123116
0.000123117
0.00012312
0.000123124
0.000123128
0.000123131
0.000123135
0.000123138
0.000123141
0.000123143
0.000123145
0.000123147
0.000123148
0.00012315
0.000123151
0.000123152
0.000123152
0.000123153
0.000123153
0.000123154
0.000123154
0.000123154
0.000123154
0.000123155
0.000123155
0.000123155
0.000123154
0.000123154
0.000123154
0.000123154
0.000123154
0.000123153
0.000123153
0.000123153
0.000123152
0.000123152
0.000123151
0.000123151
0.00012315
0.00012315
0.000123149
0.000123148
0.000123147
0.000123144
0.00012314
0.000123136
0.000123132
0.000123129
0.000123127
0.000123125
0.000123124
0.000123123
0.000123122
0.000123121
0.000123121
0.00012312
0.000123119
0.000123123
0.000120324
0.00012032
0.000120321
0.000120323
0.000120326
0.000120329
0.000120333
0.000120336
0.00012034
0.000120343
0.000120345
0.000120347
0.000120349
0.000120351
0.000120353
0.000120354
0.000120355
0.000120356
0.000120357
0.000120358
0.000120358
0.000120359
0.000120359
0.00012036
0.00012036
0.00012036
0.00012036
0.000120361
0.000120361
0.000120361
0.000120361
0.00012036
0.00012036
0.00012036
0.00012036
0.00012036
0.000120359
0.000120359
0.000120359
0.000120358
0.000120358
0.000120357
0.000120357
0.000120356
0.000120354
0.000120351
0.000120348
0.000120345
0.000120342
0.000120339
0.000120337
0.000120336
0.000120334
0.000120333
0.000120332
0.000120331
0.00012033
0.000120329
0.000120333
0.00011749
0.000117485
0.000117486
0.000117488
0.00011749
0.000117493
0.000117496
0.000117499
0.000117502
0.000117505
0.000117508
0.00011751
0.000117513
0.000117515
0.000117516
0.000117518
0.000117519
0.00011752
0.000117522
0.000117522
0.000117523
0.000117524
0.000117525
0.000117525
0.000117526
0.000117526
0.000117527
0.000117527
0.000117527
0.000117527
0.000117527
0.000117527
0.000117527
0.000117527
0.000117527
0.000117527
0.000117527
0.000117527
0.000117527
0.000117526
0.000117526
0.000117526
0.000117525
0.000117525
0.000117524
0.000117522
0.000117519
0.000117517
0.000117514
0.000117512
0.00011751
0.000117508
0.000117506
0.000117505
0.000117504
0.000117503
0.000117502
0.0001175
0.000117504
0.000114625
0.000114621
0.000114621
0.000114623
0.000114625
0.000114627
0.00011463
0.000114633
0.000114635
0.000114638
0.000114641
0.000114643
0.000114646
0.000114648
0.00011465
0.000114651
0.000114653
0.000114654
0.000114655
0.000114657
0.000114658
0.000114659
0.000114659
0.00011466
0.000114661
0.000114661
0.000114662
0.000114662
0.000114663
0.000114663
0.000114663
0.000114664
0.000114664
0.000114664
0.000114664
0.000114664
0.000114664
0.000114664
0.000114664
0.000114664
0.000114664
0.000114663
0.000114663
0.000114663
0.000114662
0.000114661
0.000114659
0.000114657
0.000114655
0.000114653
0.000114651
0.000114649
0.000114647
0.000114646
0.000114645
0.000114644
0.000114643
0.000114641
0.000114644
0.00011174
0.000111735
0.000111735
0.000111737
0.000111738
0.00011174
0.000111743
0.000111745
0.000111748
0.00011175
0.000111753
0.000111755
0.000111757
0.000111759
0.000111761
0.000111763
0.000111765
0.000111766
0.000111768
0.000111769
0.00011177
0.000111771
0.000111772
0.000111773
0.000111774
0.000111775
0.000111775
0.000111776
0.000111777
0.000111777
0.000111778
0.000111778
0.000111778
0.000111779
0.000111779
0.000111779
0.000111779
0.000111779
0.000111779
0.000111779
0.000111779
0.000111779
0.000111779
0.000111779
0.000111778
0.000111778
0.000111776
0.000111775
0.000111773
0.000111772
0.00011177
0.000111768
0.000111767
0.000111765
0.000111764
0.000111763
0.000111762
0.00011176
0.000111763
0.000108841
0.000108837
0.000108837
0.000108838
0.000108839
0.000108841
0.000108843
0.000108845
0.000108847
0.00010885
0.000108852
0.000108854
0.000108856
0.000108858
0.00010886
0.000108862
0.000108864
0.000108866
0.000108867
0.000108869
0.00010887
0.000108871
0.000108872
0.000108873
0.000108874
0.000108875
0.000108876
0.000108877
0.000108877
0.000108878
0.000108878
0.000108879
0.000108879
0.00010888
0.00010888
0.00010888
0.000108881
0.000108881
0.000108881
0.000108881
0.000108881
0.000108881
0.000108881
0.000108881
0.000108881
0.000108881
0.00010888
0.000108879
0.000108878
0.000108876
0.000108875
0.000108874
0.000108872
0.000108871
0.00010887
0.000108868
0.000108868
0.000108866
0.000108869
0.000105939
0.000105934
0.000105934
0.000105935
0.000105936
0.000105938
0.00010594
0.000105942
0.000105943
0.000105946
0.000105948
0.00010595
0.000105952
0.000105954
0.000105956
0.000105957
0.000105959
0.000105961
0.000105962
0.000105964
0.000105965
0.000105967
0.000105968
0.000105969
0.00010597
0.000105971
0.000105972
0.000105973
0.000105973
0.000105974
0.000105975
0.000105975
0.000105976
0.000105977
0.000105977
0.000105977
0.000105978
0.000105978
0.000105978
0.000105979
0.000105979
0.000105979
0.000105979
0.000105979
0.000105979
0.000105979
0.000105979
0.000105978
0.000105977
0.000105976
0.000105975
0.000105974
0.000105973
0.000105972
0.000105971
0.00010597
0.000105969
0.000105967
0.00010597
0.000103041
0.000103036
0.000103036
0.000103037
0.000103038
0.00010304
0.000103041
0.000103043
0.000103044
0.000103046
0.000103048
0.00010305
0.000103052
0.000103054
0.000103056
0.000103057
0.000103059
0.000103061
0.000103062
0.000103064
0.000103065
0.000103066
0.000103068
0.000103069
0.00010307
0.000103071
0.000103072
0.000103073
0.000103074
0.000103075
0.000103076
0.000103076
0.000103077
0.000103078
0.000103078
0.000103079
0.000103079
0.00010308
0.00010308
0.00010308
0.000103081
0.000103081
0.000103081
0.000103081
0.000103081
0.000103081
0.000103081
0.000103081
0.000103081
0.00010308
0.000103079
0.000103078
0.000103077
0.000103076
0.000103076
0.000103075
0.000103074
0.000103072
0.000103076
0.000100155
0.00010015
0.00010015
0.000100151
0.000100153
0.000100154
0.000100156
0.000100157
0.000100159
0.00010016
0.000100162
0.000100164
0.000100165
0.000100167
0.000100169
0.00010017
0.000100172
0.000100174
0.000100175
0.000100177
0.000100178
0.000100179
0.000100181
0.000100182
0.000100183
0.000100184
0.000100185
0.000100186
0.000100187
0.000100188
0.000100189
0.00010019
0.000100191
0.000100191
0.000100192
0.000100193
0.000100193
0.000100194
0.000100194
0.000100195
0.000100195
0.000100195
0.000100196
0.000100196
0.000100196
0.000100196
0.000100196
0.000100196
0.000100196
0.000100196
0.000100195
0.000100195
0.000100194
0.000100193
0.000100193
0.000100192
0.000100191
0.00010019
0.000100193
9.72917e-05
9.72866e-05
9.72865e-05
9.72876e-05
9.72889e-05
9.72902e-05
9.72916e-05
9.72929e-05
9.72943e-05
9.72958e-05
9.72973e-05
9.72989e-05
9.73005e-05
9.7302e-05
9.73036e-05
9.73052e-05
9.73067e-05
9.73082e-05
9.73097e-05
9.73111e-05
9.73125e-05
9.73138e-05
9.73151e-05
9.73163e-05
9.73175e-05
9.73186e-05
9.73197e-05
9.73208e-05
9.73218e-05
9.73227e-05
9.73237e-05
9.73245e-05
9.73253e-05
9.73261e-05
9.73269e-05
9.73276e-05
9.73282e-05
9.73289e-05
9.73294e-05
9.733e-05
9.73305e-05
9.73309e-05
9.73313e-05
9.73317e-05
9.7332e-05
9.73323e-05
9.73326e-05
9.73327e-05
9.73327e-05
9.73326e-05
9.73324e-05
9.7332e-05
9.73316e-05
9.73311e-05
9.73305e-05
9.73299e-05
9.73294e-05
9.73279e-05
9.73316e-05
9.44574e-05
9.44523e-05
9.44522e-05
9.44533e-05
9.44546e-05
9.44559e-05
9.44571e-05
9.44584e-05
9.44597e-05
9.44611e-05
9.44625e-05
9.44639e-05
9.44653e-05
9.44668e-05
9.44683e-05
9.44697e-05
9.44711e-05
9.44726e-05
9.44739e-05
9.44753e-05
9.44766e-05
9.44779e-05
9.44792e-05
9.44804e-05
9.44816e-05
9.44827e-05
9.44838e-05
9.44849e-05
9.44859e-05
9.44869e-05
9.44878e-05
9.44887e-05
9.44896e-05
9.44905e-05
9.44913e-05
9.4492e-05
9.44927e-05
9.44934e-05
9.44941e-05
9.44947e-05
9.44953e-05
9.44958e-05
9.44963e-05
9.44968e-05
9.44972e-05
9.44976e-05
9.44979e-05
9.44982e-05
9.44983e-05
9.44984e-05
9.44984e-05
9.44983e-05
9.4498e-05
9.44977e-05
9.44974e-05
9.44969e-05
9.44966e-05
9.44952e-05
9.4499e-05
9.16607e-05
9.16555e-05
9.16554e-05
9.16565e-05
9.16578e-05
9.1659e-05
9.16603e-05
9.16615e-05
9.16628e-05
9.1664e-05
9.16653e-05
9.16666e-05
9.16679e-05
9.16693e-05
9.16706e-05
9.1672e-05
9.16733e-05
9.16746e-05
9.16759e-05
9.16772e-05
9.16785e-05
9.16797e-05
9.16809e-05
9.16821e-05
9.16833e-05
9.16844e-05
9.16855e-05
9.16865e-05
9.16876e-05
9.16886e-05
9.16895e-05
9.16905e-05
9.16914e-05
9.16923e-05
9.16931e-05
9.16939e-05
9.16947e-05
9.16954e-05
9.16961e-05
9.16968e-05
9.16974e-05
9.1698e-05
9.16986e-05
9.16991e-05
9.16996e-05
9.17001e-05
9.17005e-05
9.17009e-05
9.17012e-05
9.17014e-05
9.17015e-05
9.17016e-05
9.17015e-05
9.17014e-05
9.17012e-05
9.17009e-05
9.17008e-05
9.16996e-05
9.17035e-05
8.89092e-05
8.8904e-05
8.89039e-05
8.8905e-05
8.89062e-05
8.89075e-05
8.89087e-05
8.89099e-05
8.89111e-05
8.89123e-05
8.89135e-05
8.89147e-05
8.89159e-05
8.89172e-05
8.89184e-05
8.89196e-05
8.89209e-05
8.89221e-05
8.89233e-05
8.89245e-05
8.89257e-05
8.89269e-05
8.89281e-05
8.89292e-05
8.89303e-05
8.89314e-05
8.89325e-05
8.89335e-05
8.89345e-05
8.89355e-05
8.89365e-05
8.89375e-05
8.89384e-05
8.89393e-05
8.89401e-05
8.8941e-05
8.89418e-05
8.89426e-05
8.89433e-05
8.8944e-05
8.89447e-05
8.89454e-05
8.8946e-05
8.89466e-05
8.89471e-05
8.89477e-05
8.89482e-05
8.89486e-05
8.8949e-05
8.89493e-05
8.89496e-05
8.89498e-05
8.89499e-05
8.89499e-05
8.89499e-05
8.89497e-05
8.89497e-05
8.89487e-05
8.89527e-05
8.62103e-05
8.6205e-05
8.62049e-05
8.6206e-05
8.62073e-05
8.62085e-05
8.62097e-05
8.62109e-05
8.6212e-05
8.62132e-05
8.62143e-05
8.62154e-05
8.62166e-05
8.62177e-05
8.62189e-05
8.622e-05
8.62212e-05
8.62223e-05
8.62235e-05
8.62246e-05
8.62257e-05
8.62268e-05
8.62279e-05
8.6229e-05
8.62301e-05
8.62311e-05
8.62322e-05
8.62332e-05
8.62342e-05
8.62352e-05
8.62361e-05
8.62371e-05
8.6238e-05
8.62389e-05
8.62398e-05
8.62406e-05
8.62415e-05
8.62423e-05
8.6243e-05
8.62438e-05
8.62445e-05
8.62452e-05
8.62459e-05
8.62465e-05
8.62471e-05
8.62477e-05
8.62482e-05
8.62487e-05
8.62492e-05
8.62496e-05
8.625e-05
8.62503e-05
8.62505e-05
8.62507e-05
8.62508e-05
8.62508e-05
8.62509e-05
8.62499e-05
8.6254e-05
8.35709e-05
8.35656e-05
8.35655e-05
8.35666e-05
8.35678e-05
8.3569e-05
8.35702e-05
8.35714e-05
8.35725e-05
8.35736e-05
8.35747e-05
8.35758e-05
8.35769e-05
8.35779e-05
8.3579e-05
8.35801e-05
8.35812e-05
8.35822e-05
8.35833e-05
8.35843e-05
8.35854e-05
8.35864e-05
8.35875e-05
8.35885e-05
8.35895e-05
8.35905e-05
8.35915e-05
8.35925e-05
8.35935e-05
8.35944e-05
8.35954e-05
8.35963e-05
8.35972e-05
8.35981e-05
8.3599e-05
8.35998e-05
8.36007e-05
8.36015e-05
8.36023e-05
8.3603e-05
8.36038e-05
8.36045e-05
8.36052e-05
8.36059e-05
8.36065e-05
8.36071e-05
8.36077e-05
8.36083e-05
8.36088e-05
8.36093e-05
8.36097e-05
8.36101e-05
8.36104e-05
8.36107e-05
8.36109e-05
8.3611e-05
8.36112e-05
8.36104e-05
8.36145e-05
8.09974e-05
8.09922e-05
8.09921e-05
8.09932e-05
8.09944e-05
8.09956e-05
8.09968e-05
8.09979e-05
8.0999e-05
8.10001e-05
8.10011e-05
8.10022e-05
8.10032e-05
8.10042e-05
8.10053e-05
8.10063e-05
8.10073e-05
8.10083e-05
8.10093e-05
8.10102e-05
8.10112e-05
8.10122e-05
8.10132e-05
8.10141e-05
8.10151e-05
8.10161e-05
8.1017e-05
8.10179e-05
8.10189e-05
8.10198e-05
8.10207e-05
8.10216e-05
8.10225e-05
8.10234e-05
8.10242e-05
8.10251e-05
8.10259e-05
8.10267e-05
8.10275e-05
8.10283e-05
8.1029e-05
8.10298e-05
8.10305e-05
8.10312e-05
8.10318e-05
8.10325e-05
8.10331e-05
8.10337e-05
8.10343e-05
8.10348e-05
8.10353e-05
8.10357e-05
8.10361e-05
8.10365e-05
8.10368e-05
8.10369e-05
8.10373e-05
8.10366e-05
8.10407e-05
7.8496e-05
7.84908e-05
7.84907e-05
7.84917e-05
7.84929e-05
7.84941e-05
7.84953e-05
7.84964e-05
7.84975e-05
7.84985e-05
7.84995e-05
7.85005e-05
7.85015e-05
7.85025e-05
7.85035e-05
7.85045e-05
7.85054e-05
7.85063e-05
7.85073e-05
7.85082e-05
7.85091e-05
7.851e-05
7.8511e-05
7.85119e-05
7.85128e-05
7.85137e-05
7.85146e-05
7.85155e-05
7.85163e-05
7.85172e-05
7.85181e-05
7.8519e-05
7.85198e-05
7.85207e-05
7.85215e-05
7.85223e-05
7.85231e-05
7.85239e-05
7.85247e-05
7.85255e-05
7.85263e-05
7.8527e-05
7.85277e-05
7.85284e-05
7.85291e-05
7.85298e-05
7.85304e-05
7.8531e-05
7.85316e-05
7.85322e-05
7.85327e-05
7.85332e-05
7.85336e-05
7.8534e-05
7.85344e-05
7.85347e-05
7.85351e-05
7.85345e-05
7.85386e-05
7.60719e-05
7.60668e-05
7.60667e-05
7.60677e-05
7.60688e-05
7.607e-05
7.60711e-05
7.60722e-05
7.60733e-05
7.60743e-05
7.60753e-05
7.60763e-05
7.60772e-05
7.60782e-05
7.60791e-05
7.60801e-05
7.6081e-05
7.60818e-05
7.60827e-05
7.60836e-05
7.60845e-05
7.60853e-05
7.60862e-05
7.6087e-05
7.60879e-05
7.60887e-05
7.60896e-05
7.60904e-05
7.60913e-05
7.60921e-05
7.60929e-05
7.60938e-05
7.60946e-05
7.60954e-05
7.60962e-05
7.6097e-05
7.60978e-05
7.60986e-05
7.60994e-05
7.61001e-05
7.61009e-05
7.61016e-05
7.61023e-05
7.6103e-05
7.61037e-05
7.61044e-05
7.6105e-05
7.61057e-05
7.61063e-05
7.61068e-05
7.61074e-05
7.61079e-05
7.61084e-05
7.61088e-05
7.61092e-05
7.61096e-05
7.611e-05
7.61095e-05
7.61136e-05
7.37299e-05
7.37249e-05
7.37248e-05
7.37257e-05
7.37269e-05
7.3728e-05
7.37291e-05
7.37302e-05
7.37312e-05
7.37322e-05
7.37332e-05
7.37341e-05
7.37351e-05
7.3736e-05
7.37369e-05
7.37378e-05
7.37386e-05
7.37395e-05
7.37403e-05
7.37411e-05
7.3742e-05
7.37428e-05
7.37436e-05
7.37444e-05
7.37452e-05
7.3746e-05
7.37468e-05
7.37476e-05
7.37484e-05
7.37492e-05
7.375e-05
7.37507e-05
7.37515e-05
7.37523e-05
7.37531e-05
7.37539e-05
7.37546e-05
7.37554e-05
7.37561e-05
7.37569e-05
7.37576e-05
7.37583e-05
7.3759e-05
7.37597e-05
7.37604e-05
7.37611e-05
7.37617e-05
7.37623e-05
7.3763e-05
7.37635e-05
7.37641e-05
7.37646e-05
7.37652e-05
7.37656e-05
7.37661e-05
7.37664e-05
7.37669e-05
7.37665e-05
7.37705e-05
7.14741e-05
7.14692e-05
7.14691e-05
7.147e-05
7.14711e-05
7.14722e-05
7.14733e-05
7.14743e-05
7.14753e-05
7.14763e-05
7.14772e-05
7.14782e-05
7.14791e-05
7.148e-05
7.14808e-05
7.14817e-05
7.14825e-05
7.14833e-05
7.14841e-05
7.14849e-05
7.14857e-05
7.14865e-05
7.14872e-05
7.1488e-05
7.14887e-05
7.14895e-05
7.14902e-05
7.1491e-05
7.14917e-05
7.14925e-05
7.14932e-05
7.1494e-05
7.14947e-05
7.14955e-05
7.14962e-05
7.14969e-05
7.14977e-05
7.14984e-05
7.14991e-05
7.14998e-05
7.15005e-05
7.15012e-05
7.15019e-05
7.15026e-05
7.15033e-05
7.15039e-05
7.15046e-05
7.15052e-05
7.15058e-05
7.15064e-05
7.1507e-05
7.15075e-05
7.1508e-05
7.15085e-05
7.1509e-05
7.15094e-05
7.15099e-05
7.15095e-05
7.15134e-05
6.93079e-05
6.93031e-05
6.9303e-05
6.93039e-05
6.93049e-05
6.9306e-05
6.9307e-05
6.9308e-05
6.9309e-05
6.93099e-05
6.93109e-05
6.93118e-05
6.93127e-05
6.93135e-05
6.93144e-05
6.93152e-05
6.9316e-05
6.93168e-05
6.93175e-05
6.93183e-05
6.9319e-05
6.93197e-05
6.93205e-05
6.93212e-05
6.93219e-05
6.93226e-05
6.93233e-05
6.9324e-05
6.93247e-05
6.93254e-05
6.93261e-05
6.93268e-05
6.93275e-05
6.93282e-05
6.93289e-05
6.93296e-05
6.93303e-05
6.9331e-05
6.93317e-05
6.93324e-05
6.93331e-05
6.93338e-05
6.93344e-05
6.93351e-05
6.93357e-05
6.93364e-05
6.9337e-05
6.93376e-05
6.93382e-05
6.93388e-05
6.93394e-05
6.93399e-05
6.93404e-05
6.93409e-05
6.93414e-05
6.93418e-05
6.93423e-05
6.9342e-05
6.93457e-05
6.72339e-05
6.72293e-05
6.72291e-05
6.723e-05
6.7231e-05
6.7232e-05
6.7233e-05
6.7234e-05
6.72349e-05
6.72359e-05
6.72367e-05
6.72376e-05
6.72385e-05
6.72393e-05
6.72401e-05
6.72409e-05
6.72417e-05
6.72424e-05
6.72432e-05
6.72439e-05
6.72446e-05
6.72453e-05
6.7246e-05
6.72467e-05
6.72473e-05
6.7248e-05
6.72487e-05
6.72493e-05
6.725e-05
6.72507e-05
6.72513e-05
6.7252e-05
6.72526e-05
6.72533e-05
6.7254e-05
6.72546e-05
6.72553e-05
6.72559e-05
6.72566e-05
6.72572e-05
6.72579e-05
6.72585e-05
6.72592e-05
6.72598e-05
6.72604e-05
6.7261e-05
6.72617e-05
6.72622e-05
6.72628e-05
6.72634e-05
6.7264e-05
6.72645e-05
6.7265e-05
6.72655e-05
6.7266e-05
6.72664e-05
6.72669e-05
6.72666e-05
6.72702e-05
6.52541e-05
6.52496e-05
6.52495e-05
6.52503e-05
6.52513e-05
6.52523e-05
6.52532e-05
6.52542e-05
6.52551e-05
6.5256e-05
6.52568e-05
6.52577e-05
6.52585e-05
6.52593e-05
6.52601e-05
6.52609e-05
6.52616e-05
6.52623e-05
6.5263e-05
6.52637e-05
6.52644e-05
6.5265e-05
6.52657e-05
6.52663e-05
6.5267e-05
6.52676e-05
6.52682e-05
6.52689e-05
6.52695e-05
6.52701e-05
6.52707e-05
6.52714e-05
6.5272e-05
6.52726e-05
6.52732e-05
6.52738e-05
6.52745e-05
6.52751e-05
6.52757e-05
6.52763e-05
6.52769e-05
6.52775e-05
6.52781e-05
6.52787e-05
6.52793e-05
6.52799e-05
6.52805e-05
6.52811e-05
6.52817e-05
6.52822e-05
6.52827e-05
6.52833e-05
6.52838e-05
6.52842e-05
6.52847e-05
6.52851e-05
6.52856e-05
6.52854e-05
6.52888e-05
6.33698e-05
6.33655e-05
6.33653e-05
6.33661e-05
6.33671e-05
6.3368e-05
6.33689e-05
6.33698e-05
6.33707e-05
6.33715e-05
6.33723e-05
6.33731e-05
6.33739e-05
6.33747e-05
6.33755e-05
6.33762e-05
6.33769e-05
6.33776e-05
6.33783e-05
6.33789e-05
6.33796e-05
6.33802e-05
6.33808e-05
6.33815e-05
6.33821e-05
6.33827e-05
6.33833e-05
6.33838e-05
6.33844e-05
6.3385e-05
6.33856e-05
6.33862e-05
6.33868e-05
6.33873e-05
6.33879e-05
6.33885e-05
6.33891e-05
6.33897e-05
6.33902e-05
6.33908e-05
6.33914e-05
6.3392e-05
6.33926e-05
6.33931e-05
6.33937e-05
6.33943e-05
6.33948e-05
6.33954e-05
6.33959e-05
6.33964e-05
6.33969e-05
6.33974e-05
6.33979e-05
6.33984e-05
6.33988e-05
6.33992e-05
6.33997e-05
6.33995e-05
6.34028e-05
6.15814e-05
6.15773e-05
6.15772e-05
6.15779e-05
6.15788e-05
6.15797e-05
6.15806e-05
6.15814e-05
6.15823e-05
6.15831e-05
6.15838e-05
6.15846e-05
6.15854e-05
6.15861e-05
6.15868e-05
6.15876e-05
6.15882e-05
6.15889e-05
6.15895e-05
6.15902e-05
6.15908e-05
6.15914e-05
6.1592e-05
6.15925e-05
6.15931e-05
6.15937e-05
6.15943e-05
6.15948e-05
6.15954e-05
6.15959e-05
6.15965e-05
6.1597e-05
6.15975e-05
6.15981e-05
6.15986e-05
6.15992e-05
6.15997e-05
6.16003e-05
6.16008e-05
6.16013e-05
6.16019e-05
6.16024e-05
6.1603e-05
6.16035e-05
6.1604e-05
6.16046e-05
6.16051e-05
6.16056e-05
6.16061e-05
6.16066e-05
6.16071e-05
6.16076e-05
6.16081e-05
6.16085e-05
6.16089e-05
6.16093e-05
6.16098e-05
6.16096e-05
6.16127e-05
5.9889e-05
5.98851e-05
5.98849e-05
5.98856e-05
5.98865e-05
5.98873e-05
5.98881e-05
5.98889e-05
5.98897e-05
5.98905e-05
5.98912e-05
5.9892e-05
5.98927e-05
5.98934e-05
5.98941e-05
5.98948e-05
5.98954e-05
5.9896e-05
5.98966e-05
5.98972e-05
5.98978e-05
5.98984e-05
5.9899e-05
5.98995e-05
5.99e-05
5.99006e-05
5.99011e-05
5.99016e-05
5.99021e-05
5.99027e-05
5.99032e-05
5.99037e-05
5.99042e-05
5.99047e-05
5.99052e-05
5.99057e-05
5.99062e-05
5.99067e-05
5.99072e-05
5.99077e-05
5.99082e-05
5.99087e-05
5.99093e-05
5.99098e-05
5.99103e-05
5.99108e-05
5.99112e-05
5.99117e-05
5.99122e-05
5.99127e-05
5.99132e-05
5.99136e-05
5.99141e-05
5.99145e-05
5.99149e-05
5.99153e-05
5.99157e-05
5.99156e-05
5.99184e-05
5.82916e-05
5.8288e-05
5.82878e-05
5.82885e-05
5.82893e-05
5.82901e-05
5.82908e-05
5.82916e-05
5.82923e-05
5.8293e-05
5.82937e-05
5.82944e-05
5.82951e-05
5.82958e-05
5.82964e-05
5.82971e-05
5.82977e-05
5.82983e-05
5.82989e-05
5.82994e-05
5.83e-05
5.83005e-05
5.83011e-05
5.83016e-05
5.83021e-05
5.83026e-05
5.83031e-05
5.83036e-05
5.83041e-05
5.83045e-05
5.8305e-05
5.83055e-05
5.8306e-05
5.83064e-05
5.83069e-05
5.83074e-05
5.83078e-05
5.83083e-05
5.83088e-05
5.83093e-05
5.83097e-05
5.83102e-05
5.83107e-05
5.83111e-05
5.83116e-05
5.83121e-05
5.83125e-05
5.8313e-05
5.83134e-05
5.83139e-05
5.83143e-05
5.83147e-05
5.83152e-05
5.83156e-05
5.83159e-05
5.83163e-05
5.83167e-05
5.83166e-05
5.83192e-05
5.67881e-05
5.67847e-05
5.67846e-05
5.67852e-05
5.67859e-05
5.67866e-05
5.67874e-05
5.67881e-05
5.67888e-05
5.67894e-05
5.67901e-05
5.67907e-05
5.67914e-05
5.6792e-05
5.67926e-05
5.67932e-05
5.67938e-05
5.67944e-05
5.67949e-05
5.67954e-05
5.6796e-05
5.67965e-05
5.6797e-05
5.67975e-05
5.67979e-05
5.67984e-05
5.67989e-05
5.67993e-05
5.67998e-05
5.68002e-05
5.68007e-05
5.68011e-05
5.68015e-05
5.6802e-05
5.68024e-05
5.68029e-05
5.68033e-05
5.68037e-05
5.68042e-05
5.68046e-05
5.6805e-05
5.68055e-05
5.68059e-05
5.68063e-05
5.68068e-05
5.68072e-05
5.68076e-05
5.6808e-05
5.68085e-05
5.68089e-05
5.68093e-05
5.68097e-05
5.68101e-05
5.68104e-05
5.68108e-05
5.68111e-05
5.68115e-05
5.68114e-05
5.68138e-05
5.53767e-05
5.53734e-05
5.53733e-05
5.53739e-05
5.53746e-05
5.53752e-05
5.53759e-05
5.53766e-05
5.53772e-05
5.53778e-05
5.53784e-05
5.5379e-05
5.53796e-05
5.53802e-05
5.53808e-05
5.53814e-05
5.53819e-05
5.53824e-05
5.53829e-05
5.53834e-05
5.53839e-05
5.53844e-05
5.53849e-05
5.53853e-05
5.53858e-05
5.53862e-05
5.53866e-05
5.5387e-05
5.53875e-05
5.53879e-05
5.53883e-05
5.53887e-05
5.53891e-05
5.53895e-05
5.53899e-05
5.53903e-05
5.53907e-05
5.53911e-05
5.53915e-05
5.53919e-05
5.53923e-05
5.53927e-05
5.53931e-05
5.53935e-05
5.53939e-05
5.53943e-05
5.53947e-05
5.53951e-05
5.53955e-05
5.53958e-05
5.53962e-05
5.53966e-05
5.5397e-05
5.53973e-05
5.53976e-05
5.53979e-05
5.53983e-05
5.53982e-05
5.54004e-05
5.40549e-05
5.40519e-05
5.40518e-05
5.40523e-05
5.40529e-05
5.40536e-05
5.40542e-05
5.40548e-05
5.40554e-05
5.40559e-05
5.40565e-05
5.40571e-05
5.40576e-05
5.40582e-05
5.40587e-05
5.40592e-05
5.40597e-05
5.40602e-05
5.40607e-05
5.40611e-05
5.40616e-05
5.4062e-05
5.40624e-05
5.40629e-05
5.40633e-05
5.40637e-05
5.40641e-05
5.40645e-05
5.40649e-05
5.40652e-05
5.40656e-05
5.4066e-05
5.40664e-05
5.40667e-05
5.40671e-05
5.40675e-05
5.40678e-05
5.40682e-05
5.40686e-05
5.40689e-05
5.40693e-05
5.40697e-05
5.407e-05
5.40704e-05
5.40707e-05
5.40711e-05
5.40715e-05
5.40718e-05
5.40722e-05
5.40725e-05
5.40729e-05
5.40732e-05
5.40735e-05
5.40739e-05
5.40742e-05
5.40744e-05
5.40748e-05
5.40747e-05
5.40767e-05
5.28202e-05
5.28174e-05
5.28173e-05
5.28178e-05
5.28183e-05
5.28189e-05
5.28195e-05
5.282e-05
5.28206e-05
5.28211e-05
5.28216e-05
5.28221e-05
5.28226e-05
5.28231e-05
5.28236e-05
5.28241e-05
5.28245e-05
5.2825e-05
5.28254e-05
5.28259e-05
5.28263e-05
5.28267e-05
5.28271e-05
5.28274e-05
5.28278e-05
5.28282e-05
5.28286e-05
5.28289e-05
5.28293e-05
5.28296e-05
5.283e-05
5.28303e-05
5.28306e-05
5.2831e-05
5.28313e-05
5.28316e-05
5.2832e-05
5.28323e-05
5.28326e-05
5.2833e-05
5.28333e-05
5.28336e-05
5.2834e-05
5.28343e-05
5.28346e-05
5.28349e-05
5.28353e-05
5.28356e-05
5.28359e-05
5.28362e-05
5.28365e-05
5.28369e-05
5.28372e-05
5.28374e-05
5.28377e-05
5.2838e-05
5.28383e-05
5.28382e-05
5.284e-05
5.16695e-05
5.1667e-05
5.16669e-05
5.16673e-05
5.16678e-05
5.16683e-05
5.16688e-05
5.16693e-05
5.16698e-05
5.16703e-05
5.16708e-05
5.16712e-05
5.16717e-05
5.16721e-05
5.16726e-05
5.1673e-05
5.16734e-05
5.16738e-05
5.16742e-05
5.16746e-05
5.1675e-05
5.16753e-05
5.16757e-05
5.1676e-05
5.16764e-05
5.16767e-05
5.16771e-05
5.16774e-05
5.16777e-05
5.1678e-05
5.16783e-05
5.16786e-05
5.16789e-05
5.16792e-05
5.16795e-05
5.16798e-05
5.16801e-05
5.16804e-05
5.16807e-05
5.1681e-05
5.16813e-05
5.16816e-05
5.16819e-05
5.16822e-05
5.16825e-05
5.16828e-05
5.16831e-05
5.16834e-05
5.16837e-05
5.1684e-05
5.16842e-05
5.16845e-05
5.16848e-05
5.1685e-05
5.16853e-05
5.16855e-05
5.16858e-05
5.16858e-05
5.16873e-05
5.05995e-05
5.05973e-05
5.05972e-05
5.05976e-05
5.0598e-05
5.05985e-05
5.0599e-05
5.05994e-05
5.05999e-05
5.06003e-05
5.06007e-05
5.06011e-05
5.06015e-05
5.06019e-05
5.06023e-05
5.06027e-05
5.06031e-05
5.06034e-05
5.06038e-05
5.06041e-05
5.06045e-05
5.06048e-05
5.06051e-05
5.06054e-05
5.06057e-05
5.0606e-05
5.06063e-05
5.06066e-05
5.06069e-05
5.06072e-05
5.06074e-05
5.06077e-05
5.0608e-05
5.06082e-05
5.06085e-05
5.06088e-05
5.0609e-05
5.06093e-05
5.06096e-05
5.06098e-05
5.06101e-05
5.06104e-05
5.06106e-05
5.06109e-05
5.06111e-05
5.06114e-05
5.06117e-05
5.06119e-05
5.06122e-05
5.06124e-05
5.06127e-05
5.06129e-05
5.06132e-05
5.06134e-05
5.06136e-05
5.06138e-05
5.06141e-05
5.06141e-05
5.06154e-05
4.96069e-05
4.96049e-05
4.96048e-05
4.96052e-05
4.96056e-05
4.9606e-05
4.96064e-05
4.96068e-05
4.96072e-05
4.96075e-05
4.96079e-05
4.96083e-05
4.96086e-05
4.9609e-05
4.96093e-05
4.96097e-05
4.961e-05
4.96103e-05
4.96106e-05
4.96109e-05
4.96112e-05
4.96115e-05
4.96118e-05
4.96121e-05
4.96123e-05
4.96126e-05
4.96128e-05
4.96131e-05
4.96133e-05
4.96136e-05
4.96138e-05
4.96141e-05
4.96143e-05
4.96145e-05
4.96148e-05
4.9615e-05
4.96152e-05
4.96155e-05
4.96157e-05
4.96159e-05
4.96161e-05
4.96164e-05
4.96166e-05
4.96168e-05
4.96171e-05
4.96173e-05
4.96175e-05
4.96177e-05
4.9618e-05
4.96182e-05
4.96184e-05
4.96186e-05
4.96188e-05
4.9619e-05
4.96192e-05
4.96194e-05
4.96196e-05
4.96196e-05
4.96208e-05
4.8688e-05
4.86862e-05
4.86861e-05
4.86864e-05
4.86868e-05
4.86871e-05
4.86875e-05
4.86878e-05
4.86882e-05
4.86885e-05
4.86888e-05
4.86891e-05
4.86894e-05
4.86897e-05
4.869e-05
4.86903e-05
4.86906e-05
4.86909e-05
4.86911e-05
4.86914e-05
4.86917e-05
4.86919e-05
4.86921e-05
4.86924e-05
4.86926e-05
4.86928e-05
4.8693e-05
4.86933e-05
4.86935e-05
4.86937e-05
4.86939e-05
4.86941e-05
4.86943e-05
4.86945e-05
4.86947e-05
4.86949e-05
4.86951e-05
4.86953e-05
4.86955e-05
4.86957e-05
4.86959e-05
4.86961e-05
4.86963e-05
4.86965e-05
4.86966e-05
4.86968e-05
4.8697e-05
4.86972e-05
4.86974e-05
4.86976e-05
4.86978e-05
4.8698e-05
4.86982e-05
4.86984e-05
4.86985e-05
4.86987e-05
4.86988e-05
4.86988e-05
4.86998e-05
4.7839e-05
4.78374e-05
4.78374e-05
4.78376e-05
4.78379e-05
4.78382e-05
4.78385e-05
4.78388e-05
4.78391e-05
4.78394e-05
4.78397e-05
4.78399e-05
4.78402e-05
4.78404e-05
4.78407e-05
4.78409e-05
4.78412e-05
4.78414e-05
4.78416e-05
4.78419e-05
4.78421e-05
4.78423e-05
4.78425e-05
4.78427e-05
4.78429e-05
4.7843e-05
4.78432e-05
4.78434e-05
4.78436e-05
4.78437e-05
4.78439e-05
4.78441e-05
4.78443e-05
4.78444e-05
4.78446e-05
4.78447e-05
4.78449e-05
4.78451e-05
4.78452e-05
4.78454e-05
4.78455e-05
4.78457e-05
4.78459e-05
4.7846e-05
4.78462e-05
4.78464e-05
4.78465e-05
4.78467e-05
4.78468e-05
4.7847e-05
4.78472e-05
4.78473e-05
4.78475e-05
4.78476e-05
4.78478e-05
4.78479e-05
4.7848e-05
4.7848e-05
4.78488e-05
4.70562e-05
4.70549e-05
4.70548e-05
4.7055e-05
4.70553e-05
4.70556e-05
4.70558e-05
4.7056e-05
4.70563e-05
4.70565e-05
4.70567e-05
4.70569e-05
4.70572e-05
4.70574e-05
4.70576e-05
4.70578e-05
4.7058e-05
4.70582e-05
4.70583e-05
4.70585e-05
4.70587e-05
4.70588e-05
4.7059e-05
4.70592e-05
4.70593e-05
4.70595e-05
4.70596e-05
4.70597e-05
4.70599e-05
4.706e-05
4.70602e-05
4.70603e-05
4.70604e-05
4.70605e-05
4.70607e-05
4.70608e-05
4.70609e-05
4.7061e-05
4.70612e-05
4.70613e-05
4.70614e-05
4.70616e-05
4.70617e-05
4.70618e-05
4.70619e-05
4.70621e-05
4.70622e-05
4.70623e-05
4.70625e-05
4.70626e-05
4.70627e-05
4.70628e-05
4.7063e-05
4.70631e-05
4.70632e-05
4.70633e-05
4.70634e-05
4.70634e-05
4.70641e-05
4.63358e-05
4.63348e-05
4.63347e-05
4.63349e-05
4.63351e-05
4.63353e-05
4.63355e-05
4.63357e-05
4.63359e-05
4.63361e-05
4.63362e-05
4.63364e-05
4.63366e-05
4.63367e-05
4.63369e-05
4.63371e-05
4.63372e-05
4.63374e-05
4.63375e-05
4.63376e-05
4.63378e-05
4.63379e-05
4.6338e-05
4.63381e-05
4.63382e-05
4.63383e-05
4.63384e-05
4.63385e-05
4.63386e-05
4.63387e-05
4.63388e-05
4.63389e-05
4.6339e-05
4.63391e-05
4.63392e-05
4.63393e-05
4.63394e-05
4.63395e-05
4.63396e-05
4.63397e-05
4.63398e-05
4.63399e-05
4.634e-05
4.634e-05
4.63401e-05
4.63402e-05
4.63403e-05
4.63404e-05
4.63405e-05
4.63406e-05
4.63407e-05
4.63408e-05
4.63409e-05
4.6341e-05
4.63411e-05
4.63412e-05
4.63412e-05
4.63412e-05
4.63417e-05
4.56742e-05
4.56733e-05
4.56733e-05
4.56735e-05
4.56736e-05
4.56738e-05
4.56739e-05
4.56741e-05
4.56742e-05
4.56744e-05
4.56745e-05
4.56746e-05
4.56747e-05
4.56748e-05
4.5675e-05
4.56751e-05
4.56752e-05
4.56753e-05
4.56754e-05
4.56755e-05
4.56756e-05
4.56756e-05
4.56757e-05
4.56758e-05
4.56759e-05
4.56759e-05
4.5676e-05
4.56761e-05
4.56761e-05
4.56762e-05
4.56762e-05
4.56763e-05
4.56764e-05
4.56764e-05
4.56765e-05
4.56765e-05
4.56766e-05
4.56767e-05
4.56767e-05
4.56768e-05
4.56768e-05
4.56769e-05
4.56769e-05
4.5677e-05
4.56771e-05
4.56771e-05
4.56772e-05
4.56773e-05
4.56773e-05
4.56774e-05
4.56775e-05
4.56775e-05
4.56776e-05
4.56776e-05
4.56777e-05
4.56778e-05
4.56778e-05
4.56778e-05
4.56782e-05
4.50676e-05
4.5067e-05
4.5067e-05
4.50671e-05
4.50672e-05
4.50673e-05
4.50674e-05
4.50675e-05
4.50676e-05
4.50677e-05
4.50678e-05
4.50679e-05
4.50679e-05
4.5068e-05
4.50681e-05
4.50682e-05
4.50682e-05
4.50683e-05
4.50683e-05
4.50684e-05
4.50684e-05
4.50685e-05
4.50685e-05
4.50685e-05
4.50686e-05
4.50686e-05
4.50686e-05
4.50687e-05
4.50687e-05
4.50687e-05
4.50687e-05
4.50688e-05
4.50688e-05
4.50688e-05
4.50688e-05
4.50689e-05
4.50689e-05
4.50689e-05
4.50689e-05
4.50689e-05
4.5069e-05
4.5069e-05
4.5069e-05
4.5069e-05
4.50691e-05
4.50691e-05
4.50691e-05
4.50692e-05
4.50692e-05
4.50692e-05
4.50693e-05
4.50693e-05
4.50693e-05
4.50694e-05
4.50694e-05
4.50694e-05
4.50694e-05
4.50694e-05
4.50697e-05
4.45125e-05
4.45121e-05
4.45121e-05
4.45122e-05
4.45123e-05
4.45123e-05
4.45124e-05
4.45125e-05
4.45125e-05
4.45125e-05
4.45126e-05
4.45126e-05
4.45127e-05
4.45127e-05
4.45127e-05
4.45127e-05
4.45128e-05
4.45128e-05
4.45128e-05
4.45128e-05
4.45128e-05
4.45128e-05
4.45128e-05
4.45128e-05
4.45128e-05
4.45128e-05
4.45128e-05
4.45128e-05
4.45128e-05
4.45128e-05
4.45128e-05
4.45127e-05
4.45127e-05
4.45127e-05
4.45127e-05
4.45127e-05
4.45127e-05
4.45127e-05
4.45126e-05
4.45126e-05
4.45126e-05
4.45126e-05
4.45126e-05
4.45126e-05
4.45126e-05
4.45126e-05
4.45126e-05
4.45126e-05
4.45126e-05
4.45126e-05
4.45126e-05
4.45126e-05
4.45126e-05
4.45126e-05
4.45126e-05
4.45126e-05
4.45126e-05
4.45125e-05
4.45127e-05
4.40055e-05
4.40053e-05
4.40053e-05
4.40053e-05
4.40054e-05
4.40054e-05
4.40054e-05
4.40054e-05
4.40054e-05
4.40054e-05
4.40054e-05
4.40054e-05
4.40054e-05
4.40054e-05
4.40054e-05
4.40054e-05
4.40054e-05
4.40054e-05
4.40053e-05
4.40053e-05
4.40053e-05
4.40052e-05
4.40052e-05
4.40052e-05
4.40051e-05
4.40051e-05
4.4005e-05
4.4005e-05
4.40049e-05
4.40049e-05
4.40048e-05
4.40048e-05
4.40047e-05
4.40047e-05
4.40046e-05
4.40046e-05
4.40045e-05
4.40045e-05
4.40044e-05
4.40044e-05
4.40044e-05
4.40043e-05
4.40043e-05
4.40042e-05
4.40042e-05
4.40042e-05
4.40041e-05
4.40041e-05
4.40041e-05
4.4004e-05
4.4004e-05
4.4004e-05
4.40039e-05
4.40039e-05
4.40039e-05
4.40038e-05
4.40038e-05
4.40038e-05
4.40038e-05
4.35431e-05
4.35432e-05
4.35432e-05
4.35432e-05
4.35432e-05
4.35432e-05
4.35432e-05
4.35432e-05
4.35431e-05
4.35431e-05
4.35431e-05
4.3543e-05
4.3543e-05
4.35429e-05
4.35429e-05
4.35428e-05
4.35428e-05
4.35427e-05
4.35426e-05
4.35426e-05
4.35425e-05
4.35424e-05
4.35423e-05
4.35423e-05
4.35422e-05
4.35421e-05
4.3542e-05
4.35419e-05
4.35419e-05
4.35418e-05
4.35417e-05
4.35416e-05
4.35415e-05
4.35414e-05
4.35414e-05
4.35413e-05
4.35412e-05
4.35411e-05
4.3541e-05
4.35409e-05
4.35409e-05
4.35408e-05
4.35407e-05
4.35406e-05
4.35406e-05
4.35405e-05
4.35404e-05
4.35404e-05
4.35403e-05
4.35402e-05
4.35402e-05
4.35401e-05
4.354e-05
4.354e-05
4.35399e-05
4.35399e-05
4.35398e-05
4.35397e-05
4.35397e-05
4.31224e-05
4.31227e-05
4.31227e-05
4.31227e-05
4.31226e-05
4.31226e-05
4.31225e-05
4.31225e-05
4.31224e-05
4.31223e-05
4.31222e-05
4.31222e-05
4.31221e-05
4.3122e-05
4.31219e-05
4.31218e-05
4.31217e-05
4.31216e-05
4.31215e-05
4.31214e-05
4.31213e-05
4.31212e-05
4.31211e-05
4.3121e-05
4.31209e-05
4.31208e-05
4.31206e-05
4.31205e-05
4.31204e-05
4.31203e-05
4.31202e-05
4.312e-05
4.31199e-05
4.31198e-05
4.31197e-05
4.31196e-05
4.31194e-05
4.31193e-05
4.31192e-05
4.31191e-05
4.3119e-05
4.31189e-05
4.31188e-05
4.31187e-05
4.31185e-05
4.31184e-05
4.31183e-05
4.31182e-05
4.31181e-05
4.3118e-05
4.3118e-05
4.31179e-05
4.31178e-05
4.31177e-05
4.31176e-05
4.31175e-05
4.31174e-05
4.31173e-05
4.31172e-05
4.27403e-05
4.27407e-05
4.27407e-05
4.27407e-05
4.27406e-05
4.27405e-05
4.27404e-05
4.27403e-05
4.27402e-05
4.27401e-05
4.274e-05
4.27399e-05
4.27398e-05
4.27397e-05
4.27395e-05
4.27394e-05
4.27393e-05
4.27392e-05
4.2739e-05
4.27389e-05
4.27387e-05
4.27386e-05
4.27385e-05
4.27383e-05
4.27382e-05
4.2738e-05
4.27379e-05
4.27377e-05
4.27376e-05
4.27374e-05
4.27372e-05
4.27371e-05
4.27369e-05
4.27368e-05
4.27366e-05
4.27365e-05
4.27363e-05
4.27362e-05
4.2736e-05
4.27359e-05
4.27357e-05
4.27356e-05
4.27354e-05
4.27353e-05
4.27352e-05
4.2735e-05
4.27349e-05
4.27347e-05
4.27346e-05
4.27345e-05
4.27344e-05
4.27342e-05
4.27341e-05
4.2734e-05
4.27339e-05
4.27338e-05
4.27336e-05
4.27335e-05
4.27333e-05
4.23939e-05
4.23945e-05
4.23945e-05
4.23945e-05
4.23944e-05
4.23943e-05
4.23941e-05
4.2394e-05
4.23939e-05
4.23937e-05
4.23936e-05
4.23934e-05
4.23933e-05
4.23931e-05
4.2393e-05
4.23928e-05
4.23926e-05
4.23925e-05
4.23923e-05
4.23921e-05
4.2392e-05
4.23918e-05
4.23916e-05
4.23914e-05
4.23912e-05
4.23911e-05
4.23909e-05
4.23907e-05
4.23905e-05
4.23903e-05
4.23901e-05
4.23899e-05
4.23897e-05
4.23896e-05
4.23894e-05
4.23892e-05
4.2389e-05
4.23888e-05
4.23886e-05
4.23884e-05
4.23883e-05
4.23881e-05
4.23879e-05
4.23877e-05
4.23876e-05
4.23874e-05
4.23872e-05
4.23871e-05
4.23869e-05
4.23867e-05
4.23866e-05
4.23864e-05
4.23863e-05
4.23861e-05
4.2386e-05
4.23858e-05
4.23857e-05
4.23855e-05
4.23853e-05
4.20806e-05
4.20814e-05
4.20815e-05
4.20814e-05
4.20812e-05
4.20811e-05
4.20809e-05
4.20808e-05
4.20806e-05
4.20804e-05
4.20802e-05
4.20801e-05
4.20799e-05
4.20797e-05
4.20795e-05
4.20793e-05
4.20791e-05
4.20789e-05
4.20787e-05
4.20785e-05
4.20783e-05
4.20781e-05
4.20779e-05
4.20777e-05
4.20775e-05
4.20773e-05
4.2077e-05
4.20768e-05
4.20766e-05
4.20764e-05
4.20762e-05
4.20759e-05
4.20757e-05
4.20755e-05
4.20753e-05
4.20751e-05
4.20748e-05
4.20746e-05
4.20744e-05
4.20742e-05
4.2074e-05
4.20738e-05
4.20736e-05
4.20733e-05
4.20731e-05
4.20729e-05
4.20727e-05
4.20725e-05
4.20723e-05
4.20722e-05
4.2072e-05
4.20718e-05
4.20716e-05
4.20714e-05
4.20712e-05
4.20711e-05
4.20709e-05
4.20707e-05
4.20704e-05
4.1798e-05
4.1799e-05
4.1799e-05
4.17989e-05
4.17988e-05
4.17986e-05
4.17984e-05
4.17982e-05
4.1798e-05
4.17978e-05
4.17976e-05
4.17974e-05
4.17972e-05
4.1797e-05
4.17968e-05
4.17965e-05
4.17963e-05
4.17961e-05
4.17959e-05
4.17956e-05
4.17954e-05
4.17952e-05
4.17949e-05
4.17947e-05
4.17944e-05
4.17942e-05
4.17939e-05
4.17937e-05
4.17934e-05
4.17932e-05
4.17929e-05
4.17927e-05
4.17924e-05
4.17922e-05
4.17919e-05
4.17917e-05
4.17914e-05
4.17911e-05
4.17909e-05
4.17906e-05
4.17904e-05
4.17902e-05
4.17899e-05
4.17897e-05
4.17894e-05
4.17892e-05
4.1789e-05
4.17887e-05
4.17885e-05
4.17883e-05
4.17881e-05
4.17879e-05
4.17876e-05
4.17874e-05
4.17872e-05
4.1787e-05
4.17868e-05
4.17866e-05
4.17863e-05
4.15438e-05
4.15449e-05
4.1545e-05
4.15449e-05
4.15447e-05
4.15445e-05
4.15443e-05
4.15441e-05
4.15438e-05
4.15436e-05
4.15434e-05
4.15432e-05
4.15429e-05
4.15427e-05
4.15424e-05
4.15422e-05
4.15419e-05
4.15417e-05
4.15414e-05
4.15412e-05
4.15409e-05
4.15406e-05
4.15404e-05
4.15401e-05
4.15398e-05
4.15395e-05
4.15393e-05
4.1539e-05
4.15387e-05
4.15384e-05
4.15381e-05
4.15378e-05
4.15376e-05
4.15373e-05
4.1537e-05
4.15367e-05
4.15364e-05
4.15361e-05
4.15359e-05
4.15356e-05
4.15353e-05
4.1535e-05
4.15347e-05
4.15345e-05
4.15342e-05
4.15339e-05
4.15337e-05
4.15334e-05
4.15332e-05
4.15329e-05
4.15327e-05
4.15324e-05
4.15322e-05
4.15319e-05
4.15317e-05
4.15315e-05
4.15312e-05
4.1531e-05
4.15306e-05
4.1316e-05
4.13173e-05
4.13174e-05
4.13172e-05
4.1317e-05
4.13168e-05
4.13165e-05
4.13163e-05
4.13161e-05
4.13158e-05
4.13156e-05
4.13153e-05
4.1315e-05
4.13148e-05
4.13145e-05
4.13142e-05
4.13139e-05
4.13137e-05
4.13134e-05
4.13131e-05
4.13128e-05
4.13125e-05
4.13122e-05
4.13119e-05
4.13116e-05
4.13113e-05
4.1311e-05
4.13107e-05
4.13104e-05
4.131e-05
4.13097e-05
4.13094e-05
4.13091e-05
4.13088e-05
4.13085e-05
4.13082e-05
4.13078e-05
4.13075e-05
4.13072e-05
4.13069e-05
4.13066e-05
4.13063e-05
4.1306e-05
4.13057e-05
4.13054e-05
4.13051e-05
4.13048e-05
4.13045e-05
4.13042e-05
4.13039e-05
4.13037e-05
4.13034e-05
4.13031e-05
4.13029e-05
4.13026e-05
4.13023e-05
4.13021e-05
4.13018e-05
4.13014e-05
4.11127e-05
4.11141e-05
4.11142e-05
4.11141e-05
4.11138e-05
4.11136e-05
4.11133e-05
4.11131e-05
4.11128e-05
4.11125e-05
4.11123e-05
4.1112e-05
4.11117e-05
4.11114e-05
4.11111e-05
4.11108e-05
4.11105e-05
4.11102e-05
4.11099e-05
4.11096e-05
4.11092e-05
4.11089e-05
4.11086e-05
4.11083e-05
4.11079e-05
4.11076e-05
4.11073e-05
4.11069e-05
4.11066e-05
4.11062e-05
4.11059e-05
4.11055e-05
4.11052e-05
4.11049e-05
4.11045e-05
4.11042e-05
4.11038e-05
4.11035e-05
4.11031e-05
4.11028e-05
4.11025e-05
4.11021e-05
4.11018e-05
4.11015e-05
4.11011e-05
4.11008e-05
4.11005e-05
4.11002e-05
4.10999e-05
4.10996e-05
4.10993e-05
4.1099e-05
4.10987e-05
4.10984e-05
4.10981e-05
4.10978e-05
4.10975e-05
4.10972e-05
4.10968e-05
4.09323e-05
4.09338e-05
4.0934e-05
4.09338e-05
4.09336e-05
4.09333e-05
4.0933e-05
4.09327e-05
4.09324e-05
4.09322e-05
4.09319e-05
4.09316e-05
4.09312e-05
4.09309e-05
4.09306e-05
4.09303e-05
4.093e-05
4.09296e-05
4.09293e-05
4.09289e-05
4.09286e-05
4.09282e-05
4.09279e-05
4.09275e-05
4.09272e-05
4.09268e-05
4.09264e-05
4.09261e-05
4.09257e-05
4.09253e-05
4.0925e-05
4.09246e-05
4.09242e-05
4.09238e-05
4.09235e-05
4.09231e-05
4.09227e-05
4.09224e-05
4.0922e-05
4.09216e-05
4.09213e-05
4.09209e-05
4.09206e-05
4.09202e-05
4.09198e-05
4.09195e-05
4.09191e-05
4.09188e-05
4.09185e-05
4.09181e-05
4.09178e-05
4.09175e-05
4.09172e-05
4.09168e-05
4.09165e-05
4.09162e-05
4.09159e-05
4.09156e-05
4.09152e-05
4.07734e-05
4.0775e-05
4.07752e-05
4.0775e-05
4.07748e-05
4.07745e-05
4.07742e-05
4.07739e-05
4.07736e-05
4.07733e-05
4.0773e-05
4.07726e-05
4.07723e-05
4.0772e-05
4.07716e-05
4.07713e-05
4.07709e-05
4.07706e-05
4.07702e-05
4.07698e-05
4.07694e-05
4.07691e-05
4.07687e-05
4.07683e-05
4.07679e-05
4.07675e-05
4.07671e-05
4.07667e-05
4.07663e-05
4.07659e-05
4.07655e-05
4.07651e-05
4.07647e-05
4.07644e-05
4.0764e-05
4.07636e-05
4.07632e-05
4.07628e-05
4.07624e-05
4.0762e-05
4.07616e-05
4.07612e-05
4.07608e-05
4.07605e-05
4.07601e-05
4.07597e-05
4.07593e-05
4.0759e-05
4.07586e-05
4.07583e-05
4.07579e-05
4.07576e-05
4.07572e-05
4.07569e-05
4.07565e-05
4.07562e-05
4.07559e-05
4.07556e-05
4.07552e-05
4.06348e-05
4.06366e-05
4.06368e-05
4.06366e-05
4.06363e-05
4.0636e-05
4.06357e-05
4.06354e-05
4.06351e-05
4.06347e-05
4.06344e-05
4.0634e-05
4.06337e-05
4.06333e-05
4.06329e-05
4.06326e-05
4.06322e-05
4.06318e-05
4.06314e-05
4.0631e-05
4.06306e-05
4.06302e-05
4.06298e-05
4.06294e-05
4.0629e-05
4.06285e-05
4.06281e-05
4.06277e-05
4.06273e-05
4.06269e-05
4.06264e-05
4.0626e-05
4.06256e-05
4.06252e-05
4.06248e-05
4.06243e-05
4.06239e-05
4.06235e-05
4.06231e-05
4.06227e-05
4.06223e-05
4.06219e-05
4.06215e-05
4.06211e-05
4.06207e-05
4.06203e-05
4.06199e-05
4.06195e-05
4.06191e-05
4.06188e-05
4.06184e-05
4.0618e-05
4.06177e-05
4.06173e-05
4.06169e-05
4.06166e-05
4.06163e-05
4.06159e-05
4.06155e-05
4.05156e-05
4.05175e-05
4.05177e-05
4.05175e-05
4.05172e-05
4.05169e-05
4.05166e-05
4.05163e-05
4.05159e-05
4.05155e-05
4.05152e-05
4.05148e-05
4.05144e-05
4.0514e-05
4.05136e-05
4.05132e-05
4.05128e-05
4.05124e-05
4.05119e-05
4.05115e-05
4.05111e-05
4.05107e-05
4.05102e-05
4.05098e-05
4.05094e-05
4.05089e-05
4.05085e-05
4.0508e-05
4.05076e-05
4.05072e-05
4.05067e-05
4.05063e-05
4.05058e-05
4.05054e-05
4.0505e-05
4.05045e-05
4.05041e-05
4.05037e-05
4.05032e-05
4.05028e-05
4.05024e-05
4.0502e-05
4.05016e-05
4.05011e-05
4.05007e-05
4.05003e-05
4.04999e-05
4.04995e-05
4.04991e-05
4.04987e-05
4.04983e-05
4.04979e-05
4.04976e-05
4.04972e-05
4.04968e-05
4.04965e-05
4.04961e-05
4.04958e-05
4.04954e-05
4.04152e-05
4.04172e-05
4.04174e-05
4.04172e-05
4.04169e-05
4.04165e-05
4.04162e-05
4.04158e-05
4.04154e-05
4.0415e-05
4.04146e-05
4.04142e-05
4.04138e-05
4.04134e-05
4.04129e-05
4.04125e-05
4.0412e-05
4.04116e-05
4.04112e-05
4.04107e-05
4.04103e-05
4.04098e-05
4.04093e-05
4.04089e-05
4.04084e-05
4.0408e-05
4.04075e-05
4.04071e-05
4.04066e-05
4.04062e-05
4.04057e-05
4.04053e-05
4.04048e-05
4.04044e-05
4.04039e-05
4.04035e-05
4.0403e-05
4.04026e-05
4.04021e-05
4.04017e-05
4.04012e-05
4.04008e-05
4.04004e-05
4.04e-05
4.03995e-05
4.03991e-05
4.03987e-05
4.03983e-05
4.03979e-05
4.03975e-05
4.03971e-05
4.03967e-05
4.03963e-05
4.03959e-05
4.03955e-05
4.03951e-05
4.03948e-05
4.03944e-05
4.0394e-05
4.0333e-05
4.03351e-05
4.03353e-05
4.03351e-05
4.03348e-05
4.03344e-05
4.0334e-05
4.03336e-05
4.03332e-05
4.03328e-05
4.03323e-05
4.03318e-05
4.03314e-05
4.03309e-05
4.03305e-05
4.033e-05
4.03295e-05
4.0329e-05
4.03286e-05
4.03281e-05
4.03276e-05
4.03272e-05
4.03267e-05
4.03262e-05
4.03258e-05
4.03253e-05
4.03248e-05
4.03244e-05
4.03239e-05
4.03234e-05
4.0323e-05
4.03225e-05
4.03221e-05
4.03216e-05
4.03211e-05
4.03207e-05
4.03202e-05
4.03198e-05
4.03193e-05
4.03189e-05
4.03184e-05
4.0318e-05
4.03176e-05
4.03171e-05
4.03167e-05
4.03163e-05
4.03158e-05
4.03154e-05
4.0315e-05
4.03146e-05
4.03142e-05
4.03138e-05
4.03134e-05
4.0313e-05
4.03126e-05
4.03122e-05
4.03119e-05
4.03115e-05
4.03111e-05
4.02692e-05
4.02713e-05
4.02715e-05
4.02713e-05
4.02709e-05
4.02705e-05
4.027e-05
4.02695e-05
4.0269e-05
4.02685e-05
4.0268e-05
4.02675e-05
4.0267e-05
4.02665e-05
4.0266e-05
4.02655e-05
4.02651e-05
4.02646e-05
4.02641e-05
4.02636e-05
4.02631e-05
4.02627e-05
4.02622e-05
4.02617e-05
4.02612e-05
4.02608e-05
4.02603e-05
4.02598e-05
4.02594e-05
4.02589e-05
4.02584e-05
4.0258e-05
4.02575e-05
4.02571e-05
4.02566e-05
4.02561e-05
4.02557e-05
4.02552e-05
4.02548e-05
4.02543e-05
4.02539e-05
4.02534e-05
4.0253e-05
4.02526e-05
4.02521e-05
4.02517e-05
4.02513e-05
4.02509e-05
4.02504e-05
4.025e-05
4.02496e-05
4.02492e-05
4.02488e-05
4.02484e-05
4.0248e-05
4.02476e-05
4.02473e-05
4.02469e-05
4.02465e-05
4.02237e-05
4.02259e-05
4.02261e-05
4.02257e-05
4.02252e-05
4.02247e-05
4.02241e-05
4.02235e-05
4.0223e-05
4.02224e-05
4.02219e-05
4.02213e-05
4.02208e-05
4.02203e-05
4.02198e-05
4.02193e-05
4.02188e-05
4.02184e-05
4.02179e-05
4.02174e-05
4.02169e-05
4.02164e-05
4.0216e-05
4.02155e-05
4.0215e-05
4.02146e-05
4.02141e-05
4.02137e-05
4.02132e-05
4.02127e-05
4.02123e-05
4.02118e-05
4.02114e-05
4.02109e-05
4.02105e-05
4.021e-05
4.02096e-05
4.02091e-05
4.02087e-05
4.02082e-05
4.02078e-05
4.02073e-05
4.02069e-05
4.02065e-05
4.0206e-05
4.02056e-05
4.02052e-05
4.02048e-05
4.02044e-05
4.02039e-05
4.02035e-05
4.02031e-05
4.02027e-05
4.02024e-05
4.0202e-05
4.02016e-05
4.02012e-05
4.02008e-05
4.02005e-05
4.01972e-05
4.01994e-05
4.01993e-05
4.01987e-05
4.0198e-05
4.01973e-05
4.01967e-05
4.0196e-05
4.01955e-05
4.01949e-05
4.01943e-05
4.01938e-05
4.01933e-05
4.01928e-05
4.01923e-05
4.01919e-05
4.01914e-05
4.01909e-05
4.01905e-05
4.019e-05
4.01895e-05
4.01891e-05
4.01886e-05
4.01882e-05
4.01877e-05
4.01873e-05
4.01868e-05
4.01864e-05
4.01859e-05
4.01855e-05
4.01851e-05
4.01846e-05
4.01842e-05
4.01837e-05
4.01833e-05
4.01828e-05
4.01824e-05
4.0182e-05
4.01815e-05
4.01811e-05
4.01807e-05
4.01802e-05
4.01798e-05
4.01794e-05
4.0179e-05
4.01786e-05
4.01781e-05
4.01777e-05
4.01773e-05
4.01769e-05
4.01765e-05
4.01761e-05
4.01757e-05
4.01754e-05
4.0175e-05
4.01746e-05
4.01742e-05
4.01739e-05
4.01736e-05
4.01905e-05
4.01922e-05
4.01917e-05
4.01908e-05
4.01899e-05
4.01892e-05
4.01885e-05
4.01879e-05
4.01873e-05
4.01868e-05
4.01863e-05
4.01859e-05
4.01854e-05
4.01849e-05
4.01845e-05
4.01841e-05
4.01836e-05
4.01832e-05
4.01828e-05
4.01823e-05
4.01819e-05
4.01815e-05
4.01811e-05
4.01806e-05
4.01802e-05
4.01798e-05
4.01794e-05
4.0179e-05
4.01785e-05
4.01781e-05
4.01777e-05
4.01773e-05
4.01768e-05
4.01764e-05
4.0176e-05
4.01756e-05
4.01752e-05
4.01747e-05
4.01743e-05
4.01739e-05
4.01735e-05
4.01731e-05
4.01727e-05
4.01723e-05
4.01718e-05
4.01714e-05
4.0171e-05
4.01706e-05
4.01703e-05
4.01699e-05
4.01695e-05
4.01691e-05
4.01687e-05
4.01683e-05
4.0168e-05
4.01676e-05
4.01673e-05
4.01669e-05
4.01666e-05
4.02044e-05
4.02046e-05
4.02035e-05
4.02025e-05
4.02019e-05
4.02013e-05
4.02008e-05
4.02004e-05
4.02e-05
4.01996e-05
4.01992e-05
4.01988e-05
4.01984e-05
4.0198e-05
4.01977e-05
4.01973e-05
4.01969e-05
4.01965e-05
4.01962e-05
4.01958e-05
4.01954e-05
4.0195e-05
4.01946e-05
4.01942e-05
4.01939e-05
4.01935e-05
4.01931e-05
4.01927e-05
4.01923e-05
4.01919e-05
4.01915e-05
4.01911e-05
4.01907e-05
4.01903e-05
4.01899e-05
4.01895e-05
4.01891e-05
4.01887e-05
4.01883e-05
4.01879e-05
4.01875e-05
4.01872e-05
4.01868e-05
4.01864e-05
4.0186e-05
4.01856e-05
4.01852e-05
4.01848e-05
4.01845e-05
4.01841e-05
4.01837e-05
4.01834e-05
4.0183e-05
4.01826e-05
4.01823e-05
4.01819e-05
4.01816e-05
4.01813e-05
4.0181e-05
)
;

boundaryField
{
    bottomWall
    {
        type            kqRWallFunction;
        value           nonuniform 0();
    }
    topWall
    {
        type            kqRWallFunction;
        value           nonuniform 0();
    }
    sides1_half0
    {
        type            cyclic;
    }
    sides1_half1
    {
        type            cyclic;
    }
    sides2_half0
    {
        type            cyclic;
    }
    sides2_half1
    {
        type            cyclic;
    }
    inout1_half0
    {
        type            cyclic;
    }
    inout1_half1
    {
        type            cyclic;
    }
    inout2_half0
    {
        type            cyclic;
    }
    inout2_half1
    {
        type            cyclic;
    }
    procBoundary4to2
    {
        type            processor;
        value           nonuniform List<scalar> 
59
(
4.02225e-05
4.02245e-05
4.02254e-05
4.02258e-05
4.02258e-05
4.02257e-05
4.02255e-05
4.02253e-05
4.0225e-05
4.02248e-05
4.02246e-05
4.02243e-05
4.0224e-05
4.02237e-05
4.02234e-05
4.02231e-05
4.02228e-05
4.02225e-05
4.02222e-05
4.02219e-05
4.02215e-05
4.02212e-05
4.02209e-05
4.02205e-05
4.02202e-05
4.02198e-05
4.02195e-05
4.02191e-05
4.02188e-05
4.02184e-05
4.02181e-05
4.02177e-05
4.02173e-05
4.0217e-05
4.02166e-05
4.02162e-05
4.02159e-05
4.02155e-05
4.02151e-05
4.02147e-05
4.02144e-05
4.0214e-05
4.02136e-05
4.02133e-05
4.02129e-05
4.02125e-05
4.02122e-05
4.02118e-05
4.02115e-05
4.02111e-05
4.02108e-05
4.02104e-05
4.02101e-05
4.02097e-05
4.02094e-05
4.02091e-05
4.02088e-05
4.02084e-05
4.0208e-05
)
;
    }
    procBoundary4to3
    {
        type            processor;
        value           nonuniform List<scalar> 
63
(
0.000140887
0.000140881
0.000140878
0.000140876
0.000140874
0.000140873
0.000140871
0.00014087
0.000140869
0.000140868
0.000140867
0.000140866
0.000140865
0.000140864
0.000140863
0.000140862
0.000140861
0.00014086
0.000140859
0.000140858
0.000140857
0.000140855
0.000140854
0.000140853
0.000140852
0.000140851
0.00014085
0.000140849
0.000140848
0.000140847
0.000140845
0.000140844
0.000140843
0.000140842
0.00014084
0.000140839
0.000140838
0.000140836
0.000138614
0.00013861
0.00013861
0.000138556
0.000138556
0.000138559
0.000136226
0.000136226
0.000136226
0.000136175
0.000136175
0.000136179
0.000136183
0.000136185
0.000136186
0.000136188
0.000136189
0.00013619
0.000136191
0.000136191
0.000136192
0.000136193
0.000136193
0.000136194
0.000136196
)
;
    }
    procBoundary4to5
    {
        type            processor;
        value           nonuniform List<scalar> 
132
(
0.000133748
0.000133705
0.0001312
0.000131157
0.000128575
0.000128533
0.000125885
0.000125846
0.000123139
0.000123102
0.000120345
0.000120311
0.000117511
0.000117481
0.000114648
0.000114621
0.000111763
0.000111739
0.000108865
0.000108844
0.000105963
0.000105944
0.000103066
0.000103049
0.000100181
0.000100166
9.7318e-05
9.73044e-05
9.4484e-05
9.44716e-05
9.16875e-05
9.16759e-05
8.89362e-05
8.89251e-05
8.62372e-05
8.62266e-05
8.35978e-05
8.35873e-05
8.10242e-05
8.10137e-05
7.85224e-05
7.85119e-05
7.6098e-05
7.60874e-05
7.37555e-05
7.37448e-05
7.14991e-05
7.14883e-05
6.93322e-05
6.93214e-05
6.72575e-05
6.72466e-05
6.52769e-05
6.52661e-05
6.33916e-05
6.3381e-05
6.16023e-05
6.15919e-05
5.99088e-05
5.98986e-05
5.83104e-05
5.83006e-05
5.68058e-05
5.67963e-05
5.53931e-05
5.53841e-05
5.40702e-05
5.40616e-05
5.28342e-05
5.28261e-05
5.16823e-05
5.16747e-05
5.06111e-05
5.0604e-05
4.96172e-05
4.96106e-05
4.8697e-05
4.86909e-05
4.78468e-05
4.78412e-05
4.70627e-05
4.70577e-05
4.63412e-05
4.63365e-05
4.56783e-05
4.56742e-05
4.50706e-05
4.50668e-05
4.45144e-05
4.4511e-05
4.40062e-05
4.40032e-05
4.35429e-05
4.35401e-05
4.31211e-05
4.31186e-05
4.2738e-05
4.27357e-05
4.23906e-05
4.23886e-05
4.20765e-05
4.20747e-05
4.1793e-05
4.17914e-05
4.1538e-05
4.15366e-05
4.13094e-05
4.13081e-05
4.11053e-05
4.11042e-05
4.09242e-05
4.09233e-05
4.07647e-05
4.07639e-05
4.06255e-05
4.06248e-05
4.05057e-05
4.05052e-05
4.04048e-05
4.04044e-05
4.03222e-05
4.03219e-05
4.02579e-05
4.02577e-05
4.02121e-05
4.0212e-05
4.01853e-05
4.01853e-05
4.01785e-05
4.01785e-05
4.0193e-05
4.01923e-05
)
;
    }
}


// ************************************************************************* //
