/*--------------------------------*- C++ -*----------------------------------*\
  =========                 |
  \\      /  F ield         | OpenFOAM: The Open Source CFD Toolbox
   \\    /   O peration     | Website:  https://openfoam.org
    \\  /    A nd           | Version:  7
     \\/     M anipulation  |
\*---------------------------------------------------------------------------*/
FoamFile
{
    version     2.0;
    format      ascii;
    class       volScalarField;
    location    "17500";
    object      nut;
}
// * * * * * * * * * * * * * * * * * * * * * * * * * * * * * * * * * * * * * //

dimensions      [0 2 -1 0 0 0 0];

internalField   nonuniform List<scalar> 
4026
(
0.000299216
0.00029921
0.00029921
0.000299212
0.000299214
0.000299216
0.000299218
0.000299221
0.000299223
0.000299225
0.000299227
0.000299229
0.000299231
0.000299233
0.000299235
0.000299237
0.000299239
0.000299241
0.000299243
0.000299245
0.000299247
0.000299248
0.00029925
0.000299251
0.000299253
0.000299254
0.000299256
0.000299257
0.000299258
0.000299259
0.00029926
0.000299261
0.000299262
0.000299263
0.000299263
0.000299264
0.000299265
0.000299265
0.000299266
0.000299266
0.000299267
0.000299267
0.000299268
0.000299268
0.00029927
0.000299209
0.000299209
0.000299212
0.000299215
0.000299217
0.00029922
0.000299222
0.000299224
0.000299226
0.000299228
0.00029923
0.000299231
0.000299233
0.000299234
0.000299234
0.00029924
0.000314286
0.000314281
0.000314281
0.000314282
0.000314284
0.000314287
0.000314289
0.000314292
0.000314294
0.000314296
0.000314299
0.000314301
0.000314303
0.000314305
0.000314307
0.000314309
0.000314311
0.000314313
0.000314315
0.000314317
0.000314319
0.00031432
0.000314322
0.000314324
0.000314325
0.000314326
0.000314328
0.000314329
0.00031433
0.000314331
0.000314332
0.000314333
0.000314334
0.000314335
0.000314335
0.000314336
0.000314337
0.000314337
0.000314338
0.000314338
0.000314338
0.000314339
0.000314339
0.000314339
0.000314341
0.000314273
0.000314273
0.000314276
0.00031428
0.000314283
0.000314286
0.000314288
0.000314291
0.000314293
0.000314295
0.000314297
0.000314299
0.0003143
0.000314302
0.000314302
0.000314308
0.000329786
0.000329781
0.000329781
0.000329783
0.000329785
0.000329788
0.00032979
0.000329793
0.000329796
0.000329798
0.0003298
0.000329802
0.000329804
0.000329806
0.000329808
0.000329811
0.000329813
0.000329815
0.000329817
0.000329819
0.000329821
0.000329822
0.000329824
0.000329825
0.000329827
0.000329828
0.00032983
0.000329831
0.000329832
0.000329833
0.000329834
0.000329835
0.000329835
0.000329836
0.000329837
0.000329837
0.000329838
0.000329838
0.000329839
0.000329839
0.000329839
0.000329839
0.00032984
0.000329839
0.000329842
0.00032977
0.000329768
0.000329771
0.000329775
0.000329778
0.000329782
0.000329785
0.000329787
0.00032979
0.000329792
0.000329794
0.000329796
0.000329797
0.000329799
0.000329799
0.000329804
0.000345741
0.000345737
0.000345737
0.000345739
0.000345742
0.000345744
0.000345747
0.00034575
0.000345753
0.000345755
0.000345757
0.00034576
0.000345762
0.000345764
0.000345766
0.000345768
0.00034577
0.000345772
0.000345774
0.000345776
0.000345778
0.00034578
0.000345781
0.000345783
0.000345784
0.000345785
0.000345787
0.000345788
0.000345789
0.00034579
0.000345791
0.000345791
0.000345792
0.000345793
0.000345793
0.000345794
0.000345794
0.000345794
0.000345795
0.000345795
0.000345795
0.000345795
0.000345795
0.000345795
0.000345797
0.000345723
0.00034572
0.000345722
0.000345726
0.000345729
0.000345733
0.000345736
0.000345739
0.000345741
0.000345744
0.000345746
0.000345747
0.000345749
0.000345751
0.000345751
0.000345756
0.000362179
0.000362176
0.000362177
0.000362178
0.000362181
0.000362184
0.000362187
0.00036219
0.000362192
0.000362195
0.000362197
0.0003622
0.000362202
0.000362204
0.000362206
0.000362208
0.00036221
0.000362212
0.000362214
0.000362216
0.000362218
0.000362219
0.000362221
0.000362222
0.000362224
0.000362225
0.000362226
0.000362227
0.000362228
0.000362229
0.00036223
0.00036223
0.000362231
0.000362231
0.000362232
0.000362232
0.000362232
0.000362233
0.000362233
0.000362233
0.000362233
0.000362233
0.000362233
0.000362232
0.000362234
0.000362158
0.000362155
0.000362157
0.00036216
0.000362163
0.000362167
0.00036217
0.000362173
0.000362175
0.000362178
0.00036218
0.000362182
0.000362183
0.000362185
0.000362186
0.000362189
0.000379128
0.000379127
0.000379128
0.00037913
0.000379133
0.000379136
0.000379139
0.000379142
0.000379145
0.000379147
0.00037915
0.000379152
0.000379154
0.000379156
0.000379158
0.00037916
0.000379162
0.000379164
0.000379166
0.000379168
0.000379169
0.000379171
0.000379172
0.000379174
0.000379175
0.000379176
0.000379177
0.000379178
0.000379179
0.00037918
0.00037918
0.000379181
0.000379181
0.000379182
0.000379182
0.000379182
0.000379182
0.000379182
0.000379182
0.000379182
0.000379182
0.000379181
0.000379181
0.000379181
0.000379181
0.000379106
0.000379103
0.000379104
0.000379106
0.000379109
0.000379112
0.000379116
0.000379119
0.000379121
0.000379124
0.000379126
0.000379127
0.000379129
0.00037913
0.000379131
0.000379134
0.000396621
0.000396621
0.000396623
0.000396625
0.000396628
0.000396631
0.000396634
0.000396637
0.00039664
0.000396643
0.000396645
0.000396648
0.00039665
0.000396652
0.000396653
0.000396655
0.000396657
0.000396659
0.000396661
0.000396663
0.000396664
0.000396666
0.000396667
0.000396668
0.000396669
0.00039667
0.000396671
0.000396672
0.000396673
0.000396673
0.000396673
0.000396674
0.000396674
0.000396674
0.000396674
0.000396674
0.000396674
0.000396674
0.000396674
0.000396674
0.000396673
0.000396673
0.000396672
0.000396671
0.000396671
0.000396596
0.000396594
0.000396595
0.000396597
0.000396599
0.000396602
0.000396605
0.000396608
0.00039661
0.000396612
0.000396614
0.000396616
0.000396617
0.000396618
0.000396619
0.000396621
0.000414691
0.000414692
0.000414694
0.000414697
0.0004147
0.000414703
0.000414707
0.00041471
0.000414713
0.000414716
0.000414718
0.00041472
0.000414722
0.000414724
0.000414726
0.000414727
0.000414729
0.000414731
0.000414733
0.000414734
0.000414736
0.000414737
0.000414738
0.000414739
0.00041474
0.000414741
0.000414741
0.000414742
0.000414742
0.000414743
0.000414743
0.000414743
0.000414743
0.000414743
0.000414743
0.000414743
0.000414742
0.000414742
0.000414741
0.000414741
0.00041474
0.000414739
0.000414739
0.000414738
0.000414736
0.000414663
0.000414662
0.000414662
0.000414663
0.000414665
0.000414668
0.00041467
0.000414673
0.000414675
0.000414677
0.000414679
0.00041468
0.000414682
0.000414682
0.000414683
0.000414684
0.000433372
0.000433376
0.000433378
0.000433382
0.000433385
0.000433388
0.000433391
0.000433395
0.000433398
0.0004334
0.000433403
0.000433405
0.000433406
0.000433408
0.00043341
0.000433411
0.000433413
0.000433414
0.000433416
0.000433417
0.000433419
0.00043342
0.000433421
0.000433421
0.000433422
0.000433422
0.000433423
0.000433423
0.000433423
0.000433423
0.000433423
0.000433423
0.000433423
0.000433423
0.000433422
0.000433422
0.000433421
0.00043342
0.00043342
0.000433419
0.000433418
0.000433417
0.000433416
0.000433415
0.000433412
0.000433341
0.000433341
0.000433341
0.000433342
0.000433343
0.000433345
0.000433348
0.00043335
0.000433352
0.000433354
0.000433355
0.000433356
0.000433357
0.000433358
0.000433359
0.000433357
0.000452703
0.000452709
0.000452712
0.000452716
0.000452719
0.000452722
0.000452726
0.000452729
0.000452732
0.000452734
0.000452737
0.000452738
0.00045274
0.000452742
0.000452743
0.000452744
0.000452746
0.000452747
0.000452748
0.000452749
0.00045275
0.000452751
0.000452752
0.000452752
0.000452753
0.000452753
0.000452753
0.000452753
0.000452753
0.000452752
0.000452752
0.000452752
0.000452751
0.00045275
0.00045275
0.000452749
0.000452748
0.000452747
0.000452746
0.000452745
0.000452743
0.000452742
0.00045274
0.00045274
0.000452735
0.000452667
0.000452669
0.000452669
0.000452669
0.00045267
0.000452672
0.000452674
0.000452676
0.000452677
0.000452679
0.00045268
0.00045268
0.000452681
0.000452681
0.000452682
0.000452679
0.000472723
0.000472731
0.000472735
0.000472738
0.000472742
0.000472745
0.000472749
0.000472752
0.000472755
0.000472757
0.000472759
0.000472761
0.000472762
0.000472764
0.000472765
0.000472766
0.000472767
0.000472768
0.000472769
0.00047277
0.00047277
0.000472771
0.000472771
0.000472771
0.000472771
0.000472771
0.000472771
0.00047277
0.00047277
0.000472769
0.000472768
0.000472768
0.000472767
0.000472766
0.000472765
0.000472763
0.000472762
0.000472761
0.000472759
0.000472758
0.000472756
0.000472754
0.000472752
0.000472751
0.000472744
0.00047268
0.000472684
0.000472685
0.000472685
0.000472685
0.000472686
0.000472688
0.000472689
0.00047269
0.000472691
0.000472692
0.000472692
0.000472693
0.000472692
0.000472693
0.000472688
0.000493473
0.000493483
0.000493488
0.000493492
0.000493495
0.000493499
0.000493502
0.000493505
0.000493508
0.00049351
0.000493512
0.000493514
0.000493515
0.000493516
0.000493516
0.000493517
0.000493518
0.000493519
0.000493519
0.00049352
0.00049352
0.00049352
0.00049352
0.00049352
0.000493519
0.000493519
0.000493518
0.000493517
0.000493516
0.000493515
0.000493514
0.000493512
0.000493511
0.00049351
0.000493508
0.000493506
0.000493505
0.000493503
0.000493501
0.000493499
0.000493497
0.000493495
0.000493492
0.000493491
0.000493482
0.000493422
0.000493428
0.000493429
0.000493429
0.00049343
0.00049343
0.000493431
0.000493432
0.000493433
0.000493433
0.000493434
0.000493433
0.000493433
0.000493432
0.000493433
0.000493425
0.000514996
0.000515009
0.000515015
0.000515019
0.000515023
0.000515026
0.000515029
0.000515032
0.000515035
0.000515037
0.000515038
0.00051504
0.00051504
0.000515041
0.000515041
0.000515042
0.000515042
0.000515042
0.000515043
0.000515043
0.000515042
0.000515042
0.000515042
0.000515041
0.00051504
0.000515039
0.000515037
0.000515036
0.000515035
0.000515033
0.000515031
0.000515029
0.000515027
0.000515026
0.000515023
0.000515021
0.000515019
0.000515017
0.000515014
0.000515012
0.000515009
0.000515006
0.000515003
0.000515002
0.00051499
0.000514936
0.000514945
0.000514947
0.000514946
0.000514946
0.000514947
0.000514947
0.000514947
0.000514948
0.000514948
0.000514947
0.000514947
0.000514946
0.000514944
0.000514945
0.000514935
0.000537338
0.000537355
0.000537361
0.000537366
0.000537369
0.000537373
0.000537376
0.000537378
0.000537381
0.000537383
0.000537384
0.000537385
0.000537385
0.000537385
0.000537385
0.000537385
0.000537385
0.000537385
0.000537385
0.000537384
0.000537383
0.000537382
0.000537381
0.00053738
0.000537378
0.000537377
0.000537375
0.000537373
0.000537371
0.000537369
0.000537366
0.000537364
0.000537361
0.000537359
0.000537356
0.000537353
0.000537351
0.000537348
0.000537345
0.000537341
0.000537338
0.000537335
0.000537331
0.00053733
0.000537315
0.000537268
0.00053728
0.000537282
0.000537281
0.000537281
0.000537281
0.000537281
0.000537281
0.00053728
0.00053728
0.000537279
0.000537278
0.000537276
0.000537274
0.000537275
0.000537261
0.000560547
0.000560568
0.000560575
0.000560579
0.000560583
0.000560586
0.000560589
0.000560592
0.000560594
0.000560595
0.000560596
0.000560596
0.000560596
0.000560596
0.000560596
0.000560595
0.000560594
0.000560594
0.000560593
0.000560592
0.00056059
0.000560589
0.000560587
0.000560585
0.000560583
0.00056058
0.000560578
0.000560575
0.000560573
0.00056057
0.000560567
0.000560564
0.00056056
0.000560557
0.000560554
0.00056055
0.000560547
0.000560543
0.000560539
0.000560536
0.000560532
0.000560528
0.000560523
0.000560522
0.000560504
0.000560464
0.000560479
0.000560482
0.000560482
0.000560481
0.00056048
0.00056048
0.000560479
0.000560478
0.000560477
0.000560476
0.000560474
0.000560472
0.000560469
0.000560469
0.000560453
0.000584672
0.000584697
0.000584706
0.00058471
0.000584714
0.000584717
0.000584719
0.000584722
0.000584723
0.000584724
0.000584725
0.000584725
0.000584724
0.000584723
0.000584722
0.000584721
0.00058472
0.000584718
0.000584717
0.000584715
0.000584713
0.000584711
0.000584708
0.000584705
0.000584703
0.000584699
0.000584696
0.000584693
0.000584689
0.000584686
0.000584682
0.000584678
0.000584674
0.00058467
0.000584666
0.000584661
0.000584657
0.000584653
0.000584648
0.000584644
0.000584639
0.000584635
0.000584629
0.000584628
0.000584606
0.000584574
0.000584594
0.000584597
0.000584597
0.000584596
0.000584595
0.000584594
0.000584593
0.000584591
0.00058459
0.000584587
0.000584585
0.000584582
0.000584578
0.000584578
0.000584558
0.000609766
0.000609795
0.000609805
0.000609809
0.000609813
0.000609816
0.000609818
0.00060982
0.000609821
0.000609822
0.000609821
0.000609821
0.00060982
0.000609818
0.000609816
0.000609815
0.000609813
0.00060981
0.000609808
0.000609805
0.000609803
0.0006098
0.000609796
0.000609793
0.000609789
0.000609785
0.000609781
0.000609776
0.000609772
0.000609768
0.000609763
0.000609758
0.000609753
0.000609748
0.000609744
0.000609738
0.000609733
0.000609728
0.000609723
0.000609717
0.000609712
0.000609707
0.0006097
0.000609698
0.000609673
0.00060965
0.000609674
0.000609678
0.000609678
0.000609677
0.000609676
0.000609674
0.000609672
0.00060967
0.000609668
0.000609665
0.000609662
0.000609658
0.000609654
0.000609653
0.00060963
0.000635881
0.000635915
0.000635926
0.000635931
0.000635934
0.000635937
0.000635938
0.00063594
0.000635941
0.000635941
0.00063594
0.000635939
0.000635937
0.000635935
0.000635932
0.00063593
0.000635927
0.000635924
0.000635921
0.000635917
0.000635913
0.000635909
0.000635905
0.000635901
0.000635896
0.000635891
0.000635886
0.00063588
0.000635875
0.00063587
0.000635864
0.000635858
0.000635852
0.000635847
0.000635841
0.000635835
0.000635828
0.000635822
0.000635816
0.00063581
0.000635803
0.000635797
0.00063579
0.000635787
0.000635759
0.000635745
0.000635775
0.00063578
0.000635779
0.000635778
0.000635776
0.000635774
0.000635772
0.000635769
0.000635766
0.000635762
0.000635758
0.000635754
0.000635749
0.000635748
0.000635721
0.000663073
0.000663113
0.000663125
0.00066313
0.000663133
0.000663135
0.000663137
0.000663138
0.000663138
0.000663137
0.000663136
0.000663134
0.000663131
0.000663128
0.000663125
0.000663121
0.000663117
0.000663114
0.000663109
0.000663105
0.0006631
0.000663095
0.00066309
0.000663084
0.000663079
0.000663073
0.000663066
0.00066306
0.000663053
0.000663047
0.00066304
0.000663033
0.000663026
0.000663019
0.000663012
0.000663005
0.000662998
0.000662991
0.000662984
0.000662976
0.000662969
0.000662961
0.000662953
0.00066295
0.000662917
0.000662915
0.00066295
0.000662956
0.000662956
0.000662954
0.000662952
0.000662949
0.000662946
0.000662943
0.000662939
0.000662935
0.00066293
0.000662925
0.000662918
0.000662917
0.000662886
0.000691399
0.000691446
0.000691459
0.000691464
0.000691467
0.000691468
0.000691469
0.00069147
0.000691469
0.000691468
0.000691466
0.000691463
0.00069146
0.000691456
0.000691451
0.000691447
0.000691442
0.000691437
0.000691432
0.000691426
0.00069142
0.000691414
0.000691408
0.000691401
0.000691394
0.000691387
0.000691379
0.000691371
0.000691364
0.000691356
0.000691348
0.00069134
0.000691332
0.000691324
0.000691315
0.000691307
0.000691299
0.000691291
0.000691282
0.000691274
0.000691265
0.000691256
0.000691247
0.000691243
0.000691206
0.000691216
0.000691257
0.000691264
0.000691264
0.000691262
0.00069126
0.000691257
0.000691253
0.000691249
0.000691244
0.000691239
0.000691233
0.000691227
0.00069122
0.000691218
0.000691182
0.000720918
0.000720972
0.000720986
0.000720991
0.000720994
0.000720995
0.000720996
0.000720995
0.000720994
0.000720992
0.000720989
0.000720985
0.000720981
0.000720976
0.00072097
0.000720965
0.000720959
0.000720953
0.000720946
0.000720939
0.000720932
0.000720925
0.000720917
0.000720909
0.000720901
0.000720892
0.000720883
0.000720874
0.000720865
0.000720856
0.000720847
0.000720838
0.000720828
0.000720818
0.000720809
0.000720799
0.00072079
0.00072078
0.00072077
0.00072076
0.00072075
0.000720741
0.00072073
0.000720725
0.000720684
0.000720707
0.000720755
0.000720764
0.000720764
0.000720761
0.000720758
0.000720754
0.00072075
0.000720745
0.00072074
0.000720734
0.000720727
0.00072072
0.000720711
0.000720709
0.000720669
0.00075169
0.000751751
0.000751767
0.000751773
0.000751775
0.000751776
0.000751776
0.000751775
0.000751773
0.00075177
0.000751765
0.000751761
0.000751755
0.000751749
0.000751743
0.000751736
0.000751729
0.000751721
0.000751713
0.000751705
0.000751697
0.000751688
0.000751679
0.000751669
0.000751659
0.000751649
0.000751639
0.000751628
0.000751618
0.000751607
0.000751597
0.000751585
0.000751574
0.000751563
0.000751552
0.000751541
0.00075153
0.000751519
0.000751508
0.000751497
0.000751485
0.000751474
0.000751462
0.000751457
0.00075141
0.000751448
0.000751503
0.000751513
0.000751513
0.000751511
0.000751507
0.000751503
0.000751498
0.000751492
0.000751486
0.000751479
0.000751471
0.000751463
0.000751453
0.00075145
0.000751405
0.000783776
0.000783846
0.000783864
0.000783869
0.000783871
0.000783871
0.00078387
0.000783869
0.000783866
0.000783862
0.000783856
0.00078385
0.000783844
0.000783836
0.000783829
0.000783821
0.000783812
0.000783803
0.000783794
0.000783784
0.000783774
0.000783764
0.000783753
0.000783742
0.000783731
0.000783719
0.000783707
0.000783694
0.000783682
0.00078367
0.000783658
0.000783645
0.000783632
0.00078362
0.000783607
0.000783595
0.000783582
0.000783569
0.000783556
0.000783543
0.00078353
0.000783518
0.000783504
0.000783498
0.000783446
0.0007835
0.000783563
0.000783575
0.000783575
0.000783572
0.000783568
0.000783563
0.000783557
0.000783551
0.000783543
0.000783535
0.000783526
0.000783517
0.000783506
0.000783503
0.000783453
0.000817238
0.000817317
0.000817337
0.000817343
0.000817344
0.000817344
0.000817342
0.00081734
0.000817336
0.00081733
0.000817324
0.000817317
0.000817309
0.0008173
0.000817291
0.000817282
0.000817272
0.000817261
0.00081725
0.000817239
0.000817227
0.000817215
0.000817202
0.000817189
0.000817176
0.000817163
0.000817149
0.000817135
0.000817121
0.000817107
0.000817093
0.000817078
0.000817064
0.000817049
0.000817035
0.000817021
0.000817006
0.000816992
0.000816977
0.000816962
0.000816948
0.000816933
0.000816918
0.000816911
0.000816853
0.000816925
0.000816997
0.000817011
0.000817011
0.000817008
0.000817003
0.000816997
0.00081699
0.000816983
0.000816974
0.000816965
0.000816955
0.000816945
0.000816932
0.000816928
0.000816873
0.00085214
0.000852229
0.00085225
0.000852256
0.000852257
0.000852256
0.000852254
0.00085225
0.000852245
0.000852239
0.000852231
0.000852222
0.000852213
0.000852203
0.000852192
0.000852181
0.00085217
0.000852157
0.000852144
0.000852131
0.000852118
0.000852104
0.000852089
0.000852074
0.000852059
0.000852044
0.000852028
0.000852012
0.000851996
0.00085198
0.000851964
0.000851947
0.000851931
0.000851914
0.000851898
0.000851882
0.000851866
0.000851849
0.000851833
0.000851816
0.0008518
0.000851784
0.000851766
0.000851758
0.000851695
0.000851785
0.000851867
0.000851882
0.000851883
0.000851879
0.000851874
0.000851867
0.00085186
0.000851851
0.000851841
0.000851831
0.00085182
0.000851808
0.000851794
0.000851789
0.000851729
0.000888543
0.000888642
0.000888666
0.000888672
0.000888673
0.000888671
0.000888667
0.000888663
0.000888657
0.000888649
0.00088864
0.000888629
0.000888619
0.000888607
0.000888595
0.000888582
0.000888568
0.000888554
0.00088854
0.000888524
0.000888509
0.000888493
0.000888476
0.000888459
0.000888442
0.000888425
0.000888407
0.000888389
0.00088837
0.000888352
0.000888334
0.000888315
0.000888296
0.000888278
0.00088826
0.000888242
0.000888223
0.000888204
0.000888186
0.000888167
0.000888149
0.000888131
0.000888111
0.000888101
0.000888033
0.000888143
0.000888235
0.000888253
0.000888254
0.000888249
0.000888244
0.000888236
0.000888228
0.000888218
0.000888207
0.000888195
0.000888182
0.000888169
0.000888154
0.000888148
0.000888083
0.000926511
0.000926621
0.000926647
0.000926653
0.000926653
0.000926651
0.000926646
0.00092664
0.000926633
0.000926624
0.000926613
0.000926601
0.000926588
0.000926575
0.000926561
0.000926546
0.000926531
0.000926515
0.000926498
0.000926481
0.000926463
0.000926445
0.000926426
0.000926407
0.000926387
0.000926367
0.000926347
0.000926327
0.000926306
0.000926286
0.000926265
0.000926244
0.000926223
0.000926202
0.000926182
0.000926161
0.00092614
0.00092612
0.000926098
0.000926078
0.000926057
0.000926037
0.000926015
0.000926003
0.00092593
0.000926062
0.000926165
0.000926185
0.000926186
0.000926181
0.000926175
0.000926166
0.000926157
0.000926145
0.000926133
0.00092612
0.000926106
0.000926091
0.000926074
0.000926067
0.000925997
0.000966104
0.000966226
0.000966255
0.000966261
0.00096626
0.000966257
0.000966251
0.000966244
0.000966235
0.000966224
0.000966212
0.000966198
0.000966184
0.000966169
0.000966153
0.000966136
0.000966118
0.0009661
0.000966081
0.000966062
0.000966042
0.000966021
0.000966
0.000965978
0.000965956
0.000965933
0.000965911
0.000965888
0.000965865
0.000965842
0.000965819
0.000965795
0.000965772
0.000965748
0.000965725
0.000965702
0.000965679
0.000965656
0.000965632
0.000965609
0.000965586
0.000965564
0.000965539
0.000965526
0.000965447
0.000965602
0.000965717
0.00096574
0.00096574
0.000965735
0.000965728
0.000965719
0.000965708
0.000965695
0.000965682
0.000965667
0.000965651
0.000965635
0.000965616
0.000965608
0.000965533
0.00100738
0.00100752
0.00100755
0.00100756
0.00100755
0.00100755
0.00100754
0.00100753
0.00100752
0.00100751
0.0010075
0.00100748
0.00100746
0.00100745
0.00100743
0.00100741
0.00100739
0.00100737
0.00100735
0.00100733
0.0010073
0.00100728
0.00100726
0.00100723
0.00100721
0.00100718
0.00100716
0.00100713
0.00100711
0.00100708
0.00100705
0.00100703
0.001007
0.00100698
0.00100695
0.00100693
0.0010069
0.00100687
0.00100685
0.00100682
0.0010068
0.00100677
0.00100674
0.00100673
0.00100664
0.00100682
0.00100695
0.00100698
0.00100698
0.00100697
0.00100696
0.00100695
0.00100694
0.00100693
0.00100691
0.0010069
0.00100688
0.00100686
0.00100684
0.00100683
0.00100675
0.0010504
0.00105055
0.00105059
0.00105059
0.00105059
0.00105059
0.00105058
0.00105057
0.00105056
0.00105054
0.00105053
0.00105051
0.00105049
0.00105047
0.00105045
0.00105043
0.00105041
0.00105038
0.00105036
0.00105033
0.00105031
0.00105028
0.00105026
0.00105023
0.0010502
0.00105017
0.00105015
0.00105012
0.00105009
0.00105006
0.00105003
0.00105
0.00104997
0.00104994
0.00104992
0.00104989
0.00104986
0.00104983
0.0010498
0.00104977
0.00104974
0.00104972
0.00104969
0.00104967
0.00104958
0.00104978
0.00104993
0.00104996
0.00104996
0.00104995
0.00104994
0.00104993
0.00104992
0.0010499
0.00104988
0.00104987
0.00104985
0.00104983
0.0010498
0.00104979
0.00104971
0.00109523
0.00109539
0.00109543
0.00109543
0.00109543
0.00109542
0.00109541
0.0010954
0.00109539
0.00109537
0.00109535
0.00109533
0.00109531
0.00109529
0.00109527
0.00109524
0.00109522
0.00109519
0.00109517
0.00109514
0.00109511
0.00109508
0.00109505
0.00109502
0.00109499
0.00109496
0.00109493
0.0010949
0.00109487
0.00109483
0.0010948
0.00109477
0.00109474
0.00109471
0.00109467
0.00109464
0.00109461
0.00109458
0.00109455
0.00109452
0.00109448
0.00109445
0.00109442
0.0010944
0.00109431
0.00109454
0.0010947
0.00109473
0.00109473
0.00109472
0.00109471
0.0010947
0.00109468
0.00109467
0.00109465
0.00109463
0.00109461
0.00109459
0.00109456
0.00109455
0.00109446
0.0011419
0.00114208
0.00114212
0.00114212
0.00114212
0.00114211
0.0011421
0.00114209
0.00114207
0.00114205
0.00114203
0.00114201
0.00114199
0.00114196
0.00114194
0.00114191
0.00114188
0.00114185
0.00114182
0.00114179
0.00114176
0.00114173
0.0011417
0.00114166
0.00114163
0.00114159
0.00114156
0.00114153
0.00114149
0.00114146
0.00114142
0.00114138
0.00114135
0.00114131
0.00114128
0.00114124
0.00114121
0.00114118
0.00114114
0.00114111
0.00114107
0.00114104
0.001141
0.00114098
0.00114088
0.00114114
0.00114131
0.00114135
0.00114135
0.00114134
0.00114133
0.00114132
0.0011413
0.00114128
0.00114126
0.00114124
0.00114122
0.00114119
0.00114117
0.00114115
0.00114106
0.00119046
0.00119066
0.0011907
0.00119071
0.0011907
0.00119069
0.00119068
0.00119067
0.00119065
0.00119063
0.0011906
0.00119058
0.00119055
0.00119053
0.0011905
0.00119047
0.00119044
0.00119041
0.00119037
0.00119034
0.00119031
0.00119027
0.00119024
0.0011902
0.00119016
0.00119012
0.00119008
0.00119005
0.00119001
0.00118997
0.00118993
0.00118989
0.00118985
0.00118981
0.00118978
0.00118974
0.0011897
0.00118966
0.00118962
0.00118959
0.00118955
0.00118951
0.00118947
0.00118944
0.00118934
0.00118963
0.00118982
0.00118986
0.00118986
0.00118985
0.00118984
0.00118982
0.00118981
0.00118979
0.00118976
0.00118974
0.00118972
0.00118969
0.00118966
0.00118964
0.00118955
0.00124097
0.00124118
0.00124123
0.00124123
0.00124123
0.00124122
0.0012412
0.00124118
0.00124116
0.00124114
0.00124112
0.00124109
0.00124106
0.00124103
0.001241
0.00124097
0.00124093
0.0012409
0.00124086
0.00124083
0.00124079
0.00124075
0.00124071
0.00124067
0.00124063
0.00124059
0.00124054
0.0012405
0.00124046
0.00124042
0.00124037
0.00124033
0.00124029
0.00124025
0.00124021
0.00124016
0.00124012
0.00124008
0.00124004
0.00124
0.00123996
0.00123992
0.00123987
0.00123984
0.00123974
0.00124006
0.00124027
0.00124031
0.00124031
0.0012403
0.00124028
0.00124027
0.00124025
0.00124023
0.0012402
0.00124018
0.00124015
0.00124012
0.00124009
0.00124007
0.00123997
0.00129344
0.00129367
0.00129372
0.00129373
0.00129372
0.00129371
0.00129369
0.00129367
0.00129365
0.00129363
0.0012936
0.00129357
0.00129354
0.0012935
0.00129347
0.00129343
0.0012934
0.00129336
0.00129332
0.00129328
0.00129324
0.00129319
0.00129315
0.00129311
0.00129306
0.00129302
0.00129297
0.00129292
0.00129288
0.00129283
0.00129279
0.00129274
0.00129269
0.00129265
0.0012926
0.00129256
0.00129251
0.00129247
0.00129242
0.00129237
0.00129233
0.00129229
0.00129224
0.0012922
0.0012921
0.00129245
0.00129268
0.00129272
0.00129272
0.00129271
0.0012927
0.00129268
0.00129266
0.00129263
0.00129261
0.00129258
0.00129255
0.00129252
0.00129248
0.00129246
0.00129236
0.00134791
0.00134816
0.00134822
0.00134822
0.00134822
0.0013482
0.00134818
0.00134816
0.00134813
0.00134811
0.00134808
0.00134804
0.00134801
0.00134797
0.00134793
0.00134789
0.00134785
0.00134781
0.00134777
0.00134773
0.00134768
0.00134763
0.00134759
0.00134754
0.00134749
0.00134744
0.00134739
0.00134734
0.00134729
0.00134724
0.00134719
0.00134714
0.00134709
0.00134704
0.00134699
0.00134694
0.00134689
0.00134684
0.00134679
0.00134674
0.00134669
0.00134665
0.0013466
0.00134656
0.00134645
0.00134684
0.00134708
0.00134713
0.00134713
0.00134712
0.0013471
0.00134708
0.00134706
0.00134703
0.001347
0.00134697
0.00134694
0.00134691
0.00134687
0.00134684
0.00134674
0.0014044
0.00140467
0.00140473
0.00140473
0.00140472
0.00140471
0.00140469
0.00140466
0.00140463
0.0014046
0.00140457
0.00140453
0.00140449
0.00140445
0.00140441
0.00140437
0.00140432
0.00140428
0.00140423
0.00140419
0.00140414
0.00140409
0.00140403
0.00140398
0.00140393
0.00140388
0.00140382
0.00140377
0.00140371
0.00140366
0.00140361
0.00140355
0.0014035
0.00140344
0.00140339
0.00140333
0.00140328
0.00140323
0.00140317
0.00140312
0.00140307
0.00140302
0.00140296
0.00140292
0.00140281
0.00140323
0.00140349
0.00140355
0.00140355
0.00140353
0.00140352
0.00140349
0.00140347
0.00140344
0.00140341
0.00140338
0.00140334
0.00140331
0.00140327
0.00140324
0.00140314
0.0014629
0.00146319
0.00146325
0.00146326
0.00146325
0.00146323
0.00146321
0.00146318
0.00146315
0.00146311
0.00146307
0.00146303
0.00146299
0.00146295
0.00146291
0.00146286
0.00146281
0.00146276
0.00146271
0.00146266
0.00146261
0.00146255
0.0014625
0.00146244
0.00146238
0.00146233
0.00146227
0.00146221
0.00146215
0.00146209
0.00146203
0.00146198
0.00146192
0.00146186
0.0014618
0.00146174
0.00146168
0.00146163
0.00146157
0.00146151
0.00146145
0.0014614
0.00146134
0.00146129
0.00146118
0.00146164
0.00146192
0.00146198
0.00146198
0.00146197
0.00146195
0.00146192
0.00146189
0.00146186
0.00146183
0.0014618
0.00146176
0.00146172
0.00146168
0.00146164
0.00146155
0.00152342
0.00152373
0.00152379
0.0015238
0.00152378
0.00152376
0.00152374
0.00152371
0.00152367
0.00152363
0.00152359
0.00152355
0.0015235
0.00152346
0.00152341
0.00152336
0.00152331
0.00152326
0.0015232
0.00152315
0.00152309
0.00152303
0.00152297
0.00152291
0.00152285
0.00152278
0.00152272
0.00152266
0.0015226
0.00152253
0.00152247
0.00152241
0.00152234
0.00152228
0.00152222
0.00152216
0.00152209
0.00152203
0.00152197
0.00152191
0.00152185
0.00152178
0.00152172
0.00152167
0.00152156
0.00152206
0.00152236
0.00152242
0.00152242
0.0015224
0.00152238
0.00152236
0.00152233
0.00152229
0.00152226
0.00152222
0.00152218
0.00152214
0.0015221
0.00152206
0.00152196
0.00158592
0.00158625
0.00158632
0.00158633
0.00158631
0.00158629
0.00158626
0.00158622
0.00158618
0.00158614
0.0015861
0.00158605
0.001586
0.00158595
0.0015859
0.00158585
0.00158579
0.00158574
0.00158568
0.00158562
0.00158556
0.00158549
0.00158543
0.00158536
0.0015853
0.00158523
0.00158516
0.0015851
0.00158503
0.00158496
0.00158489
0.00158482
0.00158476
0.00158469
0.00158462
0.00158455
0.00158449
0.00158442
0.00158435
0.00158429
0.00158422
0.00158416
0.00158409
0.00158403
0.00158393
0.00158446
0.00158478
0.00158485
0.00158485
0.00158483
0.00158481
0.00158478
0.00158475
0.00158471
0.00158467
0.00158463
0.00158459
0.00158454
0.0015845
0.00158446
0.00158437
0.00165038
0.00165073
0.0016508
0.00165081
0.00165079
0.00165076
0.00165073
0.00165069
0.00165065
0.0016506
0.00165056
0.00165051
0.00165045
0.0016504
0.00165034
0.00165029
0.00165023
0.00165016
0.0016501
0.00165004
0.00164997
0.0016499
0.00164984
0.00164977
0.00164969
0.00164962
0.00164955
0.00164948
0.00164941
0.00164933
0.00164926
0.00164919
0.00164912
0.00164905
0.00164897
0.0016489
0.00164883
0.00164876
0.00164869
0.00164862
0.00164855
0.00164848
0.00164841
0.00164834
0.00164824
0.00164881
0.00164916
0.00164922
0.00164922
0.00164921
0.00164918
0.00164915
0.00164911
0.00164908
0.00164904
0.00164899
0.00164895
0.0016489
0.00164885
0.0016488
0.00164872
0.00171673
0.00171711
0.00171718
0.00171718
0.00171716
0.00171713
0.0017171
0.00171706
0.00171701
0.00171696
0.00171691
0.00171686
0.0017168
0.00171674
0.00171668
0.00171662
0.00171655
0.00171649
0.00171642
0.00171635
0.00171628
0.00171621
0.00171614
0.00171606
0.00171599
0.00171591
0.00171583
0.00171576
0.00171568
0.0017156
0.00171553
0.00171545
0.00171537
0.0017153
0.00171522
0.00171514
0.00171507
0.00171499
0.00171491
0.00171484
0.00171477
0.00171469
0.00171462
0.00171454
0.00171445
0.00171506
0.00171543
0.0017155
0.0017155
0.00171548
0.00171545
0.00171541
0.00171538
0.00171534
0.00171529
0.00171525
0.0017152
0.00171515
0.00171509
0.00171504
0.00171497
0.00178491
0.0017853
0.00178538
0.00178538
0.00178536
0.00178532
0.00178529
0.00178524
0.00178519
0.00178514
0.00178508
0.00178502
0.00178496
0.0017849
0.00178484
0.00178477
0.0017847
0.00178463
0.00178456
0.00178449
0.00178441
0.00178433
0.00178426
0.00178418
0.0017841
0.00178402
0.00178394
0.00178385
0.00178377
0.00178369
0.00178361
0.00178353
0.00178344
0.00178336
0.00178328
0.0017832
0.00178312
0.00178304
0.00178296
0.00178288
0.0017828
0.00178272
0.00178264
0.00178256
0.00178248
0.00178313
0.00178351
0.00178359
0.00178359
0.00178356
0.00178353
0.0017835
0.00178346
0.00178341
0.00178337
0.00178332
0.00178327
0.00178321
0.00178316
0.0017831
0.00178303
0.00185481
0.00185522
0.0018553
0.0018553
0.00185528
0.00185524
0.0018552
0.00185515
0.00185509
0.00185504
0.00185498
0.00185491
0.00185485
0.00185478
0.00185471
0.00185464
0.00185457
0.0018545
0.00185442
0.00185434
0.00185426
0.00185418
0.0018541
0.00185401
0.00185393
0.00185384
0.00185376
0.00185367
0.00185358
0.0018535
0.00185341
0.00185332
0.00185324
0.00185315
0.00185307
0.00185298
0.00185289
0.00185281
0.00185272
0.00185264
0.00185256
0.00185247
0.00185239
0.00185231
0.00185223
0.00185292
0.00185333
0.0018534
0.0018534
0.00185337
0.00185334
0.0018533
0.00185326
0.00185321
0.00185316
0.00185311
0.00185305
0.001853
0.00185294
0.00185288
0.00185282
0.00192631
0.00192675
0.00192683
0.00192683
0.0019268
0.00192676
0.00192671
0.00192665
0.0019266
0.00192653
0.00192647
0.0019264
0.00192633
0.00192626
0.00192619
0.00192611
0.00192604
0.00192596
0.00192588
0.00192579
0.00192571
0.00192562
0.00192554
0.00192545
0.00192536
0.00192527
0.00192518
0.00192509
0.00192499
0.0019249
0.00192481
0.00192472
0.00192463
0.00192454
0.00192445
0.00192436
0.00192427
0.00192418
0.00192409
0.001924
0.00192391
0.00192382
0.00192374
0.00192365
0.00192358
0.00192431
0.00192474
0.00192482
0.00192481
0.00192479
0.00192475
0.00192471
0.00192466
0.00192461
0.00192456
0.0019245
0.00192444
0.00192438
0.00192432
0.00192426
0.00192421
0.00199927
0.00199973
0.00199981
0.0019998
0.00199977
0.00199972
0.00199967
0.00199961
0.00199955
0.00199948
0.00199941
0.00199934
0.00199927
0.00199919
0.00199911
0.00199903
0.00199895
0.00199887
0.00199879
0.0019987
0.00199861
0.00199852
0.00199843
0.00199833
0.00199824
0.00199814
0.00199805
0.00199795
0.00199786
0.00199776
0.00199766
0.00199757
0.00199747
0.00199738
0.00199728
0.00199719
0.00199709
0.001997
0.0019969
0.00199681
0.00199672
0.00199663
0.00199653
0.00199644
0.00199639
0.00199715
0.0019976
0.00199769
0.00199768
0.00199765
0.00199761
0.00199756
0.00199751
0.00199746
0.0019974
0.00199735
0.00199728
0.00199722
0.00199716
0.00199708
0.00199706
0.0020735
0.00207398
0.00207406
0.00207405
0.00207402
0.00207397
0.00207391
0.00207384
0.00207378
0.00207371
0.00207363
0.00207355
0.00207348
0.0020734
0.00207331
0.00207323
0.00207314
0.00207306
0.00207297
0.00207287
0.00207278
0.00207268
0.00207259
0.00207249
0.00207239
0.00207229
0.00207219
0.00207209
0.00207199
0.00207189
0.00207179
0.00207169
0.00207159
0.00207149
0.00207139
0.00207129
0.00207119
0.00207109
0.00207099
0.0020709
0.0020708
0.0020707
0.00207061
0.0020705
0.00207047
0.00207127
0.00207175
0.00207183
0.00207182
0.00207179
0.00207175
0.0020717
0.00207164
0.00207159
0.00207153
0.00207146
0.0020714
0.00207133
0.00207126
0.00207119
0.00207118
0.00214881
0.0021493
0.00214939
0.00214937
0.00214933
0.00214927
0.00214921
0.00214914
0.00214907
0.00214899
0.00214891
0.00214883
0.00214875
0.00214866
0.00214857
0.00214848
0.00214839
0.0021483
0.00214821
0.00214811
0.00214801
0.00214791
0.00214781
0.00214771
0.00214761
0.0021475
0.0021474
0.00214729
0.00214719
0.00214708
0.00214698
0.00214687
0.00214677
0.00214666
0.00214656
0.00214646
0.00214635
0.00214625
0.00214615
0.00214605
0.00214595
0.00214584
0.00214575
0.00214564
0.00214562
0.00214646
0.00214696
0.00214704
0.00214703
0.002147
0.00214695
0.0021469
0.00214684
0.00214678
0.00214671
0.00214665
0.00214658
0.00214651
0.00214644
0.00214636
0.00214637
0.00222493
0.00222545
0.00222553
0.00222551
0.00222546
0.0022254
0.00222533
0.00222526
0.00222518
0.0022251
0.00222501
0.00222493
0.00222484
0.00222475
0.00222465
0.00222456
0.00222447
0.00222437
0.00222427
0.00222417
0.00222407
0.00222396
0.00222386
0.00222375
0.00222364
0.00222353
0.00222342
0.00222331
0.0022232
0.00222309
0.00222298
0.00222288
0.00222277
0.00222266
0.00222255
0.00222245
0.00222234
0.00222223
0.00222213
0.00222202
0.00222191
0.00222181
0.00222171
0.00222159
0.0022216
0.00222248
0.002223
0.00222308
0.00222307
0.00222303
0.00222297
0.00222292
0.00222286
0.00222279
0.00222272
0.00222266
0.00222258
0.00222251
0.00222243
0.00222235
0.00222238
0.00230161
0.00230214
0.00230222
0.0023022
0.00230214
0.00230207
0.002302
0.00230192
0.00230183
0.00230174
0.00230165
0.00230156
0.00230147
0.00230137
0.00230127
0.00230118
0.00230108
0.00230097
0.00230087
0.00230077
0.00230066
0.00230055
0.00230044
0.00230033
0.00230022
0.0023001
0.00229999
0.00229987
0.00229976
0.00229965
0.00229953
0.00229942
0.00229931
0.0022992
0.00229909
0.00229898
0.00229886
0.00229875
0.00229864
0.00229854
0.00229843
0.00229832
0.00229821
0.00229809
0.00229812
0.00229904
0.00229958
0.00229967
0.00229965
0.0022996
0.00229955
0.00229948
0.00229942
0.00229935
0.00229928
0.00229921
0.00229913
0.00229905
0.00229897
0.00229888
0.00229894
0.0023785
0.00237906
0.00237913
0.0023791
0.00237904
0.00237897
0.00237888
0.0023788
0.00237871
0.00237861
0.00237852
0.00237842
0.00237832
0.00237822
0.00237811
0.00237801
0.00237791
0.0023778
0.00237769
0.00237758
0.00237747
0.00237736
0.00237724
0.00237713
0.00237701
0.00237689
0.00237678
0.00237666
0.00237654
0.00237642
0.00237631
0.00237619
0.00237607
0.00237596
0.00237584
0.00237573
0.00237562
0.0023755
0.00237539
0.00237528
0.00237516
0.00237505
0.00237494
0.00237482
0.00237488
0.00237584
0.00237639
0.00237648
0.00237646
0.0023764
0.00237634
0.00237628
0.00237621
0.00237614
0.00237606
0.00237598
0.0023759
0.00237582
0.00237574
0.00237564
0.00237572
0.00245527
0.00245584
0.00245591
0.00245587
0.0024558
0.00245572
0.00245563
0.00245554
0.00245544
0.00245534
0.00245524
0.00245513
0.00245503
0.00245492
0.00245481
0.00245471
0.0024546
0.00245449
0.00245437
0.00245426
0.00245415
0.00245403
0.00245391
0.00245379
0.00245367
0.00245355
0.00245343
0.0024533
0.00245318
0.00245306
0.00245294
0.00245282
0.0024527
0.00245258
0.00245247
0.00245235
0.00245223
0.00245211
0.002452
0.00245188
0.00245177
0.00245165
0.00245154
0.00245141
0.0024515
0.0024525
0.00245307
0.00245316
0.00245313
0.00245308
0.00245301
0.00245294
0.00245286
0.00245279
0.00245271
0.00245263
0.00245254
0.00245246
0.00245237
0.00245227
0.00245238
0.0025315
0.00253208
0.00253215
0.00253211
0.00253203
0.00253194
0.00253184
0.00253174
0.00253163
0.00253153
0.00253142
0.00253131
0.0025312
0.00253108
0.00253097
0.00253086
0.00253075
0.00253063
0.00253051
0.0025304
0.00253028
0.00253016
0.00253003
0.00252991
0.00252979
0.00252966
0.00252953
0.00252941
0.00252928
0.00252916
0.00252904
0.00252891
0.00252879
0.00252867
0.00252855
0.00252843
0.00252831
0.00252819
0.00252807
0.00252795
0.00252784
0.00252772
0.0025276
0.00252747
0.00252759
0.00252863
0.00252922
0.00252931
0.00252928
0.00252921
0.00252914
0.00252907
0.00252899
0.0025289
0.00252882
0.00252873
0.00252865
0.00252856
0.00252847
0.00252836
0.0025285
0.00260674
0.00260734
0.00260741
0.00260735
0.00260727
0.00260717
0.00260706
0.00260695
0.00260684
0.00260672
0.00260661
0.00260649
0.00260637
0.00260626
0.00260614
0.00260602
0.0026059
0.00260578
0.00260566
0.00260554
0.00260542
0.0026053
0.00260517
0.00260504
0.00260491
0.00260479
0.00260466
0.00260453
0.0026044
0.00260427
0.00260415
0.00260402
0.0026039
0.00260377
0.00260365
0.00260353
0.0026034
0.00260328
0.00260316
0.00260304
0.00260292
0.0026028
0.00260269
0.00260255
0.0026027
0.00260379
0.0026044
0.00260448
0.00260444
0.00260437
0.0026043
0.00260421
0.00260413
0.00260404
0.00260395
0.00260386
0.00260377
0.00260367
0.00260358
0.00260347
0.00260363
0.00268051
0.00268112
0.00268118
0.00268112
0.00268102
0.00268092
0.0026808
0.00268068
0.00268056
0.00268044
0.00268032
0.0026802
0.00268007
0.00267995
0.00267983
0.00267971
0.00267958
0.00267946
0.00267933
0.00267921
0.00267908
0.00267895
0.00267883
0.00267869
0.00267856
0.00267843
0.0026783
0.00267817
0.00267804
0.00267791
0.00267778
0.00267765
0.00267752
0.0026774
0.00267727
0.00267715
0.00267703
0.0026769
0.00267678
0.00267666
0.00267654
0.00267642
0.0026763
0.00267616
0.00267634
0.00267747
0.0026781
0.00267818
0.00267814
0.00267807
0.00267798
0.00267789
0.0026778
0.00267771
0.00267761
0.00267751
0.00267742
0.00267732
0.00267722
0.0026771
0.00267729
0.00275227
0.00275289
0.00275295
0.00275287
0.00275277
0.00275265
0.00275253
0.0027524
0.00275227
0.00275214
0.00275201
0.00275188
0.00275176
0.00275163
0.0027515
0.00275137
0.00275125
0.00275112
0.00275099
0.00275086
0.00275073
0.0027506
0.00275047
0.00275033
0.0027502
0.00275007
0.00274993
0.0027498
0.00274967
0.00274953
0.0027494
0.00274927
0.00274914
0.00274902
0.00274889
0.00274876
0.00274864
0.00274852
0.00274839
0.00274827
0.00274815
0.00274803
0.00274791
0.00274777
0.00274798
0.00274916
0.00274981
0.00274989
0.00274984
0.00274975
0.00274966
0.00274957
0.00274947
0.00274937
0.00274926
0.00274916
0.00274906
0.00274895
0.00274885
0.00274872
0.00274894
0.00282143
0.00282207
0.00282211
0.00282203
0.00282191
0.00282178
0.00282165
0.00282152
0.00282138
0.00282125
0.00282111
0.00282098
0.00282084
0.00282071
0.00282058
0.00282044
0.00282031
0.00282018
0.00282005
0.00281992
0.00281979
0.00281965
0.00281952
0.00281938
0.00281925
0.00281911
0.00281897
0.00281884
0.0028187
0.00281857
0.00281844
0.0028183
0.00281818
0.00281805
0.00281792
0.00281779
0.00281767
0.00281754
0.00281742
0.0028173
0.00281717
0.00281705
0.00281693
0.00281679
0.00281704
0.00281827
0.00281894
0.00281901
0.00281895
0.00281886
0.00281876
0.00281866
0.00281855
0.00281844
0.00281833
0.00281822
0.00281811
0.00281799
0.00281788
0.00281775
0.002818
0.00288738
0.00288802
0.00288806
0.00288797
0.00288784
0.0028877
0.00288757
0.00288742
0.00288728
0.00288714
0.002887
0.00288686
0.00288672
0.00288658
0.00288644
0.0028863
0.00288617
0.00288604
0.0028859
0.00288577
0.00288563
0.0028855
0.00288536
0.00288522
0.00288508
0.00288495
0.00288481
0.00288467
0.00288453
0.0028844
0.00288427
0.00288413
0.002884
0.00288387
0.00288375
0.00288362
0.00288349
0.00288337
0.00288325
0.00288312
0.002883
0.00288288
0.00288276
0.00288262
0.0028829
0.00288419
0.00288487
0.00288494
0.00288487
0.00288477
0.00288466
0.00288455
0.00288443
0.00288431
0.00288419
0.00288407
0.00288395
0.00288383
0.00288371
0.00288357
0.00288385
0.00294945
0.00295011
0.00295014
0.00295003
0.0029499
0.00294975
0.00294961
0.00294946
0.00294931
0.00294916
0.00294901
0.00294887
0.00294872
0.00294858
0.00294844
0.0029483
0.00294816
0.00294802
0.00294789
0.00294775
0.00294761
0.00294748
0.00294734
0.0029472
0.00294706
0.00294692
0.00294678
0.00294665
0.00294651
0.00294637
0.00294624
0.00294611
0.00294598
0.00294585
0.00294572
0.0029456
0.00294547
0.00294535
0.00294522
0.0029451
0.00294498
0.00294486
0.00294474
0.00294461
0.00294492
0.00294626
0.00294695
0.00294701
0.00294694
0.00294683
0.0029467
0.00294658
0.00294644
0.00294631
0.00294618
0.00294605
0.00294592
0.00294579
0.00294566
0.00294551
0.00294582
0.00300696
0.00300763
0.00300765
0.00300754
0.0030074
0.00300725
0.0030071
0.00300694
0.00300679
0.00300663
0.00300648
0.00300633
0.00300618
0.00300603
0.00300589
0.00300575
0.00300561
0.00300547
0.00300533
0.00300519
0.00300505
0.00300492
0.00300478
0.00300464
0.0030045
0.00300436
0.00300422
0.00300408
0.00300395
0.00300381
0.00300368
0.00300355
0.00300342
0.00300329
0.00300316
0.00300304
0.00300292
0.00300279
0.00300267
0.00300255
0.00300243
0.00300232
0.0030022
0.00300206
0.00300241
0.0030038
0.0030045
0.00300456
0.00300447
0.00300434
0.0030042
0.00300405
0.00300391
0.00300376
0.00300361
0.00300347
0.00300333
0.00300319
0.00300306
0.0030029
0.00300324
0.0030592
0.00305988
0.00305991
0.00305979
0.00305965
0.00305949
0.00305933
0.00305917
0.00305901
0.00305885
0.0030587
0.00305854
0.00305839
0.00305824
0.0030581
0.00305795
0.00305781
0.00305767
0.00305753
0.00305739
0.00305725
0.00305711
0.00305698
0.00305684
0.0030567
0.00305656
0.00305642
0.00305629
0.00305615
0.00305602
0.00305588
0.00305575
0.00305563
0.0030555
0.00305538
0.00305525
0.00305513
0.00305501
0.00305489
0.00305478
0.00305466
0.00305454
0.00305443
0.00305429
0.00305468
0.00305611
0.00305683
0.00305687
0.00305676
0.0030566
0.00305644
0.00305627
0.0030561
0.00305593
0.00305577
0.00305562
0.00305547
0.00305532
0.00305518
0.00305503
0.0030554
0.00310546
0.00310616
0.00310619
0.00310608
0.00310593
0.00310577
0.0031056
0.00310544
0.00310527
0.00310511
0.00310495
0.0031048
0.00310464
0.00310449
0.00310434
0.0031042
0.00310406
0.00310392
0.00310378
0.00310364
0.0031035
0.00310337
0.00310323
0.00310309
0.00310295
0.00310282
0.00310268
0.00310255
0.00310241
0.00310228
0.00310215
0.00310202
0.0031019
0.00310177
0.00310165
0.00310153
0.00310141
0.0031013
0.00310118
0.00310107
0.00310095
0.00310084
0.00310073
0.0031006
0.00310101
0.00310249
0.0031032
0.00310321
0.00310306
0.00310287
0.00310267
0.00310248
0.00310229
0.00310211
0.00310194
0.00310178
0.00310162
0.00310147
0.00310133
0.00310118
0.00310157
0.00314504
0.00314577
0.00314581
0.00314569
0.00314554
0.00314537
0.0031452
0.00314503
0.00314487
0.0031447
0.00314454
0.00314438
0.00314423
0.00314408
0.00314393
0.00314379
0.00314365
0.00314351
0.00314337
0.00314324
0.0031431
0.00314297
0.00314283
0.0031427
0.00314256
0.00314243
0.0031423
0.00314216
0.00314203
0.0031419
0.00314178
0.00314165
0.00314153
0.00314141
0.00314129
0.00314118
0.00314106
0.00314095
0.00314084
0.00314072
0.00314062
0.00314051
0.0031404
0.00314027
0.00314071
0.00314222
0.0031429
0.00314286
0.00314265
0.00314241
0.00314218
0.00314196
0.00314175
0.00314157
0.00314139
0.00314123
0.00314107
0.00314093
0.00314079
0.00314064
0.00314106
0.00317726
0.00317803
0.00317808
0.00317795
0.00317779
0.00317762
0.00317744
0.00317727
0.0031771
0.00317694
0.00317678
0.00317662
0.00317647
0.00317632
0.00317618
0.00317604
0.0031759
0.00317577
0.00317563
0.0031755
0.00317537
0.00317524
0.00317511
0.00317497
0.00317484
0.00317471
0.00317458
0.00317446
0.00317433
0.0031742
0.00317408
0.00317396
0.00317384
0.00317373
0.00317361
0.0031735
0.00317339
0.00317328
0.00317317
0.00317307
0.00317296
0.00317286
0.00317275
0.00317263
0.00317309
0.00317459
0.00317519
0.00317504
0.00317476
0.00317447
0.00317422
0.00317399
0.00317379
0.0031736
0.00317344
0.00317328
0.00317314
0.003173
0.00317287
0.00317273
0.00317318
0.00320154
0.00320233
0.00320235
0.0032022
0.00320202
0.00320184
0.00320166
0.00320149
0.00320132
0.00320116
0.00320101
0.00320086
0.00320071
0.00320057
0.00320043
0.0032003
0.00320016
0.00320003
0.00319991
0.00319978
0.00319965
0.00319952
0.0031994
0.00319927
0.00319915
0.00319902
0.0031989
0.00319877
0.00319865
0.00319853
0.00319841
0.0031983
0.00319819
0.00319808
0.00319797
0.00319786
0.00319776
0.00319765
0.00319755
0.00319745
0.00319735
0.00319725
0.00319715
0.00319703
0.00319748
0.00319889
0.00319928
0.00319898
0.00319864
0.00319835
0.00319811
0.00319791
0.00319773
0.00319757
0.00319743
0.00319729
0.00319716
0.00319704
0.00319693
0.00319681
0.00319729
0.00321743
0.00321805
0.00321796
0.00321777
0.00321759
0.00321741
0.00321724
0.00321708
0.00321692
0.00321677
0.00321662
0.00321648
0.00321634
0.0032162
0.00321607
0.00321595
0.00321582
0.0032157
0.00321558
0.00321546
0.00321533
0.00321521
0.00321509
0.00321497
0.00321485
0.00321473
0.00321461
0.0032145
0.00321438
0.00321427
0.00321416
0.00321405
0.00321394
0.00321384
0.00321374
0.00321364
0.00321354
0.00321344
0.00321334
0.00321325
0.00321315
0.00321306
0.00321296
0.00321286
0.00321322
0.0032143
0.00321425
0.00321389
0.00321362
0.00321342
0.00321325
0.00321311
0.00321298
0.00321286
0.00321275
0.00321265
0.00321255
0.00321245
0.00321236
0.00321226
0.00321279
)
;

boundaryField
{
    bottomWall
    {
        type            nutUWallFunction;
        Cmu             0.09;
        kappa           0.41;
        E               9.8;
        value           nonuniform 0();
    }
    topWall
    {
        type            nutUWallFunction;
        Cmu             0.09;
        kappa           0.41;
        E               9.8;
        value           nonuniform 0();
    }
    sides1_half0
    {
        type            cyclic;
    }
    sides1_half1
    {
        type            cyclic;
    }
    sides2_half0
    {
        type            cyclic;
    }
    sides2_half1
    {
        type            cyclic;
    }
    inout1_half0
    {
        type            cyclic;
    }
    inout1_half1
    {
        type            cyclic;
    }
    inout2_half0
    {
        type            cyclic;
    }
    inout2_half1
    {
        type            cyclic;
    }
    procBoundary5to2
    {
        type            processor;
        value           nonuniform List<scalar> 
61
(
0.00321973
0.00322051
0.00322053
0.00322039
0.00322023
0.00322007
0.00321992
0.00321977
0.00321962
0.00321948
0.00321935
0.00321921
0.00321909
0.00321896
0.00321884
0.00321873
0.00321861
0.00321849
0.00321838
0.00321827
0.00321815
0.00321804
0.00321793
0.00321781
0.0032177
0.00321759
0.00321748
0.00321737
0.00321726
0.00321715
0.00321705
0.00321695
0.00321685
0.00321675
0.00321665
0.00321656
0.00321646
0.00321637
0.00321628
0.00321619
0.0032161
0.00321601
0.00321593
0.00321583
0.00321588
0.00321454
0.00321525
0.00321549
0.00321553
0.0032155
0.00321545
0.00321539
0.00321532
0.00321525
0.00321518
0.00321511
0.00321504
0.00321498
0.00321491
0.00321482
0.00321545
)
;
    }
    procBoundary5to3
    {
        type            processor;
        value           nonuniform List<scalar> 
61
(
0.000284587
0.000284582
0.000284582
0.000284583
0.000284585
0.000284587
0.000284589
0.000284591
0.000284593
0.000284595
0.000284597
0.000284599
0.000284601
0.000284603
0.000284605
0.000284607
0.000284609
0.000284611
0.000284612
0.000284614
0.000284616
0.000284618
0.000284619
0.000284621
0.000284622
0.000284624
0.000284625
0.000284626
0.000284627
0.000284628
0.000284629
0.00028463
0.000284631
0.000284632
0.000284633
0.000284634
0.000284634
0.000284635
0.000284636
0.000284636
0.000284637
0.000284637
0.000284637
0.000284638
0.000284639
0.000284589
0.000284588
0.000284589
0.00028459
0.000284592
0.000284594
0.000284596
0.000284598
0.0002846
0.000284602
0.000284603
0.000284605
0.000284606
0.000284607
0.000284607
0.000284614
)
;
    }
    procBoundary5to4
    {
        type            processor;
        value           nonuniform List<scalar> 
132
(
0.000299255
0.000299222
0.000314324
0.00031429
0.000329825
0.000329787
0.000345782
0.000345738
0.000362222
0.00036217
0.000379174
0.000379114
0.00039667
0.000396599
0.000414741
0.000414659
0.000433425
0.000433329
0.000452757
0.000452646
0.000472777
0.00047265
0.000493527
0.00049338
0.000515049
0.00051488
0.00053739
0.000537197
0.000560596
0.000560375
0.000584718
0.000584467
0.000609807
0.000609521
0.000635917
0.000635592
0.000663102
0.000662735
0.000691421
0.000691007
0.000720931
0.000720466
0.000751692
0.000751172
0.000783767
0.000783185
0.000817216
0.000816568
0.000852103
0.000851383
0.00088849
0.000887692
0.000926439
0.000925558
0.000966012
0.000965042
0.00100727
0.0010062
0.00105027
0.0010491
0.00109506
0.00109379
0.00114171
0.00114032
0.00119025
0.00118873
0.00124072
0.00123908
0.00129316
0.00129139
0.0013476
0.00134568
0.00140405
0.00140199
0.00146252
0.0014603
0.001523
0.00152062
0.00158546
0.00158292
0.00164988
0.00164717
0.0017162
0.00171331
0.00178433
0.00178126
0.00185419
0.00185094
0.00192565
0.00192222
0.00199857
0.00199495
0.00207277
0.00206896
0.00214803
0.00214404
0.00222412
0.00221994
0.00230076
0.00229638
0.00237762
0.00237306
0.00245436
0.00244961
0.00253056
0.00252563
0.00260578
0.00260067
0.00267953
0.00267424
0.00275128
0.00274582
0.00282045
0.00281482
0.00288642
0.00288063
0.00294854
0.00294259
0.00300613
0.00300004
0.00305848
0.00305227
0.00310489
0.00309857
0.00314465
0.00313824
0.00317704
0.0031706
0.00320135
0.00319498
0.00321677
0.00321072
)
;
    }
}


// ************************************************************************* //
