/*--------------------------------*- C++ -*----------------------------------*\
  =========                 |
  \\      /  F ield         | OpenFOAM: The Open Source CFD Toolbox
   \\    /   O peration     | Website:  https://openfoam.org
    \\  /    A nd           | Version:  7
     \\/     M anipulation  |
\*---------------------------------------------------------------------------*/
FoamFile
{
    version     2.0;
    format      ascii;
    class       volScalarField;
    location    "500";
    object      k;
}
// * * * * * * * * * * * * * * * * * * * * * * * * * * * * * * * * * * * * * //

dimensions      [0 2 -2 0 0 0 0];

internalField   nonuniform List<scalar> 
3974
(
6.84752e-05
6.84684e-05
6.84651e-05
6.84613e-05
6.84576e-05
6.84543e-05
6.84514e-05
6.84491e-05
6.84471e-05
6.84456e-05
6.84444e-05
6.84437e-05
6.84432e-05
6.84431e-05
6.84434e-05
6.84439e-05
6.84447e-05
6.84458e-05
6.84472e-05
6.84489e-05
6.84508e-05
6.84531e-05
6.84555e-05
6.84583e-05
6.84612e-05
6.84643e-05
6.84676e-05
6.8471e-05
6.84746e-05
6.84783e-05
6.8482e-05
6.84858e-05
6.84896e-05
6.84935e-05
6.84973e-05
6.85012e-05
6.85048e-05
6.85102e-05
6.5375e-05
6.53724e-05
6.53871e-05
6.53918e-05
6.53924e-05
6.53915e-05
6.53899e-05
6.53882e-05
6.53865e-05
6.53849e-05
6.53836e-05
6.53826e-05
6.53818e-05
6.53813e-05
6.53811e-05
6.53812e-05
6.53815e-05
6.53821e-05
6.5383e-05
6.53842e-05
6.53856e-05
6.53873e-05
6.53892e-05
6.53914e-05
6.53938e-05
6.53965e-05
6.53993e-05
6.54023e-05
6.54054e-05
6.54087e-05
6.54121e-05
6.54155e-05
6.5419e-05
6.54226e-05
6.54262e-05
6.54297e-05
6.54333e-05
6.54369e-05
6.54399e-05
6.54475e-05
6.54149e-05
6.54079e-05
6.26864e-05
6.26869e-05
6.27021e-05
6.27083e-05
6.27164e-05
6.27229e-05
6.27266e-05
6.27283e-05
6.27289e-05
6.27288e-05
6.27284e-05
6.2728e-05
6.27275e-05
6.27271e-05
6.27269e-05
6.27269e-05
6.27271e-05
6.27275e-05
6.27281e-05
6.27289e-05
6.273e-05
6.27313e-05
6.27328e-05
6.27346e-05
6.27366e-05
6.27388e-05
6.27412e-05
6.27438e-05
6.27465e-05
6.27494e-05
6.27524e-05
6.27555e-05
6.27587e-05
6.2762e-05
6.27653e-05
6.27686e-05
6.27719e-05
6.27751e-05
6.27784e-05
6.27817e-05
6.27844e-05
6.27903e-05
6.27801e-05
6.27749e-05
6.27416e-05
6.27337e-05
6.27384e-05
6.27459e-05
6.27534e-05
6.27605e-05
6.27672e-05
6.27734e-05
6.27792e-05
6.27846e-05
6.27896e-05
6.27942e-05
6.27986e-05
6.28018e-05
6.28093e-05
6.04431e-05
6.04409e-05
6.04486e-05
6.04555e-05
6.04625e-05
6.04688e-05
6.04737e-05
6.04771e-05
6.04793e-05
6.04807e-05
6.04815e-05
6.04821e-05
6.04826e-05
6.0483e-05
6.04834e-05
6.0484e-05
6.04846e-05
6.04854e-05
6.04864e-05
6.04875e-05
6.04889e-05
6.04904e-05
6.04921e-05
6.0494e-05
6.04961e-05
6.04984e-05
6.05008e-05
6.05034e-05
6.05061e-05
6.05089e-05
6.05118e-05
6.05148e-05
6.05178e-05
6.05208e-05
6.05239e-05
6.05269e-05
6.05299e-05
6.05329e-05
6.05358e-05
6.05387e-05
6.05412e-05
6.05455e-05
6.05433e-05
6.0541e-05
6.05268e-05
6.05161e-05
6.0513e-05
6.05146e-05
6.05183e-05
6.05227e-05
6.05272e-05
6.05318e-05
6.05362e-05
6.05404e-05
6.05444e-05
6.05482e-05
6.05518e-05
6.05542e-05
6.05618e-05
5.86023e-05
5.85985e-05
5.86024e-05
5.86077e-05
5.86134e-05
5.86189e-05
5.86238e-05
5.86278e-05
5.8631e-05
5.86334e-05
5.86352e-05
5.86367e-05
5.8638e-05
5.86392e-05
5.86403e-05
5.86414e-05
5.86426e-05
5.86439e-05
5.86452e-05
5.86467e-05
5.86484e-05
5.86502e-05
5.86521e-05
5.86542e-05
5.86565e-05
5.86588e-05
5.86613e-05
5.86639e-05
5.86666e-05
5.86693e-05
5.86721e-05
5.86749e-05
5.86778e-05
5.86806e-05
5.86834e-05
5.86862e-05
5.86889e-05
5.86916e-05
5.86941e-05
5.86967e-05
5.86989e-05
5.8702e-05
5.87026e-05
5.87024e-05
5.86965e-05
5.8689e-05
5.86841e-05
5.86823e-05
5.86828e-05
5.86846e-05
5.86871e-05
5.86899e-05
5.86928e-05
5.86958e-05
5.86987e-05
5.87014e-05
5.87042e-05
5.87059e-05
5.87124e-05
5.71413e-05
5.71374e-05
5.7139e-05
5.71425e-05
5.71467e-05
5.71512e-05
5.71556e-05
5.71596e-05
5.7163e-05
5.7166e-05
5.71685e-05
5.71707e-05
5.71727e-05
5.71745e-05
5.71762e-05
5.71779e-05
5.71796e-05
5.71813e-05
5.71831e-05
5.7185e-05
5.7187e-05
5.71891e-05
5.71912e-05
5.71935e-05
5.71959e-05
5.71984e-05
5.7201e-05
5.72036e-05
5.72062e-05
5.72089e-05
5.72116e-05
5.72143e-05
5.7217e-05
5.72196e-05
5.72221e-05
5.72246e-05
5.7227e-05
5.72294e-05
5.72316e-05
5.72338e-05
5.72358e-05
5.7238e-05
5.72393e-05
5.724e-05
5.72379e-05
5.72338e-05
5.72296e-05
5.72268e-05
5.72255e-05
5.72255e-05
5.72262e-05
5.72275e-05
5.7229e-05
5.72307e-05
5.72325e-05
5.72342e-05
5.7236e-05
5.7237e-05
5.72419e-05
5.6029e-05
5.6026e-05
5.60265e-05
5.60286e-05
5.60315e-05
5.6035e-05
5.60386e-05
5.60422e-05
5.60457e-05
5.60488e-05
5.60517e-05
5.60544e-05
5.60568e-05
5.60591e-05
5.60614e-05
5.60635e-05
5.60657e-05
5.60678e-05
5.607e-05
5.60723e-05
5.60746e-05
5.60769e-05
5.60794e-05
5.60818e-05
5.60844e-05
5.6087e-05
5.60896e-05
5.60922e-05
5.60949e-05
5.60975e-05
5.61001e-05
5.61026e-05
5.61051e-05
5.61075e-05
5.61098e-05
5.6112e-05
5.61141e-05
5.61162e-05
5.61181e-05
5.61199e-05
5.61215e-05
5.61231e-05
5.61244e-05
5.61253e-05
5.61249e-05
5.61228e-05
5.612e-05
5.61174e-05
5.61154e-05
5.61142e-05
5.61138e-05
5.61138e-05
5.61142e-05
5.61148e-05
5.61155e-05
5.61163e-05
5.61172e-05
5.61176e-05
5.61206e-05
5.52292e-05
5.52274e-05
5.52276e-05
5.52289e-05
5.52309e-05
5.52335e-05
5.52364e-05
5.52395e-05
5.52427e-05
5.52459e-05
5.52489e-05
5.52518e-05
5.52545e-05
5.52572e-05
5.52598e-05
5.52624e-05
5.52649e-05
5.52674e-05
5.527e-05
5.52725e-05
5.52751e-05
5.52777e-05
5.52804e-05
5.5283e-05
5.52857e-05
5.52884e-05
5.52911e-05
5.52937e-05
5.52963e-05
5.52988e-05
5.53013e-05
5.53037e-05
5.5306e-05
5.53081e-05
5.53102e-05
5.53121e-05
5.5314e-05
5.53157e-05
5.53172e-05
5.53187e-05
5.53199e-05
5.53212e-05
5.53222e-05
5.53229e-05
5.5323e-05
5.5322e-05
5.53203e-05
5.53181e-05
5.53161e-05
5.53145e-05
5.53133e-05
5.53125e-05
5.53119e-05
5.53117e-05
5.53115e-05
5.53115e-05
5.53116e-05
5.53115e-05
5.53127e-05
5.47026e-05
5.47022e-05
5.47024e-05
5.47033e-05
5.47047e-05
5.47067e-05
5.47091e-05
5.47118e-05
5.47146e-05
5.47176e-05
5.47206e-05
5.47236e-05
5.47266e-05
5.47295e-05
5.47323e-05
5.47352e-05
5.4738e-05
5.47408e-05
5.47436e-05
5.47465e-05
5.47493e-05
5.47521e-05
5.47549e-05
5.47577e-05
5.47605e-05
5.47632e-05
5.47659e-05
5.47685e-05
5.47711e-05
5.47735e-05
5.47758e-05
5.47781e-05
5.47801e-05
5.47821e-05
5.47839e-05
5.47856e-05
5.47871e-05
5.47885e-05
5.47897e-05
5.47908e-05
5.47918e-05
5.47926e-05
5.47932e-05
5.47937e-05
5.47938e-05
5.47933e-05
5.47921e-05
5.47905e-05
5.47887e-05
5.47869e-05
5.47853e-05
5.4784e-05
5.47828e-05
5.47819e-05
5.47811e-05
5.47804e-05
5.47798e-05
5.47792e-05
5.47788e-05
5.44092e-05
5.441e-05
5.44105e-05
5.44113e-05
5.44124e-05
5.4414e-05
5.4416e-05
5.44184e-05
5.4421e-05
5.44238e-05
5.44267e-05
5.44297e-05
5.44327e-05
5.44358e-05
5.44388e-05
5.44418e-05
5.44449e-05
5.44479e-05
5.44509e-05
5.4454e-05
5.4457e-05
5.44599e-05
5.44629e-05
5.44658e-05
5.44686e-05
5.44714e-05
5.4474e-05
5.44766e-05
5.44791e-05
5.44814e-05
5.44835e-05
5.44856e-05
5.44874e-05
5.44892e-05
5.44907e-05
5.44921e-05
5.44934e-05
5.44944e-05
5.44954e-05
5.44961e-05
5.44967e-05
5.44972e-05
5.44975e-05
5.44977e-05
5.44976e-05
5.44972e-05
5.44963e-05
5.44949e-05
5.44933e-05
5.44916e-05
5.44898e-05
5.44882e-05
5.44867e-05
5.44853e-05
5.4484e-05
5.44828e-05
5.44817e-05
5.44807e-05
5.4479e-05
5.43103e-05
5.43123e-05
5.43132e-05
5.4314e-05
5.4315e-05
5.43165e-05
5.43182e-05
5.43204e-05
5.43228e-05
5.43254e-05
5.43282e-05
5.43312e-05
5.43342e-05
5.43373e-05
5.43404e-05
5.43436e-05
5.43468e-05
5.435e-05
5.43531e-05
5.43563e-05
5.43594e-05
5.43625e-05
5.43655e-05
5.43684e-05
5.43713e-05
5.4374e-05
5.43766e-05
5.43791e-05
5.43814e-05
5.43836e-05
5.43856e-05
5.43874e-05
5.43891e-05
5.43906e-05
5.43919e-05
5.4393e-05
5.4394e-05
5.43947e-05
5.43954e-05
5.43958e-05
5.43961e-05
5.43963e-05
5.43963e-05
5.43962e-05
5.43959e-05
5.43953e-05
5.43945e-05
5.43932e-05
5.43917e-05
5.43901e-05
5.43883e-05
5.43865e-05
5.43848e-05
5.43831e-05
5.43814e-05
5.43799e-05
5.43783e-05
5.43772e-05
5.43743e-05
5.43703e-05
5.43733e-05
5.43744e-05
5.43754e-05
5.43765e-05
5.43779e-05
5.43795e-05
5.43815e-05
5.43838e-05
5.43863e-05
5.4389e-05
5.43919e-05
5.43949e-05
5.43981e-05
5.44012e-05
5.44045e-05
5.44077e-05
5.4411e-05
5.44142e-05
5.44174e-05
5.44206e-05
5.44237e-05
5.44267e-05
5.44297e-05
5.44325e-05
5.44351e-05
5.44377e-05
5.444e-05
5.44422e-05
5.44442e-05
5.4446e-05
5.44477e-05
5.44491e-05
5.44503e-05
5.44514e-05
5.44523e-05
5.44529e-05
5.44535e-05
5.44538e-05
5.4454e-05
5.4454e-05
5.44539e-05
5.44536e-05
5.44532e-05
5.44527e-05
5.4452e-05
5.4451e-05
5.44498e-05
5.44484e-05
5.44468e-05
5.4445e-05
5.44431e-05
5.44413e-05
5.44394e-05
5.44376e-05
5.44358e-05
5.4434e-05
5.44326e-05
5.44289e-05
5.45569e-05
5.45608e-05
5.45623e-05
5.45634e-05
5.45646e-05
5.4566e-05
5.45677e-05
5.45696e-05
5.45718e-05
5.45743e-05
5.45769e-05
5.45798e-05
5.45827e-05
5.45858e-05
5.4589e-05
5.45922e-05
5.45955e-05
5.45988e-05
5.46021e-05
5.46053e-05
5.46085e-05
5.46116e-05
5.46145e-05
5.46174e-05
5.46201e-05
5.46227e-05
5.46251e-05
5.46273e-05
5.46293e-05
5.46311e-05
5.46327e-05
5.46342e-05
5.46354e-05
5.46364e-05
5.46372e-05
5.46378e-05
5.46382e-05
5.46385e-05
5.46386e-05
5.46385e-05
5.46383e-05
5.46379e-05
5.46374e-05
5.46368e-05
5.4636e-05
5.46351e-05
5.46341e-05
5.46328e-05
5.46314e-05
5.46298e-05
5.4628e-05
5.46261e-05
5.46242e-05
5.46223e-05
5.46203e-05
5.46184e-05
5.46164e-05
5.46149e-05
5.46106e-05
5.48424e-05
5.4847e-05
5.48488e-05
5.485e-05
5.48514e-05
5.48529e-05
5.48546e-05
5.48565e-05
5.48587e-05
5.48611e-05
5.48638e-05
5.48665e-05
5.48695e-05
5.48726e-05
5.48757e-05
5.48789e-05
5.48822e-05
5.48854e-05
5.48887e-05
5.48919e-05
5.4895e-05
5.4898e-05
5.49009e-05
5.49037e-05
5.49063e-05
5.49087e-05
5.49109e-05
5.4913e-05
5.49148e-05
5.49164e-05
5.49178e-05
5.4919e-05
5.492e-05
5.49208e-05
5.49213e-05
5.49217e-05
5.49219e-05
5.49219e-05
5.49218e-05
5.49215e-05
5.4921e-05
5.49204e-05
5.49197e-05
5.49189e-05
5.4918e-05
5.49169e-05
5.49157e-05
5.49144e-05
5.49129e-05
5.49113e-05
5.49096e-05
5.49077e-05
5.49058e-05
5.49038e-05
5.49018e-05
5.48998e-05
5.48976e-05
5.48961e-05
5.48914e-05
5.5203e-05
5.52082e-05
5.52102e-05
5.52117e-05
5.52131e-05
5.52147e-05
5.52165e-05
5.52185e-05
5.52207e-05
5.52231e-05
5.52257e-05
5.52285e-05
5.52314e-05
5.52344e-05
5.52375e-05
5.52407e-05
5.52439e-05
5.52471e-05
5.52503e-05
5.52534e-05
5.52564e-05
5.52593e-05
5.52621e-05
5.52647e-05
5.52672e-05
5.52695e-05
5.52715e-05
5.52733e-05
5.5275e-05
5.52764e-05
5.52775e-05
5.52785e-05
5.52792e-05
5.52798e-05
5.52801e-05
5.52803e-05
5.52803e-05
5.52801e-05
5.52797e-05
5.52792e-05
5.52786e-05
5.52778e-05
5.52769e-05
5.52759e-05
5.52748e-05
5.52736e-05
5.52723e-05
5.52709e-05
5.52694e-05
5.52678e-05
5.52661e-05
5.52642e-05
5.52623e-05
5.52603e-05
5.52583e-05
5.52562e-05
5.5254e-05
5.52525e-05
5.52475e-05
5.56191e-05
5.56247e-05
5.5627e-05
5.56286e-05
5.56301e-05
5.56318e-05
5.56337e-05
5.56358e-05
5.5638e-05
5.56404e-05
5.5643e-05
5.56457e-05
5.56486e-05
5.56516e-05
5.56546e-05
5.56577e-05
5.56609e-05
5.5664e-05
5.5667e-05
5.56701e-05
5.5673e-05
5.56757e-05
5.56784e-05
5.56808e-05
5.56831e-05
5.56852e-05
5.5687e-05
5.56886e-05
5.569e-05
5.56912e-05
5.56922e-05
5.56929e-05
5.56934e-05
5.56937e-05
5.56939e-05
5.56938e-05
5.56936e-05
5.56932e-05
5.56927e-05
5.5692e-05
5.56912e-05
5.56902e-05
5.56892e-05
5.56881e-05
5.56869e-05
5.56856e-05
5.56842e-05
5.56827e-05
5.56812e-05
5.56795e-05
5.56778e-05
5.5676e-05
5.56741e-05
5.56721e-05
5.56701e-05
5.56681e-05
5.56659e-05
5.56643e-05
5.56592e-05
5.60743e-05
5.60803e-05
5.60827e-05
5.60845e-05
5.60862e-05
5.6088e-05
5.60899e-05
5.6092e-05
5.60943e-05
5.60967e-05
5.60993e-05
5.6102e-05
5.61048e-05
5.61078e-05
5.61107e-05
5.61138e-05
5.61168e-05
5.61198e-05
5.61228e-05
5.61256e-05
5.61284e-05
5.6131e-05
5.61335e-05
5.61357e-05
5.61378e-05
5.61396e-05
5.61413e-05
5.61427e-05
5.61439e-05
5.61448e-05
5.61456e-05
5.61461e-05
5.61464e-05
5.61465e-05
5.61464e-05
5.61462e-05
5.61458e-05
5.61452e-05
5.61445e-05
5.61436e-05
5.61427e-05
5.61416e-05
5.61405e-05
5.61393e-05
5.61379e-05
5.61366e-05
5.61351e-05
5.61336e-05
5.6132e-05
5.61304e-05
5.61287e-05
5.61269e-05
5.6125e-05
5.61231e-05
5.61211e-05
5.61191e-05
5.61169e-05
5.61153e-05
5.61103e-05
5.65556e-05
5.65619e-05
5.65645e-05
5.65663e-05
5.65681e-05
5.657e-05
5.6572e-05
5.65742e-05
5.65765e-05
5.65789e-05
5.65815e-05
5.65842e-05
5.6587e-05
5.65898e-05
5.65927e-05
5.65957e-05
5.65986e-05
5.66015e-05
5.66043e-05
5.6607e-05
5.66096e-05
5.6612e-05
5.66143e-05
5.66164e-05
5.66182e-05
5.66198e-05
5.66213e-05
5.66224e-05
5.66234e-05
5.66241e-05
5.66246e-05
5.66249e-05
5.66251e-05
5.6625e-05
5.66247e-05
5.66243e-05
5.66237e-05
5.6623e-05
5.66221e-05
5.66212e-05
5.66201e-05
5.66189e-05
5.66177e-05
5.66164e-05
5.6615e-05
5.66136e-05
5.66121e-05
5.66105e-05
5.6609e-05
5.66073e-05
5.66056e-05
5.66038e-05
5.6602e-05
5.66001e-05
5.65982e-05
5.65962e-05
5.65941e-05
5.65925e-05
5.65876e-05
5.70526e-05
5.7059e-05
5.70617e-05
5.70637e-05
5.70656e-05
5.70675e-05
5.70696e-05
5.70718e-05
5.70742e-05
5.70766e-05
5.70792e-05
5.70818e-05
5.70845e-05
5.70873e-05
5.70902e-05
5.7093e-05
5.70958e-05
5.70985e-05
5.71012e-05
5.71037e-05
5.71061e-05
5.71084e-05
5.71104e-05
5.71123e-05
5.71139e-05
5.71153e-05
5.71165e-05
5.71175e-05
5.71182e-05
5.71187e-05
5.7119e-05
5.71191e-05
5.71191e-05
5.71188e-05
5.71184e-05
5.71178e-05
5.71171e-05
5.71162e-05
5.71152e-05
5.71142e-05
5.7113e-05
5.71118e-05
5.71104e-05
5.71091e-05
5.71077e-05
5.71062e-05
5.71047e-05
5.71031e-05
5.71015e-05
5.70999e-05
5.70982e-05
5.70965e-05
5.70947e-05
5.70929e-05
5.7091e-05
5.70891e-05
5.7087e-05
5.70854e-05
5.70806e-05
5.7557e-05
5.75635e-05
5.75663e-05
5.75683e-05
5.75703e-05
5.75723e-05
5.75744e-05
5.75767e-05
5.7579e-05
5.75814e-05
5.7584e-05
5.75866e-05
5.75893e-05
5.7592e-05
5.75947e-05
5.75974e-05
5.76001e-05
5.76027e-05
5.76052e-05
5.76076e-05
5.76098e-05
5.76118e-05
5.76137e-05
5.76153e-05
5.76167e-05
5.76179e-05
5.76189e-05
5.76196e-05
5.76201e-05
5.76205e-05
5.76206e-05
5.76205e-05
5.76202e-05
5.76198e-05
5.76192e-05
5.76185e-05
5.76176e-05
5.76167e-05
5.76156e-05
5.76144e-05
5.76132e-05
5.76119e-05
5.76105e-05
5.76091e-05
5.76077e-05
5.76062e-05
5.76047e-05
5.76031e-05
5.76015e-05
5.75999e-05
5.75983e-05
5.75966e-05
5.75949e-05
5.75931e-05
5.75913e-05
5.75894e-05
5.75874e-05
5.75858e-05
5.75813e-05
5.80623e-05
5.80689e-05
5.80717e-05
5.80738e-05
5.80758e-05
5.80779e-05
5.808e-05
5.80823e-05
5.80846e-05
5.8087e-05
5.80895e-05
5.80921e-05
5.80947e-05
5.80973e-05
5.81e-05
5.81026e-05
5.81051e-05
5.81076e-05
5.81099e-05
5.81121e-05
5.81141e-05
5.81159e-05
5.81176e-05
5.8119e-05
5.81202e-05
5.81212e-05
5.81219e-05
5.81224e-05
5.81228e-05
5.81229e-05
5.81228e-05
5.81226e-05
5.81221e-05
5.81216e-05
5.81208e-05
5.812e-05
5.8119e-05
5.8118e-05
5.81168e-05
5.81156e-05
5.81143e-05
5.81129e-05
5.81115e-05
5.81101e-05
5.81087e-05
5.81072e-05
5.81057e-05
5.81041e-05
5.81026e-05
5.8101e-05
5.80994e-05
5.80978e-05
5.80961e-05
5.80944e-05
5.80926e-05
5.80908e-05
5.80888e-05
5.80873e-05
5.8083e-05
5.85635e-05
5.85701e-05
5.8573e-05
5.85751e-05
5.85772e-05
5.85792e-05
5.85814e-05
5.85837e-05
5.8586e-05
5.85884e-05
5.85909e-05
5.85934e-05
5.85959e-05
5.85985e-05
5.8601e-05
5.86034e-05
5.86058e-05
5.86081e-05
5.86103e-05
5.86123e-05
5.86141e-05
5.86158e-05
5.86172e-05
5.86184e-05
5.86194e-05
5.86201e-05
5.86207e-05
5.8621e-05
5.86212e-05
5.86211e-05
5.86209e-05
5.86204e-05
5.86199e-05
5.86192e-05
5.86183e-05
5.86174e-05
5.86163e-05
5.86152e-05
5.8614e-05
5.86127e-05
5.86114e-05
5.861e-05
5.86086e-05
5.86071e-05
5.86057e-05
5.86042e-05
5.86027e-05
5.86012e-05
5.85997e-05
5.85981e-05
5.85966e-05
5.8595e-05
5.85934e-05
5.85917e-05
5.859e-05
5.85883e-05
5.85864e-05
5.85849e-05
5.85808e-05
5.90569e-05
5.90635e-05
5.90664e-05
5.90686e-05
5.90706e-05
5.90727e-05
5.90748e-05
5.90771e-05
5.90794e-05
5.90817e-05
5.90842e-05
5.90866e-05
5.90891e-05
5.90915e-05
5.90939e-05
5.90963e-05
5.90985e-05
5.91006e-05
5.91026e-05
5.91045e-05
5.91061e-05
5.91075e-05
5.91088e-05
5.91098e-05
5.91106e-05
5.91111e-05
5.91115e-05
5.91116e-05
5.91116e-05
5.91114e-05
5.9111e-05
5.91104e-05
5.91097e-05
5.91089e-05
5.9108e-05
5.91069e-05
5.91058e-05
5.91046e-05
5.91033e-05
5.9102e-05
5.91006e-05
5.90992e-05
5.90978e-05
5.90964e-05
5.90949e-05
5.90935e-05
5.9092e-05
5.90906e-05
5.90891e-05
5.90876e-05
5.90861e-05
5.90845e-05
5.9083e-05
5.90814e-05
5.90797e-05
5.9078e-05
5.90763e-05
5.90748e-05
5.9071e-05
5.95396e-05
5.95462e-05
5.9549e-05
5.95512e-05
5.95532e-05
5.95553e-05
5.95574e-05
5.95596e-05
5.95619e-05
5.95642e-05
5.95666e-05
5.9569e-05
5.95713e-05
5.95737e-05
5.9576e-05
5.95782e-05
5.95803e-05
5.95823e-05
5.95841e-05
5.95857e-05
5.95872e-05
5.95884e-05
5.95895e-05
5.95903e-05
5.95909e-05
5.95913e-05
5.95914e-05
5.95914e-05
5.95912e-05
5.95908e-05
5.95903e-05
5.95896e-05
5.95888e-05
5.95879e-05
5.95869e-05
5.95858e-05
5.95846e-05
5.95833e-05
5.9582e-05
5.95807e-05
5.95793e-05
5.95779e-05
5.95765e-05
5.95751e-05
5.95737e-05
5.95722e-05
5.95708e-05
5.95694e-05
5.95679e-05
5.95665e-05
5.9565e-05
5.95636e-05
5.95621e-05
5.95605e-05
5.95589e-05
5.95573e-05
5.95556e-05
5.95541e-05
5.95506e-05
6.00095e-05
6.00159e-05
6.00188e-05
6.00209e-05
6.00229e-05
6.0025e-05
6.00271e-05
6.00293e-05
6.00315e-05
6.00338e-05
6.0036e-05
6.00383e-05
6.00406e-05
6.00429e-05
6.0045e-05
6.00471e-05
6.00491e-05
6.00509e-05
6.00525e-05
6.0054e-05
6.00553e-05
6.00564e-05
6.00572e-05
6.00579e-05
6.00583e-05
6.00585e-05
6.00585e-05
6.00583e-05
6.0058e-05
6.00575e-05
6.00568e-05
6.0056e-05
6.00551e-05
6.00541e-05
6.0053e-05
6.00519e-05
6.00506e-05
6.00493e-05
6.0048e-05
6.00467e-05
6.00453e-05
6.00439e-05
6.00425e-05
6.00411e-05
6.00397e-05
6.00383e-05
6.00369e-05
6.00355e-05
6.00342e-05
6.00328e-05
6.00314e-05
6.00299e-05
6.00285e-05
6.0027e-05
6.00255e-05
6.00239e-05
6.00223e-05
6.00208e-05
6.00177e-05
6.04649e-05
6.04713e-05
6.04741e-05
6.04762e-05
6.04782e-05
6.04802e-05
6.04823e-05
6.04844e-05
6.04866e-05
6.04888e-05
6.0491e-05
6.04932e-05
6.04954e-05
6.04975e-05
6.04996e-05
6.05015e-05
6.05033e-05
6.0505e-05
6.05065e-05
6.05078e-05
6.05089e-05
6.05098e-05
6.05105e-05
6.0511e-05
6.05112e-05
6.05113e-05
6.05112e-05
6.05108e-05
6.05104e-05
6.05097e-05
6.0509e-05
6.05081e-05
6.05071e-05
6.05061e-05
6.05049e-05
6.05037e-05
6.05024e-05
6.05011e-05
6.04998e-05
6.04984e-05
6.0497e-05
6.04956e-05
6.04943e-05
6.04929e-05
6.04915e-05
6.04902e-05
6.04889e-05
6.04875e-05
6.04862e-05
6.04848e-05
6.04835e-05
6.04821e-05
6.04807e-05
6.04793e-05
6.04779e-05
6.04764e-05
6.04748e-05
6.04734e-05
6.04705e-05
6.09049e-05
6.09111e-05
6.09139e-05
6.09159e-05
6.09179e-05
6.09199e-05
6.09219e-05
6.0924e-05
6.09261e-05
6.09282e-05
6.09303e-05
6.09325e-05
6.09345e-05
6.09366e-05
6.09385e-05
6.09403e-05
6.0942e-05
6.09435e-05
6.09449e-05
6.0946e-05
6.0947e-05
6.09477e-05
6.09482e-05
6.09485e-05
6.09487e-05
6.09486e-05
6.09483e-05
6.09479e-05
6.09473e-05
6.09466e-05
6.09457e-05
6.09448e-05
6.09437e-05
6.09426e-05
6.09414e-05
6.09402e-05
6.09389e-05
6.09375e-05
6.09362e-05
6.09348e-05
6.09335e-05
6.09321e-05
6.09308e-05
6.09294e-05
6.09281e-05
6.09268e-05
6.09255e-05
6.09242e-05
6.09229e-05
6.09216e-05
6.09203e-05
6.0919e-05
6.09177e-05
6.09163e-05
6.09149e-05
6.09135e-05
6.0912e-05
6.09106e-05
6.0908e-05
6.13287e-05
6.13347e-05
6.13374e-05
6.13394e-05
6.13413e-05
6.13432e-05
6.13452e-05
6.13472e-05
6.13492e-05
6.13513e-05
6.13533e-05
6.13554e-05
6.13573e-05
6.13593e-05
6.13611e-05
6.13628e-05
6.13643e-05
6.13657e-05
6.13669e-05
6.13679e-05
6.13687e-05
6.13693e-05
6.13697e-05
6.13699e-05
6.13699e-05
6.13697e-05
6.13693e-05
6.13687e-05
6.13681e-05
6.13673e-05
6.13663e-05
6.13653e-05
6.13642e-05
6.13631e-05
6.13618e-05
6.13605e-05
6.13592e-05
6.13579e-05
6.13566e-05
6.13552e-05
6.13539e-05
6.13525e-05
6.13512e-05
6.13499e-05
6.13486e-05
6.13474e-05
6.13461e-05
6.13449e-05
6.13436e-05
6.13424e-05
6.13412e-05
6.13399e-05
6.13386e-05
6.13373e-05
6.1336e-05
6.13346e-05
6.13332e-05
6.13318e-05
6.13295e-05
6.17356e-05
6.17415e-05
6.17441e-05
6.17461e-05
6.17479e-05
6.17498e-05
6.17517e-05
6.17536e-05
6.17556e-05
6.17576e-05
6.17595e-05
6.17615e-05
6.17633e-05
6.17651e-05
6.17668e-05
6.17684e-05
6.17698e-05
6.17711e-05
6.17721e-05
6.1773e-05
6.17737e-05
6.17741e-05
6.17744e-05
6.17745e-05
6.17743e-05
6.1774e-05
6.17735e-05
6.17729e-05
6.17722e-05
6.17713e-05
6.17703e-05
6.17692e-05
6.17681e-05
6.17669e-05
6.17656e-05
6.17644e-05
6.1763e-05
6.17617e-05
6.17604e-05
6.1759e-05
6.17577e-05
6.17564e-05
6.17551e-05
6.17539e-05
6.17526e-05
6.17514e-05
6.17502e-05
6.1749e-05
6.17478e-05
6.17466e-05
6.17455e-05
6.17443e-05
6.1743e-05
6.17418e-05
6.17405e-05
6.17392e-05
6.17378e-05
6.17365e-05
6.17345e-05
6.21255e-05
6.21312e-05
6.21338e-05
6.21357e-05
6.21375e-05
6.21393e-05
6.21411e-05
6.2143e-05
6.21449e-05
6.21467e-05
6.21486e-05
6.21504e-05
6.21522e-05
6.21539e-05
6.21555e-05
6.21569e-05
6.21582e-05
6.21593e-05
6.21603e-05
6.2161e-05
6.21616e-05
6.21619e-05
6.21621e-05
6.2162e-05
6.21618e-05
6.21614e-05
6.21608e-05
6.21601e-05
6.21593e-05
6.21584e-05
6.21574e-05
6.21563e-05
6.21551e-05
6.21539e-05
6.21526e-05
6.21513e-05
6.215e-05
6.21487e-05
6.21473e-05
6.2146e-05
6.21447e-05
6.21435e-05
6.21422e-05
6.2141e-05
6.21398e-05
6.21386e-05
6.21374e-05
6.21363e-05
6.21352e-05
6.2134e-05
6.21329e-05
6.21317e-05
6.21306e-05
6.21294e-05
6.21282e-05
6.21269e-05
6.21256e-05
6.21243e-05
6.21226e-05
6.24982e-05
6.25037e-05
6.25062e-05
6.2508e-05
6.25097e-05
6.25115e-05
6.25132e-05
6.2515e-05
6.25168e-05
6.25186e-05
6.25204e-05
6.25221e-05
6.25238e-05
6.25254e-05
6.25268e-05
6.25282e-05
6.25294e-05
6.25304e-05
6.25312e-05
6.25318e-05
6.25323e-05
6.25325e-05
6.25325e-05
6.25324e-05
6.25321e-05
6.25316e-05
6.2531e-05
6.25302e-05
6.25294e-05
6.25284e-05
6.25273e-05
6.25262e-05
6.2525e-05
6.25238e-05
6.25225e-05
6.25212e-05
6.25199e-05
6.25186e-05
6.25173e-05
6.2516e-05
6.25147e-05
6.25135e-05
6.25123e-05
6.25111e-05
6.25099e-05
6.25088e-05
6.25077e-05
6.25066e-05
6.25055e-05
6.25044e-05
6.25033e-05
6.25022e-05
6.25011e-05
6.24999e-05
6.24988e-05
6.24976e-05
6.24963e-05
6.24951e-05
6.24936e-05
6.28536e-05
6.28589e-05
6.28612e-05
6.2863e-05
6.28646e-05
6.28663e-05
6.2868e-05
6.28697e-05
6.28714e-05
6.28731e-05
6.28748e-05
6.28765e-05
6.2878e-05
6.28795e-05
6.28809e-05
6.28821e-05
6.28832e-05
6.28841e-05
6.28848e-05
6.28853e-05
6.28857e-05
6.28858e-05
6.28858e-05
6.28855e-05
6.28852e-05
6.28846e-05
6.28839e-05
6.28831e-05
6.28822e-05
6.28812e-05
6.28801e-05
6.2879e-05
6.28778e-05
6.28765e-05
6.28753e-05
6.2874e-05
6.28727e-05
6.28714e-05
6.28701e-05
6.28688e-05
6.28676e-05
6.28664e-05
6.28652e-05
6.28641e-05
6.28629e-05
6.28618e-05
6.28608e-05
6.28597e-05
6.28587e-05
6.28576e-05
6.28566e-05
6.28555e-05
6.28545e-05
6.28534e-05
6.28523e-05
6.28511e-05
6.28499e-05
6.28487e-05
6.28475e-05
6.31916e-05
6.31967e-05
6.31989e-05
6.32006e-05
6.32022e-05
6.32038e-05
6.32054e-05
6.32071e-05
6.32087e-05
6.32103e-05
6.32119e-05
6.32134e-05
6.32149e-05
6.32163e-05
6.32175e-05
6.32187e-05
6.32196e-05
6.32205e-05
6.32211e-05
6.32215e-05
6.32218e-05
6.32218e-05
6.32217e-05
6.32214e-05
6.3221e-05
6.32204e-05
6.32197e-05
6.32188e-05
6.32179e-05
6.32168e-05
6.32157e-05
6.32146e-05
6.32134e-05
6.32121e-05
6.32109e-05
6.32096e-05
6.32083e-05
6.32071e-05
6.32058e-05
6.32046e-05
6.32034e-05
6.32022e-05
6.3201e-05
6.31999e-05
6.31988e-05
6.31978e-05
6.31968e-05
6.31958e-05
6.31948e-05
6.31938e-05
6.31928e-05
6.31918e-05
6.31907e-05
6.31897e-05
6.31886e-05
6.31875e-05
6.31864e-05
6.31852e-05
6.31842e-05
6.35123e-05
6.35172e-05
6.35193e-05
6.35209e-05
6.35225e-05
6.3524e-05
6.35255e-05
6.35271e-05
6.35286e-05
6.35301e-05
6.35316e-05
6.35331e-05
6.35345e-05
6.35357e-05
6.35369e-05
6.35379e-05
6.35388e-05
6.35395e-05
6.35401e-05
6.35404e-05
6.35406e-05
6.35406e-05
6.35404e-05
6.35401e-05
6.35396e-05
6.3539e-05
6.35382e-05
6.35373e-05
6.35364e-05
6.35353e-05
6.35342e-05
6.35331e-05
6.35319e-05
6.35306e-05
6.35294e-05
6.35281e-05
6.35269e-05
6.35256e-05
6.35244e-05
6.35232e-05
6.3522e-05
6.35209e-05
6.35198e-05
6.35187e-05
6.35176e-05
6.35166e-05
6.35156e-05
6.35147e-05
6.35137e-05
6.35127e-05
6.35118e-05
6.35108e-05
6.35098e-05
6.35088e-05
6.35078e-05
6.35068e-05
6.35057e-05
6.35045e-05
6.35038e-05
6.38157e-05
6.38204e-05
6.38225e-05
6.3824e-05
6.38254e-05
6.38269e-05
6.38283e-05
6.38298e-05
6.38312e-05
6.38327e-05
6.38341e-05
6.38355e-05
6.38367e-05
6.38379e-05
6.3839e-05
6.384e-05
6.38408e-05
6.38414e-05
6.38419e-05
6.38421e-05
6.38423e-05
6.38422e-05
6.3842e-05
6.38416e-05
6.3841e-05
6.38404e-05
6.38396e-05
6.38387e-05
6.38377e-05
6.38367e-05
6.38356e-05
6.38344e-05
6.38332e-05
6.3832e-05
6.38308e-05
6.38296e-05
6.38283e-05
6.38271e-05
6.38259e-05
6.38247e-05
6.38236e-05
6.38225e-05
6.38214e-05
6.38204e-05
6.38193e-05
6.38184e-05
6.38174e-05
6.38165e-05
6.38156e-05
6.38146e-05
6.38137e-05
6.38128e-05
6.38119e-05
6.38109e-05
6.38099e-05
6.38089e-05
6.38079e-05
6.38068e-05
6.38062e-05
6.41018e-05
6.41064e-05
6.41083e-05
6.41098e-05
6.41112e-05
6.41125e-05
6.41139e-05
6.41153e-05
6.41166e-05
6.4118e-05
6.41193e-05
6.41206e-05
6.41218e-05
6.41229e-05
6.41239e-05
6.41248e-05
6.41255e-05
6.4126e-05
6.41264e-05
6.41267e-05
6.41267e-05
6.41266e-05
6.41264e-05
6.41259e-05
6.41254e-05
6.41247e-05
6.41239e-05
6.4123e-05
6.4122e-05
6.4121e-05
6.41199e-05
6.41187e-05
6.41176e-05
6.41164e-05
6.41152e-05
6.41139e-05
6.41127e-05
6.41115e-05
6.41104e-05
6.41092e-05
6.41081e-05
6.4107e-05
6.4106e-05
6.4105e-05
6.4104e-05
6.41031e-05
6.41021e-05
6.41012e-05
6.41004e-05
6.40995e-05
6.40986e-05
6.40977e-05
6.40968e-05
6.40959e-05
6.4095e-05
6.4094e-05
6.4093e-05
6.4092e-05
6.40916e-05
6.43708e-05
6.43752e-05
6.4377e-05
6.43784e-05
6.43797e-05
6.4381e-05
6.43823e-05
6.43836e-05
6.43849e-05
6.43861e-05
6.43874e-05
6.43886e-05
6.43897e-05
6.43907e-05
6.43916e-05
6.43924e-05
6.43931e-05
6.43936e-05
6.43939e-05
6.43941e-05
6.43941e-05
6.43939e-05
6.43936e-05
6.43932e-05
6.43926e-05
6.43919e-05
6.43911e-05
6.43902e-05
6.43893e-05
6.43882e-05
6.43872e-05
6.4386e-05
6.43849e-05
6.43837e-05
6.43825e-05
6.43813e-05
6.43801e-05
6.4379e-05
6.43778e-05
6.43767e-05
6.43756e-05
6.43746e-05
6.43736e-05
6.43726e-05
6.43717e-05
6.43707e-05
6.43699e-05
6.4369e-05
6.43681e-05
6.43673e-05
6.43664e-05
6.43656e-05
6.43647e-05
6.43638e-05
6.43629e-05
6.4362e-05
6.43611e-05
6.43601e-05
6.43599e-05
6.46226e-05
6.46268e-05
6.46286e-05
6.46299e-05
6.46311e-05
6.46323e-05
6.46335e-05
6.46347e-05
6.46359e-05
6.46371e-05
6.46383e-05
6.46394e-05
6.46404e-05
6.46414e-05
6.46422e-05
6.46429e-05
6.46435e-05
6.4644e-05
6.46443e-05
6.46444e-05
6.46444e-05
6.46442e-05
6.46439e-05
6.46434e-05
6.46428e-05
6.46421e-05
6.46413e-05
6.46405e-05
6.46395e-05
6.46385e-05
6.46374e-05
6.46363e-05
6.46352e-05
6.4634e-05
6.46329e-05
6.46317e-05
6.46306e-05
6.46294e-05
6.46283e-05
6.46272e-05
6.46262e-05
6.46252e-05
6.46242e-05
6.46232e-05
6.46223e-05
6.46214e-05
6.46206e-05
6.46197e-05
6.46189e-05
6.46181e-05
6.46173e-05
6.46164e-05
6.46156e-05
6.46148e-05
6.46139e-05
6.4613e-05
6.46122e-05
6.46112e-05
6.46112e-05
6.48573e-05
6.48613e-05
6.4863e-05
6.48642e-05
6.48653e-05
6.48664e-05
6.48676e-05
6.48687e-05
6.48699e-05
6.4871e-05
6.48721e-05
6.48731e-05
6.48741e-05
6.48749e-05
6.48757e-05
6.48764e-05
6.48769e-05
6.48773e-05
6.48775e-05
6.48776e-05
6.48776e-05
6.48774e-05
6.48771e-05
6.48766e-05
6.4876e-05
6.48753e-05
6.48745e-05
6.48737e-05
6.48727e-05
6.48717e-05
6.48707e-05
6.48696e-05
6.48685e-05
6.48674e-05
6.48662e-05
6.48651e-05
6.4864e-05
6.48629e-05
6.48618e-05
6.48607e-05
6.48597e-05
6.48587e-05
6.48578e-05
6.48569e-05
6.4856e-05
6.48551e-05
6.48543e-05
6.48535e-05
6.48527e-05
6.48519e-05
6.48511e-05
6.48503e-05
6.48495e-05
6.48487e-05
6.48479e-05
6.4847e-05
6.48462e-05
6.48453e-05
6.48454e-05
6.50749e-05
6.50787e-05
6.50802e-05
6.50814e-05
6.50824e-05
6.50835e-05
6.50845e-05
6.50856e-05
6.50867e-05
6.50877e-05
6.50887e-05
6.50897e-05
6.50906e-05
6.50914e-05
6.50921e-05
6.50927e-05
6.50932e-05
6.50935e-05
6.50938e-05
6.50938e-05
6.50937e-05
6.50935e-05
6.50932e-05
6.50927e-05
6.50921e-05
6.50915e-05
6.50907e-05
6.50898e-05
6.50889e-05
6.5088e-05
6.50869e-05
6.50859e-05
6.50848e-05
6.50837e-05
6.50826e-05
6.50815e-05
6.50804e-05
6.50793e-05
6.50783e-05
6.50773e-05
6.50763e-05
6.50753e-05
6.50744e-05
6.50735e-05
6.50726e-05
6.50718e-05
6.5071e-05
6.50702e-05
6.50694e-05
6.50687e-05
6.50679e-05
6.50671e-05
6.50664e-05
6.50656e-05
6.50648e-05
6.5064e-05
6.50632e-05
6.50623e-05
6.50626e-05
6.52752e-05
6.52789e-05
6.52804e-05
6.52814e-05
6.52824e-05
6.52834e-05
6.52844e-05
6.52854e-05
6.52863e-05
6.52873e-05
6.52882e-05
6.52891e-05
6.529e-05
6.52907e-05
6.52914e-05
6.52919e-05
6.52924e-05
6.52927e-05
6.52929e-05
6.52929e-05
6.52928e-05
6.52926e-05
6.52923e-05
6.52918e-05
6.52912e-05
6.52906e-05
6.52898e-05
6.5289e-05
6.52881e-05
6.52872e-05
6.52862e-05
6.52851e-05
6.52841e-05
6.5283e-05
6.5282e-05
6.52809e-05
6.52798e-05
6.52788e-05
6.52778e-05
6.52768e-05
6.52758e-05
6.52749e-05
6.5274e-05
6.52731e-05
6.52723e-05
6.52715e-05
6.52707e-05
6.52699e-05
6.52692e-05
6.52684e-05
6.52677e-05
6.5267e-05
6.52662e-05
6.52655e-05
6.52647e-05
6.5264e-05
6.52632e-05
6.52623e-05
6.52628e-05
6.54585e-05
6.54619e-05
6.54633e-05
6.54643e-05
6.54652e-05
6.54661e-05
6.5467e-05
6.5468e-05
6.54689e-05
6.54698e-05
6.54706e-05
6.54715e-05
6.54722e-05
6.54729e-05
6.54735e-05
6.54741e-05
6.54745e-05
6.54747e-05
6.54749e-05
6.54749e-05
6.54748e-05
6.54746e-05
6.54743e-05
6.54738e-05
6.54733e-05
6.54726e-05
6.54719e-05
6.54711e-05
6.54702e-05
6.54693e-05
6.54684e-05
6.54674e-05
6.54664e-05
6.54653e-05
6.54643e-05
6.54633e-05
6.54622e-05
6.54612e-05
6.54602e-05
6.54593e-05
6.54583e-05
6.54574e-05
6.54565e-05
6.54557e-05
6.54549e-05
6.54541e-05
6.54533e-05
6.54526e-05
6.54518e-05
6.54511e-05
6.54504e-05
6.54497e-05
6.5449e-05
6.54483e-05
6.54476e-05
6.54468e-05
6.54461e-05
6.54453e-05
6.54459e-05
6.56245e-05
6.56278e-05
6.56291e-05
6.563e-05
6.56309e-05
6.56317e-05
6.56326e-05
6.56334e-05
6.56343e-05
6.56351e-05
6.56359e-05
6.56367e-05
6.56374e-05
6.5638e-05
6.56386e-05
6.5639e-05
6.56394e-05
6.56397e-05
6.56398e-05
6.56398e-05
6.56397e-05
6.56395e-05
6.56392e-05
6.56387e-05
6.56382e-05
6.56376e-05
6.56369e-05
6.56361e-05
6.56353e-05
6.56344e-05
6.56335e-05
6.56325e-05
6.56316e-05
6.56306e-05
6.56296e-05
6.56286e-05
6.56276e-05
6.56266e-05
6.56256e-05
6.56247e-05
6.56238e-05
6.56229e-05
6.5622e-05
6.56212e-05
6.56204e-05
6.56196e-05
6.56189e-05
6.56182e-05
6.56175e-05
6.56168e-05
6.56161e-05
6.56154e-05
6.56147e-05
6.5614e-05
6.56133e-05
6.56126e-05
6.56119e-05
6.56112e-05
6.56119e-05
6.57734e-05
6.57766e-05
6.57778e-05
6.57786e-05
6.57794e-05
6.57801e-05
6.57809e-05
6.57817e-05
6.57825e-05
6.57832e-05
6.5784e-05
6.57847e-05
6.57854e-05
6.57859e-05
6.57865e-05
6.57869e-05
6.57872e-05
6.57875e-05
6.57876e-05
6.57876e-05
6.57875e-05
6.57873e-05
6.5787e-05
6.57866e-05
6.57861e-05
6.57855e-05
6.57848e-05
6.57841e-05
6.57833e-05
6.57824e-05
6.57815e-05
6.57806e-05
6.57797e-05
6.57787e-05
6.57778e-05
6.57768e-05
6.57758e-05
6.57749e-05
6.5774e-05
6.5773e-05
6.57721e-05
6.57713e-05
6.57704e-05
6.57696e-05
6.57689e-05
6.57681e-05
6.57674e-05
6.57667e-05
6.5766e-05
6.57653e-05
6.57647e-05
6.5764e-05
6.57633e-05
6.57627e-05
6.5762e-05
6.57613e-05
6.57607e-05
6.57599e-05
6.57607e-05
6.59051e-05
6.59081e-05
6.59092e-05
6.591e-05
6.59107e-05
6.59114e-05
6.59121e-05
6.59129e-05
6.59136e-05
6.59143e-05
6.5915e-05
6.59156e-05
6.59162e-05
6.59168e-05
6.59172e-05
6.59176e-05
6.5918e-05
6.59182e-05
6.59183e-05
6.59183e-05
6.59182e-05
6.5918e-05
6.59177e-05
6.59173e-05
6.59168e-05
6.59163e-05
6.59156e-05
6.59149e-05
6.59142e-05
6.59134e-05
6.59125e-05
6.59116e-05
6.59107e-05
6.59098e-05
6.59089e-05
6.5908e-05
6.5907e-05
6.59061e-05
6.59052e-05
6.59043e-05
6.59035e-05
6.59026e-05
6.59018e-05
6.5901e-05
6.59003e-05
6.58995e-05
6.58988e-05
6.58981e-05
6.58975e-05
6.58968e-05
6.58961e-05
6.58955e-05
6.58949e-05
6.58942e-05
6.58936e-05
6.58929e-05
6.58923e-05
6.58916e-05
6.58925e-05
6.60197e-05
6.60226e-05
6.60236e-05
6.60243e-05
6.6025e-05
6.60256e-05
6.60262e-05
6.60269e-05
6.60276e-05
6.60282e-05
6.60288e-05
6.60294e-05
6.603e-05
6.60305e-05
6.60309e-05
6.60313e-05
6.60316e-05
6.60318e-05
6.60319e-05
6.60319e-05
6.60318e-05
6.60317e-05
6.60314e-05
6.6031e-05
6.60306e-05
6.603e-05
6.60294e-05
6.60288e-05
6.6028e-05
6.60273e-05
6.60265e-05
6.60256e-05
6.60248e-05
6.60239e-05
6.6023e-05
6.60221e-05
6.60212e-05
6.60203e-05
6.60194e-05
6.60186e-05
6.60177e-05
6.60169e-05
6.60161e-05
6.60154e-05
6.60146e-05
6.60139e-05
6.60132e-05
6.60125e-05
6.60119e-05
6.60112e-05
6.60106e-05
6.601e-05
6.60094e-05
6.60087e-05
6.60081e-05
6.60075e-05
6.60069e-05
6.60062e-05
6.60072e-05
6.61173e-05
6.612e-05
6.6121e-05
6.61216e-05
6.61222e-05
6.61228e-05
6.61234e-05
6.6124e-05
6.61246e-05
6.61251e-05
6.61257e-05
6.61263e-05
6.61268e-05
6.61273e-05
6.61277e-05
6.6128e-05
6.61283e-05
6.61285e-05
6.61286e-05
6.61286e-05
6.61285e-05
6.61283e-05
6.61281e-05
6.61277e-05
6.61273e-05
6.61268e-05
6.61263e-05
6.61256e-05
6.6125e-05
6.61242e-05
6.61235e-05
6.61227e-05
6.61218e-05
6.6121e-05
6.61201e-05
6.61193e-05
6.61184e-05
6.61176e-05
6.61167e-05
6.61159e-05
6.61151e-05
6.61143e-05
6.61135e-05
6.61127e-05
6.6112e-05
6.61113e-05
6.61106e-05
6.611e-05
6.61093e-05
6.61087e-05
6.61081e-05
6.61075e-05
6.61069e-05
6.61063e-05
6.61057e-05
6.61051e-05
6.61045e-05
6.61039e-05
6.6105e-05
6.6198e-05
6.62006e-05
6.62015e-05
6.6202e-05
6.62026e-05
6.62031e-05
6.62036e-05
6.62042e-05
6.62047e-05
6.62052e-05
6.62058e-05
6.62063e-05
6.62067e-05
6.62072e-05
6.62076e-05
6.62079e-05
6.62081e-05
6.62083e-05
6.62084e-05
6.62084e-05
6.62084e-05
6.62082e-05
6.6208e-05
6.62077e-05
6.62073e-05
6.62068e-05
6.62063e-05
6.62057e-05
6.62051e-05
6.62044e-05
6.62037e-05
6.62029e-05
6.62021e-05
6.62013e-05
6.62005e-05
6.61997e-05
6.61988e-05
6.6198e-05
6.61972e-05
6.61964e-05
6.61956e-05
6.61948e-05
6.61941e-05
6.61933e-05
6.61926e-05
6.61919e-05
6.61913e-05
6.61906e-05
6.619e-05
6.61894e-05
6.61888e-05
6.61882e-05
6.61876e-05
6.6187e-05
6.61865e-05
6.61859e-05
6.61853e-05
6.61847e-05
6.61859e-05
6.6262e-05
6.62645e-05
6.62653e-05
6.62658e-05
6.62663e-05
6.62668e-05
6.62672e-05
6.62677e-05
6.62682e-05
6.62687e-05
6.62692e-05
6.62697e-05
6.62701e-05
6.62705e-05
6.62709e-05
6.62712e-05
6.62714e-05
6.62716e-05
6.62717e-05
6.62717e-05
6.62716e-05
6.62715e-05
6.62713e-05
6.6271e-05
6.62706e-05
6.62702e-05
6.62697e-05
6.62692e-05
6.62686e-05
6.62679e-05
6.62673e-05
6.62665e-05
6.62658e-05
6.6265e-05
6.62642e-05
6.62635e-05
6.62627e-05
6.62619e-05
6.62611e-05
6.62603e-05
6.62595e-05
6.62588e-05
6.6258e-05
6.62573e-05
6.62566e-05
6.6256e-05
6.62553e-05
6.62547e-05
6.62541e-05
6.62535e-05
6.62529e-05
6.62523e-05
6.62518e-05
6.62512e-05
6.62506e-05
6.62501e-05
6.62495e-05
6.6249e-05
6.62502e-05
6.63098e-05
6.63121e-05
6.63129e-05
6.63133e-05
6.63137e-05
6.63142e-05
6.63146e-05
6.6315e-05
6.63155e-05
6.63159e-05
6.63164e-05
6.63168e-05
6.63172e-05
6.63175e-05
6.63179e-05
6.63181e-05
6.63184e-05
6.63185e-05
6.63186e-05
6.63187e-05
6.63186e-05
6.63185e-05
6.63183e-05
6.6318e-05
6.63177e-05
6.63173e-05
6.63169e-05
6.63164e-05
6.63158e-05
6.63152e-05
6.63146e-05
6.63139e-05
6.63132e-05
6.63125e-05
6.63117e-05
6.6311e-05
6.63102e-05
6.63095e-05
6.63087e-05
6.63079e-05
6.63072e-05
6.63065e-05
6.63058e-05
6.63051e-05
6.63044e-05
6.63037e-05
6.63031e-05
6.63025e-05
6.63019e-05
6.63013e-05
6.63007e-05
6.63002e-05
6.62996e-05
6.62991e-05
6.62985e-05
6.6298e-05
6.62975e-05
6.6297e-05
6.62982e-05
6.63416e-05
6.63439e-05
6.63445e-05
6.6345e-05
6.63453e-05
6.63457e-05
6.63461e-05
6.63465e-05
6.63469e-05
6.63473e-05
6.63477e-05
6.6348e-05
6.63484e-05
6.63487e-05
6.6349e-05
6.63493e-05
6.63495e-05
6.63497e-05
6.63498e-05
6.63498e-05
6.63498e-05
6.63497e-05
6.63495e-05
6.63493e-05
6.6349e-05
6.63486e-05
6.63482e-05
6.63477e-05
6.63472e-05
6.63467e-05
6.63461e-05
6.63454e-05
6.63448e-05
6.63441e-05
6.63434e-05
6.63427e-05
6.6342e-05
6.63412e-05
6.63405e-05
6.63398e-05
6.6339e-05
6.63383e-05
6.63376e-05
6.6337e-05
6.63363e-05
6.63357e-05
6.63351e-05
6.63344e-05
6.63339e-05
6.63333e-05
6.63327e-05
6.63322e-05
6.63316e-05
6.63311e-05
6.63306e-05
6.63301e-05
6.63296e-05
6.63291e-05
6.63303e-05
6.63582e-05
6.63603e-05
6.63609e-05
6.63613e-05
6.63616e-05
6.63619e-05
6.63623e-05
6.63626e-05
6.6363e-05
6.63633e-05
6.63637e-05
6.6364e-05
6.63644e-05
6.63647e-05
6.63649e-05
6.63652e-05
6.63654e-05
6.63655e-05
6.63656e-05
6.63657e-05
6.63657e-05
6.63656e-05
6.63654e-05
6.63652e-05
6.6365e-05
6.63646e-05
6.63643e-05
6.63638e-05
6.63634e-05
6.63629e-05
6.63623e-05
6.63617e-05
6.63611e-05
6.63604e-05
6.63598e-05
6.63591e-05
6.63584e-05
6.63577e-05
6.6357e-05
6.63563e-05
6.63556e-05
6.63549e-05
6.63543e-05
6.63536e-05
6.6353e-05
6.63523e-05
6.63517e-05
6.63511e-05
6.63506e-05
6.635e-05
6.63495e-05
6.63489e-05
6.63484e-05
6.63479e-05
6.63474e-05
6.63469e-05
6.63464e-05
6.63459e-05
6.63472e-05
6.63601e-05
6.63621e-05
6.63627e-05
6.6363e-05
6.63633e-05
6.63636e-05
6.63639e-05
6.63642e-05
6.63645e-05
6.63648e-05
6.63652e-05
6.63655e-05
6.63658e-05
6.6366e-05
6.63663e-05
6.63665e-05
6.63667e-05
6.63669e-05
6.63669e-05
6.6367e-05
6.6367e-05
6.63669e-05
6.63668e-05
6.63666e-05
6.63664e-05
6.63661e-05
6.63658e-05
6.63654e-05
6.63649e-05
6.63645e-05
6.63639e-05
6.63634e-05
6.63628e-05
6.63622e-05
6.63616e-05
6.63609e-05
6.63603e-05
6.63596e-05
6.63589e-05
6.63583e-05
6.63576e-05
6.6357e-05
6.63563e-05
6.63557e-05
6.6355e-05
6.63544e-05
6.63538e-05
6.63533e-05
6.63527e-05
6.63521e-05
6.63516e-05
6.63511e-05
6.63506e-05
6.63501e-05
6.63496e-05
6.63491e-05
6.63486e-05
6.63482e-05
6.63495e-05
6.63484e-05
6.63503e-05
6.63508e-05
6.63511e-05
6.63513e-05
6.63516e-05
6.63518e-05
6.63521e-05
6.63524e-05
6.63527e-05
6.6353e-05
6.63532e-05
6.63535e-05
6.63538e-05
6.6354e-05
6.63542e-05
6.63544e-05
6.63545e-05
6.63546e-05
6.63546e-05
6.63546e-05
6.63546e-05
6.63545e-05
6.63543e-05
6.63541e-05
6.63539e-05
6.63536e-05
6.63532e-05
6.63528e-05
6.63524e-05
6.63519e-05
6.63514e-05
6.63509e-05
6.63503e-05
6.63497e-05
6.63491e-05
6.63485e-05
6.63478e-05
6.63472e-05
6.63466e-05
6.63459e-05
6.63453e-05
6.63447e-05
6.6344e-05
6.63434e-05
6.63428e-05
6.63423e-05
6.63417e-05
6.63412e-05
6.63406e-05
6.63401e-05
6.63396e-05
6.63391e-05
6.63386e-05
6.63381e-05
6.63377e-05
6.63372e-05
6.63368e-05
6.63381e-05
6.6324e-05
6.63258e-05
6.63263e-05
6.63265e-05
6.63267e-05
6.6327e-05
6.63272e-05
6.63274e-05
6.63277e-05
6.63279e-05
6.63282e-05
6.63284e-05
6.63287e-05
6.63289e-05
6.63291e-05
6.63293e-05
6.63294e-05
6.63296e-05
6.63297e-05
6.63297e-05
6.63297e-05
6.63297e-05
6.63296e-05
6.63295e-05
6.63293e-05
6.63291e-05
6.63288e-05
6.63285e-05
6.63281e-05
6.63277e-05
6.63273e-05
6.63268e-05
6.63263e-05
6.63258e-05
6.63252e-05
6.63246e-05
6.63241e-05
6.63235e-05
6.63229e-05
6.63222e-05
6.63216e-05
6.6321e-05
6.63204e-05
6.63198e-05
6.63192e-05
6.63186e-05
6.63181e-05
6.63175e-05
6.6317e-05
6.63165e-05
6.6316e-05
6.63155e-05
6.6315e-05
6.63145e-05
6.63141e-05
6.63136e-05
6.63132e-05
6.63128e-05
6.63141e-05
6.62883e-05
6.629e-05
6.62904e-05
6.62907e-05
6.62908e-05
6.6291e-05
6.62912e-05
6.62914e-05
6.62916e-05
6.62918e-05
6.6292e-05
6.62923e-05
6.62925e-05
6.62927e-05
6.62929e-05
6.6293e-05
6.62932e-05
6.62933e-05
6.62934e-05
6.62934e-05
6.62935e-05
6.62934e-05
6.62934e-05
6.62933e-05
6.62931e-05
6.62929e-05
6.62927e-05
6.62924e-05
6.6292e-05
6.62917e-05
6.62913e-05
6.62909e-05
6.62904e-05
6.62899e-05
6.62894e-05
6.62888e-05
6.62883e-05
6.62877e-05
6.62871e-05
6.62866e-05
6.6286e-05
6.62854e-05
6.62848e-05
6.62842e-05
6.62837e-05
6.62831e-05
6.62826e-05
6.6282e-05
6.62815e-05
6.6281e-05
6.62805e-05
6.628e-05
6.62795e-05
6.62791e-05
6.62786e-05
6.62782e-05
6.62778e-05
6.62774e-05
6.62787e-05
6.62427e-05
6.62443e-05
6.62447e-05
6.62449e-05
6.62451e-05
6.62452e-05
6.62454e-05
6.62455e-05
6.62457e-05
6.62459e-05
6.62461e-05
6.62463e-05
6.62465e-05
6.62467e-05
6.62468e-05
6.6247e-05
6.62471e-05
6.62472e-05
6.62473e-05
6.62473e-05
6.62474e-05
6.62473e-05
6.62473e-05
6.62472e-05
6.62471e-05
6.62469e-05
6.62467e-05
6.62464e-05
6.62461e-05
6.62458e-05
6.62454e-05
6.6245e-05
6.62446e-05
6.62441e-05
6.62437e-05
6.62432e-05
6.62426e-05
6.62421e-05
6.62416e-05
6.6241e-05
6.62404e-05
6.62399e-05
6.62393e-05
6.62388e-05
6.62382e-05
6.62377e-05
6.62371e-05
6.62366e-05
6.62361e-05
6.62356e-05
6.62351e-05
6.62347e-05
6.62342e-05
6.62338e-05
6.62333e-05
6.62329e-05
6.62325e-05
6.62321e-05
6.62334e-05
6.6189e-05
6.61905e-05
6.61909e-05
6.6191e-05
6.61912e-05
6.61913e-05
6.61914e-05
6.61916e-05
6.61917e-05
6.61919e-05
6.6192e-05
6.61922e-05
6.61923e-05
6.61925e-05
6.61926e-05
6.61928e-05
6.61929e-05
6.6193e-05
6.61931e-05
6.61931e-05
6.61931e-05
6.61931e-05
6.61931e-05
6.6193e-05
6.61929e-05
6.61927e-05
6.61925e-05
6.61923e-05
6.6192e-05
6.61917e-05
6.61914e-05
6.6191e-05
6.61906e-05
6.61902e-05
6.61898e-05
6.61893e-05
6.61888e-05
6.61883e-05
6.61878e-05
6.61873e-05
6.61867e-05
6.61862e-05
6.61857e-05
6.61851e-05
6.61846e-05
6.61841e-05
6.61836e-05
6.61831e-05
6.61826e-05
6.61821e-05
6.61816e-05
6.61812e-05
6.61807e-05
6.61803e-05
6.61799e-05
6.61795e-05
6.61791e-05
6.61787e-05
6.61799e-05
6.6129e-05
6.61305e-05
6.61308e-05
6.61309e-05
6.6131e-05
6.61311e-05
6.61312e-05
6.61314e-05
6.61315e-05
6.61316e-05
6.61317e-05
6.61319e-05
6.6132e-05
6.61321e-05
6.61323e-05
6.61324e-05
6.61325e-05
6.61326e-05
6.61326e-05
6.61327e-05
6.61327e-05
6.61327e-05
6.61326e-05
6.61326e-05
6.61325e-05
6.61323e-05
6.61321e-05
6.61319e-05
6.61317e-05
6.61314e-05
6.61311e-05
6.61308e-05
6.61304e-05
6.613e-05
6.61296e-05
6.61292e-05
6.61287e-05
6.61283e-05
6.61278e-05
6.61273e-05
6.61268e-05
6.61262e-05
6.61257e-05
6.61252e-05
6.61247e-05
6.61242e-05
6.61237e-05
6.61232e-05
6.61228e-05
6.61223e-05
6.61218e-05
6.61214e-05
6.6121e-05
6.61205e-05
6.61201e-05
6.61197e-05
6.61194e-05
6.6119e-05
6.61202e-05
6.6065e-05
6.60664e-05
6.60667e-05
6.60668e-05
6.60668e-05
6.60669e-05
6.6067e-05
6.60671e-05
6.60672e-05
6.60673e-05
6.60674e-05
6.60675e-05
6.60676e-05
6.60677e-05
6.60678e-05
6.60679e-05
6.6068e-05
6.6068e-05
6.60681e-05
6.60681e-05
6.60682e-05
6.60681e-05
6.60681e-05
6.6068e-05
6.6068e-05
6.60678e-05
6.60677e-05
6.60675e-05
6.60673e-05
6.6067e-05
6.60667e-05
6.60664e-05
6.60661e-05
6.60657e-05
6.60654e-05
6.60649e-05
6.60645e-05
6.60641e-05
6.60636e-05
6.60631e-05
6.60627e-05
6.60622e-05
6.60617e-05
6.60612e-05
6.60607e-05
6.60602e-05
6.60598e-05
6.60593e-05
6.60588e-05
6.60584e-05
6.60579e-05
6.60575e-05
6.60571e-05
6.60567e-05
6.60563e-05
6.60559e-05
6.60555e-05
6.60552e-05
6.60564e-05
6.59992e-05
6.60005e-05
6.60008e-05
6.60009e-05
6.60009e-05
6.6001e-05
6.6001e-05
6.60011e-05
6.60011e-05
6.60012e-05
6.60013e-05
6.60014e-05
6.60015e-05
6.60015e-05
6.60016e-05
6.60017e-05
6.60018e-05
6.60018e-05
6.60019e-05
6.60019e-05
6.60019e-05
6.60019e-05
6.60018e-05
6.60018e-05
6.60017e-05
6.60016e-05
6.60014e-05
6.60013e-05
6.60011e-05
6.60009e-05
6.60006e-05
6.60003e-05
6.6e-05
6.59997e-05
6.59993e-05
6.59989e-05
6.59985e-05
6.59981e-05
6.59977e-05
6.59972e-05
6.59968e-05
6.59963e-05
6.59959e-05
6.59954e-05
6.59949e-05
6.59945e-05
6.5994e-05
6.59936e-05
6.59931e-05
6.59927e-05
6.59923e-05
6.59918e-05
6.59914e-05
6.5991e-05
6.59907e-05
6.59903e-05
6.59899e-05
6.59896e-05
6.59908e-05
6.59343e-05
6.59355e-05
6.59357e-05
6.59358e-05
6.59358e-05
6.59358e-05
6.59358e-05
6.59359e-05
6.59359e-05
6.59359e-05
6.5936e-05
6.59361e-05
6.59361e-05
6.59362e-05
6.59362e-05
6.59363e-05
6.59363e-05
6.59364e-05
6.59364e-05
6.59364e-05
6.59364e-05
6.59364e-05
6.59364e-05
6.59363e-05
6.59362e-05
6.59361e-05
6.5936e-05
6.59358e-05
6.59357e-05
6.59354e-05
6.59352e-05
6.59349e-05
6.59347e-05
6.59343e-05
6.5934e-05
6.59336e-05
6.59333e-05
6.59329e-05
6.59325e-05
6.59321e-05
6.59316e-05
6.59312e-05
6.59308e-05
6.59303e-05
6.59299e-05
6.59294e-05
6.5929e-05
6.59286e-05
6.59281e-05
6.59277e-05
6.59273e-05
6.59269e-05
6.59265e-05
6.59261e-05
6.59258e-05
6.59254e-05
6.59251e-05
6.59248e-05
6.59259e-05
6.58728e-05
6.5874e-05
6.58742e-05
6.58742e-05
6.58742e-05
6.58742e-05
6.58741e-05
6.58741e-05
6.58741e-05
6.58742e-05
6.58742e-05
6.58742e-05
6.58742e-05
6.58743e-05
6.58743e-05
6.58744e-05
6.58744e-05
6.58744e-05
6.58744e-05
6.58744e-05
6.58744e-05
6.58744e-05
6.58744e-05
6.58743e-05
6.58742e-05
6.58741e-05
6.5874e-05
6.58739e-05
6.58737e-05
6.58735e-05
6.58733e-05
6.5873e-05
6.58727e-05
6.58724e-05
6.58721e-05
6.58718e-05
6.58714e-05
6.58711e-05
6.58707e-05
6.58703e-05
6.58699e-05
6.58695e-05
6.58691e-05
6.58686e-05
6.58682e-05
6.58678e-05
6.58674e-05
6.5867e-05
6.58666e-05
6.58662e-05
6.58658e-05
6.58654e-05
6.5865e-05
6.58646e-05
6.58643e-05
6.58639e-05
6.58636e-05
6.58633e-05
6.58644e-05
6.58177e-05
6.58187e-05
6.58189e-05
6.58188e-05
6.58188e-05
6.58187e-05
6.58186e-05
6.58186e-05
6.58186e-05
6.58186e-05
6.58186e-05
6.58186e-05
6.58186e-05
6.58187e-05
6.58187e-05
6.58187e-05
6.58187e-05
6.58187e-05
6.58187e-05
6.58187e-05
6.58187e-05
6.58187e-05
6.58186e-05
6.58186e-05
6.58185e-05
6.58184e-05
6.58182e-05
6.58181e-05
6.58179e-05
6.58177e-05
6.58175e-05
6.58173e-05
6.5817e-05
6.58167e-05
6.58164e-05
6.58161e-05
6.58158e-05
6.58155e-05
6.58151e-05
6.58147e-05
6.58143e-05
6.58139e-05
6.58135e-05
6.58131e-05
6.58127e-05
6.58123e-05
6.5812e-05
6.58116e-05
6.58112e-05
6.58108e-05
6.58104e-05
6.581e-05
6.58097e-05
6.58093e-05
6.5809e-05
6.58087e-05
6.58084e-05
6.58081e-05
6.58091e-05
6.57716e-05
6.57726e-05
6.57726e-05
6.57725e-05
6.57724e-05
6.57723e-05
6.57722e-05
6.57721e-05
6.57721e-05
6.57721e-05
6.57721e-05
6.57721e-05
6.57721e-05
6.57721e-05
6.57721e-05
6.57721e-05
6.57721e-05
6.57721e-05
6.57721e-05
6.57721e-05
6.5772e-05
6.5772e-05
6.57719e-05
6.57719e-05
6.57718e-05
6.57717e-05
6.57715e-05
6.57714e-05
6.57712e-05
6.5771e-05
6.57708e-05
6.57706e-05
6.57704e-05
6.57701e-05
6.57698e-05
6.57695e-05
6.57692e-05
6.57688e-05
6.57685e-05
6.57682e-05
6.57678e-05
6.57674e-05
6.5767e-05
6.57667e-05
6.57663e-05
6.57659e-05
6.57655e-05
6.57652e-05
6.57648e-05
6.57644e-05
6.57641e-05
6.57637e-05
6.57634e-05
6.5763e-05
6.57627e-05
6.57624e-05
6.57621e-05
6.57619e-05
6.57629e-05
6.57375e-05
6.57382e-05
6.57381e-05
6.57379e-05
6.57378e-05
6.57377e-05
6.57376e-05
6.57375e-05
6.57375e-05
6.57375e-05
6.57374e-05
6.57374e-05
6.57374e-05
6.57374e-05
6.57374e-05
6.57374e-05
6.57374e-05
6.57374e-05
6.57373e-05
6.57373e-05
6.57373e-05
6.57372e-05
6.57371e-05
6.5737e-05
6.57369e-05
6.57368e-05
6.57367e-05
6.57365e-05
6.57364e-05
6.57362e-05
6.5736e-05
6.57357e-05
6.57355e-05
6.57352e-05
6.5735e-05
6.57347e-05
6.57344e-05
6.57341e-05
6.57337e-05
6.57334e-05
6.57331e-05
6.57327e-05
6.57323e-05
6.5732e-05
6.57316e-05
6.57313e-05
6.57309e-05
6.57306e-05
6.57302e-05
6.57299e-05
6.57295e-05
6.57292e-05
6.57289e-05
6.57286e-05
6.57283e-05
6.5728e-05
6.57277e-05
6.57274e-05
6.57284e-05
6.57178e-05
6.57182e-05
6.5718e-05
6.57178e-05
6.57176e-05
6.57175e-05
6.57174e-05
6.57174e-05
6.57174e-05
6.57174e-05
6.57173e-05
6.57173e-05
6.57173e-05
6.57173e-05
6.57173e-05
6.57173e-05
6.57172e-05
6.57172e-05
6.57171e-05
6.57171e-05
6.5717e-05
6.5717e-05
6.57169e-05
6.57168e-05
6.57167e-05
6.57165e-05
6.57164e-05
6.57162e-05
6.5716e-05
6.57158e-05
6.57156e-05
6.57154e-05
6.57152e-05
6.57149e-05
6.57146e-05
6.57144e-05
6.57141e-05
6.57138e-05
6.57134e-05
6.57131e-05
6.57128e-05
6.57125e-05
6.57121e-05
6.57118e-05
6.57114e-05
6.57111e-05
6.57108e-05
6.57104e-05
6.57101e-05
6.57098e-05
6.57095e-05
6.57092e-05
6.57089e-05
6.57086e-05
6.57083e-05
6.5708e-05
6.57077e-05
6.57075e-05
6.57084e-05
6.57148e-05
6.57148e-05
6.57145e-05
6.57144e-05
6.57143e-05
6.57143e-05
6.57143e-05
6.57143e-05
6.57142e-05
6.57142e-05
6.57142e-05
6.57142e-05
6.57142e-05
6.57142e-05
6.57141e-05
6.57141e-05
6.5714e-05
6.5714e-05
6.57139e-05
6.57139e-05
6.57138e-05
6.57137e-05
6.57136e-05
6.57134e-05
6.57133e-05
6.57132e-05
6.5713e-05
6.57128e-05
6.57126e-05
6.57124e-05
6.57122e-05
6.5712e-05
6.57117e-05
6.57115e-05
6.57112e-05
6.57109e-05
6.57107e-05
6.57104e-05
6.57101e-05
6.57098e-05
6.57094e-05
6.57091e-05
6.57088e-05
6.57085e-05
6.57082e-05
6.57079e-05
6.57075e-05
6.57072e-05
6.57069e-05
6.57066e-05
6.57063e-05
6.5706e-05
6.57057e-05
6.57055e-05
6.57052e-05
6.57049e-05
6.57047e-05
6.57045e-05
6.57052e-05
)
;

boundaryField
{
    bottomWall
    {
        type            kqRWallFunction;
        value           nonuniform 0();
    }
    topWall
    {
        type            kqRWallFunction;
        value           nonuniform 0();
    }
    sides1_half0
    {
        type            cyclic;
    }
    sides1_half1
    {
        type            cyclic;
    }
    sides2_half0
    {
        type            cyclic;
    }
    sides2_half1
    {
        type            cyclic;
    }
    inout1_half0
    {
        type            cyclic;
    }
    inout1_half1
    {
        type            cyclic;
    }
    inout2_half0
    {
        type            cyclic;
    }
    inout2_half1
    {
        type            cyclic;
    }
    procBoundary4to2
    {
        type            processor;
        value           nonuniform List<scalar> 
59
(
6.57238e-05
6.57247e-05
6.57251e-05
6.57252e-05
6.57253e-05
6.57253e-05
6.57254e-05
6.57254e-05
6.57254e-05
6.57254e-05
6.57254e-05
6.57254e-05
6.57253e-05
6.57253e-05
6.57252e-05
6.57252e-05
6.57251e-05
6.57251e-05
6.5725e-05
6.57249e-05
6.57248e-05
6.57247e-05
6.57245e-05
6.57244e-05
6.57243e-05
6.57241e-05
6.57239e-05
6.57237e-05
6.57235e-05
6.57233e-05
6.57231e-05
6.57228e-05
6.57226e-05
6.57223e-05
6.57221e-05
6.57218e-05
6.57215e-05
6.57212e-05
6.57209e-05
6.57206e-05
6.57203e-05
6.572e-05
6.57197e-05
6.57194e-05
6.57191e-05
6.57189e-05
6.57186e-05
6.57183e-05
6.5718e-05
6.57177e-05
6.57174e-05
6.57172e-05
6.57169e-05
6.57166e-05
6.57164e-05
6.57161e-05
6.57159e-05
6.57157e-05
6.57158e-05
)
;
    }
    procBoundary4to3
    {
        type            processor;
        value           nonuniform List<scalar> 
63
(
7.20444e-05
7.20193e-05
7.20077e-05
7.20004e-05
7.1995e-05
7.19905e-05
7.19869e-05
7.1984e-05
7.19816e-05
7.19798e-05
7.19785e-05
7.19776e-05
7.1977e-05
7.19768e-05
7.1977e-05
7.19775e-05
7.19783e-05
7.19794e-05
7.19807e-05
7.19824e-05
7.19844e-05
7.19866e-05
7.19892e-05
7.19919e-05
7.19949e-05
7.19981e-05
7.20015e-05
7.20051e-05
7.20088e-05
7.20127e-05
7.20166e-05
7.20206e-05
7.20247e-05
7.20287e-05
7.20329e-05
7.20369e-05
7.20412e-05
7.20435e-05
6.85367e-05
6.85227e-05
6.85227e-05
6.84972e-05
6.84972e-05
6.85166e-05
6.54157e-05
6.54138e-05
6.54138e-05
6.53984e-05
6.53984e-05
6.5421e-05
6.54386e-05
6.54516e-05
6.54623e-05
6.54716e-05
6.548e-05
6.54876e-05
6.54946e-05
6.5501e-05
6.55068e-05
6.55122e-05
6.55172e-05
6.55212e-05
6.55276e-05
)
;
    }
    procBoundary4to5
    {
        type            processor;
        value           nonuniform List<scalar> 
132
(
6.27159e-05
6.27861e-05
6.04742e-05
6.05361e-05
5.86293e-05
5.86899e-05
5.71621e-05
5.72246e-05
5.60432e-05
5.61089e-05
5.5237e-05
5.53064e-05
5.47045e-05
5.47775e-05
5.44059e-05
5.4482e-05
5.43025e-05
5.43811e-05
5.43587e-05
5.44388e-05
5.45422e-05
5.46231e-05
5.48251e-05
5.4906e-05
5.51837e-05
5.52638e-05
5.55982e-05
5.56767e-05
5.60523e-05
5.61287e-05
5.65328e-05
5.66066e-05
5.70293e-05
5.71001e-05
5.75333e-05
5.76009e-05
5.80385e-05
5.81027e-05
5.85398e-05
5.86005e-05
5.90334e-05
5.90905e-05
5.95164e-05
5.95698e-05
5.99867e-05
6.00365e-05
6.04426e-05
6.0489e-05
6.0883e-05
6.09261e-05
6.13073e-05
6.13472e-05
6.17148e-05
6.17517e-05
6.21053e-05
6.21393e-05
6.24785e-05
6.25099e-05
6.28345e-05
6.28633e-05
6.3173e-05
6.31996e-05
6.34943e-05
6.35187e-05
6.37983e-05
6.38207e-05
6.4085e-05
6.41057e-05
6.43545e-05
6.43736e-05
6.46069e-05
6.46245e-05
6.48421e-05
6.48583e-05
6.50601e-05
6.50751e-05
6.5261e-05
6.52749e-05
6.54447e-05
6.54577e-05
6.56112e-05
6.56233e-05
6.57605e-05
6.57719e-05
6.58926e-05
6.59033e-05
6.60076e-05
6.60177e-05
6.61056e-05
6.61151e-05
6.61867e-05
6.61957e-05
6.62512e-05
6.62597e-05
6.62993e-05
6.63075e-05
6.63315e-05
6.63393e-05
6.63484e-05
6.63559e-05
6.63507e-05
6.63579e-05
6.63394e-05
6.63462e-05
6.63153e-05
6.63219e-05
6.628e-05
6.62862e-05
6.62347e-05
6.62406e-05
6.61813e-05
6.61869e-05
6.61217e-05
6.61269e-05
6.6058e-05
6.60627e-05
6.59926e-05
6.59968e-05
6.59279e-05
6.59317e-05
6.58668e-05
6.587e-05
6.58119e-05
6.58144e-05
6.57661e-05
6.57679e-05
6.57322e-05
6.57332e-05
6.57129e-05
6.57128e-05
6.57105e-05
6.57091e-05
)
;
    }
}


// ************************************************************************* //
