/*--------------------------------*- C++ -*----------------------------------*\
  =========                 |
  \\      /  F ield         | OpenFOAM: The Open Source CFD Toolbox
   \\    /   O peration     | Website:  https://openfoam.org
    \\  /    A nd           | Version:  7
     \\/     M anipulation  |
\*---------------------------------------------------------------------------*/
FoamFile
{
    version     2.0;
    format      ascii;
    class       volScalarField;
    location    "2500";
    object      k;
}
// * * * * * * * * * * * * * * * * * * * * * * * * * * * * * * * * * * * * * //

dimensions      [0 2 -2 0 0 0 0];

internalField   nonuniform List<scalar> 
4037
(
0.000156935
0.000156936
0.000156937
0.000156937
0.000156938
0.000156939
0.00015694
0.00015694
0.000156941
0.000156941
0.000156942
0.000156943
0.000156943
0.000156944
0.000156944
0.000156945
0.000156946
0.000156946
0.000156947
0.000156947
0.000156948
0.000156948
0.000156949
0.000156949
0.00015695
0.00015695
0.000156951
0.000156952
0.000156952
0.000156953
0.000156953
0.000156954
0.000156954
0.000156955
0.000156955
0.000156955
0.000156956
0.000156956
0.000156957
0.000156957
0.000156958
0.000156958
0.000156958
0.000156959
0.000156959
0.00015696
0.00015696
0.00015696
0.000156961
0.000156961
0.000156961
0.000156961
0.000156962
0.000156962
0.000156962
0.000156962
0.000156963
0.000156963
0.000156963
0.000156963
0.000156963
0.000156963
0.000156963
0.000156963
0.000156963
0.000156963
0.000156963
0.000156963
0.000156963
0.000156963
0.000156963
0.000156963
0.000156963
0.000156963
0.000156963
0.000156963
0.000156963
0.000157933
0.00015793
0.000157929
0.000157928
0.000157927
0.000157927
0.000157926
0.000157926
0.000157925
0.000157925
0.000157925
0.000157924
0.000157924
0.000157924
0.000157924
0.000157924
0.000157924
0.000157924
0.000157924
0.000157924
0.000157924
0.000157924
0.000157925
0.000157925
0.000157929
0.000157932
0.000157933
0.000157934
0.000157935
0.000157936
0.000157937
0.000157938
0.000157939
0.000157939
0.00015794
0.000157941
0.000157941
0.000157942
0.000157943
0.000157943
0.000157944
0.000157944
0.000157945
0.000157946
0.000157946
0.000157947
0.000157947
0.000157948
0.000157948
0.000157949
0.00015795
0.00015795
0.000157951
0.000157951
0.000157952
0.000157952
0.000157953
0.000157953
0.000157954
0.000157954
0.000157955
0.000157955
0.000157955
0.000157956
0.000157956
0.000157957
0.000157957
0.000157957
0.000157958
0.000157958
0.000157958
0.000157959
0.000157959
0.000157959
0.00015796
0.00015796
0.00015796
0.00015796
0.000157961
0.000157961
0.000157961
0.000157961
0.000157961
0.000157961
0.000157961
0.000157962
0.000157962
0.000157962
0.000157962
0.000157962
0.000157962
0.000157962
0.000157962
0.000157962
0.000157962
0.000157962
0.000157961
0.000157961
0.000157961
0.000157961
0.000157962
0.000157953
0.000157951
0.00015795
0.000157949
0.000157949
0.000157948
0.000157948
0.000157947
0.000157947
0.000157946
0.000157945
0.000157945
0.000157944
0.000157944
0.000157943
0.000157943
0.000157942
0.000157941
0.000157942
0.000158823
0.00015882
0.000158819
0.000158818
0.000158817
0.000158816
0.000158816
0.000158815
0.000158815
0.000158814
0.000158814
0.000158813
0.000158813
0.000158813
0.000158813
0.000158813
0.000158813
0.000158813
0.000158813
0.000158813
0.000158814
0.000158814
0.000158814
0.000158814
0.000158816
0.000158819
0.00015882
0.000158822
0.000158823
0.000158824
0.000158825
0.000158825
0.000158826
0.000158827
0.000158828
0.000158829
0.000158829
0.00015883
0.000158831
0.000158831
0.000158832
0.000158833
0.000158833
0.000158834
0.000158835
0.000158835
0.000158836
0.000158836
0.000158837
0.000158837
0.000158838
0.000158839
0.000158839
0.00015884
0.00015884
0.000158841
0.000158841
0.000158842
0.000158842
0.000158843
0.000158843
0.000158843
0.000158844
0.000158844
0.000158845
0.000158845
0.000158846
0.000158846
0.000158846
0.000158847
0.000158847
0.000158847
0.000158848
0.000158848
0.000158848
0.000158848
0.000158849
0.000158849
0.000158849
0.000158849
0.000158849
0.000158849
0.00015885
0.00015885
0.00015885
0.00015885
0.00015885
0.00015885
0.00015885
0.00015885
0.00015885
0.00015885
0.00015885
0.00015885
0.00015885
0.00015885
0.00015885
0.00015885
0.000158849
0.000158849
0.00015885
0.000158846
0.000158843
0.000158841
0.00015884
0.000158839
0.000158839
0.000158838
0.000158837
0.000158837
0.000158836
0.000158835
0.000158835
0.000158834
0.000158834
0.000158833
0.000158832
0.000158832
0.000158831
0.000158832
0.000159597
0.000159594
0.000159592
0.000159591
0.00015959
0.000159589
0.000159588
0.000159587
0.000159587
0.000159586
0.000159586
0.000159586
0.000159585
0.000159585
0.000159585
0.000159585
0.000159585
0.000159585
0.000159586
0.000159586
0.000159586
0.000159586
0.000159586
0.000159587
0.000159588
0.000159589
0.000159591
0.000159592
0.000159593
0.000159594
0.000159595
0.000159596
0.000159597
0.000159598
0.000159599
0.0001596
0.0001596
0.000159601
0.000159602
0.000159603
0.000159603
0.000159604
0.000159605
0.000159605
0.000159606
0.000159606
0.000159607
0.000159608
0.000159608
0.000159609
0.000159609
0.00015961
0.000159611
0.000159611
0.000159612
0.000159612
0.000159613
0.000159613
0.000159614
0.000159614
0.000159614
0.000159615
0.000159615
0.000159616
0.000159616
0.000159616
0.000159617
0.000159617
0.000159618
0.000159618
0.000159618
0.000159619
0.000159619
0.000159619
0.000159619
0.00015962
0.00015962
0.00015962
0.00015962
0.00015962
0.000159621
0.000159621
0.000159621
0.000159621
0.000159621
0.000159621
0.000159621
0.000159621
0.000159621
0.000159621
0.000159621
0.000159621
0.000159621
0.000159621
0.000159621
0.000159621
0.000159621
0.000159621
0.00015962
0.00015962
0.000159621
0.000159619
0.000159617
0.000159615
0.000159614
0.000159613
0.000159612
0.000159611
0.00015961
0.00015961
0.000159609
0.000159608
0.000159608
0.000159607
0.000159606
0.000159606
0.000159605
0.000159605
0.000159604
0.000159605
0.000160245
0.000160242
0.00016024
0.000160239
0.000160237
0.000160236
0.000160235
0.000160235
0.000160234
0.000160234
0.000160233
0.000160233
0.000160233
0.000160232
0.000160232
0.000160232
0.000160232
0.000160233
0.000160233
0.000160233
0.000160233
0.000160233
0.000160234
0.000160234
0.000160235
0.000160236
0.000160237
0.000160238
0.000160239
0.00016024
0.000160241
0.000160242
0.000160243
0.000160244
0.000160245
0.000160246
0.000160247
0.000160247
0.000160248
0.000160249
0.00016025
0.00016025
0.000160251
0.000160252
0.000160252
0.000160253
0.000160254
0.000160254
0.000160255
0.000160255
0.000160256
0.000160256
0.000160257
0.000160258
0.000160258
0.000160259
0.000160259
0.00016026
0.00016026
0.00016026
0.000160261
0.000160261
0.000160262
0.000160262
0.000160263
0.000160263
0.000160263
0.000160264
0.000160264
0.000160264
0.000160265
0.000160265
0.000160265
0.000160265
0.000160266
0.000160266
0.000160266
0.000160266
0.000160267
0.000160267
0.000160267
0.000160267
0.000160267
0.000160267
0.000160267
0.000160267
0.000160267
0.000160267
0.000160267
0.000160267
0.000160267
0.000160267
0.000160267
0.000160267
0.000160267
0.000160267
0.000160267
0.000160267
0.000160267
0.000160266
0.000160266
0.000160266
0.000160264
0.000160263
0.000160262
0.000160261
0.00016026
0.000160259
0.000160258
0.000160257
0.000160257
0.000160256
0.000160255
0.000160255
0.000160254
0.000160253
0.000160253
0.000160252
0.000160251
0.000160252
0.000160759
0.000160756
0.000160754
0.000160752
0.000160751
0.00016075
0.000160749
0.000160748
0.000160747
0.000160747
0.000160746
0.000160746
0.000160746
0.000160745
0.000160745
0.000160745
0.000160746
0.000160746
0.000160746
0.000160746
0.000160746
0.000160747
0.000160747
0.000160747
0.000160748
0.000160749
0.00016075
0.000160751
0.000160752
0.000160753
0.000160754
0.000160755
0.000160756
0.000160756
0.000160757
0.000160758
0.000160759
0.00016076
0.000160761
0.000160761
0.000160762
0.000160763
0.000160764
0.000160764
0.000160765
0.000160766
0.000160766
0.000160767
0.000160767
0.000160768
0.000160769
0.000160769
0.00016077
0.00016077
0.000160771
0.000160771
0.000160772
0.000160772
0.000160773
0.000160773
0.000160774
0.000160774
0.000160774
0.000160775
0.000160775
0.000160776
0.000160776
0.000160776
0.000160777
0.000160777
0.000160777
0.000160777
0.000160778
0.000160778
0.000160778
0.000160778
0.000160779
0.000160779
0.000160779
0.000160779
0.000160779
0.000160779
0.000160779
0.00016078
0.00016078
0.00016078
0.00016078
0.00016078
0.00016078
0.00016078
0.00016078
0.00016078
0.00016078
0.000160779
0.000160779
0.000160779
0.000160779
0.000160779
0.000160779
0.000160779
0.000160779
0.000160778
0.000160777
0.000160776
0.000160775
0.000160774
0.000160773
0.000160773
0.000160772
0.000160771
0.00016077
0.00016077
0.000160769
0.000160768
0.000160768
0.000160767
0.000160766
0.000160766
0.000160765
0.000160766
0.000161128
0.000161125
0.000161123
0.000161121
0.00016112
0.000161119
0.000161117
0.000161117
0.000161116
0.000161115
0.000161115
0.000161115
0.000161114
0.000161114
0.000161114
0.000161114
0.000161114
0.000161115
0.000161115
0.000161115
0.000161115
0.000161116
0.000161116
0.000161116
0.000161117
0.000161117
0.000161118
0.000161119
0.00016112
0.000161121
0.000161122
0.000161123
0.000161124
0.000161125
0.000161126
0.000161126
0.000161127
0.000161128
0.000161129
0.00016113
0.00016113
0.000161131
0.000161132
0.000161133
0.000161133
0.000161134
0.000161135
0.000161135
0.000161136
0.000161136
0.000161137
0.000161137
0.000161138
0.000161139
0.000161139
0.00016114
0.00016114
0.000161141
0.000161141
0.000161141
0.000161142
0.000161142
0.000161143
0.000161143
0.000161143
0.000161144
0.000161144
0.000161144
0.000161145
0.000161145
0.000161145
0.000161146
0.000161146
0.000161146
0.000161146
0.000161146
0.000161147
0.000161147
0.000161147
0.000161147
0.000161147
0.000161147
0.000161147
0.000161148
0.000161148
0.000161148
0.000161148
0.000161148
0.000161148
0.000161148
0.000161148
0.000161148
0.000161147
0.000161147
0.000161147
0.000161147
0.000161147
0.000161147
0.000161147
0.000161147
0.000161146
0.000161146
0.000161146
0.000161145
0.000161144
0.000161143
0.000161143
0.000161142
0.000161141
0.00016114
0.00016114
0.000161139
0.000161138
0.000161137
0.000161137
0.000161136
0.000161136
0.000161135
0.000161134
0.000161135
0.000161341
0.000161338
0.000161336
0.000161334
0.000161332
0.00016133
0.000161329
0.000161328
0.000161328
0.000161327
0.000161327
0.000161326
0.000161326
0.000161326
0.000161326
0.000161326
0.000161326
0.000161326
0.000161327
0.000161327
0.000161327
0.000161328
0.000161328
0.000161328
0.000161329
0.000161329
0.00016133
0.000161331
0.000161332
0.000161332
0.000161333
0.000161334
0.000161335
0.000161336
0.000161337
0.000161338
0.000161339
0.000161339
0.00016134
0.000161341
0.000161342
0.000161343
0.000161343
0.000161344
0.000161345
0.000161345
0.000161346
0.000161347
0.000161347
0.000161348
0.000161348
0.000161349
0.00016135
0.00016135
0.000161351
0.000161351
0.000161352
0.000161352
0.000161352
0.000161353
0.000161353
0.000161354
0.000161354
0.000161354
0.000161355
0.000161355
0.000161355
0.000161356
0.000161356
0.000161356
0.000161357
0.000161357
0.000161357
0.000161357
0.000161358
0.000161358
0.000161358
0.000161358
0.000161358
0.000161358
0.000161359
0.000161359
0.000161359
0.000161359
0.000161359
0.000161359
0.000161359
0.000161359
0.000161359
0.000161359
0.000161359
0.000161359
0.000161359
0.000161358
0.000161358
0.000161358
0.000161358
0.000161358
0.000161358
0.000161358
0.000161358
0.000161357
0.000161357
0.000161357
0.000161356
0.000161355
0.000161354
0.000161354
0.000161353
0.000161352
0.000161352
0.000161351
0.00016135
0.00016135
0.000161349
0.000161348
0.000161348
0.000161347
0.000161346
0.000161347
0.000161382
0.000161379
0.000161376
0.000161374
0.000161372
0.000161371
0.00016137
0.000161369
0.000161368
0.000161367
0.000161367
0.000161366
0.000161366
0.000161366
0.000161366
0.000161366
0.000161366
0.000161367
0.000161367
0.000161367
0.000161368
0.000161368
0.000161369
0.000161369
0.00016137
0.00016137
0.000161371
0.000161371
0.000161372
0.000161373
0.000161374
0.000161374
0.000161375
0.000161376
0.000161377
0.000161378
0.000161379
0.00016138
0.00016138
0.000161381
0.000161382
0.000161383
0.000161383
0.000161384
0.000161385
0.000161385
0.000161386
0.000161387
0.000161387
0.000161388
0.000161388
0.000161389
0.00016139
0.00016139
0.000161391
0.000161391
0.000161392
0.000161392
0.000161392
0.000161393
0.000161393
0.000161394
0.000161394
0.000161394
0.000161395
0.000161395
0.000161395
0.000161396
0.000161396
0.000161396
0.000161396
0.000161397
0.000161397
0.000161397
0.000161397
0.000161398
0.000161398
0.000161398
0.000161398
0.000161398
0.000161398
0.000161398
0.000161398
0.000161398
0.000161398
0.000161398
0.000161398
0.000161398
0.000161398
0.000161398
0.000161398
0.000161398
0.000161398
0.000161398
0.000161398
0.000161398
0.000161398
0.000161398
0.000161397
0.000161397
0.000161397
0.000161397
0.000161397
0.000161396
0.000161396
0.000161395
0.000161395
0.000161394
0.000161393
0.000161393
0.000161392
0.000161391
0.000161391
0.00016139
0.000161389
0.000161389
0.000161388
0.000161388
0.000161387
0.000161388
0.000161233
0.00016123
0.000161228
0.000161225
0.000161224
0.000161222
0.000161221
0.00016122
0.000161219
0.000161218
0.000161218
0.000161218
0.000161217
0.000161217
0.000161217
0.000161217
0.000161218
0.000161218
0.000161218
0.000161219
0.000161219
0.000161219
0.00016122
0.00016122
0.000161221
0.000161222
0.000161222
0.000161223
0.000161223
0.000161224
0.000161225
0.000161226
0.000161226
0.000161227
0.000161228
0.000161229
0.00016123
0.000161231
0.000161231
0.000161232
0.000161233
0.000161234
0.000161234
0.000161235
0.000161236
0.000161236
0.000161237
0.000161238
0.000161238
0.000161239
0.000161239
0.00016124
0.000161241
0.000161241
0.000161242
0.000161242
0.000161242
0.000161243
0.000161243
0.000161244
0.000161244
0.000161245
0.000161245
0.000161245
0.000161246
0.000161246
0.000161246
0.000161246
0.000161247
0.000161247
0.000161247
0.000161247
0.000161248
0.000161248
0.000161248
0.000161248
0.000161248
0.000161249
0.000161249
0.000161249
0.000161249
0.000161249
0.000161249
0.000161249
0.000161249
0.000161249
0.000161249
0.000161249
0.000161249
0.000161249
0.000161249
0.000161249
0.000161249
0.000161249
0.000161249
0.000161248
0.000161248
0.000161248
0.000161248
0.000161248
0.000161248
0.000161248
0.000161247
0.000161247
0.000161247
0.000161246
0.000161246
0.000161245
0.000161245
0.000161244
0.000161243
0.000161243
0.000161242
0.000161241
0.000161241
0.00016124
0.00016124
0.000161239
0.000161238
0.000161239
0.000160875
0.000160872
0.000160869
0.000160867
0.000160864
0.000160863
0.000160861
0.00016086
0.00016086
0.000160859
0.000160859
0.000160858
0.000160858
0.000160858
0.000160858
0.000160858
0.000160859
0.000160859
0.00016086
0.00016086
0.00016086
0.000160861
0.000160861
0.000160862
0.000160862
0.000160863
0.000160863
0.000160864
0.000160864
0.000160865
0.000160866
0.000160867
0.000160867
0.000160868
0.000160869
0.00016087
0.000160871
0.000160871
0.000160872
0.000160873
0.000160874
0.000160874
0.000160875
0.000160876
0.000160877
0.000160877
0.000160878
0.000160878
0.000160879
0.00016088
0.00016088
0.000160881
0.000160881
0.000160882
0.000160882
0.000160883
0.000160883
0.000160884
0.000160884
0.000160884
0.000160885
0.000160885
0.000160886
0.000160886
0.000160886
0.000160886
0.000160887
0.000160887
0.000160887
0.000160888
0.000160888
0.000160888
0.000160888
0.000160888
0.000160889
0.000160889
0.000160889
0.000160889
0.000160889
0.000160889
0.000160889
0.000160889
0.000160889
0.000160889
0.000160889
0.000160889
0.000160889
0.000160889
0.000160889
0.000160889
0.000160889
0.000160889
0.000160889
0.000160889
0.000160889
0.000160889
0.000160889
0.000160889
0.000160888
0.000160888
0.000160888
0.000160888
0.000160888
0.000160887
0.000160887
0.000160887
0.000160886
0.000160886
0.000160885
0.000160885
0.000160884
0.000160884
0.000160883
0.000160882
0.000160882
0.000160881
0.000160881
0.00016088
0.000160879
0.00016088
0.00016028
0.000160277
0.000160274
0.000160272
0.000160269
0.000160268
0.000160266
0.000160265
0.000160265
0.000160264
0.000160264
0.000160263
0.000160263
0.000160263
0.000160263
0.000160264
0.000160264
0.000160264
0.000160265
0.000160265
0.000160266
0.000160266
0.000160267
0.000160267
0.000160268
0.000160268
0.000160269
0.000160269
0.00016027
0.000160271
0.000160271
0.000160272
0.000160273
0.000160273
0.000160274
0.000160275
0.000160276
0.000160277
0.000160277
0.000160278
0.000160279
0.00016028
0.00016028
0.000160281
0.000160282
0.000160282
0.000160283
0.000160283
0.000160284
0.000160285
0.000160285
0.000160286
0.000160286
0.000160287
0.000160287
0.000160288
0.000160288
0.000160288
0.000160289
0.000160289
0.00016029
0.00016029
0.00016029
0.000160291
0.000160291
0.000160291
0.000160292
0.000160292
0.000160292
0.000160292
0.000160292
0.000160293
0.000160293
0.000160293
0.000160293
0.000160293
0.000160294
0.000160294
0.000160294
0.000160294
0.000160294
0.000160294
0.000160294
0.000160294
0.000160294
0.000160294
0.000160294
0.000160294
0.000160294
0.000160294
0.000160294
0.000160294
0.000160294
0.000160294
0.000160293
0.000160293
0.000160293
0.000160293
0.000160293
0.000160293
0.000160293
0.000160292
0.000160292
0.000160292
0.000160292
0.000160292
0.000160291
0.000160291
0.00016029
0.00016029
0.000160289
0.000160289
0.000160288
0.000160288
0.000160287
0.000160286
0.000160286
0.000160285
0.000160284
0.000160285
0.000159419
0.000159415
0.000159412
0.00015941
0.000159407
0.000159406
0.000159404
0.000159403
0.000159403
0.000159402
0.000159402
0.000159402
0.000159401
0.000159401
0.000159402
0.000159402
0.000159402
0.000159403
0.000159403
0.000159404
0.000159404
0.000159405
0.000159405
0.000159406
0.000159406
0.000159407
0.000159407
0.000159408
0.000159408
0.000159409
0.00015941
0.00015941
0.000159411
0.000159412
0.000159412
0.000159413
0.000159414
0.000159415
0.000159415
0.000159416
0.000159417
0.000159418
0.000159418
0.000159419
0.00015942
0.00015942
0.000159421
0.000159421
0.000159422
0.000159423
0.000159423
0.000159424
0.000159424
0.000159425
0.000159425
0.000159425
0.000159426
0.000159426
0.000159427
0.000159427
0.000159427
0.000159428
0.000159428
0.000159428
0.000159429
0.000159429
0.000159429
0.000159429
0.00015943
0.00015943
0.00015943
0.00015943
0.000159431
0.000159431
0.000159431
0.000159431
0.000159431
0.000159431
0.000159431
0.000159431
0.000159432
0.000159432
0.000159432
0.000159432
0.000159432
0.000159432
0.000159432
0.000159432
0.000159432
0.000159432
0.000159431
0.000159431
0.000159431
0.000159431
0.000159431
0.000159431
0.000159431
0.000159431
0.00015943
0.00015943
0.00015943
0.00015943
0.00015943
0.00015943
0.000159429
0.000159429
0.000159429
0.000159429
0.000159428
0.000159428
0.000159427
0.000159427
0.000159426
0.000159426
0.000159425
0.000159424
0.000159424
0.000159423
0.000159423
0.000159423
0.000158252
0.000158248
0.000158245
0.000158243
0.00015824
0.000158238
0.000158237
0.000158236
0.000158236
0.000158235
0.000158235
0.000158234
0.000158234
0.000158234
0.000158235
0.000158235
0.000158235
0.000158236
0.000158236
0.000158237
0.000158237
0.000158238
0.000158238
0.000158239
0.000158239
0.00015824
0.000158241
0.000158241
0.000158242
0.000158242
0.000158243
0.000158243
0.000158244
0.000158245
0.000158245
0.000158246
0.000158247
0.000158247
0.000158248
0.000158249
0.00015825
0.00015825
0.000158251
0.000158252
0.000158252
0.000158253
0.000158253
0.000158254
0.000158255
0.000158255
0.000158256
0.000158256
0.000158257
0.000158257
0.000158258
0.000158258
0.000158258
0.000158259
0.000158259
0.00015826
0.00015826
0.00015826
0.000158261
0.000158261
0.000158261
0.000158261
0.000158262
0.000158262
0.000158262
0.000158262
0.000158263
0.000158263
0.000158263
0.000158263
0.000158263
0.000158263
0.000158263
0.000158264
0.000158264
0.000158264
0.000158264
0.000158264
0.000158264
0.000158264
0.000158264
0.000158264
0.000158264
0.000158264
0.000158264
0.000158264
0.000158264
0.000158264
0.000158264
0.000158263
0.000158263
0.000158263
0.000158263
0.000158263
0.000158263
0.000158263
0.000158262
0.000158262
0.000158262
0.000158262
0.000158262
0.000158262
0.000158261
0.000158261
0.000158261
0.00015826
0.00015826
0.000158259
0.000158259
0.000158258
0.000158258
0.000158257
0.000158257
0.000158256
0.000158256
0.000158256
0.000156732
0.000156729
0.000156725
0.000156723
0.00015672
0.000156718
0.000156717
0.000156716
0.000156716
0.000156715
0.000156715
0.000156715
0.000156715
0.000156715
0.000156715
0.000156715
0.000156716
0.000156716
0.000156717
0.000156717
0.000156718
0.000156718
0.000156719
0.000156719
0.00015672
0.000156721
0.000156721
0.000156722
0.000156722
0.000156723
0.000156723
0.000156724
0.000156725
0.000156725
0.000156726
0.000156726
0.000156727
0.000156728
0.000156728
0.000156729
0.00015673
0.00015673
0.000156731
0.000156732
0.000156732
0.000156733
0.000156733
0.000156734
0.000156735
0.000156735
0.000156736
0.000156736
0.000156737
0.000156737
0.000156737
0.000156738
0.000156738
0.000156739
0.000156739
0.000156739
0.00015674
0.00015674
0.00015674
0.000156741
0.000156741
0.000156741
0.000156741
0.000156742
0.000156742
0.000156742
0.000156742
0.000156742
0.000156743
0.000156743
0.000156743
0.000156743
0.000156743
0.000156743
0.000156743
0.000156743
0.000156743
0.000156743
0.000156744
0.000156744
0.000156744
0.000156744
0.000156744
0.000156743
0.000156743
0.000156743
0.000156743
0.000156743
0.000156743
0.000156743
0.000156743
0.000156743
0.000156743
0.000156743
0.000156742
0.000156742
0.000156742
0.000156742
0.000156742
0.000156742
0.000156741
0.000156741
0.000156741
0.000156741
0.00015674
0.00015674
0.00015674
0.000156739
0.000156739
0.000156738
0.000156738
0.000156737
0.000156737
0.000156736
0.000156736
0.000156736
0.000154801
0.000154797
0.000154794
0.000154791
0.000154789
0.000154787
0.000154785
0.000154785
0.000154784
0.000154784
0.000154784
0.000154784
0.000154783
0.000154783
0.000154784
0.000154784
0.000154785
0.000154785
0.000154786
0.000154786
0.000154787
0.000154787
0.000154788
0.000154788
0.000154789
0.00015479
0.00015479
0.000154791
0.000154791
0.000154792
0.000154792
0.000154793
0.000154793
0.000154794
0.000154794
0.000154795
0.000154796
0.000154796
0.000154797
0.000154798
0.000154798
0.000154799
0.000154799
0.0001548
0.000154801
0.000154801
0.000154802
0.000154802
0.000154803
0.000154803
0.000154804
0.000154804
0.000154805
0.000154805
0.000154806
0.000154806
0.000154806
0.000154807
0.000154807
0.000154807
0.000154808
0.000154808
0.000154808
0.000154809
0.000154809
0.000154809
0.000154809
0.00015481
0.00015481
0.00015481
0.00015481
0.00015481
0.00015481
0.000154811
0.000154811
0.000154811
0.000154811
0.000154811
0.000154811
0.000154811
0.000154811
0.000154811
0.000154811
0.000154811
0.000154811
0.000154811
0.000154811
0.000154811
0.000154811
0.000154811
0.000154811
0.000154811
0.000154811
0.000154811
0.000154811
0.000154811
0.000154811
0.000154811
0.00015481
0.00015481
0.00015481
0.00015481
0.00015481
0.00015481
0.000154809
0.000154809
0.000154809
0.000154809
0.000154809
0.000154808
0.000154808
0.000154807
0.000154807
0.000154807
0.000154806
0.000154806
0.000154805
0.000154805
0.000154804
0.000154805
0.000152384
0.00015238
0.000152377
0.000152374
0.000152371
0.000152369
0.000152368
0.000152368
0.000152367
0.000152367
0.000152367
0.000152367
0.000152366
0.000152367
0.000152367
0.000152367
0.000152368
0.000152369
0.000152369
0.000152369
0.00015237
0.00015237
0.000152371
0.000152372
0.000152372
0.000152373
0.000152373
0.000152374
0.000152374
0.000152375
0.000152375
0.000152376
0.000152376
0.000152377
0.000152377
0.000152378
0.000152378
0.000152379
0.00015238
0.00015238
0.000152381
0.000152381
0.000152382
0.000152383
0.000152383
0.000152384
0.000152384
0.000152385
0.000152385
0.000152386
0.000152386
0.000152387
0.000152387
0.000152388
0.000152388
0.000152388
0.000152389
0.000152389
0.000152389
0.00015239
0.00015239
0.00015239
0.000152391
0.000152391
0.000152391
0.000152391
0.000152392
0.000152392
0.000152392
0.000152392
0.000152392
0.000152393
0.000152393
0.000152393
0.000152393
0.000152393
0.000152393
0.000152393
0.000152393
0.000152393
0.000152394
0.000152394
0.000152394
0.000152394
0.000152394
0.000152394
0.000152394
0.000152394
0.000152394
0.000152394
0.000152393
0.000152393
0.000152393
0.000152393
0.000152393
0.000152393
0.000152393
0.000152393
0.000152393
0.000152393
0.000152392
0.000152392
0.000152392
0.000152392
0.000152392
0.000152392
0.000152391
0.000152391
0.000152391
0.000152391
0.00015239
0.00015239
0.00015239
0.000152389
0.000152389
0.000152388
0.000152388
0.000152388
0.000152387
0.000152388
0.000149388
0.000149384
0.00014938
0.000149377
0.000149375
0.000149373
0.000149372
0.000149371
0.000149371
0.000149371
0.000149371
0.00014937
0.00014937
0.000149371
0.000149371
0.000149371
0.000149372
0.000149373
0.000149373
0.000149373
0.000149374
0.000149374
0.000149375
0.000149375
0.000149376
0.000149377
0.000149377
0.000149378
0.000149378
0.000149379
0.000149379
0.00014938
0.00014938
0.000149381
0.000149381
0.000149382
0.000149382
0.000149383
0.000149383
0.000149384
0.000149384
0.000149385
0.000149385
0.000149386
0.000149386
0.000149387
0.000149388
0.000149388
0.000149389
0.000149389
0.000149389
0.00014939
0.00014939
0.000149391
0.000149391
0.000149391
0.000149392
0.000149392
0.000149392
0.000149393
0.000149393
0.000149393
0.000149394
0.000149394
0.000149394
0.000149394
0.000149395
0.000149395
0.000149395
0.000149395
0.000149395
0.000149395
0.000149396
0.000149396
0.000149396
0.000149396
0.000149396
0.000149396
0.000149396
0.000149396
0.000149396
0.000149397
0.000149397
0.000149397
0.000149397
0.000149397
0.000149397
0.000149397
0.000149397
0.000149396
0.000149396
0.000149396
0.000149396
0.000149396
0.000149396
0.000149396
0.000149396
0.000149396
0.000149396
0.000149396
0.000149395
0.000149395
0.000149395
0.000149395
0.000149395
0.000149395
0.000149394
0.000149394
0.000149394
0.000149394
0.000149394
0.000149393
0.000149393
0.000149393
0.000149392
0.000149392
0.000149391
0.000149391
0.00014939
0.000149391
0.000145693
0.000145689
0.000145685
0.000145682
0.00014568
0.000145678
0.000145677
0.000145677
0.000145677
0.000145677
0.000145676
0.000145676
0.000145676
0.000145676
0.000145677
0.000145677
0.000145678
0.000145678
0.000145679
0.000145679
0.00014568
0.00014568
0.000145681
0.000145681
0.000145682
0.000145682
0.000145683
0.000145683
0.000145684
0.000145684
0.000145685
0.000145685
0.000145686
0.000145686
0.000145686
0.000145687
0.000145687
0.000145688
0.000145688
0.000145689
0.000145689
0.00014569
0.000145691
0.000145691
0.000145692
0.000145692
0.000145693
0.000145693
0.000145693
0.000145694
0.000145694
0.000145695
0.000145695
0.000145696
0.000145696
0.000145696
0.000145697
0.000145697
0.000145697
0.000145698
0.000145698
0.000145698
0.000145698
0.000145699
0.000145699
0.000145699
0.000145699
0.000145699
0.0001457
0.0001457
0.0001457
0.0001457
0.0001457
0.0001457
0.000145701
0.000145701
0.000145701
0.000145701
0.000145701
0.000145701
0.000145701
0.000145701
0.000145701
0.000145701
0.000145701
0.000145701
0.000145701
0.000145701
0.000145701
0.000145701
0.000145701
0.000145701
0.000145701
0.000145701
0.000145701
0.000145701
0.000145701
0.000145701
0.0001457
0.0001457
0.0001457
0.0001457
0.0001457
0.0001457
0.0001457
0.000145699
0.000145699
0.000145699
0.000145699
0.000145699
0.000145699
0.000145698
0.000145698
0.000145698
0.000145697
0.000145697
0.000145697
0.000145696
0.000145696
0.000145696
0.000141148
0.000141144
0.000141141
0.000141138
0.000141135
0.000141134
0.000141133
0.000141133
0.000141133
0.000141132
0.000141132
0.000141132
0.000141132
0.000141132
0.000141133
0.000141133
0.000141134
0.000141134
0.000141135
0.000141135
0.000141136
0.000141136
0.000141137
0.000141137
0.000141138
0.000141138
0.000141139
0.000141139
0.000141139
0.00014114
0.00014114
0.000141141
0.000141141
0.000141142
0.000141142
0.000141142
0.000141143
0.000141143
0.000141144
0.000141144
0.000141145
0.000141145
0.000141146
0.000141146
0.000141147
0.000141147
0.000141148
0.000141148
0.000141149
0.000141149
0.000141149
0.00014115
0.00014115
0.000141151
0.000141151
0.000141151
0.000141152
0.000141152
0.000141152
0.000141152
0.000141153
0.000141153
0.000141153
0.000141154
0.000141154
0.000141154
0.000141154
0.000141154
0.000141155
0.000141155
0.000141155
0.000141155
0.000141155
0.000141155
0.000141155
0.000141156
0.000141156
0.000141156
0.000141156
0.000141156
0.000141156
0.000141156
0.000141156
0.000141156
0.000141156
0.000141156
0.000141156
0.000141156
0.000141156
0.000141156
0.000141156
0.000141156
0.000141156
0.000141156
0.000141156
0.000141156
0.000141156
0.000141155
0.000141155
0.000141155
0.000141155
0.000141155
0.000141155
0.000141155
0.000141155
0.000141154
0.000141154
0.000141154
0.000141154
0.000141154
0.000141154
0.000141153
0.000141153
0.000141153
0.000141153
0.000141152
0.000141152
0.000141152
0.000141151
0.000141152
0.000135561
0.000135557
0.000135553
0.00013555
0.000135548
0.000135546
0.000135546
0.000135545
0.000135545
0.000135545
0.000135545
0.000135545
0.000135545
0.000135545
0.000135545
0.000135546
0.000135547
0.000135547
0.000135548
0.000135548
0.000135548
0.000135549
0.000135549
0.00013555
0.00013555
0.000135551
0.000135551
0.000135552
0.000135552
0.000135552
0.000135553
0.000135553
0.000135554
0.000135554
0.000135554
0.000135555
0.000135555
0.000135555
0.000135556
0.000135556
0.000135557
0.000135557
0.000135558
0.000135558
0.000135559
0.000135559
0.000135559
0.00013556
0.00013556
0.000135561
0.000135561
0.000135562
0.000135562
0.000135562
0.000135563
0.000135563
0.000135563
0.000135564
0.000135564
0.000135564
0.000135564
0.000135565
0.000135565
0.000135565
0.000135565
0.000135565
0.000135566
0.000135566
0.000135566
0.000135566
0.000135566
0.000135567
0.000135567
0.000135567
0.000135567
0.000135567
0.000135567
0.000135567
0.000135567
0.000135567
0.000135567
0.000135568
0.000135568
0.000135568
0.000135568
0.000135568
0.000135568
0.000135568
0.000135568
0.000135568
0.000135568
0.000135568
0.000135568
0.000135567
0.000135567
0.000135567
0.000135567
0.000135567
0.000135567
0.000135567
0.000135567
0.000135567
0.000135567
0.000135566
0.000135566
0.000135566
0.000135566
0.000135566
0.000135566
0.000135566
0.000135565
0.000135565
0.000135565
0.000135565
0.000135564
0.000135564
0.000135564
0.000135564
0.000135563
0.000135564
0.000128685
0.000128681
0.000128677
0.000128675
0.000128673
0.000128671
0.000128671
0.00012867
0.00012867
0.00012867
0.00012867
0.00012867
0.00012867
0.00012867
0.00012867
0.000128671
0.000128671
0.000128672
0.000128672
0.000128673
0.000128673
0.000128673
0.000128674
0.000128674
0.000128675
0.000128675
0.000128676
0.000128676
0.000128676
0.000128677
0.000128677
0.000128678
0.000128678
0.000128678
0.000128679
0.000128679
0.000128679
0.00012868
0.00012868
0.00012868
0.000128681
0.000128681
0.000128682
0.000128682
0.000128683
0.000128683
0.000128683
0.000128684
0.000128684
0.000128685
0.000128685
0.000128685
0.000128686
0.000128686
0.000128686
0.000128687
0.000128687
0.000128687
0.000128688
0.000128688
0.000128688
0.000128688
0.000128688
0.000128689
0.000128689
0.000128689
0.000128689
0.000128689
0.00012869
0.00012869
0.00012869
0.00012869
0.00012869
0.00012869
0.000128691
0.000128691
0.000128691
0.000128691
0.000128691
0.000128691
0.000128691
0.000128691
0.000128691
0.000128691
0.000128691
0.000128691
0.000128691
0.000128691
0.000128691
0.000128691
0.000128691
0.000128691
0.000128691
0.000128691
0.000128691
0.000128691
0.000128691
0.000128691
0.000128691
0.000128691
0.000128691
0.00012869
0.00012869
0.00012869
0.00012869
0.00012869
0.00012869
0.00012869
0.00012869
0.000128689
0.000128689
0.000128689
0.000128689
0.000128689
0.000128689
0.000128688
0.000128688
0.000128688
0.000128687
0.000128688
0.000120219
0.000120215
0.000120212
0.000120209
0.000120207
0.000120206
0.000120205
0.000120205
0.000120205
0.000120205
0.000120205
0.000120205
0.000120205
0.000120205
0.000120205
0.000120206
0.000120206
0.000120207
0.000120207
0.000120207
0.000120208
0.000120208
0.000120209
0.000120209
0.000120209
0.00012021
0.00012021
0.000120211
0.000120211
0.000120211
0.000120212
0.000120212
0.000120212
0.000120213
0.000120213
0.000120213
0.000120213
0.000120214
0.000120214
0.000120215
0.000120215
0.000120215
0.000120216
0.000120216
0.000120216
0.000120217
0.000120217
0.000120218
0.000120218
0.000120218
0.000120219
0.000120219
0.000120219
0.00012022
0.00012022
0.00012022
0.000120221
0.000120221
0.000120221
0.000120221
0.000120222
0.000120222
0.000120222
0.000120222
0.000120223
0.000120223
0.000120223
0.000120223
0.000120223
0.000120223
0.000120224
0.000120224
0.000120224
0.000120224
0.000120224
0.000120224
0.000120224
0.000120224
0.000120225
0.000120225
0.000120225
0.000120225
0.000120225
0.000120225
0.000120225
0.000120225
0.000120225
0.000120225
0.000120225
0.000120225
0.000120225
0.000120225
0.000120225
0.000120225
0.000120225
0.000120225
0.000120225
0.000120225
0.000120224
0.000120224
0.000120224
0.000120224
0.000120224
0.000120224
0.000120224
0.000120224
0.000120224
0.000120224
0.000120223
0.000120223
0.000120223
0.000120223
0.000120223
0.000120223
0.000120222
0.000120222
0.000120222
0.000120222
0.000120221
0.000120222
0.00010981
0.000109806
0.000109803
0.000109801
0.000109799
0.000109798
0.000109797
0.000109797
0.000109797
0.000109797
0.000109797
0.000109797
0.000109797
0.000109797
0.000109797
0.000109798
0.000109798
0.000109799
0.000109799
0.000109799
0.000109799
0.0001098
0.0001098
0.000109801
0.000109801
0.000109801
0.000109802
0.000109802
0.000109802
0.000109803
0.000109803
0.000109803
0.000109803
0.000109804
0.000109804
0.000109804
0.000109805
0.000109805
0.000109805
0.000109806
0.000109806
0.000109806
0.000109807
0.000109807
0.000109807
0.000109808
0.000109808
0.000109808
0.000109809
0.000109809
0.000109809
0.00010981
0.00010981
0.00010981
0.000109811
0.000109811
0.000109811
0.000109811
0.000109812
0.000109812
0.000109812
0.000109812
0.000109813
0.000109813
0.000109813
0.000109813
0.000109813
0.000109813
0.000109814
0.000109814
0.000109814
0.000109814
0.000109814
0.000109814
0.000109814
0.000109815
0.000109815
0.000109815
0.000109815
0.000109815
0.000109815
0.000109815
0.000109815
0.000109815
0.000109815
0.000109815
0.000109815
0.000109815
0.000109815
0.000109815
0.000109815
0.000109815
0.000109815
0.000109815
0.000109815
0.000109815
0.000109815
0.000109815
0.000109815
0.000109815
0.000109815
0.000109815
0.000109815
0.000109815
0.000109814
0.000109814
0.000109814
0.000109814
0.000109814
0.000109814
0.000109814
0.000109814
0.000109814
0.000109813
0.000109813
0.000109813
0.000109813
0.000109813
0.000109812
0.000109813
9.70979e-05
9.70946e-05
9.70919e-05
9.70898e-05
9.70882e-05
9.70872e-05
9.70867e-05
9.70865e-05
9.70864e-05
9.70864e-05
9.70862e-05
9.70861e-05
9.7086e-05
9.70861e-05
9.70864e-05
9.70868e-05
9.70871e-05
9.70875e-05
9.70877e-05
9.7088e-05
9.70882e-05
9.70885e-05
9.70888e-05
9.70892e-05
9.70896e-05
9.70899e-05
9.70902e-05
9.70904e-05
9.70907e-05
9.7091e-05
9.70913e-05
9.70915e-05
9.70918e-05
9.70921e-05
9.70923e-05
9.70925e-05
9.70928e-05
9.70931e-05
9.70933e-05
9.70936e-05
9.70939e-05
9.70942e-05
9.70945e-05
9.70949e-05
9.70952e-05
9.70955e-05
9.70958e-05
9.70962e-05
9.70965e-05
9.70968e-05
9.70971e-05
9.70974e-05
9.70977e-05
9.7098e-05
9.70982e-05
9.70985e-05
9.70987e-05
9.7099e-05
9.70992e-05
9.70994e-05
9.70997e-05
9.70999e-05
9.71001e-05
9.71002e-05
9.71004e-05
9.71006e-05
9.71008e-05
9.71009e-05
9.71011e-05
9.71012e-05
9.71014e-05
9.71015e-05
9.71017e-05
9.71018e-05
9.71019e-05
9.7102e-05
9.71021e-05
9.71022e-05
9.71023e-05
9.71024e-05
9.71025e-05
9.71025e-05
9.71026e-05
9.71027e-05
9.71027e-05
9.71027e-05
9.71028e-05
9.71028e-05
9.71028e-05
9.71028e-05
9.71028e-05
9.71028e-05
9.71028e-05
9.71028e-05
9.71027e-05
9.71027e-05
9.71026e-05
9.71026e-05
9.71025e-05
9.71025e-05
9.71024e-05
9.71023e-05
9.71022e-05
9.71021e-05
9.71021e-05
9.7102e-05
9.71019e-05
9.71018e-05
9.71018e-05
9.71017e-05
9.71016e-05
9.71015e-05
9.71014e-05
9.71012e-05
9.71011e-05
9.71009e-05
9.71007e-05
9.71005e-05
9.71e-05
9.71005e-05
8.185e-05
8.18471e-05
8.18448e-05
8.18429e-05
8.18415e-05
8.18406e-05
8.18401e-05
8.184e-05
8.18399e-05
8.18397e-05
8.18396e-05
8.18394e-05
8.18394e-05
8.18395e-05
8.18397e-05
8.184e-05
8.18403e-05
8.18406e-05
8.18408e-05
8.1841e-05
8.18412e-05
8.18415e-05
8.18417e-05
8.18421e-05
8.18424e-05
8.18426e-05
8.18429e-05
8.18431e-05
8.18433e-05
8.18436e-05
8.18438e-05
8.18441e-05
8.18443e-05
8.18445e-05
8.18447e-05
8.18449e-05
8.18451e-05
8.18454e-05
8.18456e-05
8.18459e-05
8.18461e-05
8.18464e-05
8.18467e-05
8.18469e-05
8.18472e-05
8.18475e-05
8.18478e-05
8.18481e-05
8.18484e-05
8.18486e-05
8.18489e-05
8.18492e-05
8.18494e-05
8.18497e-05
8.18499e-05
8.18502e-05
8.18504e-05
8.18506e-05
8.18508e-05
8.1851e-05
8.18512e-05
8.18514e-05
8.18516e-05
8.18518e-05
8.18519e-05
8.18521e-05
8.18522e-05
8.18524e-05
8.18525e-05
8.18527e-05
8.18528e-05
8.18529e-05
8.18531e-05
8.18532e-05
8.18533e-05
8.18534e-05
8.18535e-05
8.18536e-05
8.18537e-05
8.18538e-05
8.18538e-05
8.18539e-05
8.1854e-05
8.1854e-05
8.18541e-05
8.18541e-05
8.18541e-05
8.18542e-05
8.18542e-05
8.18542e-05
8.18542e-05
8.18542e-05
8.18542e-05
8.18542e-05
8.18541e-05
8.18541e-05
8.18541e-05
8.1854e-05
8.1854e-05
8.18539e-05
8.18539e-05
8.18538e-05
8.18537e-05
8.18537e-05
8.18536e-05
8.18535e-05
8.18535e-05
8.18534e-05
8.18533e-05
8.18533e-05
8.18532e-05
8.18531e-05
8.1853e-05
8.18529e-05
8.18528e-05
8.18526e-05
8.18525e-05
8.18523e-05
8.18518e-05
8.18522e-05
6.42628e-05
6.42605e-05
6.42586e-05
6.42571e-05
6.42559e-05
6.42551e-05
6.42547e-05
6.42545e-05
6.42543e-05
6.42542e-05
6.4254e-05
6.42539e-05
6.42539e-05
6.42539e-05
6.42541e-05
6.42543e-05
6.42546e-05
6.42548e-05
6.42549e-05
6.42551e-05
6.42553e-05
6.42555e-05
6.42557e-05
6.4256e-05
6.42562e-05
6.42564e-05
6.42566e-05
6.42568e-05
6.4257e-05
6.42572e-05
6.42574e-05
6.42576e-05
6.42578e-05
6.4258e-05
6.42581e-05
6.42583e-05
6.42585e-05
6.42587e-05
6.42589e-05
6.42591e-05
6.42593e-05
6.42595e-05
6.42597e-05
6.426e-05
6.42602e-05
6.42604e-05
6.42607e-05
6.42609e-05
6.42612e-05
6.42614e-05
6.42616e-05
6.42618e-05
6.42621e-05
6.42623e-05
6.42625e-05
6.42627e-05
6.42629e-05
6.42631e-05
6.42633e-05
6.42634e-05
6.42636e-05
6.42638e-05
6.42639e-05
6.42641e-05
6.42642e-05
6.42644e-05
6.42645e-05
6.42646e-05
6.42647e-05
6.42649e-05
6.4265e-05
6.42651e-05
6.42652e-05
6.42653e-05
6.42654e-05
6.42655e-05
6.42656e-05
6.42657e-05
6.42658e-05
6.42658e-05
6.42659e-05
6.4266e-05
6.4266e-05
6.42661e-05
6.42661e-05
6.42661e-05
6.42662e-05
6.42662e-05
6.42662e-05
6.42662e-05
6.42662e-05
6.42662e-05
6.42662e-05
6.42662e-05
6.42662e-05
6.42662e-05
6.42662e-05
6.42661e-05
6.42661e-05
6.42661e-05
6.4266e-05
6.42659e-05
6.42659e-05
6.42658e-05
6.42658e-05
6.42657e-05
6.42657e-05
6.42656e-05
6.42656e-05
6.42655e-05
6.42655e-05
6.42654e-05
6.42654e-05
6.42653e-05
6.42652e-05
6.42651e-05
6.42649e-05
6.42648e-05
6.42644e-05
6.42646e-05
4.54537e-05
4.54521e-05
4.54507e-05
4.54495e-05
4.54486e-05
4.54479e-05
4.54476e-05
4.54474e-05
4.54473e-05
4.54471e-05
4.5447e-05
4.54469e-05
4.54468e-05
4.54468e-05
4.5447e-05
4.54471e-05
4.54473e-05
4.54475e-05
4.54476e-05
4.54477e-05
4.54478e-05
4.5448e-05
4.54481e-05
4.54483e-05
4.54485e-05
4.54486e-05
4.54488e-05
4.54489e-05
4.54491e-05
4.54492e-05
4.54494e-05
4.54495e-05
4.54497e-05
4.54498e-05
4.54499e-05
4.54501e-05
4.54502e-05
4.54503e-05
4.54505e-05
4.54506e-05
4.54508e-05
4.5451e-05
4.54511e-05
4.54513e-05
4.54515e-05
4.54517e-05
4.54519e-05
4.5452e-05
4.54522e-05
4.54524e-05
4.54526e-05
4.54528e-05
4.54529e-05
4.54531e-05
4.54533e-05
4.54534e-05
4.54536e-05
4.54537e-05
4.54539e-05
4.5454e-05
4.54541e-05
4.54543e-05
4.54544e-05
4.54545e-05
4.54546e-05
4.54547e-05
4.54548e-05
4.54549e-05
4.5455e-05
4.54551e-05
4.54552e-05
4.54553e-05
4.54554e-05
4.54555e-05
4.54556e-05
4.54556e-05
4.54557e-05
4.54558e-05
4.54558e-05
4.54559e-05
4.54559e-05
4.5456e-05
4.5456e-05
4.54561e-05
4.54561e-05
4.54562e-05
4.54562e-05
4.54562e-05
4.54562e-05
4.54562e-05
4.54562e-05
4.54562e-05
4.54562e-05
4.54562e-05
4.54562e-05
4.54562e-05
4.54562e-05
4.54562e-05
4.54561e-05
4.54561e-05
4.54561e-05
4.5456e-05
4.5456e-05
4.5456e-05
4.54559e-05
4.54559e-05
4.54559e-05
4.54558e-05
4.54558e-05
4.54558e-05
4.54557e-05
4.54557e-05
4.54556e-05
4.54556e-05
4.54555e-05
4.54554e-05
4.54553e-05
4.54552e-05
4.54549e-05
4.54549e-05
2.77671e-05
2.77661e-05
2.77652e-05
2.77644e-05
2.77638e-05
2.77633e-05
2.77631e-05
2.77629e-05
2.77628e-05
2.77627e-05
2.77626e-05
2.77625e-05
2.77625e-05
2.77625e-05
2.77626e-05
2.77627e-05
2.77628e-05
2.77629e-05
2.7763e-05
2.7763e-05
2.77631e-05
2.77632e-05
2.77633e-05
2.77634e-05
2.77635e-05
2.77636e-05
2.77637e-05
2.77638e-05
2.77639e-05
2.7764e-05
2.77641e-05
2.77642e-05
2.77643e-05
2.77644e-05
2.77645e-05
2.77646e-05
2.77646e-05
2.77647e-05
2.77648e-05
2.77649e-05
2.7765e-05
2.77651e-05
2.77653e-05
2.77654e-05
2.77655e-05
2.77656e-05
2.77657e-05
2.77658e-05
2.7766e-05
2.77661e-05
2.77662e-05
2.77663e-05
2.77664e-05
2.77665e-05
2.77667e-05
2.77668e-05
2.77669e-05
2.7767e-05
2.7767e-05
2.77671e-05
2.77672e-05
2.77673e-05
2.77674e-05
2.77675e-05
2.77676e-05
2.77676e-05
2.77677e-05
2.77678e-05
2.77678e-05
2.77679e-05
2.7768e-05
2.7768e-05
2.77681e-05
2.77681e-05
2.77682e-05
2.77682e-05
2.77683e-05
2.77683e-05
2.77684e-05
2.77684e-05
2.77685e-05
2.77685e-05
2.77685e-05
2.77686e-05
2.77686e-05
2.77686e-05
2.77686e-05
2.77686e-05
2.77686e-05
2.77687e-05
2.77687e-05
2.77687e-05
2.77687e-05
2.77687e-05
2.77687e-05
2.77687e-05
2.77686e-05
2.77686e-05
2.77686e-05
2.77686e-05
2.77686e-05
2.77685e-05
2.77685e-05
2.77685e-05
2.77685e-05
2.77685e-05
2.77684e-05
2.77684e-05
2.77684e-05
2.77684e-05
2.77684e-05
2.77683e-05
2.77683e-05
2.77683e-05
2.77682e-05
2.77682e-05
2.77681e-05
2.7768e-05
2.77678e-05
2.77678e-05
1.3982e-05
1.39815e-05
1.3981e-05
1.39806e-05
1.39803e-05
1.398e-05
1.39799e-05
1.39798e-05
1.39798e-05
1.39797e-05
1.39796e-05
1.39796e-05
1.39796e-05
1.39796e-05
1.39796e-05
1.39797e-05
1.39797e-05
1.39797e-05
1.39798e-05
1.39798e-05
1.39799e-05
1.39799e-05
1.398e-05
1.398e-05
1.39801e-05
1.39801e-05
1.39802e-05
1.39802e-05
1.39803e-05
1.39803e-05
1.39804e-05
1.39804e-05
1.39805e-05
1.39805e-05
1.39806e-05
1.39806e-05
1.39807e-05
1.39807e-05
1.39808e-05
1.39808e-05
1.39809e-05
1.39809e-05
1.3981e-05
1.3981e-05
1.39811e-05
1.39812e-05
1.39812e-05
1.39813e-05
1.39814e-05
1.39814e-05
1.39815e-05
1.39816e-05
1.39816e-05
1.39817e-05
1.39817e-05
1.39818e-05
1.39818e-05
1.39819e-05
1.39819e-05
1.3982e-05
1.3982e-05
1.39821e-05
1.39821e-05
1.39822e-05
1.39822e-05
1.39822e-05
1.39823e-05
1.39823e-05
1.39824e-05
1.39824e-05
1.39824e-05
1.39825e-05
1.39825e-05
1.39825e-05
1.39826e-05
1.39826e-05
1.39826e-05
1.39826e-05
1.39827e-05
1.39827e-05
1.39827e-05
1.39827e-05
1.39827e-05
1.39827e-05
1.39828e-05
1.39828e-05
1.39828e-05
1.39828e-05
1.39828e-05
1.39828e-05
1.39828e-05
1.39828e-05
1.39828e-05
1.39828e-05
1.39828e-05
1.39828e-05
1.39828e-05
1.39828e-05
1.39828e-05
1.39828e-05
1.39828e-05
1.39828e-05
1.39827e-05
1.39827e-05
1.39827e-05
1.39827e-05
1.39827e-05
1.39827e-05
1.39827e-05
1.39827e-05
1.39827e-05
1.39827e-05
1.39826e-05
1.39826e-05
1.39826e-05
1.39826e-05
1.39825e-05
1.39825e-05
1.39824e-05
1.39823e-05
5.47304e-06
5.47286e-06
5.47267e-06
5.47249e-06
5.47236e-06
5.47227e-06
5.47221e-06
5.47217e-06
5.47214e-06
5.47211e-06
5.47209e-06
5.47207e-06
5.47206e-06
5.47207e-06
5.47208e-06
5.4721e-06
5.47212e-06
5.47213e-06
5.47215e-06
5.47216e-06
5.47218e-06
5.4722e-06
5.47222e-06
5.47225e-06
5.47227e-06
5.47229e-06
5.47231e-06
5.47233e-06
5.47235e-06
5.47237e-06
5.47239e-06
5.47241e-06
5.47243e-06
5.47245e-06
5.47246e-06
5.47248e-06
5.4725e-06
5.47252e-06
5.47254e-06
5.47256e-06
5.47258e-06
5.4726e-06
5.47263e-06
5.47265e-06
5.47268e-06
5.4727e-06
5.47273e-06
5.47275e-06
5.47278e-06
5.4728e-06
5.47283e-06
5.47285e-06
5.47288e-06
5.4729e-06
5.47293e-06
5.47295e-06
5.47297e-06
5.47299e-06
5.47301e-06
5.47303e-06
5.47305e-06
5.47307e-06
5.47309e-06
5.4731e-06
5.47312e-06
5.47314e-06
5.47315e-06
5.47317e-06
5.47318e-06
5.4732e-06
5.47321e-06
5.47322e-06
5.47323e-06
5.47325e-06
5.47326e-06
5.47327e-06
5.47328e-06
5.47329e-06
5.4733e-06
5.47331e-06
5.47332e-06
5.47333e-06
5.47333e-06
5.47334e-06
5.47334e-06
5.47335e-06
5.47335e-06
5.47336e-06
5.47336e-06
5.47336e-06
5.47337e-06
5.47337e-06
5.47337e-06
5.47337e-06
5.47337e-06
5.47336e-06
5.47336e-06
5.47336e-06
5.47336e-06
5.47335e-06
5.47335e-06
5.47334e-06
5.47334e-06
5.47333e-06
5.47333e-06
5.47333e-06
5.47332e-06
5.47332e-06
5.47332e-06
5.47331e-06
5.47331e-06
5.4733e-06
5.4733e-06
5.47329e-06
5.47328e-06
5.47327e-06
5.47326e-06
5.47323e-06
5.47319e-06
5.47317e-06
1.48033e-06
1.48028e-06
1.48023e-06
1.48018e-06
1.48015e-06
1.48012e-06
1.48011e-06
1.4801e-06
1.48009e-06
1.48008e-06
1.48007e-06
1.48007e-06
1.48007e-06
1.48007e-06
1.48007e-06
1.48008e-06
1.48008e-06
1.48008e-06
1.48009e-06
1.48009e-06
1.4801e-06
1.4801e-06
1.48011e-06
1.48012e-06
1.48012e-06
1.48013e-06
1.48013e-06
1.48014e-06
1.48014e-06
1.48015e-06
1.48015e-06
1.48016e-06
1.48017e-06
1.48017e-06
1.48017e-06
1.48018e-06
1.48018e-06
1.48019e-06
1.4802e-06
1.4802e-06
1.48021e-06
1.48021e-06
1.48022e-06
1.48023e-06
1.48023e-06
1.48024e-06
1.48025e-06
1.48025e-06
1.48026e-06
1.48027e-06
1.48027e-06
1.48028e-06
1.48029e-06
1.48029e-06
1.4803e-06
1.48031e-06
1.48031e-06
1.48032e-06
1.48032e-06
1.48033e-06
1.48033e-06
1.48034e-06
1.48034e-06
1.48035e-06
1.48035e-06
1.48036e-06
1.48036e-06
1.48037e-06
1.48037e-06
1.48037e-06
1.48038e-06
1.48038e-06
1.48038e-06
1.48039e-06
1.48039e-06
1.48039e-06
1.4804e-06
1.4804e-06
1.4804e-06
1.48041e-06
1.48041e-06
1.48041e-06
1.48041e-06
1.48041e-06
1.48041e-06
1.48042e-06
1.48042e-06
1.48042e-06
1.48042e-06
1.48042e-06
1.48042e-06
1.48042e-06
1.48042e-06
1.48042e-06
1.48042e-06
1.48042e-06
1.48042e-06
1.48042e-06
1.48042e-06
1.48042e-06
1.48042e-06
1.48041e-06
1.48041e-06
1.48041e-06
1.48041e-06
1.48041e-06
1.48041e-06
1.48041e-06
1.48041e-06
1.48041e-06
1.48041e-06
1.4804e-06
1.4804e-06
1.4804e-06
1.4804e-06
1.4804e-06
1.48039e-06
1.48039e-06
1.48037e-06
1.48037e-06
2.03953e-07
2.03946e-07
2.03939e-07
2.03933e-07
2.03928e-07
2.03924e-07
2.03922e-07
2.03921e-07
2.03919e-07
2.03918e-07
2.03917e-07
2.03916e-07
2.03916e-07
2.03916e-07
2.03917e-07
2.03918e-07
2.03918e-07
2.03919e-07
2.03919e-07
2.0392e-07
2.03921e-07
2.03921e-07
2.03922e-07
2.03923e-07
2.03924e-07
2.03925e-07
2.03925e-07
2.03926e-07
2.03927e-07
2.03928e-07
2.03928e-07
2.03929e-07
2.0393e-07
2.03931e-07
2.03931e-07
2.03932e-07
2.03933e-07
2.03933e-07
2.03934e-07
2.03935e-07
2.03936e-07
2.03936e-07
2.03937e-07
2.03938e-07
2.03939e-07
2.0394e-07
2.03941e-07
2.03942e-07
2.03943e-07
2.03944e-07
2.03945e-07
2.03946e-07
2.03947e-07
2.03948e-07
2.03949e-07
2.03949e-07
2.0395e-07
2.03951e-07
2.03952e-07
2.03953e-07
2.03953e-07
2.03954e-07
2.03955e-07
2.03955e-07
2.03956e-07
2.03956e-07
2.03957e-07
2.03958e-07
2.03958e-07
2.03959e-07
2.03959e-07
2.0396e-07
2.0396e-07
2.03961e-07
2.03961e-07
2.03962e-07
2.03962e-07
2.03962e-07
2.03963e-07
2.03963e-07
2.03963e-07
2.03964e-07
2.03964e-07
2.03964e-07
2.03964e-07
2.03965e-07
2.03965e-07
2.03965e-07
2.03965e-07
2.03965e-07
2.03965e-07
2.03965e-07
2.03965e-07
2.03965e-07
2.03965e-07
2.03965e-07
2.03965e-07
2.03965e-07
2.03965e-07
2.03965e-07
2.03965e-07
2.03964e-07
2.03964e-07
2.03964e-07
2.03964e-07
2.03964e-07
2.03964e-07
2.03963e-07
2.03963e-07
2.03963e-07
2.03963e-07
2.03963e-07
2.03963e-07
2.03962e-07
2.03962e-07
2.03962e-07
2.03961e-07
2.0396e-07
2.03959e-07
2.03958e-07
6.76797e-09
6.76774e-09
6.7675e-09
6.76729e-09
6.76713e-09
6.76702e-09
6.76695e-09
6.76689e-09
6.76685e-09
6.7668e-09
6.76677e-09
6.76675e-09
6.76674e-09
6.76675e-09
6.76677e-09
6.7668e-09
6.76682e-09
6.76683e-09
6.76685e-09
6.76687e-09
6.76689e-09
6.76692e-09
6.76695e-09
6.76698e-09
6.767e-09
6.76703e-09
6.76705e-09
6.76708e-09
6.7671e-09
6.76713e-09
6.76715e-09
6.76718e-09
6.7672e-09
6.76722e-09
6.76724e-09
6.76727e-09
6.76729e-09
6.76731e-09
6.76734e-09
6.76737e-09
6.76739e-09
6.76742e-09
6.76745e-09
6.76748e-09
6.76751e-09
6.76754e-09
6.76757e-09
6.76761e-09
6.76764e-09
6.76767e-09
6.7677e-09
6.76773e-09
6.76776e-09
6.76779e-09
6.76782e-09
6.76785e-09
6.76788e-09
6.7679e-09
6.76793e-09
6.76795e-09
6.76798e-09
6.768e-09
6.76802e-09
6.76804e-09
6.76806e-09
6.76808e-09
6.7681e-09
6.76812e-09
6.76814e-09
6.76816e-09
6.76818e-09
6.76819e-09
6.76821e-09
6.76822e-09
6.76824e-09
6.76825e-09
6.76827e-09
6.76828e-09
6.76829e-09
6.7683e-09
6.76831e-09
6.76832e-09
6.76833e-09
6.76834e-09
6.76835e-09
6.76835e-09
6.76836e-09
6.76836e-09
6.76837e-09
6.76837e-09
6.76837e-09
6.76837e-09
6.76837e-09
6.76837e-09
6.76837e-09
6.76837e-09
6.76837e-09
6.76837e-09
6.76836e-09
6.76836e-09
6.76835e-09
6.76834e-09
6.76834e-09
6.76833e-09
6.76833e-09
6.76832e-09
6.76832e-09
6.76831e-09
6.76831e-09
6.76831e-09
6.7683e-09
6.7683e-09
6.76829e-09
6.76828e-09
6.76827e-09
6.76826e-09
6.76824e-09
6.76821e-09
6.76816e-09
6.76813e-09
)
;

boundaryField
{
    bottomWall
    {
        type            kqRWallFunction;
        value           nonuniform 0();
    }
    topWall
    {
        type            kqRWallFunction;
        value           nonuniform List<scalar> 
120
(
6.76797e-09
6.76774e-09
6.7675e-09
6.76729e-09
6.76713e-09
6.76702e-09
6.76695e-09
6.76689e-09
6.76685e-09
6.7668e-09
6.76677e-09
6.76675e-09
6.76674e-09
6.76675e-09
6.76677e-09
6.7668e-09
6.76682e-09
6.76683e-09
6.76685e-09
6.76687e-09
6.76689e-09
6.76692e-09
6.76695e-09
6.76698e-09
6.767e-09
6.76703e-09
6.76705e-09
6.76708e-09
6.7671e-09
6.76713e-09
6.76715e-09
6.76718e-09
6.7672e-09
6.76722e-09
6.76724e-09
6.76727e-09
6.76729e-09
6.76731e-09
6.76734e-09
6.76737e-09
6.76739e-09
6.76742e-09
6.76745e-09
6.76748e-09
6.76751e-09
6.76754e-09
6.76757e-09
6.76761e-09
6.76764e-09
6.76767e-09
6.7677e-09
6.76773e-09
6.76776e-09
6.76779e-09
6.76782e-09
6.76785e-09
6.76788e-09
6.7679e-09
6.76793e-09
6.76795e-09
6.76798e-09
6.768e-09
6.76802e-09
6.76804e-09
6.76806e-09
6.76808e-09
6.7681e-09
6.76812e-09
6.76814e-09
6.76816e-09
6.76818e-09
6.76819e-09
6.76821e-09
6.76822e-09
6.76824e-09
6.76825e-09
6.76827e-09
6.76828e-09
6.76829e-09
6.7683e-09
6.76831e-09
6.76832e-09
6.76833e-09
6.76834e-09
6.76835e-09
6.76835e-09
6.76836e-09
6.76836e-09
6.76837e-09
6.76837e-09
6.76837e-09
6.76837e-09
6.76837e-09
6.76837e-09
6.76837e-09
6.76837e-09
6.76837e-09
6.76837e-09
6.76836e-09
6.76836e-09
6.76835e-09
6.76834e-09
6.76834e-09
6.76833e-09
6.76833e-09
6.76832e-09
6.76832e-09
6.76831e-09
6.76831e-09
6.76831e-09
6.7683e-09
6.7683e-09
6.76829e-09
6.76828e-09
6.76827e-09
6.76826e-09
6.76824e-09
6.76821e-09
6.76816e-09
6.76813e-09
)
;
    }
    sides1_half0
    {
        type            cyclic;
    }
    sides1_half1
    {
        type            cyclic;
    }
    sides2_half0
    {
        type            cyclic;
    }
    sides2_half1
    {
        type            cyclic;
    }
    inout1_half0
    {
        type            cyclic;
    }
    inout1_half1
    {
        type            cyclic;
    }
    inout2_half0
    {
        type            cyclic;
    }
    inout2_half1
    {
        type            cyclic;
    }
    procBoundary0to1
    {
        type            processor;
        value           nonuniform List<scalar> 
122
(
0.000155854
0.000155851
0.000155851
0.000155852
0.000155852
0.000155852
0.000155853
0.000155853
0.000155854
0.000155854
0.000155855
0.000155855
0.000155856
0.000155856
0.000155857
0.000155857
0.000155858
0.000155858
0.000155859
0.00015586
0.00015586
0.000155861
0.000155861
0.000155862
0.000155862
0.000155863
0.000155863
0.000155864
0.000155864
0.000155865
0.000155865
0.000155866
0.000155866
0.000155867
0.000155867
0.000155868
0.000155868
0.000155868
0.000155869
0.000155869
0.00015587
0.00015587
0.000155871
0.000155871
0.000155871
0.000155872
0.000155872
0.000155872
0.000155873
0.000155873
0.000155873
0.000155874
0.000155874
0.000155874
0.000155874
0.000155875
0.000155875
0.000155875
0.000155875
0.000155875
0.000155875
0.000155875
0.000155876
0.000155876
0.000155876
0.000155876
0.000155876
0.000155876
0.000155876
0.000155876
0.000155876
0.000155876
0.000155876
0.000155875
0.000155875
0.000155875
0.000155875
0.000156946
0.000156944
0.000156943
0.000156942
0.000156941
0.000156941
0.00015694
0.00015694
0.00015694
0.000156939
0.000156939
0.000156939
0.000156939
0.000156938
0.000156938
0.000156938
0.000156938
0.000156938
0.000156938
0.000156939
0.000156939
0.000156939
0.000156939
0.00015694
0.00015694
0.00015696
0.00015696
0.000156962
0.000156962
0.000156962
0.000156962
0.000156961
0.000156961
0.000156961
0.00015696
0.00015696
0.000156959
0.000156959
0.000156958
0.000156958
0.000156957
0.000156956
0.000156956
0.000156955
0.000156957
)
;
    }
}


// ************************************************************************* //
