/*--------------------------------*- C++ -*----------------------------------*\
  =========                 |
  \\      /  F ield         | OpenFOAM: The Open Source CFD Toolbox
   \\    /   O peration     | Website:  https://openfoam.org
    \\  /    A nd           | Version:  7
     \\/     M anipulation  |
\*---------------------------------------------------------------------------*/
FoamFile
{
    version     2.0;
    format      ascii;
    class       volScalarField;
    location    "2500";
    object      omega;
}
// * * * * * * * * * * * * * * * * * * * * * * * * * * * * * * * * * * * * * //

dimensions      [0 0 -1 0 0 0 0];

internalField   nonuniform List<scalar> 
4037
(
0.612922
0.612908
0.612899
0.612892
0.612886
0.612882
0.612878
0.612875
0.612872
0.612869
0.612866
0.612864
0.612862
0.61286
0.612859
0.612857
0.612856
0.612854
0.612853
0.612852
0.61285
0.612849
0.612848
0.612847
0.612846
0.612845
0.612844
0.612843
0.612843
0.612842
0.612841
0.61284
0.612839
0.612839
0.612838
0.612837
0.612837
0.612836
0.612836
0.612835
0.612835
0.612834
0.612834
0.612834
0.612833
0.612833
0.612833
0.612833
0.612833
0.612833
0.612833
0.612834
0.612834
0.612835
0.612835
0.612836
0.612836
0.612837
0.612838
0.612839
0.61284
0.612841
0.612842
0.612843
0.612844
0.612845
0.612846
0.612847
0.612848
0.612849
0.61285
0.612852
0.612853
0.612854
0.612854
0.612856
0.612854
0.648654
0.648658
0.648656
0.648653
0.648651
0.648648
0.648645
0.648643
0.648641
0.648638
0.648637
0.648635
0.648633
0.648632
0.64863
0.648629
0.648628
0.648627
0.648626
0.648625
0.648625
0.648624
0.648624
0.648625
0.648604
0.648589
0.648579
0.648571
0.648565
0.64856
0.648556
0.648552
0.648549
0.648546
0.648543
0.648541
0.648538
0.648536
0.648534
0.648533
0.648531
0.64853
0.648528
0.648527
0.648525
0.648524
0.648523
0.648522
0.648521
0.648519
0.648518
0.648517
0.648516
0.648515
0.648515
0.648514
0.648513
0.648512
0.648511
0.64851
0.64851
0.648509
0.648508
0.648508
0.648507
0.648507
0.648506
0.648506
0.648506
0.648505
0.648505
0.648505
0.648505
0.648505
0.648505
0.648506
0.648506
0.648506
0.648507
0.648507
0.648508
0.648509
0.648509
0.64851
0.648511
0.648512
0.648513
0.648514
0.648515
0.648516
0.648517
0.648518
0.648519
0.64852
0.648521
0.648522
0.648523
0.648524
0.648525
0.648526
0.648523
0.648554
0.64857
0.64858
0.648586
0.648592
0.648596
0.6486
0.648604
0.648607
0.64861
0.648612
0.648615
0.648617
0.648619
0.64862
0.648622
0.648623
0.648626
0.648623
0.686848
0.686855
0.686854
0.686851
0.686847
0.686844
0.686841
0.686838
0.686835
0.686833
0.68683
0.686828
0.686826
0.686824
0.686823
0.686821
0.68682
0.686819
0.686818
0.686817
0.686816
0.686816
0.686815
0.686817
0.686806
0.686794
0.686784
0.686776
0.68677
0.686765
0.68676
0.686756
0.686753
0.686749
0.686747
0.686744
0.686742
0.686739
0.686737
0.686736
0.686734
0.686732
0.68673
0.686729
0.686727
0.686726
0.686725
0.686723
0.686722
0.686721
0.68672
0.686719
0.686718
0.686717
0.686715
0.686714
0.686714
0.686713
0.686712
0.686711
0.68671
0.686709
0.686708
0.686708
0.686707
0.686707
0.686706
0.686706
0.686705
0.686705
0.686705
0.686705
0.686704
0.686704
0.686705
0.686705
0.686705
0.686705
0.686706
0.686706
0.686707
0.686707
0.686708
0.686709
0.68671
0.68671
0.686711
0.686712
0.686713
0.686714
0.686715
0.686716
0.686717
0.686718
0.686719
0.68672
0.686721
0.686722
0.686722
0.686724
0.686721
0.686737
0.686751
0.686762
0.686769
0.686775
0.68678
0.686784
0.686788
0.686791
0.686794
0.686797
0.686799
0.686801
0.686803
0.686805
0.686806
0.686807
0.68681
0.686805
0.727866
0.727875
0.727874
0.727871
0.727867
0.727863
0.727859
0.727856
0.727853
0.72785
0.727847
0.727844
0.727842
0.72784
0.727838
0.727837
0.727835
0.727834
0.727833
0.727832
0.727831
0.72783
0.72783
0.72783
0.727826
0.727817
0.727809
0.727801
0.727795
0.727789
0.727785
0.727781
0.727777
0.727774
0.727771
0.727768
0.727766
0.727763
0.727761
0.727759
0.727757
0.727755
0.727754
0.727752
0.727751
0.727749
0.727748
0.727746
0.727745
0.727743
0.727742
0.727741
0.72774
0.727739
0.727737
0.727736
0.727735
0.727734
0.727733
0.727732
0.727731
0.727731
0.72773
0.727729
0.727728
0.727728
0.727727
0.727726
0.727726
0.727726
0.727725
0.727725
0.727725
0.727725
0.727725
0.727725
0.727725
0.727725
0.727726
0.727726
0.727727
0.727727
0.727728
0.727728
0.727729
0.72773
0.727731
0.727732
0.727732
0.727733
0.727734
0.727735
0.727736
0.727737
0.727738
0.727739
0.72774
0.72774
0.727741
0.727742
0.727741
0.727748
0.727759
0.727769
0.727776
0.727782
0.727787
0.727792
0.727795
0.727799
0.727801
0.727804
0.727806
0.727808
0.72781
0.727812
0.727813
0.727815
0.727818
0.727811
0.77205
0.772062
0.772061
0.772057
0.772052
0.772048
0.772043
0.772039
0.772036
0.772032
0.772029
0.772026
0.772024
0.772021
0.772019
0.772017
0.772016
0.772014
0.772013
0.772012
0.772011
0.772011
0.77201
0.77201
0.772008
0.772002
0.771996
0.771989
0.771983
0.771978
0.771974
0.77197
0.771966
0.771963
0.77196
0.771957
0.771954
0.771952
0.77195
0.771947
0.771945
0.771944
0.771942
0.77194
0.771938
0.771937
0.771935
0.771934
0.771932
0.771931
0.771929
0.771928
0.771927
0.771926
0.771924
0.771923
0.771922
0.771921
0.77192
0.771919
0.771918
0.771917
0.771916
0.771915
0.771914
0.771914
0.771913
0.771912
0.771912
0.771911
0.771911
0.771911
0.77191
0.77191
0.77191
0.77191
0.77191
0.77191
0.771911
0.771911
0.771911
0.771912
0.771912
0.771913
0.771914
0.771914
0.771915
0.771916
0.771917
0.771917
0.771918
0.771919
0.77192
0.771921
0.771922
0.771922
0.771923
0.771924
0.771924
0.771925
0.771925
0.771928
0.771935
0.771943
0.77195
0.771956
0.771961
0.771965
0.771969
0.771972
0.771975
0.771977
0.77198
0.771982
0.771983
0.771985
0.771987
0.771988
0.771991
0.771982
0.819803
0.819817
0.819816
0.819811
0.819806
0.8198
0.819795
0.819791
0.819786
0.819783
0.819779
0.819776
0.819773
0.81977
0.819768
0.819766
0.819764
0.819763
0.819762
0.81976
0.81976
0.819759
0.819758
0.819758
0.819757
0.819753
0.819748
0.819743
0.819738
0.819733
0.819729
0.819725
0.819722
0.819718
0.819715
0.819713
0.81971
0.819707
0.819705
0.819703
0.819701
0.819699
0.819697
0.819695
0.819693
0.819692
0.81969
0.819689
0.819687
0.819685
0.819684
0.819683
0.819681
0.81968
0.819679
0.819677
0.819676
0.819675
0.819674
0.819673
0.819671
0.81967
0.81967
0.819669
0.819668
0.819667
0.819666
0.819666
0.819665
0.819664
0.819664
0.819664
0.819663
0.819663
0.819663
0.819663
0.819663
0.819663
0.819663
0.819663
0.819664
0.819664
0.819665
0.819665
0.819666
0.819666
0.819667
0.819668
0.819668
0.819669
0.81967
0.819671
0.819671
0.819672
0.819673
0.819673
0.819674
0.819675
0.819675
0.819676
0.819676
0.819678
0.819682
0.819688
0.819694
0.819699
0.819703
0.819707
0.819711
0.819714
0.819717
0.819719
0.819721
0.819723
0.819725
0.819727
0.819728
0.819729
0.819733
0.819721
0.871598
0.871614
0.871613
0.871607
0.871601
0.871595
0.871589
0.871584
0.871579
0.871574
0.871571
0.871567
0.871564
0.871561
0.871559
0.871556
0.871555
0.871553
0.871552
0.87155
0.871549
0.871549
0.871548
0.871547
0.871547
0.871545
0.871541
0.871537
0.871533
0.871529
0.871525
0.871521
0.871518
0.871515
0.871512
0.871509
0.871506
0.871504
0.871502
0.871499
0.871497
0.871495
0.871493
0.871491
0.87149
0.871488
0.871486
0.871484
0.871483
0.871481
0.87148
0.871478
0.871477
0.871475
0.871474
0.871473
0.871471
0.87147
0.871469
0.871468
0.871466
0.871465
0.871464
0.871463
0.871462
0.871462
0.871461
0.87146
0.871459
0.871459
0.871458
0.871458
0.871457
0.871457
0.871457
0.871457
0.871457
0.871457
0.871457
0.871457
0.871457
0.871457
0.871458
0.871458
0.871459
0.871459
0.87146
0.871461
0.871461
0.871462
0.871462
0.871463
0.871464
0.871464
0.871465
0.871466
0.871466
0.871467
0.871467
0.871468
0.871468
0.871469
0.871471
0.871475
0.87148
0.871484
0.871489
0.871492
0.871496
0.871498
0.871501
0.871503
0.871505
0.871507
0.871509
0.87151
0.871512
0.871512
0.871517
0.871502
0.927995
0.928014
0.928011
0.928005
0.927998
0.927991
0.927984
0.927978
0.927973
0.927968
0.927964
0.92796
0.927956
0.927953
0.927951
0.927948
0.927946
0.927945
0.927943
0.927942
0.927941
0.92794
0.927939
0.927939
0.927938
0.927937
0.927935
0.927932
0.927928
0.927925
0.927921
0.927918
0.927915
0.927912
0.927909
0.927906
0.927904
0.927901
0.927899
0.927897
0.927895
0.927893
0.927891
0.927889
0.927887
0.927885
0.927883
0.927881
0.92788
0.927878
0.927876
0.927875
0.927873
0.927872
0.92787
0.927869
0.927868
0.927866
0.927865
0.927864
0.927863
0.927861
0.92786
0.927859
0.927858
0.927857
0.927857
0.927856
0.927855
0.927854
0.927854
0.927853
0.927853
0.927852
0.927852
0.927852
0.927852
0.927852
0.927852
0.927852
0.927852
0.927852
0.927852
0.927853
0.927853
0.927854
0.927854
0.927855
0.927855
0.927856
0.927856
0.927857
0.927858
0.927858
0.927859
0.927859
0.92786
0.92786
0.927861
0.927861
0.927861
0.927862
0.927863
0.927866
0.927869
0.927873
0.927876
0.927879
0.927882
0.927885
0.927887
0.927889
0.927891
0.927893
0.927894
0.927896
0.927897
0.927897
0.927903
0.927885
0.98966
0.989681
0.989678
0.98967
0.989662
0.989654
0.989647
0.98964
0.989634
0.989629
0.989624
0.98962
0.989616
0.989613
0.98961
0.989607
0.989605
0.989604
0.989602
0.989601
0.9896
0.989599
0.989598
0.989598
0.989597
0.989596
0.989595
0.989592
0.98959
0.989587
0.989584
0.989581
0.989578
0.989575
0.989572
0.98957
0.989567
0.989565
0.989563
0.989561
0.989559
0.989556
0.989554
0.989552
0.989551
0.989549
0.989547
0.989545
0.989543
0.989542
0.98954
0.989538
0.989537
0.989535
0.989534
0.989532
0.989531
0.98953
0.989528
0.989527
0.989526
0.989524
0.989523
0.989522
0.989521
0.98952
0.989519
0.989518
0.989518
0.989517
0.989516
0.989516
0.989515
0.989515
0.989514
0.989514
0.989514
0.989514
0.989514
0.989514
0.989514
0.989514
0.989514
0.989514
0.989515
0.989515
0.989515
0.989516
0.989516
0.989517
0.989517
0.989518
0.989518
0.989519
0.989519
0.98952
0.98952
0.989521
0.989521
0.989521
0.989521
0.989522
0.989523
0.989524
0.989527
0.989529
0.989532
0.989535
0.989537
0.98954
0.989542
0.989543
0.989545
0.989547
0.989548
0.989549
0.98955
0.98955
0.989556
0.989536
1.05739
1.05741
1.05741
1.0574
1.05739
1.05738
1.05737
1.05737
1.05736
1.05735
1.05735
1.05734
1.05734
1.05734
1.05733
1.05733
1.05733
1.05733
1.05732
1.05732
1.05732
1.05732
1.05732
1.05732
1.05732
1.05732
1.05732
1.05732
1.05731
1.05731
1.05731
1.05731
1.0573
1.0573
1.0573
1.0573
1.05729
1.05729
1.05729
1.05729
1.05729
1.05728
1.05728
1.05728
1.05728
1.05728
1.05727
1.05727
1.05727
1.05727
1.05727
1.05727
1.05726
1.05726
1.05726
1.05726
1.05726
1.05726
1.05725
1.05725
1.05725
1.05725
1.05725
1.05725
1.05725
1.05725
1.05725
1.05724
1.05724
1.05724
1.05724
1.05724
1.05724
1.05724
1.05724
1.05724
1.05724
1.05724
1.05724
1.05724
1.05724
1.05724
1.05724
1.05724
1.05724
1.05724
1.05724
1.05724
1.05724
1.05724
1.05724
1.05724
1.05724
1.05724
1.05724
1.05724
1.05724
1.05724
1.05724
1.05724
1.05724
1.05725
1.05725
1.05725
1.05725
1.05725
1.05725
1.05725
1.05726
1.05726
1.05726
1.05726
1.05726
1.05726
1.05727
1.05727
1.05727
1.05727
1.05727
1.05725
1.13214
1.13217
1.13216
1.13215
1.13214
1.13213
1.13212
1.13211
1.13211
1.1321
1.13209
1.13209
1.13208
1.13208
1.13208
1.13208
1.13207
1.13207
1.13207
1.13207
1.13207
1.13207
1.13207
1.13206
1.13206
1.13206
1.13206
1.13206
1.13206
1.13206
1.13206
1.13205
1.13205
1.13205
1.13205
1.13204
1.13204
1.13204
1.13204
1.13204
1.13203
1.13203
1.13203
1.13203
1.13203
1.13202
1.13202
1.13202
1.13202
1.13202
1.13202
1.13201
1.13201
1.13201
1.13201
1.13201
1.13201
1.132
1.132
1.132
1.132
1.132
1.132
1.132
1.132
1.13199
1.13199
1.13199
1.13199
1.13199
1.13199
1.13199
1.13199
1.13199
1.13199
1.13199
1.13199
1.13199
1.13199
1.13199
1.13199
1.13199
1.13199
1.13199
1.13199
1.13199
1.13199
1.13199
1.13199
1.13199
1.13199
1.13199
1.13199
1.13199
1.13199
1.13199
1.13199
1.13199
1.13199
1.13199
1.13199
1.13199
1.13199
1.13199
1.13199
1.13199
1.132
1.132
1.132
1.132
1.132
1.132
1.132
1.132
1.13201
1.13201
1.13201
1.13201
1.13201
1.13199
1.21508
1.21511
1.2151
1.21509
1.21508
1.21506
1.21505
1.21504
1.21504
1.21503
1.21502
1.21502
1.21501
1.21501
1.21501
1.215
1.215
1.215
1.215
1.215
1.215
1.215
1.215
1.21499
1.21499
1.21499
1.21499
1.21499
1.21499
1.21499
1.21499
1.21499
1.21498
1.21498
1.21498
1.21498
1.21498
1.21497
1.21497
1.21497
1.21497
1.21496
1.21496
1.21496
1.21496
1.21496
1.21496
1.21495
1.21495
1.21495
1.21495
1.21495
1.21494
1.21494
1.21494
1.21494
1.21494
1.21494
1.21494
1.21493
1.21493
1.21493
1.21493
1.21493
1.21493
1.21493
1.21493
1.21492
1.21492
1.21492
1.21492
1.21492
1.21492
1.21492
1.21492
1.21492
1.21492
1.21492
1.21492
1.21492
1.21492
1.21492
1.21492
1.21492
1.21492
1.21492
1.21492
1.21492
1.21492
1.21492
1.21492
1.21492
1.21492
1.21492
1.21492
1.21492
1.21492
1.21492
1.21492
1.21492
1.21492
1.21492
1.21492
1.21492
1.21492
1.21492
1.21492
1.21492
1.21493
1.21493
1.21493
1.21493
1.21493
1.21493
1.21493
1.21493
1.21493
1.21493
1.21494
1.21491
1.30762
1.30765
1.30764
1.30763
1.30762
1.3076
1.30759
1.30758
1.30757
1.30757
1.30756
1.30755
1.30755
1.30755
1.30754
1.30754
1.30754
1.30754
1.30754
1.30753
1.30753
1.30753
1.30753
1.30753
1.30753
1.30753
1.30753
1.30753
1.30753
1.30753
1.30752
1.30752
1.30752
1.30752
1.30752
1.30751
1.30751
1.30751
1.30751
1.30751
1.3075
1.3075
1.3075
1.3075
1.3075
1.3075
1.30749
1.30749
1.30749
1.30749
1.30749
1.30748
1.30748
1.30748
1.30748
1.30748
1.30748
1.30747
1.30747
1.30747
1.30747
1.30747
1.30747
1.30747
1.30747
1.30746
1.30746
1.30746
1.30746
1.30746
1.30746
1.30746
1.30746
1.30746
1.30746
1.30746
1.30746
1.30746
1.30746
1.30745
1.30745
1.30745
1.30745
1.30745
1.30745
1.30745
1.30745
1.30745
1.30745
1.30746
1.30746
1.30746
1.30746
1.30746
1.30746
1.30746
1.30746
1.30746
1.30746
1.30746
1.30746
1.30746
1.30746
1.30746
1.30746
1.30746
1.30746
1.30746
1.30746
1.30746
1.30746
1.30746
1.30746
1.30746
1.30746
1.30746
1.30746
1.30746
1.30747
1.30744
1.41152
1.41155
1.41155
1.41153
1.41151
1.4115
1.41149
1.41148
1.41147
1.41146
1.41145
1.41145
1.41144
1.41144
1.41144
1.41143
1.41143
1.41143
1.41143
1.41143
1.41143
1.41143
1.41142
1.41142
1.41142
1.41142
1.41142
1.41142
1.41142
1.41142
1.41142
1.41142
1.41141
1.41141
1.41141
1.41141
1.41141
1.41141
1.4114
1.4114
1.4114
1.4114
1.4114
1.41139
1.41139
1.41139
1.41139
1.41139
1.41138
1.41138
1.41138
1.41138
1.41138
1.41138
1.41137
1.41137
1.41137
1.41137
1.41137
1.41137
1.41137
1.41136
1.41136
1.41136
1.41136
1.41136
1.41136
1.41136
1.41136
1.41136
1.41135
1.41135
1.41135
1.41135
1.41135
1.41135
1.41135
1.41135
1.41135
1.41135
1.41135
1.41135
1.41135
1.41135
1.41135
1.41135
1.41135
1.41135
1.41135
1.41135
1.41135
1.41135
1.41135
1.41135
1.41135
1.41135
1.41135
1.41135
1.41135
1.41135
1.41135
1.41135
1.41135
1.41135
1.41135
1.41135
1.41135
1.41135
1.41135
1.41135
1.41135
1.41135
1.41135
1.41135
1.41135
1.41135
1.41135
1.41135
1.41136
1.41133
1.52897
1.529
1.52899
1.52897
1.52895
1.52893
1.52892
1.52891
1.5289
1.52889
1.52888
1.52888
1.52887
1.52887
1.52887
1.52887
1.52886
1.52886
1.52886
1.52886
1.52886
1.52886
1.52886
1.52885
1.52885
1.52885
1.52885
1.52885
1.52885
1.52885
1.52885
1.52885
1.52885
1.52884
1.52884
1.52884
1.52884
1.52884
1.52884
1.52883
1.52883
1.52883
1.52883
1.52883
1.52882
1.52882
1.52882
1.52882
1.52882
1.52882
1.52881
1.52881
1.52881
1.52881
1.52881
1.5288
1.5288
1.5288
1.5288
1.5288
1.5288
1.5288
1.52879
1.52879
1.52879
1.52879
1.52879
1.52879
1.52879
1.52879
1.52879
1.52879
1.52878
1.52878
1.52878
1.52878
1.52878
1.52878
1.52878
1.52878
1.52878
1.52878
1.52878
1.52878
1.52878
1.52878
1.52878
1.52878
1.52878
1.52878
1.52878
1.52878
1.52878
1.52878
1.52878
1.52878
1.52878
1.52878
1.52878
1.52878
1.52878
1.52878
1.52878
1.52878
1.52878
1.52878
1.52878
1.52878
1.52878
1.52878
1.52878
1.52878
1.52878
1.52878
1.52878
1.52878
1.52878
1.52878
1.52879
1.52875
1.66268
1.66271
1.6627
1.66268
1.66266
1.66264
1.66263
1.66262
1.66261
1.6626
1.66259
1.66259
1.66258
1.66258
1.66257
1.66257
1.66257
1.66257
1.66257
1.66257
1.66256
1.66256
1.66256
1.66256
1.66256
1.66256
1.66256
1.66256
1.66256
1.66256
1.66256
1.66255
1.66255
1.66255
1.66255
1.66255
1.66255
1.66254
1.66254
1.66254
1.66254
1.66254
1.66254
1.66253
1.66253
1.66253
1.66253
1.66253
1.66252
1.66252
1.66252
1.66252
1.66252
1.66252
1.66251
1.66251
1.66251
1.66251
1.66251
1.66251
1.66251
1.6625
1.6625
1.6625
1.6625
1.6625
1.6625
1.6625
1.6625
1.6625
1.66249
1.66249
1.66249
1.66249
1.66249
1.66249
1.66249
1.66249
1.66249
1.66249
1.66249
1.66249
1.66249
1.66249
1.66249
1.66249
1.66249
1.66249
1.66249
1.66249
1.66249
1.66249
1.66249
1.66249
1.66249
1.66249
1.66249
1.66249
1.66249
1.66249
1.66249
1.66249
1.66249
1.66249
1.66249
1.66249
1.66249
1.66249
1.66249
1.66249
1.66249
1.66249
1.66249
1.66249
1.66249
1.66249
1.66249
1.66248
1.66249
1.66246
1.81616
1.81619
1.81617
1.81615
1.81613
1.81611
1.81609
1.81608
1.81607
1.81606
1.81606
1.81605
1.81605
1.81604
1.81604
1.81604
1.81603
1.81603
1.81603
1.81603
1.81603
1.81603
1.81603
1.81603
1.81602
1.81602
1.81602
1.81602
1.81602
1.81602
1.81602
1.81602
1.81602
1.81601
1.81601
1.81601
1.81601
1.81601
1.81601
1.816
1.816
1.816
1.816
1.816
1.816
1.81599
1.81599
1.81599
1.81599
1.81599
1.81598
1.81598
1.81598
1.81598
1.81598
1.81598
1.81597
1.81597
1.81597
1.81597
1.81597
1.81597
1.81597
1.81597
1.81596
1.81596
1.81596
1.81596
1.81596
1.81596
1.81596
1.81596
1.81596
1.81596
1.81596
1.81595
1.81595
1.81595
1.81595
1.81595
1.81595
1.81595
1.81595
1.81595
1.81595
1.81595
1.81595
1.81595
1.81595
1.81595
1.81595
1.81595
1.81595
1.81595
1.81595
1.81595
1.81595
1.81595
1.81595
1.81595
1.81595
1.81595
1.81595
1.81595
1.81595
1.81595
1.81595
1.81595
1.81595
1.81595
1.81595
1.81595
1.81595
1.81595
1.81595
1.81595
1.81595
1.81595
1.81596
1.81592
1.99386
1.9939
1.99388
1.99385
1.99383
1.99381
1.99379
1.99378
1.99377
1.99376
1.99375
1.99374
1.99374
1.99374
1.99373
1.99373
1.99373
1.99373
1.99373
1.99372
1.99372
1.99372
1.99372
1.99372
1.99372
1.99372
1.99372
1.99372
1.99372
1.99371
1.99371
1.99371
1.99371
1.99371
1.99371
1.99371
1.9937
1.9937
1.9937
1.9937
1.9937
1.99369
1.99369
1.99369
1.99369
1.99369
1.99369
1.99368
1.99368
1.99368
1.99368
1.99368
1.99367
1.99367
1.99367
1.99367
1.99367
1.99367
1.99367
1.99366
1.99366
1.99366
1.99366
1.99366
1.99366
1.99366
1.99366
1.99366
1.99365
1.99365
1.99365
1.99365
1.99365
1.99365
1.99365
1.99365
1.99365
1.99365
1.99365
1.99365
1.99365
1.99365
1.99365
1.99365
1.99365
1.99365
1.99365
1.99365
1.99365
1.99365
1.99365
1.99365
1.99365
1.99365
1.99365
1.99365
1.99365
1.99365
1.99365
1.99365
1.99365
1.99365
1.99365
1.99365
1.99365
1.99365
1.99364
1.99364
1.99364
1.99364
1.99364
1.99364
1.99364
1.99364
1.99364
1.99364
1.99364
1.99364
1.99365
1.99361
2.20163
2.20166
2.20164
2.20161
2.20158
2.20156
2.20154
2.20153
2.20152
2.20151
2.2015
2.2015
2.20149
2.20149
2.20149
2.20148
2.20148
2.20148
2.20148
2.20148
2.20148
2.20148
2.20147
2.20147
2.20147
2.20147
2.20147
2.20147
2.20147
2.20147
2.20146
2.20146
2.20146
2.20146
2.20146
2.20146
2.20145
2.20145
2.20145
2.20145
2.20145
2.20145
2.20144
2.20144
2.20144
2.20144
2.20144
2.20144
2.20143
2.20143
2.20143
2.20143
2.20143
2.20143
2.20142
2.20142
2.20142
2.20142
2.20142
2.20142
2.20142
2.20141
2.20141
2.20141
2.20141
2.20141
2.20141
2.20141
2.20141
2.20141
2.20141
2.20141
2.2014
2.2014
2.2014
2.2014
2.2014
2.2014
2.2014
2.2014
2.2014
2.2014
2.2014
2.2014
2.2014
2.2014
2.2014
2.2014
2.2014
2.2014
2.2014
2.2014
2.2014
2.2014
2.2014
2.2014
2.2014
2.2014
2.2014
2.2014
2.2014
2.2014
2.2014
2.2014
2.2014
2.2014
2.2014
2.2014
2.2014
2.2014
2.2014
2.2014
2.20139
2.20139
2.20139
2.20139
2.20139
2.20139
2.2014
2.20136
2.44715
2.44718
2.44715
2.44712
2.44709
2.44707
2.44705
2.44704
2.44703
2.44702
2.44701
2.44701
2.447
2.447
2.447
2.44699
2.44699
2.44699
2.44699
2.44699
2.44699
2.44698
2.44698
2.44698
2.44698
2.44698
2.44698
2.44698
2.44697
2.44697
2.44697
2.44697
2.44697
2.44697
2.44696
2.44696
2.44696
2.44696
2.44696
2.44696
2.44695
2.44695
2.44695
2.44695
2.44695
2.44695
2.44694
2.44694
2.44694
2.44694
2.44694
2.44693
2.44693
2.44693
2.44693
2.44693
2.44693
2.44693
2.44693
2.44692
2.44692
2.44692
2.44692
2.44692
2.44692
2.44692
2.44692
2.44692
2.44692
2.44692
2.44691
2.44691
2.44691
2.44691
2.44691
2.44691
2.44691
2.44691
2.44691
2.44691
2.44691
2.44691
2.44691
2.44691
2.44691
2.44691
2.44691
2.44691
2.44691
2.44691
2.44691
2.44691
2.44691
2.44691
2.44691
2.44691
2.44691
2.44691
2.44691
2.44691
2.44691
2.44691
2.44691
2.44691
2.44691
2.44691
2.44691
2.44691
2.44691
2.44691
2.44691
2.4469
2.4469
2.4469
2.4469
2.4469
2.4469
2.4469
2.44691
2.44687
2.74076
2.74078
2.74075
2.74071
2.74068
2.74065
2.74064
2.74062
2.74061
2.74061
2.7406
2.74059
2.74059
2.74059
2.74059
2.74058
2.74058
2.74058
2.74058
2.74058
2.74057
2.74057
2.74057
2.74057
2.74057
2.74057
2.74056
2.74056
2.74056
2.74056
2.74056
2.74056
2.74055
2.74055
2.74055
2.74055
2.74055
2.74054
2.74054
2.74054
2.74054
2.74054
2.74054
2.74053
2.74053
2.74053
2.74053
2.74053
2.74053
2.74052
2.74052
2.74052
2.74052
2.74052
2.74052
2.74052
2.74051
2.74051
2.74051
2.74051
2.74051
2.74051
2.74051
2.74051
2.74051
2.74051
2.74051
2.7405
2.7405
2.7405
2.7405
2.7405
2.7405
2.7405
2.7405
2.7405
2.7405
2.7405
2.7405
2.7405
2.7405
2.7405
2.7405
2.7405
2.7405
2.7405
2.7405
2.7405
2.7405
2.7405
2.7405
2.7405
2.7405
2.7405
2.7405
2.7405
2.7405
2.7405
2.7405
2.7405
2.7405
2.7405
2.7405
2.7405
2.7405
2.7405
2.7405
2.7405
2.7405
2.7405
2.7405
2.74049
2.74049
2.74049
2.74049
2.74049
2.74049
2.74049
2.7405
2.74046
3.09653
3.09655
3.09651
3.09647
3.09644
3.09641
3.09639
3.09638
3.09637
3.09636
3.09636
3.09635
3.09635
3.09635
3.09634
3.09634
3.09634
3.09634
3.09634
3.09633
3.09633
3.09633
3.09633
3.09633
3.09632
3.09632
3.09632
3.09632
3.09632
3.09632
3.09631
3.09631
3.09631
3.09631
3.09631
3.0963
3.0963
3.0963
3.0963
3.0963
3.09629
3.09629
3.09629
3.09629
3.09629
3.09629
3.09628
3.09628
3.09628
3.09628
3.09628
3.09628
3.09628
3.09627
3.09627
3.09627
3.09627
3.09627
3.09627
3.09627
3.09627
3.09627
3.09627
3.09626
3.09626
3.09626
3.09626
3.09626
3.09626
3.09626
3.09626
3.09626
3.09626
3.09626
3.09626
3.09626
3.09626
3.09626
3.09626
3.09626
3.09626
3.09626
3.09626
3.09626
3.09626
3.09626
3.09626
3.09626
3.09626
3.09626
3.09626
3.09626
3.09626
3.09626
3.09626
3.09626
3.09626
3.09626
3.09626
3.09626
3.09626
3.09626
3.09626
3.09626
3.09626
3.09626
3.09626
3.09626
3.09626
3.09626
3.09626
3.09626
3.09626
3.09625
3.09625
3.09625
3.09625
3.09625
3.09626
3.09622
3.53409
3.53411
3.53406
3.53401
3.53398
3.53395
3.53393
3.53392
3.53391
3.53391
3.5339
3.5339
3.5339
3.53389
3.53389
3.53389
3.53389
3.53388
3.53388
3.53388
3.53388
3.53387
3.53387
3.53387
3.53387
3.53387
3.53386
3.53386
3.53386
3.53386
3.53386
3.53385
3.53385
3.53385
3.53385
3.53384
3.53384
3.53384
3.53384
3.53384
3.53384
3.53383
3.53383
3.53383
3.53383
3.53383
3.53383
3.53382
3.53382
3.53382
3.53382
3.53382
3.53382
3.53382
3.53382
3.53382
3.53381
3.53381
3.53381
3.53381
3.53381
3.53381
3.53381
3.53381
3.53381
3.53381
3.53381
3.53381
3.53381
3.53381
3.53381
3.53381
3.53381
3.53381
3.53381
3.53381
3.53381
3.53381
3.53381
3.53381
3.53381
3.53381
3.53381
3.53381
3.53381
3.53381
3.53381
3.53381
3.53381
3.53381
3.53381
3.53381
3.53381
3.53381
3.53381
3.53381
3.53381
3.53381
3.53381
3.53381
3.53381
3.53381
3.53381
3.53381
3.53381
3.53381
3.53381
3.53381
3.53381
3.53381
3.53381
3.53381
3.53381
3.53381
3.5338
3.5338
3.5338
3.53381
3.53382
3.53378
4.08146
4.08146
4.0814
4.08135
4.08131
4.08129
4.08127
4.08126
4.08125
4.08125
4.08124
4.08124
4.08124
4.08123
4.08123
4.08123
4.08123
4.08122
4.08122
4.08122
4.08122
4.08121
4.08121
4.08121
4.08121
4.0812
4.0812
4.0812
4.0812
4.08119
4.08119
4.08119
4.08119
4.08119
4.08118
4.08118
4.08118
4.08118
4.08118
4.08117
4.08117
4.08117
4.08117
4.08117
4.08117
4.08117
4.08116
4.08116
4.08116
4.08116
4.08116
4.08116
4.08116
4.08116
4.08116
4.08116
4.08116
4.08116
4.08115
4.08115
4.08115
4.08115
4.08115
4.08115
4.08115
4.08115
4.08115
4.08115
4.08115
4.08115
4.08115
4.08116
4.08116
4.08116
4.08116
4.08116
4.08116
4.08116
4.08116
4.08116
4.08116
4.08116
4.08116
4.08116
4.08116
4.08116
4.08116
4.08116
4.08116
4.08116
4.08116
4.08116
4.08116
4.08116
4.08116
4.08116
4.08116
4.08116
4.08116
4.08116
4.08116
4.08116
4.08116
4.08116
4.08116
4.08116
4.08116
4.08116
4.08116
4.08116
4.08116
4.08116
4.08116
4.08116
4.08116
4.08116
4.08116
4.08116
4.08117
4.08113
4.78004
4.78002
4.77995
4.7799
4.77986
4.77984
4.77983
4.77982
4.77981
4.77981
4.7798
4.7798
4.7798
4.77979
4.77979
4.77979
4.77979
4.77978
4.77978
4.77978
4.77977
4.77977
4.77977
4.77977
4.77976
4.77976
4.77976
4.77976
4.77975
4.77975
4.77975
4.77975
4.77974
4.77974
4.77974
4.77974
4.77974
4.77973
4.77973
4.77973
4.77973
4.77973
4.77973
4.77973
4.77973
4.77972
4.77972
4.77972
4.77972
4.77972
4.77972
4.77972
4.77972
4.77972
4.77972
4.77972
4.77972
4.77972
4.77972
4.77972
4.77972
4.77972
4.77972
4.77972
4.77972
4.77972
4.77972
4.77972
4.77972
4.77972
4.77972
4.77973
4.77973
4.77973
4.77973
4.77973
4.77973
4.77973
4.77973
4.77973
4.77973
4.77973
4.77973
4.77973
4.77973
4.77973
4.77973
4.77974
4.77974
4.77974
4.77974
4.77974
4.77974
4.77974
4.77974
4.77974
4.77974
4.77974
4.77974
4.77974
4.77974
4.77974
4.77974
4.77974
4.77974
4.77974
4.77974
4.77974
4.77974
4.77974
4.77973
4.77973
4.77973
4.77973
4.77973
4.77973
4.77973
4.77974
4.77975
4.77972
5.69464
5.6946
5.69453
5.69447
5.69444
5.69442
5.69441
5.6944
5.69439
5.69439
5.69438
5.69438
5.69438
5.69437
5.69437
5.69437
5.69436
5.69436
5.69436
5.69435
5.69435
5.69435
5.69435
5.69434
5.69434
5.69434
5.69434
5.69433
5.69433
5.69433
5.69433
5.69432
5.69432
5.69432
5.69432
5.69432
5.69432
5.69431
5.69431
5.69431
5.69431
5.69431
5.69431
5.69431
5.69431
5.69431
5.69431
5.69431
5.69431
5.69431
5.69431
5.69431
5.69431
5.69431
5.69431
5.69431
5.69431
5.69431
5.69431
5.69431
5.69431
5.69431
5.69431
5.69431
5.69431
5.69432
5.69432
5.69432
5.69432
5.69432
5.69432
5.69432
5.69432
5.69432
5.69433
5.69433
5.69433
5.69433
5.69433
5.69433
5.69433
5.69433
5.69433
5.69433
5.69434
5.69434
5.69434
5.69434
5.69434
5.69434
5.69434
5.69434
5.69434
5.69434
5.69434
5.69434
5.69434
5.69434
5.69434
5.69434
5.69434
5.69434
5.69434
5.69434
5.69434
5.69434
5.69434
5.69434
5.69434
5.69434
5.69434
5.69434
5.69434
5.69434
5.69434
5.69434
5.69434
5.69434
5.69435
5.69433
6.93656
6.9365
6.93642
6.93637
6.93634
6.93632
6.93631
6.93631
6.9363
6.9363
6.93629
6.93629
6.93628
6.93628
6.93628
6.93627
6.93627
6.93626
6.93626
6.93626
6.93625
6.93625
6.93625
6.93625
6.93624
6.93624
6.93624
6.93624
6.93624
6.93623
6.93623
6.93623
6.93623
6.93623
6.93623
6.93623
6.93622
6.93622
6.93622
6.93622
6.93622
6.93622
6.93622
6.93622
6.93622
6.93622
6.93622
6.93622
6.93622
6.93622
6.93622
6.93623
6.93623
6.93623
6.93623
6.93623
6.93623
6.93623
6.93623
6.93624
6.93624
6.93624
6.93624
6.93624
6.93624
6.93625
6.93625
6.93625
6.93625
6.93625
6.93625
6.93626
6.93626
6.93626
6.93626
6.93626
6.93626
6.93626
6.93627
6.93627
6.93627
6.93627
6.93627
6.93627
6.93627
6.93627
6.93628
6.93628
6.93628
6.93628
6.93628
6.93628
6.93628
6.93628
6.93628
6.93628
6.93628
6.93628
6.93628
6.93628
6.93628
6.93628
6.93628
6.93628
6.93628
6.93628
6.93628
6.93628
6.93628
6.93628
6.93628
6.93628
6.93628
6.93628
6.93628
6.93628
6.93628
6.93629
6.9363
6.93628
8.72536
8.72529
8.7252
8.72516
8.72513
8.72512
8.72511
8.72511
8.7251
8.72509
8.72509
8.72508
8.72508
8.72508
8.72507
8.72507
8.72506
8.72506
8.72506
8.72505
8.72505
8.72505
8.72505
8.72504
8.72504
8.72504
8.72504
8.72504
8.72504
8.72503
8.72503
8.72503
8.72503
8.72503
8.72503
8.72503
8.72503
8.72503
8.72503
8.72503
8.72503
8.72503
8.72503
8.72503
8.72503
8.72503
8.72504
8.72504
8.72504
8.72504
8.72504
8.72504
8.72505
8.72505
8.72505
8.72505
8.72505
8.72506
8.72506
8.72506
8.72506
8.72506
8.72507
8.72507
8.72507
8.72507
8.72508
8.72508
8.72508
8.72508
8.72509
8.72509
8.72509
8.72509
8.72509
8.7251
8.7251
8.7251
8.7251
8.7251
8.72511
8.72511
8.72511
8.72511
8.72511
8.72511
8.72511
8.72511
8.72512
8.72512
8.72512
8.72512
8.72512
8.72512
8.72512
8.72512
8.72512
8.72512
8.72512
8.72512
8.72512
8.72512
8.72512
8.72512
8.72512
8.72512
8.72512
8.72512
8.72512
8.72512
8.72512
8.72512
8.72512
8.72512
8.72512
8.72512
8.72512
8.72513
8.72514
8.72513
11.5646
11.5645
11.5645
11.5644
11.5644
11.5644
11.5644
11.5644
11.5644
11.5644
11.5644
11.5644
11.5644
11.5643
11.5643
11.5643
11.5643
11.5643
11.5643
11.5643
11.5643
11.5643
11.5643
11.5643
11.5643
11.5643
11.5643
11.5643
11.5643
11.5643
11.5643
11.5643
11.5643
11.5643
11.5643
11.5643
11.5643
11.5643
11.5643
11.5643
11.5643
11.5643
11.5643
11.5643
11.5643
11.5643
11.5643
11.5643
11.5643
11.5643
11.5643
11.5643
11.5643
11.5643
11.5643
11.5643
11.5644
11.5644
11.5644
11.5644
11.5644
11.5644
11.5644
11.5644
11.5644
11.5644
11.5644
11.5644
11.5644
11.5644
11.5644
11.5644
11.5644
11.5644
11.5644
11.5644
11.5644
11.5644
11.5644
11.5644
11.5644
11.5644
11.5644
11.5644
11.5644
11.5644
11.5644
11.5644
11.5644
11.5644
11.5644
11.5644
11.5644
11.5644
11.5644
11.5644
11.5644
11.5644
11.5644
11.5644
11.5644
11.5644
11.5644
11.5644
11.5644
11.5644
11.5644
11.5644
11.5644
11.5644
11.5644
11.5644
11.5644
11.5644
11.5644
11.5644
11.5644
11.5644
11.5644
11.5644
16.7481
16.748
16.7479
16.7479
16.7479
16.7479
16.7479
16.7479
16.7479
16.7479
16.7478
16.7478
16.7478
16.7478
16.7478
16.7478
16.7478
16.7478
16.7478
16.7478
16.7478
16.7478
16.7478
16.7478
16.7478
16.7478
16.7478
16.7478
16.7478
16.7478
16.7478
16.7478
16.7478
16.7478
16.7478
16.7478
16.7478
16.7478
16.7478
16.7478
16.7478
16.7478
16.7478
16.7478
16.7478
16.7478
16.7478
16.7478
16.7478
16.7478
16.7478
16.7478
16.7478
16.7478
16.7479
16.7479
16.7479
16.7479
16.7479
16.7479
16.7479
16.7479
16.7479
16.7479
16.7479
16.7479
16.7479
16.7479
16.7479
16.7479
16.7479
16.7479
16.7479
16.7479
16.7479
16.7479
16.7479
16.7479
16.7479
16.7479
16.7479
16.7479
16.7479
16.7479
16.7479
16.7479
16.7479
16.7479
16.7479
16.7479
16.7479
16.7479
16.7479
16.7479
16.7479
16.7479
16.7479
16.7479
16.7479
16.7479
16.7479
16.7479
16.7479
16.7479
16.7479
16.7479
16.7479
16.7479
16.7479
16.7479
16.7479
16.7479
16.7479
16.7479
16.7479
16.7479
16.7479
16.7479
16.7479
16.748
27.9625
27.9625
27.9625
27.9624
27.9624
27.9624
27.9624
27.9624
27.9624
27.9624
27.9624
27.9624
27.9624
27.9624
27.9624
27.9624
27.9624
27.9624
27.9624
27.9624
27.9624
27.9624
27.9624
27.9624
27.9624
27.9624
27.9624
27.9624
27.9624
27.9624
27.9624
27.9624
27.9624
27.9624
27.9624
27.9624
27.9624
27.9624
27.9624
27.9624
27.9624
27.9624
27.9624
27.9624
27.9624
27.9624
27.9624
27.9624
27.9624
27.9624
27.9624
27.9624
27.9624
27.9624
27.9624
27.9624
27.9624
27.9624
27.9624
27.9624
27.9624
27.9624
27.9624
27.9624
27.9624
27.9624
27.9624
27.9624
27.9624
27.9625
27.9625
27.9625
27.9625
27.9625
27.9625
27.9625
27.9625
27.9625
27.9625
27.9625
27.9625
27.9625
27.9625
27.9625
27.9625
27.9625
27.9625
27.9625
27.9625
27.9625
27.9625
27.9625
27.9625
27.9625
27.9625
27.9625
27.9625
27.9625
27.9625
27.9625
27.9625
27.9625
27.9625
27.9625
27.9625
27.9625
27.9625
27.9625
27.9625
27.9625
27.9625
27.9625
27.9625
27.9625
27.9625
27.9625
27.9625
27.9625
27.9625
27.9625
57.9783
57.9782
57.9782
57.9782
57.9782
57.9782
57.9782
57.9782
57.9782
57.9782
57.9782
57.9782
57.9782
57.9782
57.9782
57.9782
57.9782
57.9782
57.9782
57.9782
57.9782
57.9782
57.9782
57.9782
57.9782
57.9782
57.9782
57.9782
57.9782
57.9782
57.9782
57.9782
57.9782
57.9782
57.9782
57.9782
57.9782
57.9782
57.9782
57.9782
57.9782
57.9782
57.9782
57.9782
57.9782
57.9782
57.9782
57.9782
57.9782
57.9782
57.9782
57.9782
57.9782
57.9782
57.9782
57.9782
57.9782
57.9782
57.9782
57.9782
57.9782
57.9782
57.9782
57.9782
57.9782
57.9782
57.9782
57.9782
57.9782
57.9782
57.9782
57.9782
57.9782
57.9782
57.9782
57.9782
57.9782
57.9783
57.9783
57.9783
57.9783
57.9783
57.9783
57.9783
57.9783
57.9783
57.9783
57.9783
57.9783
57.9783
57.9783
57.9783
57.9783
57.9783
57.9783
57.9783
57.9783
57.9783
57.9783
57.9783
57.9783
57.9783
57.9783
57.9783
57.9783
57.9783
57.9783
57.9783
57.9783
57.9783
57.9783
57.9783
57.9783
57.9783
57.9783
57.9783
57.9783
57.9783
57.9783
57.9783
170.839
170.839
170.839
170.839
170.839
170.839
170.839
170.839
170.839
170.839
170.839
170.839
170.839
170.839
170.839
170.839
170.839
170.839
170.839
170.839
170.839
170.839
170.839
170.839
170.839
170.839
170.839
170.839
170.839
170.839
170.839
170.839
170.839
170.839
170.839
170.839
170.839
170.839
170.839
170.839
170.839
170.839
170.839
170.839
170.839
170.839
170.839
170.839
170.839
170.839
170.839
170.839
170.839
170.839
170.839
170.839
170.839
170.839
170.839
170.839
170.839
170.839
170.839
170.839
170.839
170.839
170.839
170.839
170.839
170.839
170.839
170.839
170.839
170.839
170.839
170.839
170.839
170.839
170.839
170.839
170.839
170.839
170.839
170.839
170.839
170.839
170.839
170.839
170.839
170.839
170.839
170.839
170.839
170.839
170.839
170.839
170.839
170.839
170.839
170.839
170.839
170.839
170.839
170.839
170.839
170.839
170.839
170.839
170.839
170.839
170.839
170.839
170.839
170.839
170.839
170.839
170.839
170.839
170.839
170.839
985.828
985.828
985.828
985.828
985.828
985.828
985.828
985.828
985.828
985.828
985.828
985.828
985.828
985.828
985.828
985.828
985.828
985.828
985.828
985.828
985.828
985.828
985.828
985.828
985.828
985.828
985.828
985.828
985.828
985.828
985.828
985.828
985.828
985.828
985.828
985.828
985.828
985.828
985.828
985.828
985.828
985.828
985.828
985.828
985.828
985.828
985.828
985.828
985.828
985.828
985.828
985.828
985.828
985.828
985.828
985.828
985.828
985.828
985.828
985.828
985.828
985.828
985.828
985.828
985.828
985.828
985.828
985.828
985.828
985.828
985.828
985.828
985.828
985.828
985.828
985.828
985.828
985.828
985.828
985.828
985.828
985.828
985.828
985.828
985.828
985.828
985.828
985.828
985.828
985.828
985.828
985.828
985.828
985.828
985.828
985.828
985.828
985.828
985.828
985.828
985.828
985.828
985.828
985.828
985.828
985.828
985.828
985.828
985.828
985.828
985.828
985.828
985.828
985.828
985.828
985.828
985.828
985.828
985.828
985.828
)
;

boundaryField
{
    bottomWall
    {
        beta1           0.075;
        blended         0;
        type            omegaWallFunction;
        value           nonuniform 0();
    }
    topWall
    {
        beta1           0.075;
        blended         0;
        type            omegaWallFunction;
        value           nonuniform List<scalar> 
120
(
985.828
985.828
985.828
985.828
985.828
985.828
985.828
985.828
985.828
985.828
985.828
985.828
985.828
985.828
985.828
985.828
985.828
985.828
985.828
985.828
985.828
985.828
985.828
985.828
985.828
985.828
985.828
985.828
985.828
985.828
985.828
985.828
985.828
985.828
985.828
985.828
985.828
985.828
985.828
985.828
985.828
985.828
985.828
985.828
985.828
985.828
985.828
985.828
985.828
985.828
985.828
985.828
985.828
985.828
985.828
985.828
985.828
985.828
985.828
985.828
985.828
985.828
985.828
985.828
985.828
985.828
985.828
985.828
985.828
985.828
985.828
985.828
985.828
985.828
985.828
985.828
985.828
985.828
985.828
985.828
985.828
985.828
985.828
985.828
985.828
985.828
985.828
985.828
985.828
985.828
985.828
985.828
985.828
985.828
985.828
985.828
985.828
985.828
985.828
985.828
985.828
985.828
985.828
985.828
985.828
985.828
985.828
985.828
985.828
985.828
985.828
985.828
985.828
985.828
985.828
985.828
985.828
985.828
985.828
985.828
)
;
    }
    sides1_half0
    {
        type            cyclic;
    }
    sides1_half1
    {
        type            cyclic;
    }
    sides2_half0
    {
        type            cyclic;
    }
    sides2_half1
    {
        type            cyclic;
    }
    inout1_half0
    {
        type            cyclic;
    }
    inout1_half1
    {
        type            cyclic;
    }
    inout2_half0
    {
        type            cyclic;
    }
    inout2_half1
    {
        type            cyclic;
    }
    procBoundary0to1
    {
        type            processor;
        value           nonuniform List<scalar> 
122
(
0.579493
0.579488
0.579482
0.579476
0.579472
0.579468
0.579465
0.579462
0.579459
0.579457
0.579454
0.579453
0.579451
0.579449
0.579448
0.579446
0.579445
0.579444
0.579443
0.579441
0.57944
0.579439
0.579439
0.579438
0.579437
0.579436
0.579435
0.579435
0.579434
0.579433
0.579432
0.579432
0.579431
0.57943
0.57943
0.579429
0.579429
0.579428
0.579428
0.579427
0.579427
0.579427
0.579426
0.579426
0.579426
0.579426
0.579426
0.579426
0.579426
0.579426
0.579426
0.579427
0.579427
0.579428
0.579428
0.579429
0.579429
0.57943
0.579431
0.579432
0.579433
0.579434
0.579435
0.579436
0.579437
0.579438
0.579439
0.57944
0.579442
0.579443
0.579444
0.579445
0.579446
0.579447
0.579448
0.579449
0.579449
0.612962
0.612962
0.61296
0.612957
0.612955
0.612953
0.612951
0.612949
0.612947
0.612945
0.612944
0.612942
0.612941
0.61294
0.612938
0.612937
0.612937
0.612936
0.612935
0.612934
0.612934
0.612934
0.612933
0.612934
0.612934
0.612883
0.612883
0.612892
0.612898
0.612904
0.612909
0.612913
0.612917
0.612921
0.612924
0.612926
0.612929
0.612931
0.612933
0.612935
0.612937
0.612938
0.61294
0.612942
0.612941
)
;
    }
}


// ************************************************************************* //
