/*--------------------------------*- C++ -*----------------------------------*\
  =========                 |
  \\      /  F ield         | OpenFOAM: The Open Source CFD Toolbox
   \\    /   O peration     | Website:  https://openfoam.org
    \\  /    A nd           | Version:  7
     \\/     M anipulation  |
\*---------------------------------------------------------------------------*/
FoamFile
{
    version     2.0;
    format      ascii;
    class       volScalarField;
    location    "18000";
    object      omega;
}
// * * * * * * * * * * * * * * * * * * * * * * * * * * * * * * * * * * * * * //

dimensions      [0 0 -1 0 0 0 0];

internalField   nonuniform List<scalar> 
4037
(
0.635443
0.635431
0.635421
0.635413
0.635407
0.635402
0.635397
0.635393
0.63539
0.635387
0.635384
0.635382
0.63538
0.635378
0.635376
0.635375
0.635373
0.635372
0.635371
0.63537
0.635369
0.635368
0.635368
0.635367
0.635366
0.635366
0.635365
0.635365
0.635364
0.635364
0.635363
0.635363
0.635363
0.635362
0.635362
0.635362
0.635361
0.635361
0.635361
0.63536
0.63536
0.63536
0.635359
0.635359
0.635358
0.635358
0.635358
0.635358
0.635357
0.635357
0.635356
0.635356
0.635356
0.635355
0.635355
0.635355
0.635354
0.635354
0.635353
0.635353
0.635353
0.635352
0.635352
0.635351
0.635351
0.635351
0.63535
0.63535
0.635349
0.635349
0.635349
0.635348
0.635348
0.635347
0.635347
0.635347
0.635344
0.671099
0.671115
0.671116
0.671114
0.671111
0.671107
0.671104
0.6711
0.671097
0.671095
0.671092
0.67109
0.671088
0.671086
0.671084
0.671082
0.67108
0.671078
0.671076
0.671075
0.671074
0.671073
0.671072
0.671074
0.671041
0.67102
0.671007
0.670997
0.670989
0.670983
0.670978
0.670973
0.670969
0.670966
0.670963
0.67096
0.670958
0.670955
0.670953
0.670951
0.67095
0.670948
0.670947
0.670946
0.670945
0.670944
0.670943
0.670942
0.670941
0.67094
0.67094
0.670939
0.670939
0.670938
0.670938
0.670937
0.670936
0.670936
0.670936
0.670935
0.670935
0.670934
0.670934
0.670933
0.670933
0.670933
0.670932
0.670932
0.670931
0.670931
0.670931
0.67093
0.67093
0.670929
0.670929
0.670928
0.670928
0.670928
0.670927
0.670927
0.670926
0.670926
0.670925
0.670925
0.670925
0.670924
0.670924
0.670923
0.670923
0.670922
0.670922
0.670921
0.670921
0.670921
0.67092
0.67092
0.670919
0.670919
0.670918
0.670919
0.670912
0.670968
0.670991
0.671
0.671005
0.67101
0.671014
0.671018
0.671021
0.671024
0.671027
0.67103
0.671032
0.671035
0.671037
0.671039
0.671041
0.671042
0.671046
0.671037
0.70925
0.709269
0.709273
0.709271
0.709269
0.709265
0.709262
0.709258
0.709255
0.709252
0.709249
0.709247
0.709245
0.709243
0.70924
0.709238
0.709236
0.709234
0.709232
0.70923
0.709229
0.709228
0.709227
0.709229
0.709212
0.709194
0.70918
0.709169
0.70916
0.709153
0.709147
0.709142
0.709138
0.709134
0.70913
0.709127
0.709125
0.709122
0.70912
0.709118
0.709116
0.709114
0.709113
0.709112
0.70911
0.709109
0.709108
0.709107
0.709106
0.709105
0.709105
0.709104
0.709103
0.709102
0.709102
0.709101
0.7091
0.7091
0.709099
0.709099
0.709098
0.709098
0.709097
0.709097
0.709096
0.709096
0.709095
0.709095
0.709094
0.709094
0.709093
0.709093
0.709092
0.709092
0.709091
0.709091
0.70909
0.70909
0.709089
0.709089
0.709088
0.709088
0.709087
0.709087
0.709086
0.709086
0.709085
0.709085
0.709084
0.709084
0.709083
0.709083
0.709083
0.709082
0.709082
0.709081
0.709081
0.70908
0.70908
0.70908
0.709074
0.709102
0.709126
0.70914
0.709149
0.709155
0.70916
0.709164
0.709168
0.709172
0.709175
0.709178
0.709181
0.709183
0.709185
0.709187
0.709189
0.709191
0.709195
0.709185
0.750299
0.75032
0.750325
0.750325
0.750322
0.750319
0.750316
0.750312
0.750308
0.750305
0.750302
0.7503
0.750298
0.750295
0.750293
0.75029
0.750288
0.750286
0.750284
0.750282
0.750281
0.75028
0.750279
0.75028
0.750272
0.750259
0.750246
0.750235
0.750226
0.750219
0.750213
0.750208
0.750203
0.750199
0.750196
0.750192
0.75019
0.750187
0.750185
0.750182
0.75018
0.750178
0.750177
0.750175
0.750174
0.750173
0.750171
0.75017
0.750169
0.750168
0.750167
0.750166
0.750166
0.750165
0.750164
0.750163
0.750162
0.750162
0.750161
0.75016
0.75016
0.750159
0.750159
0.750158
0.750157
0.750157
0.750156
0.750156
0.750155
0.750154
0.750154
0.750153
0.750153
0.750152
0.750152
0.750151
0.750151
0.75015
0.750149
0.750149
0.750148
0.750148
0.750147
0.750147
0.750146
0.750146
0.750145
0.750145
0.750144
0.750144
0.750143
0.750143
0.750142
0.750142
0.750141
0.750141
0.75014
0.75014
0.750139
0.750139
0.750135
0.750148
0.750166
0.75018
0.75019
0.750198
0.750204
0.750208
0.750213
0.750216
0.75022
0.750223
0.750226
0.750228
0.750231
0.750233
0.750235
0.750236
0.750241
0.75023
0.794604
0.794627
0.794633
0.794633
0.794631
0.794628
0.794624
0.794621
0.794617
0.794613
0.79461
0.794608
0.794605
0.794603
0.794601
0.794598
0.794595
0.794593
0.794591
0.794589
0.794588
0.794587
0.794586
0.794586
0.794582
0.794574
0.794564
0.794555
0.794546
0.794539
0.794533
0.794528
0.794523
0.794519
0.794515
0.794512
0.794509
0.794507
0.794504
0.794502
0.7945
0.794498
0.794496
0.794494
0.794493
0.794491
0.79449
0.794489
0.794487
0.794486
0.794485
0.794484
0.794483
0.794482
0.794482
0.794481
0.79448
0.794479
0.794478
0.794477
0.794477
0.794476
0.794475
0.794475
0.794474
0.794473
0.794473
0.794472
0.794471
0.794471
0.79447
0.794469
0.794469
0.794468
0.794468
0.794467
0.794466
0.794466
0.794465
0.794464
0.794464
0.794464
0.794463
0.794462
0.794462
0.794461
0.794461
0.79446
0.794459
0.794459
0.794458
0.794458
0.794457
0.794457
0.794456
0.794456
0.794455
0.794455
0.794454
0.794454
0.794451
0.794456
0.794468
0.79448
0.79449
0.794497
0.794504
0.794509
0.794513
0.794517
0.79452
0.794523
0.794526
0.794529
0.794532
0.794534
0.794536
0.794537
0.794542
0.79453
0.842583
0.842607
0.842614
0.842614
0.842612
0.842609
0.842606
0.842602
0.842598
0.842594
0.842591
0.842588
0.842586
0.842584
0.842581
0.842578
0.842575
0.842573
0.842571
0.842569
0.842568
0.842566
0.842566
0.842566
0.842564
0.842559
0.842552
0.842544
0.842537
0.84253
0.842525
0.84252
0.842515
0.842511
0.842507
0.842504
0.842501
0.842499
0.842496
0.842494
0.842492
0.84249
0.842488
0.842486
0.842484
0.842483
0.842481
0.84248
0.842478
0.842477
0.842476
0.842475
0.842474
0.842473
0.842472
0.842471
0.84247
0.842469
0.842468
0.842467
0.842466
0.842465
0.842465
0.842464
0.842463
0.842463
0.842462
0.842461
0.84246
0.84246
0.842459
0.842458
0.842457
0.842457
0.842456
0.842455
0.842455
0.842454
0.842453
0.842453
0.842452
0.842452
0.842451
0.842451
0.84245
0.842449
0.842449
0.842448
0.842447
0.842446
0.842446
0.842445
0.842445
0.842444
0.842444
0.842444
0.842443
0.842443
0.842442
0.842441
0.84244
0.842442
0.842448
0.842457
0.842465
0.842472
0.842478
0.842483
0.842488
0.842491
0.842495
0.842498
0.842501
0.842504
0.842506
0.842508
0.84251
0.842512
0.842517
0.842503
0.894725
0.894751
0.894758
0.894758
0.894757
0.894754
0.894751
0.894747
0.894743
0.894739
0.894735
0.894732
0.89473
0.894727
0.894725
0.894722
0.894719
0.894717
0.894715
0.894713
0.894711
0.89471
0.894709
0.894709
0.894708
0.894705
0.8947
0.894694
0.894688
0.894683
0.894678
0.894673
0.894669
0.894665
0.894662
0.894659
0.894656
0.894653
0.894651
0.894648
0.894646
0.894644
0.894642
0.89464
0.894639
0.894637
0.894635
0.894634
0.894632
0.894631
0.89463
0.894629
0.894627
0.894626
0.894625
0.894624
0.894623
0.894622
0.894621
0.89462
0.894619
0.894618
0.894617
0.894616
0.894616
0.894615
0.894614
0.894613
0.894612
0.894612
0.894611
0.89461
0.894609
0.894609
0.894608
0.894607
0.894606
0.894605
0.894605
0.894604
0.894604
0.894603
0.894603
0.894602
0.894601
0.8946
0.8946
0.894599
0.894598
0.894597
0.894597
0.894596
0.894596
0.894595
0.894595
0.894595
0.894594
0.894594
0.894593
0.894592
0.894591
0.894591
0.894595
0.8946
0.894607
0.894613
0.894618
0.894623
0.894627
0.894631
0.894634
0.894637
0.89464
0.894642
0.894645
0.894647
0.894649
0.89465
0.894656
0.894641
0.95161
0.951637
0.951644
0.951645
0.951644
0.951641
0.951638
0.951634
0.951629
0.951626
0.951622
0.951619
0.951616
0.951614
0.951611
0.951608
0.951605
0.951603
0.951601
0.951599
0.951597
0.951596
0.951595
0.951595
0.951594
0.951593
0.951589
0.951585
0.951581
0.951576
0.951572
0.951568
0.951564
0.951561
0.951558
0.951555
0.951552
0.951549
0.951547
0.951545
0.951543
0.95154
0.951538
0.951536
0.951535
0.951533
0.951531
0.951529
0.951528
0.951527
0.951526
0.951524
0.951523
0.951522
0.95152
0.951519
0.951518
0.951517
0.951516
0.951515
0.951514
0.951512
0.951511
0.951511
0.95151
0.951509
0.951508
0.951507
0.951506
0.951505
0.951505
0.951504
0.951503
0.951502
0.951502
0.9515
0.951499
0.951499
0.951498
0.951497
0.951497
0.951497
0.951496
0.951495
0.951494
0.951494
0.951493
0.951492
0.951491
0.95149
0.95149
0.951489
0.951489
0.951488
0.951488
0.951488
0.951487
0.951487
0.951486
0.951485
0.951484
0.951484
0.951486
0.951489
0.951493
0.951498
0.951503
0.951507
0.95151
0.951514
0.951517
0.951519
0.951522
0.951524
0.951527
0.951529
0.951531
0.951532
0.951537
0.951522
1.01392
1.01395
1.01396
1.01396
1.01396
1.01396
1.01395
1.01395
1.01395
1.01394
1.01394
1.01394
1.01393
1.01393
1.01393
1.01392
1.01392
1.01392
1.01392
1.01392
1.01391
1.01391
1.01391
1.01391
1.01391
1.01391
1.01391
1.01391
1.0139
1.0139
1.0139
1.01389
1.01389
1.01389
1.01388
1.01388
1.01388
1.01387
1.01387
1.01387
1.01387
1.01387
1.01386
1.01386
1.01386
1.01386
1.01386
1.01386
1.01385
1.01385
1.01385
1.01385
1.01385
1.01385
1.01385
1.01384
1.01384
1.01384
1.01384
1.01384
1.01384
1.01384
1.01384
1.01384
1.01383
1.01383
1.01383
1.01383
1.01383
1.01383
1.01383
1.01383
1.01383
1.01383
1.01383
1.01382
1.01382
1.01382
1.01382
1.01382
1.01382
1.01382
1.01382
1.01382
1.01382
1.01382
1.01382
1.01382
1.01381
1.01381
1.01381
1.01381
1.01381
1.01381
1.01381
1.01381
1.01381
1.01381
1.01381
1.01381
1.01381
1.01381
1.01381
1.01381
1.01381
1.01382
1.01382
1.01382
1.01383
1.01383
1.01383
1.01383
1.01384
1.01384
1.01384
1.01384
1.01384
1.01384
1.01385
1.01383
1.08249
1.08252
1.08253
1.08253
1.08253
1.08253
1.08253
1.08252
1.08252
1.08251
1.08251
1.08251
1.0825
1.0825
1.0825
1.08249
1.08249
1.08249
1.08249
1.08249
1.08248
1.08248
1.08248
1.08248
1.08248
1.08248
1.08248
1.08248
1.08248
1.08247
1.08247
1.08247
1.08246
1.08246
1.08246
1.08246
1.08246
1.08245
1.08245
1.08245
1.08245
1.08244
1.08244
1.08244
1.08244
1.08244
1.08244
1.08243
1.08243
1.08243
1.08243
1.08243
1.08243
1.08242
1.08242
1.08242
1.08242
1.08242
1.08242
1.08242
1.08241
1.08241
1.08241
1.08241
1.08241
1.08241
1.08241
1.08241
1.08241
1.08241
1.0824
1.0824
1.0824
1.0824
1.0824
1.0824
1.0824
1.0824
1.0824
1.0824
1.0824
1.0824
1.08239
1.08239
1.08239
1.08239
1.08239
1.08239
1.08239
1.08239
1.08239
1.08239
1.08239
1.08239
1.08239
1.08239
1.08239
1.08239
1.08238
1.08238
1.08238
1.08238
1.08238
1.08238
1.08239
1.08239
1.08239
1.08239
1.0824
1.0824
1.0824
1.0824
1.0824
1.08241
1.08241
1.08241
1.08241
1.08241
1.08242
1.0824
1.1583
1.15833
1.15834
1.15834
1.15834
1.15834
1.15834
1.15833
1.15833
1.15833
1.15832
1.15832
1.15832
1.15831
1.15831
1.15831
1.1583
1.1583
1.1583
1.1583
1.1583
1.1583
1.1583
1.1583
1.1583
1.15829
1.15829
1.15829
1.15829
1.15829
1.15829
1.15829
1.15828
1.15828
1.15828
1.15828
1.15828
1.15827
1.15827
1.15827
1.15827
1.15827
1.15826
1.15826
1.15826
1.15826
1.15826
1.15825
1.15825
1.15825
1.15825
1.15825
1.15825
1.15824
1.15824
1.15824
1.15824
1.15824
1.15824
1.15824
1.15823
1.15823
1.15823
1.15823
1.15823
1.15823
1.15823
1.15823
1.15822
1.15822
1.15822
1.15822
1.15822
1.15822
1.15822
1.15822
1.15822
1.15822
1.15822
1.15822
1.15821
1.15821
1.15821
1.15821
1.15821
1.15821
1.15821
1.15821
1.15821
1.15821
1.15821
1.15821
1.15821
1.15821
1.15821
1.1582
1.1582
1.1582
1.1582
1.1582
1.1582
1.1582
1.1582
1.1582
1.1582
1.1582
1.15821
1.15821
1.15821
1.15821
1.15821
1.15821
1.15822
1.15822
1.15822
1.15822
1.15822
1.15822
1.15823
1.15821
1.24256
1.24259
1.2426
1.2426
1.2426
1.2426
1.24259
1.24259
1.24259
1.24258
1.24258
1.24258
1.24257
1.24257
1.24257
1.24257
1.24256
1.24256
1.24256
1.24256
1.24256
1.24255
1.24255
1.24255
1.24255
1.24255
1.24255
1.24255
1.24255
1.24255
1.24255
1.24255
1.24254
1.24254
1.24254
1.24254
1.24254
1.24254
1.24253
1.24253
1.24253
1.24253
1.24253
1.24253
1.24252
1.24252
1.24252
1.24252
1.24252
1.24251
1.24251
1.24251
1.24251
1.24251
1.24251
1.2425
1.2425
1.2425
1.2425
1.2425
1.2425
1.2425
1.24249
1.24249
1.24249
1.24249
1.24249
1.24249
1.24249
1.24249
1.24249
1.24248
1.24248
1.24248
1.24248
1.24248
1.24248
1.24248
1.24248
1.24248
1.24248
1.24248
1.24248
1.24247
1.24247
1.24247
1.24247
1.24247
1.24247
1.24247
1.24247
1.24247
1.24247
1.24247
1.24247
1.24247
1.24247
1.24247
1.24247
1.24246
1.24246
1.24246
1.24246
1.24246
1.24246
1.24246
1.24247
1.24247
1.24247
1.24247
1.24247
1.24247
1.24247
1.24247
1.24248
1.24248
1.24248
1.24248
1.24248
1.24247
1.33672
1.33675
1.33676
1.33677
1.33677
1.33677
1.33676
1.33676
1.33676
1.33675
1.33675
1.33674
1.33674
1.33674
1.33674
1.33673
1.33673
1.33673
1.33673
1.33673
1.33673
1.33673
1.33673
1.33672
1.33672
1.33672
1.33672
1.33672
1.33672
1.33672
1.33672
1.33672
1.33672
1.33672
1.33672
1.33671
1.33671
1.33671
1.33671
1.33671
1.33671
1.3367
1.3367
1.3367
1.3367
1.3367
1.33669
1.33669
1.33669
1.33669
1.33669
1.33669
1.33668
1.33668
1.33668
1.33668
1.33668
1.33668
1.33667
1.33667
1.33667
1.33667
1.33667
1.33667
1.33667
1.33666
1.33666
1.33666
1.33666
1.33666
1.33666
1.33666
1.33666
1.33666
1.33666
1.33665
1.33665
1.33665
1.33665
1.33665
1.33665
1.33665
1.33665
1.33665
1.33665
1.33665
1.33665
1.33665
1.33664
1.33664
1.33664
1.33664
1.33664
1.33664
1.33664
1.33664
1.33664
1.33664
1.33664
1.33664
1.33664
1.33664
1.33664
1.33664
1.33664
1.33664
1.33664
1.33664
1.33664
1.33664
1.33664
1.33664
1.33664
1.33664
1.33664
1.33665
1.33665
1.33665
1.33665
1.33663
1.44261
1.44264
1.44265
1.44265
1.44266
1.44265
1.44265
1.44265
1.44265
1.44264
1.44264
1.44264
1.44263
1.44263
1.44263
1.44263
1.44262
1.44262
1.44262
1.44262
1.44262
1.44262
1.44262
1.44262
1.44262
1.44262
1.44262
1.44262
1.44262
1.44261
1.44261
1.44261
1.44261
1.44261
1.44261
1.44261
1.44261
1.44261
1.4426
1.4426
1.4426
1.4426
1.4426
1.4426
1.44259
1.44259
1.44259
1.44259
1.44259
1.44258
1.44258
1.44258
1.44258
1.44258
1.44258
1.44257
1.44257
1.44257
1.44257
1.44257
1.44257
1.44256
1.44256
1.44256
1.44256
1.44256
1.44256
1.44256
1.44255
1.44255
1.44255
1.44255
1.44255
1.44255
1.44255
1.44255
1.44255
1.44255
1.44255
1.44255
1.44254
1.44254
1.44254
1.44254
1.44254
1.44254
1.44254
1.44254
1.44254
1.44254
1.44254
1.44254
1.44254
1.44254
1.44254
1.44254
1.44254
1.44253
1.44253
1.44253
1.44253
1.44253
1.44253
1.44253
1.44253
1.44253
1.44253
1.44253
1.44253
1.44253
1.44253
1.44253
1.44253
1.44254
1.44254
1.44254
1.44254
1.44254
1.44254
1.44252
1.56246
1.56249
1.56251
1.56251
1.56252
1.56252
1.56251
1.56251
1.56251
1.56251
1.5625
1.5625
1.5625
1.5625
1.56249
1.56249
1.56249
1.56249
1.56249
1.56249
1.56249
1.56249
1.56248
1.56248
1.56248
1.56248
1.56248
1.56248
1.56248
1.56248
1.56248
1.56248
1.56248
1.56248
1.56248
1.56248
1.56248
1.56247
1.56247
1.56247
1.56247
1.56247
1.56247
1.56246
1.56246
1.56246
1.56246
1.56246
1.56246
1.56245
1.56245
1.56245
1.56245
1.56245
1.56244
1.56244
1.56244
1.56244
1.56244
1.56244
1.56243
1.56243
1.56243
1.56243
1.56243
1.56243
1.56243
1.56242
1.56242
1.56242
1.56242
1.56242
1.56242
1.56242
1.56242
1.56242
1.56242
1.56241
1.56241
1.56241
1.56241
1.56241
1.56241
1.56241
1.56241
1.56241
1.56241
1.56241
1.56241
1.56241
1.56241
1.56241
1.56241
1.5624
1.5624
1.5624
1.5624
1.5624
1.5624
1.5624
1.5624
1.5624
1.5624
1.5624
1.5624
1.5624
1.5624
1.5624
1.5624
1.5624
1.5624
1.5624
1.5624
1.5624
1.5624
1.5624
1.5624
1.5624
1.56241
1.56239
1.69912
1.69915
1.69917
1.69918
1.69918
1.69918
1.69918
1.69918
1.69918
1.69917
1.69917
1.69917
1.69917
1.69917
1.69916
1.69916
1.69916
1.69916
1.69916
1.69916
1.69916
1.69916
1.69916
1.69916
1.69916
1.69916
1.69916
1.69916
1.69916
1.69916
1.69915
1.69915
1.69915
1.69915
1.69915
1.69915
1.69915
1.69915
1.69915
1.69915
1.69914
1.69914
1.69914
1.69914
1.69914
1.69913
1.69913
1.69913
1.69913
1.69913
1.69913
1.69912
1.69912
1.69912
1.69912
1.69912
1.69911
1.69911
1.69911
1.69911
1.69911
1.69911
1.6991
1.6991
1.6991
1.6991
1.6991
1.6991
1.6991
1.6991
1.69909
1.69909
1.69909
1.69909
1.69909
1.69909
1.69909
1.69909
1.69909
1.69909
1.69909
1.69909
1.69909
1.69909
1.69909
1.69909
1.69908
1.69908
1.69908
1.69908
1.69908
1.69908
1.69908
1.69908
1.69908
1.69908
1.69908
1.69908
1.69908
1.69908
1.69908
1.69908
1.69908
1.69908
1.69908
1.69908
1.69908
1.69908
1.69908
1.69908
1.69908
1.69908
1.69908
1.69908
1.69908
1.69908
1.69908
1.69908
1.69908
1.69906
1.85619
1.85622
1.85624
1.85625
1.85625
1.85625
1.85626
1.85625
1.85625
1.85625
1.85625
1.85625
1.85625
1.85624
1.85624
1.85624
1.85624
1.85624
1.85624
1.85624
1.85624
1.85624
1.85624
1.85624
1.85624
1.85624
1.85624
1.85624
1.85624
1.85624
1.85624
1.85623
1.85623
1.85623
1.85623
1.85623
1.85623
1.85623
1.85623
1.85623
1.85623
1.85622
1.85622
1.85622
1.85622
1.85622
1.85621
1.85621
1.85621
1.85621
1.85621
1.8562
1.8562
1.8562
1.8562
1.8562
1.85619
1.85619
1.85619
1.85619
1.85619
1.85619
1.85618
1.85618
1.85618
1.85618
1.85618
1.85618
1.85618
1.85618
1.85618
1.85617
1.85617
1.85617
1.85617
1.85617
1.85617
1.85617
1.85617
1.85617
1.85617
1.85617
1.85617
1.85617
1.85617
1.85617
1.85617
1.85617
1.85616
1.85616
1.85616
1.85616
1.85616
1.85616
1.85616
1.85616
1.85616
1.85616
1.85616
1.85616
1.85616
1.85616
1.85616
1.85616
1.85616
1.85616
1.85616
1.85616
1.85616
1.85616
1.85616
1.85616
1.85616
1.85616
1.85616
1.85616
1.85616
1.85616
1.85616
1.85615
2.03829
2.03832
2.03834
2.03836
2.03836
2.03837
2.03837
2.03837
2.03837
2.03837
2.03837
2.03837
2.03836
2.03836
2.03836
2.03836
2.03836
2.03836
2.03836
2.03836
2.03836
2.03836
2.03836
2.03836
2.03836
2.03836
2.03836
2.03836
2.03836
2.03836
2.03836
2.03836
2.03836
2.03836
2.03835
2.03835
2.03835
2.03835
2.03835
2.03835
2.03835
2.03834
2.03834
2.03834
2.03834
2.03834
2.03833
2.03833
2.03833
2.03833
2.03833
2.03832
2.03832
2.03832
2.03832
2.03832
2.03832
2.03831
2.03831
2.03831
2.03831
2.03831
2.03831
2.0383
2.0383
2.0383
2.0383
2.0383
2.0383
2.0383
2.0383
2.0383
2.0383
2.03829
2.03829
2.03829
2.03829
2.03829
2.03829
2.03829
2.03829
2.03829
2.03829
2.03829
2.03829
2.03829
2.03829
2.03829
2.03829
2.03829
2.03829
2.03829
2.03829
2.03828
2.03828
2.03828
2.03828
2.03828
2.03828
2.03828
2.03828
2.03828
2.03828
2.03828
2.03828
2.03828
2.03828
2.03828
2.03828
2.03828
2.03828
2.03828
2.03828
2.03828
2.03828
2.03828
2.03828
2.03828
2.03828
2.03827
2.25148
2.2515
2.25153
2.25155
2.25156
2.25156
2.25157
2.25157
2.25157
2.25157
2.25157
2.25157
2.25157
2.25157
2.25157
2.25157
2.25157
2.25157
2.25157
2.25157
2.25157
2.25157
2.25157
2.25157
2.25157
2.25157
2.25157
2.25157
2.25156
2.25156
2.25156
2.25156
2.25156
2.25156
2.25156
2.25156
2.25156
2.25155
2.25155
2.25155
2.25155
2.25155
2.25155
2.25154
2.25154
2.25154
2.25154
2.25154
2.25153
2.25153
2.25153
2.25153
2.25153
2.25152
2.25152
2.25152
2.25152
2.25152
2.25152
2.25151
2.25151
2.25151
2.25151
2.25151
2.25151
2.25151
2.2515
2.2515
2.2515
2.2515
2.2515
2.2515
2.2515
2.2515
2.2515
2.2515
2.2515
2.2515
2.2515
2.2515
2.2515
2.2515
2.2515
2.25149
2.25149
2.25149
2.25149
2.25149
2.25149
2.25149
2.25149
2.25149
2.25149
2.25149
2.25149
2.25149
2.25149
2.25149
2.25149
2.25149
2.25149
2.25149
2.25149
2.25149
2.25149
2.25149
2.25149
2.25149
2.25149
2.25149
2.25149
2.25149
2.25149
2.25149
2.25149
2.25149
2.25149
2.25149
2.25149
2.25148
2.50373
2.50376
2.50379
2.50381
2.50383
2.50384
2.50384
2.50384
2.50384
2.50385
2.50385
2.50385
2.50385
2.50385
2.50385
2.50385
2.50385
2.50385
2.50385
2.50385
2.50385
2.50385
2.50385
2.50385
2.50385
2.50385
2.50385
2.50385
2.50385
2.50385
2.50384
2.50384
2.50384
2.50384
2.50384
2.50384
2.50384
2.50384
2.50383
2.50383
2.50383
2.50383
2.50383
2.50382
2.50382
2.50382
2.50382
2.50382
2.50381
2.50381
2.50381
2.50381
2.50381
2.5038
2.5038
2.5038
2.5038
2.5038
2.5038
2.50379
2.50379
2.50379
2.50379
2.50379
2.50379
2.50379
2.50379
2.50379
2.50378
2.50378
2.50378
2.50378
2.50378
2.50378
2.50378
2.50378
2.50378
2.50378
2.50378
2.50378
2.50378
2.50378
2.50378
2.50378
2.50378
2.50378
2.50378
2.50378
2.50378
2.50378
2.50378
2.50378
2.50378
2.50378
2.50378
2.50378
2.50378
2.50378
2.50378
2.50378
2.50378
2.50378
2.50378
2.50378
2.50378
2.50378
2.50378
2.50378
2.50378
2.50378
2.50378
2.50378
2.50378
2.50377
2.50377
2.50377
2.50377
2.50377
2.50377
2.50377
2.80581
2.80584
2.80587
2.8059
2.80592
2.80593
2.80594
2.80594
2.80595
2.80595
2.80595
2.80595
2.80596
2.80596
2.80596
2.80596
2.80596
2.80596
2.80596
2.80596
2.80596
2.80596
2.80596
2.80596
2.80596
2.80596
2.80596
2.80596
2.80595
2.80595
2.80595
2.80595
2.80595
2.80595
2.80594
2.80594
2.80594
2.80594
2.80594
2.80594
2.80594
2.80593
2.80593
2.80593
2.80593
2.80593
2.80592
2.80592
2.80592
2.80592
2.80591
2.80591
2.80591
2.80591
2.80591
2.80591
2.8059
2.8059
2.8059
2.8059
2.8059
2.8059
2.8059
2.80589
2.80589
2.80589
2.80589
2.80589
2.80589
2.80589
2.80589
2.80589
2.80589
2.80589
2.80589
2.80589
2.80589
2.80589
2.80589
2.80589
2.80589
2.80589
2.80589
2.80589
2.80589
2.80589
2.80589
2.80589
2.80589
2.80589
2.80589
2.80589
2.80589
2.80589
2.80589
2.80589
2.80589
2.80589
2.80589
2.80589
2.80589
2.80589
2.80589
2.80589
2.80589
2.80589
2.80589
2.80589
2.80589
2.80589
2.80589
2.80589
2.80589
2.80589
2.80589
2.80588
2.80588
2.80588
2.80588
2.80589
3.1724
3.17243
3.17248
3.17251
3.17253
3.17255
3.17256
3.17256
3.17257
3.17257
3.17258
3.17258
3.17258
3.17259
3.17259
3.17259
3.17259
3.17259
3.17259
3.17259
3.17259
3.17259
3.17259
3.17259
3.17259
3.17259
3.17259
3.17258
3.17258
3.17258
3.17258
3.17257
3.17257
3.17257
3.17257
3.17257
3.17257
3.17256
3.17256
3.17256
3.17256
3.17256
3.17255
3.17255
3.17255
3.17255
3.17255
3.17255
3.17254
3.17254
3.17254
3.17254
3.17254
3.17253
3.17253
3.17253
3.17253
3.17253
3.17253
3.17253
3.17252
3.17252
3.17252
3.17252
3.17252
3.17252
3.17252
3.17252
3.17252
3.17252
3.17252
3.17252
3.17252
3.17252
3.17252
3.17252
3.17252
3.17252
3.17252
3.17252
3.17252
3.17252
3.17252
3.17252
3.17252
3.17252
3.17252
3.17252
3.17252
3.17252
3.17252
3.17252
3.17252
3.17252
3.17252
3.17252
3.17252
3.17252
3.17252
3.17252
3.17252
3.17252
3.17252
3.17252
3.17252
3.17252
3.17252
3.17252
3.17252
3.17252
3.17252
3.17252
3.17252
3.17252
3.17252
3.17252
3.17252
3.17252
3.17252
3.17253
3.62401
3.62405
3.62411
3.62415
3.62418
3.6242
3.62421
3.62422
3.62422
3.62423
3.62423
3.62424
3.62424
3.62425
3.62425
3.62425
3.62425
3.62425
3.62425
3.62425
3.62425
3.62425
3.62425
3.62425
3.62425
3.62424
3.62424
3.62424
3.62424
3.62423
3.62423
3.62423
3.62423
3.62423
3.62422
3.62422
3.62422
3.62422
3.62422
3.62421
3.62421
3.62421
3.62421
3.62421
3.6242
3.6242
3.6242
3.6242
3.6242
3.62419
3.62419
3.62419
3.62419
3.62419
3.62419
3.62419
3.62418
3.62418
3.62418
3.62418
3.62418
3.62418
3.62418
3.62418
3.62418
3.62418
3.62418
3.62418
3.62418
3.62418
3.62418
3.62418
3.62418
3.62418
3.62418
3.62418
3.62418
3.62418
3.62418
3.62418
3.62418
3.62418
3.62418
3.62418
3.62418
3.62418
3.62418
3.62418
3.62418
3.62418
3.62418
3.62418
3.62418
3.62418
3.62418
3.62418
3.62418
3.62418
3.62418
3.62419
3.62419
3.62419
3.62419
3.62419
3.62419
3.62419
3.62419
3.62419
3.62419
3.62419
3.62419
3.62419
3.62419
3.62418
3.62418
3.62418
3.62418
3.62418
3.62418
3.62421
4.18996
4.19
4.19008
4.19014
4.19017
4.19019
4.1902
4.19021
4.19022
4.19023
4.19023
4.19024
4.19024
4.19024
4.19025
4.19025
4.19025
4.19025
4.19025
4.19025
4.19025
4.19025
4.19024
4.19024
4.19024
4.19024
4.19023
4.19023
4.19023
4.19022
4.19022
4.19022
4.19022
4.19021
4.19021
4.19021
4.19021
4.19021
4.1902
4.1902
4.1902
4.1902
4.1902
4.19019
4.19019
4.19019
4.19019
4.19019
4.19019
4.19018
4.19018
4.19018
4.19018
4.19018
4.19018
4.19018
4.19018
4.19018
4.19018
4.19018
4.19017
4.19017
4.19017
4.19017
4.19017
4.19017
4.19017
4.19017
4.19017
4.19017
4.19017
4.19017
4.19018
4.19018
4.19018
4.19018
4.19018
4.19018
4.19018
4.19018
4.19018
4.19018
4.19018
4.19018
4.19018
4.19018
4.19018
4.19018
4.19018
4.19018
4.19018
4.19019
4.19019
4.19019
4.19019
4.19019
4.19019
4.19019
4.19019
4.19019
4.19019
4.19019
4.19019
4.19019
4.19019
4.19019
4.19019
4.19019
4.19019
4.19019
4.19019
4.19019
4.19019
4.19019
4.19019
4.19019
4.19019
4.19019
4.19019
4.19022
4.91345
4.91351
4.91362
4.91368
4.91372
4.91374
4.91375
4.91376
4.91377
4.91378
4.91378
4.91379
4.91379
4.91379
4.9138
4.9138
4.9138
4.9138
4.9138
4.91379
4.91379
4.91379
4.91379
4.91378
4.91378
4.91378
4.91378
4.91377
4.91377
4.91377
4.91376
4.91376
4.91376
4.91375
4.91375
4.91375
4.91375
4.91375
4.91374
4.91374
4.91374
4.91374
4.91374
4.91374
4.91373
4.91373
4.91373
4.91373
4.91373
4.91373
4.91373
4.91373
4.91372
4.91372
4.91372
4.91372
4.91372
4.91372
4.91372
4.91372
4.91372
4.91372
4.91372
4.91372
4.91372
4.91372
4.91372
4.91372
4.91372
4.91372
4.91373
4.91373
4.91373
4.91373
4.91373
4.91373
4.91373
4.91373
4.91373
4.91373
4.91373
4.91374
4.91374
4.91374
4.91374
4.91374
4.91374
4.91374
4.91374
4.91374
4.91374
4.91374
4.91374
4.91374
4.91374
4.91375
4.91375
4.91375
4.91375
4.91375
4.91375
4.91375
4.91375
4.91375
4.91375
4.91375
4.91375
4.91375
4.91375
4.91375
4.91375
4.91375
4.91375
4.91375
4.91375
4.91375
4.91375
4.91375
4.91375
4.91379
5.86136
5.86144
5.86157
5.86164
5.86168
5.8617
5.86171
5.86172
5.86173
5.86173
5.86174
5.86174
5.86174
5.86175
5.86175
5.86175
5.86174
5.86174
5.86174
5.86174
5.86174
5.86173
5.86173
5.86173
5.86172
5.86172
5.86171
5.86171
5.86171
5.8617
5.8617
5.8617
5.8617
5.86169
5.86169
5.86169
5.86169
5.86169
5.86168
5.86168
5.86168
5.86168
5.86168
5.86168
5.86168
5.86168
5.86167
5.86167
5.86167
5.86167
5.86167
5.86167
5.86167
5.86167
5.86167
5.86167
5.86167
5.86167
5.86167
5.86167
5.86167
5.86167
5.86167
5.86168
5.86168
5.86168
5.86168
5.86168
5.86168
5.86168
5.86168
5.86168
5.86168
5.86169
5.86169
5.86169
5.86169
5.86169
5.86169
5.86169
5.86169
5.86169
5.8617
5.8617
5.8617
5.8617
5.8617
5.8617
5.8617
5.8617
5.8617
5.8617
5.86171
5.86171
5.86171
5.86171
5.86171
5.86171
5.86171
5.86171
5.86171
5.86171
5.86171
5.86171
5.86172
5.86172
5.86172
5.86172
5.86172
5.86172
5.86172
5.86172
5.86172
5.86172
5.86172
5.86172
5.86172
5.86172
5.86172
5.86177
7.14585
7.14594
7.14609
7.14617
7.1462
7.14621
7.14622
7.14623
7.14623
7.14623
7.14624
7.14624
7.14624
7.14624
7.14624
7.14623
7.14623
7.14623
7.14622
7.14622
7.14622
7.14621
7.14621
7.1462
7.1462
7.1462
7.14619
7.14619
7.14619
7.14618
7.14618
7.14618
7.14618
7.14617
7.14617
7.14617
7.14617
7.14617
7.14617
7.14617
7.14616
7.14616
7.14616
7.14616
7.14616
7.14616
7.14616
7.14616
7.14616
7.14616
7.14616
7.14616
7.14616
7.14616
7.14617
7.14617
7.14617
7.14617
7.14617
7.14617
7.14617
7.14617
7.14617
7.14618
7.14618
7.14618
7.14618
7.14618
7.14618
7.14618
7.14619
7.14619
7.14619
7.14619
7.14619
7.14619
7.1462
7.1462
7.1462
7.1462
7.1462
7.1462
7.1462
7.14621
7.14621
7.14621
7.14621
7.14621
7.14621
7.14621
7.14621
7.14622
7.14622
7.14622
7.14622
7.14622
7.14622
7.14622
7.14622
7.14622
7.14623
7.14623
7.14623
7.14623
7.14623
7.14623
7.14623
7.14623
7.14623
7.14623
7.14623
7.14623
7.14623
7.14623
7.14623
7.14623
7.14624
7.14624
7.14623
7.14629
8.98173
8.98181
8.98196
8.98203
8.98205
8.98205
8.98206
8.98206
8.98206
8.98206
8.98206
8.98205
8.98205
8.98205
8.98204
8.98204
8.98203
8.98203
8.98202
8.98202
8.98201
8.98201
8.982
8.982
8.98199
8.98199
8.98199
8.98198
8.98198
8.98198
8.98198
8.98197
8.98197
8.98197
8.98197
8.98197
8.98197
8.98197
8.98197
8.98197
8.98197
8.98197
8.98197
8.98197
8.98197
8.98197
8.98197
8.98197
8.98197
8.98197
8.98197
8.98198
8.98198
8.98198
8.98198
8.98198
8.98198
8.98199
8.98199
8.98199
8.98199
8.98199
8.982
8.982
8.982
8.982
8.982
8.98201
8.98201
8.98201
8.98201
8.98201
8.98202
8.98202
8.98202
8.98202
8.98202
8.98203
8.98203
8.98203
8.98203
8.98203
8.98203
8.98204
8.98204
8.98204
8.98204
8.98204
8.98204
8.98205
8.98205
8.98205
8.98205
8.98205
8.98205
8.98205
8.98206
8.98206
8.98206
8.98206
8.98206
8.98206
8.98206
8.98206
8.98207
8.98207
8.98207
8.98207
8.98207
8.98207
8.98207
8.98207
8.98207
8.98207
8.98207
8.98207
8.98207
8.98208
8.98207
8.98212
11.8552
11.8553
11.8554
11.8554
11.8554
11.8554
11.8554
11.8554
11.8554
11.8554
11.8554
11.8554
11.8554
11.8554
11.8554
11.8554
11.8554
11.8554
11.8554
11.8554
11.8554
11.8553
11.8553
11.8553
11.8553
11.8553
11.8553
11.8553
11.8553
11.8553
11.8553
11.8553
11.8553
11.8553
11.8553
11.8553
11.8553
11.8553
11.8553
11.8553
11.8553
11.8553
11.8553
11.8553
11.8553
11.8553
11.8553
11.8553
11.8553
11.8553
11.8553
11.8553
11.8553
11.8553
11.8553
11.8554
11.8554
11.8554
11.8554
11.8554
11.8554
11.8554
11.8554
11.8554
11.8554
11.8554
11.8554
11.8554
11.8554
11.8554
11.8554
11.8554
11.8554
11.8554
11.8554
11.8554
11.8554
11.8554
11.8554
11.8554
11.8554
11.8554
11.8554
11.8554
11.8554
11.8554
11.8554
11.8554
11.8554
11.8554
11.8554
11.8554
11.8554
11.8554
11.8554
11.8554
11.8554
11.8554
11.8554
11.8554
11.8554
11.8554
11.8554
11.8554
11.8554
11.8554
11.8554
11.8555
11.8555
11.8555
11.8555
11.8555
11.8555
11.8555
11.8555
11.8555
11.8555
11.8555
11.8555
11.8555
17.0323
17.0323
17.0323
17.0324
17.0324
17.0324
17.0323
17.0323
17.0323
17.0323
17.0323
17.0323
17.0323
17.0323
17.0323
17.0323
17.0323
17.0322
17.0322
17.0322
17.0322
17.0322
17.0322
17.0322
17.0322
17.0322
17.0322
17.0322
17.0322
17.0322
17.0322
17.0322
17.0322
17.0322
17.0322
17.0322
17.0322
17.0322
17.0322
17.0322
17.0322
17.0322
17.0322
17.0322
17.0322
17.0322
17.0322
17.0322
17.0322
17.0322
17.0322
17.0322
17.0322
17.0322
17.0322
17.0322
17.0323
17.0323
17.0323
17.0323
17.0323
17.0323
17.0323
17.0323
17.0323
17.0323
17.0323
17.0323
17.0323
17.0323
17.0323
17.0323
17.0323
17.0323
17.0323
17.0323
17.0323
17.0323
17.0323
17.0323
17.0323
17.0323
17.0323
17.0323
17.0323
17.0323
17.0323
17.0323
17.0323
17.0323
17.0323
17.0323
17.0323
17.0323
17.0323
17.0323
17.0323
17.0323
17.0323
17.0323
17.0323
17.0323
17.0323
17.0323
17.0323
17.0323
17.0323
17.0323
17.0323
17.0324
17.0324
17.0324
17.0324
17.0324
17.0324
17.0324
17.0324
17.0324
17.0324
17.0324
28.1861
28.186
28.1861
28.1861
28.1861
28.1861
28.1861
28.1861
28.1861
28.186
28.186
28.186
28.186
28.186
28.186
28.186
28.186
28.186
28.186
28.186
28.186
28.186
28.186
28.186
28.186
28.186
28.186
28.186
28.186
28.186
28.186
28.186
28.186
28.186
28.186
28.186
28.186
28.186
28.186
28.186
28.186
28.186
28.186
28.186
28.186
28.186
28.186
28.186
28.186
28.186
28.186
28.186
28.186
28.186
28.186
28.186
28.186
28.186
28.186
28.186
28.186
28.186
28.186
28.186
28.186
28.186
28.186
28.186
28.186
28.186
28.186
28.186
28.186
28.186
28.186
28.186
28.186
28.186
28.186
28.186
28.186
28.186
28.186
28.186
28.186
28.186
28.186
28.186
28.186
28.1861
28.1861
28.1861
28.1861
28.1861
28.1861
28.1861
28.1861
28.1861
28.1861
28.1861
28.1861
28.1861
28.1861
28.1861
28.1861
28.1861
28.1861
28.1861
28.1861
28.1861
28.1861
28.1861
28.1861
28.1861
28.1861
28.1861
28.1861
28.1861
28.1861
28.1861
58.1091
58.109
58.109
58.1091
58.1091
58.1091
58.109
58.109
58.109
58.109
58.109
58.109
58.109
58.109
58.109
58.109
58.109
58.109
58.109
58.109
58.109
58.109
58.109
58.109
58.109
58.109
58.109
58.109
58.109
58.109
58.109
58.109
58.109
58.109
58.109
58.109
58.109
58.109
58.109
58.109
58.109
58.109
58.109
58.109
58.109
58.109
58.109
58.109
58.109
58.109
58.109
58.109
58.109
58.109
58.109
58.109
58.109
58.109
58.109
58.109
58.109
58.109
58.109
58.109
58.109
58.109
58.109
58.109
58.109
58.109
58.109
58.109
58.109
58.109
58.109
58.109
58.109
58.109
58.109
58.109
58.109
58.109
58.109
58.109
58.109
58.109
58.109
58.109
58.109
58.109
58.109
58.109
58.109
58.109
58.109
58.109
58.109
58.109
58.109
58.109
58.109
58.109
58.109
58.109
58.109
58.109
58.109
58.109
58.109
58.109
58.109
58.109
58.109
58.109
58.1091
58.1091
58.1091
58.1091
58.1091
58.1091
170.888
170.888
170.888
170.888
170.888
170.888
170.888
170.888
170.888
170.888
170.888
170.888
170.888
170.888
170.888
170.888
170.888
170.888
170.888
170.888
170.888
170.888
170.888
170.888
170.888
170.888
170.888
170.888
170.888
170.888
170.888
170.888
170.888
170.888
170.888
170.888
170.888
170.888
170.888
170.888
170.888
170.888
170.888
170.888
170.888
170.888
170.888
170.888
170.888
170.888
170.888
170.888
170.888
170.888
170.888
170.888
170.888
170.888
170.888
170.888
170.888
170.888
170.888
170.888
170.888
170.888
170.888
170.888
170.888
170.888
170.888
170.888
170.888
170.888
170.888
170.888
170.888
170.888
170.888
170.888
170.888
170.888
170.888
170.888
170.888
170.888
170.888
170.888
170.888
170.888
170.888
170.888
170.888
170.888
170.888
170.888
170.888
170.888
170.888
170.888
170.888
170.888
170.888
170.888
170.888
170.888
170.888
170.888
170.888
170.888
170.888
170.888
170.888
170.888
170.888
170.888
170.888
170.888
170.888
170.888
985.828
985.828
985.828
985.828
985.828
985.828
985.828
985.828
985.828
985.828
985.828
985.828
985.828
985.828
985.828
985.828
985.828
985.828
985.828
985.828
985.828
985.828
985.828
985.828
985.828
985.828
985.828
985.828
985.828
985.828
985.828
985.828
985.828
985.828
985.828
985.828
985.828
985.828
985.828
985.828
985.828
985.828
985.828
985.828
985.828
985.828
985.828
985.828
985.828
985.828
985.828
985.828
985.828
985.828
985.828
985.828
985.828
985.828
985.828
985.828
985.828
985.828
985.828
985.828
985.828
985.828
985.828
985.828
985.828
985.828
985.828
985.828
985.828
985.828
985.828
985.828
985.828
985.828
985.828
985.828
985.828
985.828
985.828
985.828
985.828
985.828
985.828
985.828
985.828
985.828
985.828
985.828
985.828
985.828
985.828
985.828
985.828
985.828
985.828
985.828
985.828
985.828
985.828
985.828
985.828
985.828
985.828
985.828
985.828
985.828
985.828
985.828
985.828
985.828
985.828
985.828
985.828
985.828
985.828
985.828
)
;

boundaryField
{
    bottomWall
    {
        beta1           0.075;
        blended         0;
        type            omegaWallFunction;
        value           nonuniform 0();
    }
    topWall
    {
        beta1           0.075;
        blended         0;
        type            omegaWallFunction;
        value           nonuniform List<scalar> 
120
(
985.828
985.828
985.828
985.828
985.828
985.828
985.828
985.828
985.828
985.828
985.828
985.828
985.828
985.828
985.828
985.828
985.828
985.828
985.828
985.828
985.828
985.828
985.828
985.828
985.828
985.828
985.828
985.828
985.828
985.828
985.828
985.828
985.828
985.828
985.828
985.828
985.828
985.828
985.828
985.828
985.828
985.828
985.828
985.828
985.828
985.828
985.828
985.828
985.828
985.828
985.828
985.828
985.828
985.828
985.828
985.828
985.828
985.828
985.828
985.828
985.828
985.828
985.828
985.828
985.828
985.828
985.828
985.828
985.828
985.828
985.828
985.828
985.828
985.828
985.828
985.828
985.828
985.828
985.828
985.828
985.828
985.828
985.828
985.828
985.828
985.828
985.828
985.828
985.828
985.828
985.828
985.828
985.828
985.828
985.828
985.828
985.828
985.828
985.828
985.828
985.828
985.828
985.828
985.828
985.828
985.828
985.828
985.828
985.828
985.828
985.828
985.828
985.828
985.828
985.828
985.828
985.828
985.828
985.828
985.828
)
;
    }
    sides1_half0
    {
        type            cyclic;
    }
    sides1_half1
    {
        type            cyclic;
    }
    sides2_half0
    {
        type            cyclic;
    }
    sides2_half1
    {
        type            cyclic;
    }
    inout1_half0
    {
        type            cyclic;
    }
    inout1_half1
    {
        type            cyclic;
    }
    inout2_half0
    {
        type            cyclic;
    }
    inout2_half1
    {
        type            cyclic;
    }
    procBoundary0to1
    {
        type            processor;
        value           nonuniform List<scalar> 
122
(
0.602089
0.602097
0.602094
0.60209
0.602086
0.602082
0.602079
0.602076
0.602073
0.602071
0.602069
0.602067
0.602065
0.602063
0.602062
0.602061
0.60206
0.602058
0.602058
0.602057
0.602056
0.602056
0.602055
0.602054
0.602054
0.602054
0.602053
0.602053
0.602053
0.602052
0.602052
0.602052
0.602051
0.602051
0.602051
0.602051
0.60205
0.60205
0.60205
0.60205
0.60205
0.602049
0.602049
0.602049
0.602048
0.602048
0.602048
0.602048
0.602047
0.602047
0.602047
0.602046
0.602046
0.602046
0.602046
0.602045
0.602045
0.602045
0.602044
0.602044
0.602043
0.602043
0.602043
0.602042
0.602042
0.602042
0.602041
0.602041
0.602041
0.60204
0.60204
0.602039
0.602039
0.602039
0.602038
0.602038
0.602038
0.635463
0.635474
0.635474
0.635471
0.635468
0.635465
0.635461
0.635458
0.635455
0.635453
0.635451
0.635449
0.635447
0.635445
0.635443
0.635441
0.635439
0.635437
0.635436
0.635434
0.635433
0.635432
0.635432
0.635431
0.635431
0.635374
0.635374
0.635374
0.635376
0.635379
0.635382
0.635385
0.635387
0.63539
0.635393
0.635395
0.635397
0.6354
0.635402
0.635404
0.635405
0.635407
0.635409
0.635412
0.635404
)
;
    }
}


// ************************************************************************* //
