/*--------------------------------*- C++ -*----------------------------------*\
  =========                 |
  \\      /  F ield         | OpenFOAM: The Open Source CFD Toolbox
   \\    /   O peration     | Website:  https://openfoam.org
    \\  /    A nd           | Version:  7
     \\/     M anipulation  |
\*---------------------------------------------------------------------------*/
FoamFile
{
    version     2.0;
    format      ascii;
    class       volScalarField;
    location    "18000";
    object      k;
}
// * * * * * * * * * * * * * * * * * * * * * * * * * * * * * * * * * * * * * //

dimensions      [0 2 -2 0 0 0 0];

internalField   nonuniform List<scalar> 
4026
(
0.000181341
0.000181341
0.000181341
0.00018134
0.00018134
0.00018134
0.00018134
0.00018134
0.00018134
0.00018134
0.00018134
0.00018134
0.00018134
0.000181341
0.000181341
0.000181342
0.000181342
0.000181342
0.000181343
0.000181344
0.000181344
0.000181345
0.000181345
0.000181346
0.000181346
0.000181347
0.000181348
0.000181348
0.000181349
0.000181349
0.00018135
0.00018135
0.000181351
0.000181351
0.000181352
0.000181352
0.000181353
0.000181353
0.000181353
0.000181354
0.000181354
0.000181355
0.000181355
0.000181355
0.000181355
0.000181342
0.000181342
0.000181341
0.000181341
0.000181341
0.000181341
0.000181341
0.000181341
0.000181341
0.000181341
0.000181341
0.000181341
0.000181341
0.000181341
0.000181341
0.000181342
0.000180591
0.00018059
0.00018059
0.00018059
0.000180589
0.000180589
0.000180589
0.000180589
0.000180589
0.000180589
0.00018059
0.00018059
0.00018059
0.000180591
0.000180591
0.000180591
0.000180592
0.000180592
0.000180593
0.000180593
0.000180594
0.000180594
0.000180595
0.000180596
0.000180596
0.000180597
0.000180597
0.000180598
0.000180598
0.000180599
0.000180599
0.0001806
0.0001806
0.000180601
0.000180601
0.000180602
0.000180602
0.000180603
0.000180603
0.000180603
0.000180604
0.000180604
0.000180604
0.000180605
0.000180605
0.000180591
0.000180591
0.000180591
0.00018059
0.00018059
0.00018059
0.00018059
0.00018059
0.00018059
0.00018059
0.00018059
0.00018059
0.00018059
0.00018059
0.00018059
0.000180591
0.00017976
0.00017976
0.000179759
0.000179759
0.000179759
0.000179759
0.000179759
0.000179759
0.000179759
0.000179759
0.00017976
0.00017976
0.00017976
0.000179761
0.000179761
0.000179761
0.000179762
0.000179762
0.000179763
0.000179763
0.000179764
0.000179764
0.000179765
0.000179766
0.000179766
0.000179767
0.000179767
0.000179768
0.000179768
0.000179769
0.000179769
0.00017977
0.00017977
0.000179771
0.000179771
0.000179772
0.000179772
0.000179772
0.000179773
0.000179773
0.000179773
0.000179774
0.000179774
0.000179774
0.000179774
0.000179761
0.00017976
0.00017976
0.00017976
0.000179759
0.000179759
0.000179759
0.000179759
0.000179759
0.000179759
0.000179759
0.000179759
0.000179759
0.000179759
0.00017976
0.00017976
0.000178853
0.000178853
0.000178853
0.000178853
0.000178853
0.000178853
0.000178853
0.000178853
0.000178853
0.000178853
0.000178853
0.000178854
0.000178854
0.000178854
0.000178855
0.000178855
0.000178856
0.000178856
0.000178857
0.000178857
0.000178858
0.000178858
0.000178859
0.000178859
0.00017886
0.000178861
0.000178861
0.000178862
0.000178862
0.000178863
0.000178863
0.000178864
0.000178864
0.000178864
0.000178865
0.000178865
0.000178866
0.000178866
0.000178866
0.000178867
0.000178867
0.000178867
0.000178867
0.000178867
0.000178868
0.000178854
0.000178854
0.000178853
0.000178853
0.000178853
0.000178852
0.000178852
0.000178852
0.000178852
0.000178852
0.000178852
0.000178852
0.000178852
0.000178853
0.000178853
0.000178853
0.000177874
0.000177873
0.000177873
0.000177873
0.000177873
0.000177873
0.000177874
0.000177874
0.000177874
0.000177874
0.000177875
0.000177875
0.000177875
0.000177876
0.000177876
0.000177876
0.000177877
0.000177877
0.000177878
0.000177878
0.000177879
0.00017788
0.00017788
0.000177881
0.000177881
0.000177882
0.000177882
0.000177883
0.000177883
0.000177884
0.000177884
0.000177885
0.000177885
0.000177885
0.000177886
0.000177886
0.000177886
0.000177887
0.000177887
0.000177887
0.000177888
0.000177888
0.000177888
0.000177888
0.000177888
0.000177875
0.000177874
0.000177874
0.000177874
0.000177873
0.000177873
0.000177873
0.000177873
0.000177873
0.000177873
0.000177873
0.000177873
0.000177873
0.000177873
0.000177873
0.000177873
0.000176824
0.000176825
0.000176825
0.000176825
0.000176825
0.000176825
0.000176825
0.000176825
0.000176825
0.000176826
0.000176826
0.000176826
0.000176827
0.000176827
0.000176828
0.000176828
0.000176829
0.000176829
0.00017683
0.00017683
0.000176831
0.000176831
0.000176832
0.000176832
0.000176833
0.000176833
0.000176834
0.000176834
0.000176835
0.000176835
0.000176836
0.000176836
0.000176836
0.000176837
0.000176837
0.000176837
0.000176838
0.000176838
0.000176838
0.000176839
0.000176839
0.000176839
0.000176839
0.000176839
0.00017684
0.000176826
0.000176826
0.000176825
0.000176825
0.000176824
0.000176824
0.000176824
0.000176824
0.000176824
0.000176824
0.000176824
0.000176824
0.000176824
0.000176824
0.000176824
0.000176824
0.000175709
0.000175709
0.000175709
0.000175709
0.000175709
0.000175709
0.00017571
0.00017571
0.00017571
0.00017571
0.000175711
0.000175711
0.000175712
0.000175712
0.000175712
0.000175713
0.000175713
0.000175714
0.000175714
0.000175715
0.000175715
0.000175716
0.000175716
0.000175717
0.000175717
0.000175718
0.000175718
0.000175719
0.000175719
0.00017572
0.00017572
0.000175721
0.000175721
0.000175721
0.000175722
0.000175722
0.000175722
0.000175722
0.000175723
0.000175723
0.000175723
0.000175723
0.000175723
0.000175724
0.000175724
0.00017571
0.00017571
0.000175709
0.000175709
0.000175709
0.000175709
0.000175708
0.000175708
0.000175708
0.000175708
0.000175708
0.000175708
0.000175708
0.000175708
0.000175708
0.000175709
0.000174529
0.000174529
0.000174529
0.000174529
0.000174529
0.00017453
0.00017453
0.00017453
0.000174531
0.000174531
0.000174531
0.000174532
0.000174532
0.000174533
0.000174533
0.000174534
0.000174534
0.000174534
0.000174535
0.000174535
0.000174536
0.000174536
0.000174537
0.000174537
0.000174538
0.000174538
0.000174539
0.000174539
0.00017454
0.00017454
0.000174541
0.000174541
0.000174541
0.000174542
0.000174542
0.000174542
0.000174542
0.000174543
0.000174543
0.000174543
0.000174543
0.000174543
0.000174544
0.000174544
0.000174544
0.000174531
0.00017453
0.00017453
0.000174529
0.000174529
0.000174529
0.000174529
0.000174528
0.000174528
0.000174528
0.000174528
0.000174528
0.000174528
0.000174528
0.000174528
0.000174529
0.000173287
0.000173287
0.000173288
0.000173288
0.000173288
0.000173288
0.000173289
0.000173289
0.000173289
0.00017329
0.00017329
0.000173291
0.000173291
0.000173292
0.000173292
0.000173292
0.000173293
0.000173293
0.000173294
0.000173294
0.000173295
0.000173295
0.000173296
0.000173296
0.000173297
0.000173297
0.000173298
0.000173298
0.000173298
0.000173299
0.000173299
0.0001733
0.0001733
0.0001733
0.000173301
0.000173301
0.000173301
0.000173301
0.000173301
0.000173302
0.000173302
0.000173302
0.000173302
0.000173302
0.000173302
0.000173289
0.000173289
0.000173288
0.000173288
0.000173288
0.000173287
0.000173287
0.000173287
0.000173287
0.000173287
0.000173287
0.000173287
0.000173287
0.000173287
0.000173287
0.000173287
0.000171986
0.000171987
0.000171987
0.000171987
0.000171987
0.000171988
0.000171988
0.000171989
0.000171989
0.000171989
0.00017199
0.00017199
0.000171991
0.000171991
0.000171992
0.000171992
0.000171993
0.000171993
0.000171993
0.000171994
0.000171994
0.000171995
0.000171995
0.000171996
0.000171996
0.000171997
0.000171997
0.000171998
0.000171998
0.000171998
0.000171999
0.000171999
0.000171999
0.000172
0.000172
0.000172
0.000172
0.000172
0.000172001
0.000172001
0.000172001
0.000172001
0.000172001
0.000172001
0.000172001
0.000171989
0.000171988
0.000171988
0.000171987
0.000171987
0.000171987
0.000171987
0.000171986
0.000171986
0.000171986
0.000171986
0.000171986
0.000171986
0.000171986
0.000171986
0.000171986
0.000170629
0.000170629
0.000170629
0.000170629
0.00017063
0.00017063
0.000170631
0.000170631
0.000170631
0.000170632
0.000170632
0.000170633
0.000170633
0.000170634
0.000170634
0.000170635
0.000170635
0.000170636
0.000170636
0.000170637
0.000170637
0.000170637
0.000170638
0.000170638
0.000170639
0.000170639
0.00017064
0.00017064
0.00017064
0.000170641
0.000170641
0.000170641
0.000170642
0.000170642
0.000170642
0.000170642
0.000170642
0.000170643
0.000170643
0.000170643
0.000170643
0.000170643
0.000170643
0.000170643
0.000170643
0.000170631
0.000170631
0.00017063
0.00017063
0.00017063
0.000170629
0.000170629
0.000170629
0.000170629
0.000170629
0.000170628
0.000170628
0.000170628
0.000170628
0.000170628
0.000170628
0.000169216
0.000169216
0.000169217
0.000169217
0.000169218
0.000169218
0.000169218
0.000169219
0.000169219
0.00016922
0.00016922
0.000169221
0.000169221
0.000169222
0.000169222
0.000169223
0.000169223
0.000169224
0.000169224
0.000169224
0.000169225
0.000169225
0.000169226
0.000169226
0.000169227
0.000169227
0.000169227
0.000169228
0.000169228
0.000169228
0.000169229
0.000169229
0.000169229
0.000169229
0.00016923
0.00016923
0.00016923
0.00016923
0.00016923
0.00016923
0.00016923
0.000169231
0.000169231
0.000169231
0.00016923
0.000169219
0.000169219
0.000169218
0.000169218
0.000169217
0.000169217
0.000169217
0.000169217
0.000169216
0.000169216
0.000169216
0.000169216
0.000169216
0.000169216
0.000169216
0.000169216
0.000167751
0.000167752
0.000167752
0.000167753
0.000167753
0.000167753
0.000167754
0.000167754
0.000167755
0.000167755
0.000167756
0.000167756
0.000167757
0.000167757
0.000167758
0.000167758
0.000167759
0.000167759
0.00016776
0.00016776
0.00016776
0.000167761
0.000167761
0.000167762
0.000167762
0.000167762
0.000167763
0.000167763
0.000167763
0.000167764
0.000167764
0.000167764
0.000167765
0.000167765
0.000167765
0.000167765
0.000167765
0.000167765
0.000167765
0.000167765
0.000167766
0.000167766
0.000167766
0.000167766
0.000167765
0.000167755
0.000167754
0.000167754
0.000167753
0.000167753
0.000167753
0.000167752
0.000167752
0.000167752
0.000167752
0.000167752
0.000167752
0.000167751
0.000167751
0.000167751
0.000167751
0.000166237
0.000166237
0.000166238
0.000166238
0.000166239
0.000166239
0.000166239
0.00016624
0.00016624
0.000166241
0.000166241
0.000166242
0.000166242
0.000166243
0.000166243
0.000166244
0.000166244
0.000166245
0.000166245
0.000166246
0.000166246
0.000166246
0.000166247
0.000166247
0.000166248
0.000166248
0.000166248
0.000166249
0.000166249
0.000166249
0.000166249
0.00016625
0.00016625
0.00016625
0.00016625
0.00016625
0.00016625
0.00016625
0.000166251
0.000166251
0.000166251
0.000166251
0.000166251
0.000166251
0.00016625
0.00016624
0.00016624
0.000166239
0.000166239
0.000166239
0.000166238
0.000166238
0.000166238
0.000166238
0.000166237
0.000166237
0.000166237
0.000166237
0.000166237
0.000166237
0.000166237
0.000164675
0.000164675
0.000164676
0.000164676
0.000164676
0.000164677
0.000164677
0.000164678
0.000164678
0.000164679
0.000164679
0.00016468
0.00016468
0.000164681
0.000164681
0.000164682
0.000164682
0.000164683
0.000164683
0.000164684
0.000164684
0.000164684
0.000164685
0.000164685
0.000164685
0.000164686
0.000164686
0.000164686
0.000164687
0.000164687
0.000164687
0.000164687
0.000164688
0.000164688
0.000164688
0.000164688
0.000164688
0.000164688
0.000164688
0.000164688
0.000164688
0.000164688
0.000164688
0.000164688
0.000164688
0.000164678
0.000164678
0.000164677
0.000164677
0.000164677
0.000164676
0.000164676
0.000164676
0.000164676
0.000164675
0.000164675
0.000164675
0.000164675
0.000164675
0.000164675
0.000164674
0.000163068
0.000163068
0.000163068
0.000163069
0.000163069
0.00016307
0.00016307
0.000163071
0.000163071
0.000163072
0.000163072
0.000163073
0.000163073
0.000163074
0.000163074
0.000163075
0.000163075
0.000163076
0.000163076
0.000163077
0.000163077
0.000163077
0.000163078
0.000163078
0.000163078
0.000163079
0.000163079
0.000163079
0.000163079
0.00016308
0.00016308
0.00016308
0.00016308
0.00016308
0.00016308
0.00016308
0.000163081
0.000163081
0.000163081
0.000163081
0.000163081
0.000163081
0.00016308
0.00016308
0.00016308
0.000163071
0.000163071
0.00016307
0.00016307
0.00016307
0.000163069
0.000163069
0.000163069
0.000163069
0.000163068
0.000163068
0.000163068
0.000163068
0.000163068
0.000163068
0.000163067
0.000161418
0.000161418
0.000161419
0.000161419
0.00016142
0.00016142
0.000161421
0.000161421
0.000161422
0.000161422
0.000161423
0.000161423
0.000161424
0.000161424
0.000161425
0.000161425
0.000161426
0.000161426
0.000161427
0.000161427
0.000161427
0.000161428
0.000161428
0.000161428
0.000161429
0.000161429
0.000161429
0.000161429
0.00016143
0.00016143
0.00016143
0.00016143
0.00016143
0.00016143
0.000161431
0.000161431
0.000161431
0.000161431
0.000161431
0.000161431
0.000161431
0.00016143
0.00016143
0.00016143
0.00016143
0.000161421
0.000161421
0.000161421
0.00016142
0.00016142
0.00016142
0.00016142
0.000161419
0.000161419
0.000161419
0.000161419
0.000161418
0.000161418
0.000161418
0.000161418
0.000161418
0.000159729
0.000159729
0.00015973
0.00015973
0.000159731
0.000159731
0.000159732
0.000159732
0.000159733
0.000159733
0.000159734
0.000159734
0.000159735
0.000159735
0.000159736
0.000159736
0.000159737
0.000159737
0.000159737
0.000159738
0.000159738
0.000159738
0.000159739
0.000159739
0.000159739
0.00015974
0.00015974
0.00015974
0.00015974
0.00015974
0.000159741
0.000159741
0.000159741
0.000159741
0.000159741
0.000159741
0.000159741
0.000159741
0.000159741
0.000159741
0.000159741
0.000159741
0.000159741
0.00015974
0.00015974
0.000159732
0.000159732
0.000159731
0.000159731
0.000159731
0.000159731
0.00015973
0.00015973
0.00015973
0.00015973
0.000159729
0.000159729
0.000159729
0.000159729
0.000159729
0.000159728
0.000158003
0.000158003
0.000158003
0.000158004
0.000158004
0.000158005
0.000158006
0.000158006
0.000158007
0.000158007
0.000158008
0.000158008
0.000158009
0.000158009
0.000158009
0.00015801
0.00015801
0.000158011
0.000158011
0.000158011
0.000158012
0.000158012
0.000158012
0.000158013
0.000158013
0.000158013
0.000158013
0.000158014
0.000158014
0.000158014
0.000158014
0.000158014
0.000158014
0.000158014
0.000158014
0.000158014
0.000158014
0.000158014
0.000158014
0.000158014
0.000158014
0.000158014
0.000158014
0.000158014
0.000158013
0.000158006
0.000158005
0.000158005
0.000158005
0.000158005
0.000158004
0.000158004
0.000158004
0.000158004
0.000158004
0.000158003
0.000158003
0.000158003
0.000158003
0.000158003
0.000158002
0.000156242
0.000156243
0.000156243
0.000156244
0.000156244
0.000156245
0.000156245
0.000156246
0.000156247
0.000156247
0.000156248
0.000156248
0.000156248
0.000156249
0.000156249
0.00015625
0.00015625
0.000156251
0.000156251
0.000156251
0.000156252
0.000156252
0.000156252
0.000156252
0.000156253
0.000156253
0.000156253
0.000156253
0.000156253
0.000156254
0.000156254
0.000156254
0.000156254
0.000156254
0.000156254
0.000156254
0.000156254
0.000156254
0.000156254
0.000156254
0.000156254
0.000156253
0.000156253
0.000156253
0.000156253
0.000156246
0.000156245
0.000156245
0.000156245
0.000156245
0.000156244
0.000156244
0.000156244
0.000156244
0.000156244
0.000156243
0.000156243
0.000156243
0.000156243
0.000156243
0.000156242
0.000154451
0.000154452
0.000154452
0.000154453
0.000154453
0.000154454
0.000154454
0.000154455
0.000154456
0.000154456
0.000154457
0.000154457
0.000154457
0.000154458
0.000154458
0.000154459
0.000154459
0.00015446
0.00015446
0.00015446
0.00015446
0.000154461
0.000154461
0.000154461
0.000154462
0.000154462
0.000154462
0.000154462
0.000154462
0.000154462
0.000154462
0.000154462
0.000154462
0.000154463
0.000154463
0.000154462
0.000154462
0.000154462
0.000154462
0.000154462
0.000154462
0.000154462
0.000154462
0.000154462
0.000154461
0.000154454
0.000154454
0.000154454
0.000154454
0.000154454
0.000154453
0.000154453
0.000154453
0.000154453
0.000154453
0.000154452
0.000154452
0.000154452
0.000154452
0.000154452
0.000154451
0.000152633
0.000152633
0.000152634
0.000152634
0.000152635
0.000152635
0.000152636
0.000152636
0.000152637
0.000152637
0.000152638
0.000152638
0.000152639
0.000152639
0.00015264
0.00015264
0.00015264
0.000152641
0.000152641
0.000152641
0.000152642
0.000152642
0.000152642
0.000152642
0.000152643
0.000152643
0.000152643
0.000152643
0.000152643
0.000152643
0.000152643
0.000152643
0.000152643
0.000152643
0.000152643
0.000152643
0.000152643
0.000152643
0.000152643
0.000152643
0.000152643
0.000152643
0.000152643
0.000152642
0.000152642
0.000152636
0.000152635
0.000152635
0.000152635
0.000152635
0.000152635
0.000152634
0.000152634
0.000152634
0.000152634
0.000152634
0.000152634
0.000152633
0.000152633
0.000152633
0.000152633
0.00015079
0.00015079
0.000150791
0.000150791
0.000150792
0.000150792
0.000150793
0.000150793
0.000150794
0.000150794
0.000150795
0.000150795
0.000150796
0.000150796
0.000150797
0.000150797
0.000150797
0.000150798
0.000150798
0.000150798
0.000150799
0.000150799
0.000150799
0.000150799
0.000150799
0.0001508
0.0001508
0.0001508
0.0001508
0.0001508
0.0001508
0.0001508
0.0001508
0.0001508
0.0001508
0.0001508
0.0001508
0.0001508
0.0001508
0.0001508
0.000150799
0.000150799
0.000150799
0.000150799
0.000150798
0.000150792
0.000150792
0.000150792
0.000150792
0.000150792
0.000150792
0.000150791
0.000150791
0.000150791
0.000150791
0.000150791
0.00015079
0.00015079
0.00015079
0.00015079
0.00015079
0.000148926
0.000148926
0.000148927
0.000148927
0.000148928
0.000148928
0.000148929
0.000148929
0.00014893
0.00014893
0.000148931
0.000148931
0.000148932
0.000148932
0.000148933
0.000148933
0.000148933
0.000148934
0.000148934
0.000148934
0.000148934
0.000148935
0.000148935
0.000148935
0.000148935
0.000148935
0.000148936
0.000148936
0.000148936
0.000148936
0.000148936
0.000148936
0.000148936
0.000148936
0.000148936
0.000148936
0.000148936
0.000148935
0.000148935
0.000148935
0.000148935
0.000148935
0.000148935
0.000148934
0.000148934
0.000148928
0.000148928
0.000148928
0.000148928
0.000148928
0.000148927
0.000148927
0.000148927
0.000148927
0.000148927
0.000148927
0.000148927
0.000148926
0.000148926
0.000148926
0.000148926
0.000147044
0.000147045
0.000147045
0.000147046
0.000147047
0.000147047
0.000147048
0.000147048
0.000147049
0.000147049
0.00014705
0.00014705
0.00014705
0.000147051
0.000147051
0.000147052
0.000147052
0.000147052
0.000147052
0.000147053
0.000147053
0.000147053
0.000147053
0.000147054
0.000147054
0.000147054
0.000147054
0.000147054
0.000147054
0.000147054
0.000147054
0.000147054
0.000147054
0.000147054
0.000147054
0.000147054
0.000147054
0.000147054
0.000147054
0.000147053
0.000147053
0.000147053
0.000147053
0.000147053
0.000147052
0.000147047
0.000147046
0.000147046
0.000147046
0.000147046
0.000147046
0.000147046
0.000147046
0.000147046
0.000147046
0.000147045
0.000147045
0.000147045
0.000147045
0.000147045
0.000147044
0.000145149
0.00014515
0.00014515
0.000145151
0.000145151
0.000145152
0.000145152
0.000145153
0.000145153
0.000145154
0.000145154
0.000145155
0.000145155
0.000145156
0.000145156
0.000145156
0.000145157
0.000145157
0.000145157
0.000145157
0.000145158
0.000145158
0.000145158
0.000145158
0.000145158
0.000145159
0.000145159
0.000145159
0.000145159
0.000145159
0.000145159
0.000145159
0.000145159
0.000145159
0.000145159
0.000145158
0.000145158
0.000145158
0.000145158
0.000145158
0.000145158
0.000145157
0.000145157
0.000145157
0.000145157
0.000145151
0.000145151
0.000145151
0.000145151
0.000145151
0.000145151
0.000145151
0.000145151
0.00014515
0.00014515
0.00014515
0.00014515
0.00014515
0.00014515
0.000145149
0.000145149
0.000143244
0.000143245
0.000143245
0.000143246
0.000143246
0.000143247
0.000143247
0.000143248
0.000143248
0.000143249
0.000143249
0.00014325
0.00014325
0.00014325
0.000143251
0.000143251
0.000143251
0.000143252
0.000143252
0.000143252
0.000143252
0.000143253
0.000143253
0.000143253
0.000143253
0.000143253
0.000143253
0.000143253
0.000143253
0.000143253
0.000143253
0.000143253
0.000143253
0.000143253
0.000143253
0.000143253
0.000143253
0.000143253
0.000143252
0.000143252
0.000143252
0.000143252
0.000143252
0.000143251
0.000143251
0.000143246
0.000143246
0.000143246
0.000143246
0.000143245
0.000143245
0.000143245
0.000143245
0.000143245
0.000143245
0.000143245
0.000143245
0.000143245
0.000143244
0.000143244
0.000143244
0.000141333
0.000141333
0.000141334
0.000141334
0.000141335
0.000141335
0.000141336
0.000141336
0.000141337
0.000141337
0.000141337
0.000141338
0.000141338
0.000141339
0.000141339
0.000141339
0.00014134
0.00014134
0.00014134
0.00014134
0.000141341
0.000141341
0.000141341
0.000141341
0.000141341
0.000141341
0.000141341
0.000141341
0.000141341
0.000141341
0.000141341
0.000141341
0.000141341
0.000141341
0.000141341
0.000141341
0.000141341
0.000141341
0.000141341
0.00014134
0.00014134
0.00014134
0.00014134
0.000141339
0.000141339
0.000141334
0.000141334
0.000141334
0.000141334
0.000141334
0.000141334
0.000141334
0.000141334
0.000141333
0.000141333
0.000141333
0.000141333
0.000141333
0.000141333
0.000141333
0.000141332
0.000139418
0.000139419
0.000139419
0.00013942
0.00013942
0.000139421
0.000139421
0.000139422
0.000139422
0.000139423
0.000139423
0.000139424
0.000139424
0.000139424
0.000139425
0.000139425
0.000139425
0.000139426
0.000139426
0.000139426
0.000139426
0.000139426
0.000139427
0.000139427
0.000139427
0.000139427
0.000139427
0.000139427
0.000139427
0.000139427
0.000139427
0.000139427
0.000139427
0.000139427
0.000139427
0.000139427
0.000139426
0.000139426
0.000139426
0.000139426
0.000139426
0.000139425
0.000139425
0.000139425
0.000139424
0.00013942
0.000139419
0.000139419
0.000139419
0.000139419
0.000139419
0.000139419
0.000139419
0.000139419
0.000139419
0.000139419
0.000139419
0.000139419
0.000139419
0.000139418
0.000139418
0.000137506
0.000137506
0.000137507
0.000137507
0.000137508
0.000137508
0.000137509
0.000137509
0.000137509
0.00013751
0.00013751
0.000137511
0.000137511
0.000137511
0.000137512
0.000137512
0.000137512
0.000137513
0.000137513
0.000137513
0.000137513
0.000137513
0.000137514
0.000137514
0.000137514
0.000137514
0.000137514
0.000137514
0.000137514
0.000137514
0.000137514
0.000137514
0.000137514
0.000137514
0.000137514
0.000137513
0.000137513
0.000137513
0.000137513
0.000137513
0.000137512
0.000137512
0.000137512
0.000137512
0.000137511
0.000137506
0.000137506
0.000137506
0.000137506
0.000137506
0.000137506
0.000137506
0.000137506
0.000137506
0.000137506
0.000137506
0.000137506
0.000137506
0.000137506
0.000137506
0.000137505
0.000135598
0.000135598
0.000135599
0.000135599
0.0001356
0.0001356
0.000135601
0.000135601
0.000135602
0.000135602
0.000135602
0.000135603
0.000135603
0.000135604
0.000135604
0.000135604
0.000135604
0.000135605
0.000135605
0.000135605
0.000135605
0.000135605
0.000135606
0.000135606
0.000135606
0.000135606
0.000135606
0.000135606
0.000135606
0.000135606
0.000135606
0.000135606
0.000135606
0.000135606
0.000135606
0.000135605
0.000135605
0.000135605
0.000135605
0.000135605
0.000135604
0.000135604
0.000135604
0.000135604
0.000135603
0.000135598
0.000135598
0.000135598
0.000135598
0.000135598
0.000135598
0.000135598
0.000135598
0.000135598
0.000135598
0.000135598
0.000135598
0.000135598
0.000135598
0.000135598
0.000135597
0.000133699
0.000133699
0.0001337
0.0001337
0.000133701
0.000133701
0.000133702
0.000133702
0.000133702
0.000133703
0.000133703
0.000133704
0.000133704
0.000133704
0.000133705
0.000133705
0.000133705
0.000133705
0.000133706
0.000133706
0.000133706
0.000133706
0.000133706
0.000133706
0.000133707
0.000133707
0.000133707
0.000133707
0.000133707
0.000133707
0.000133707
0.000133707
0.000133706
0.000133706
0.000133706
0.000133706
0.000133706
0.000133706
0.000133706
0.000133705
0.000133705
0.000133705
0.000133705
0.000133704
0.000133704
0.000133699
0.000133699
0.000133699
0.000133699
0.000133699
0.000133699
0.000133699
0.000133699
0.000133699
0.000133699
0.000133699
0.000133699
0.000133699
0.000133699
0.000133699
0.000133698
0.000131812
0.000131813
0.000131813
0.000131814
0.000131814
0.000131815
0.000131815
0.000131815
0.000131816
0.000131816
0.000131817
0.000131817
0.000131817
0.000131818
0.000131818
0.000131818
0.000131819
0.000131819
0.000131819
0.000131819
0.000131819
0.00013182
0.00013182
0.00013182
0.00013182
0.00013182
0.00013182
0.00013182
0.00013182
0.00013182
0.00013182
0.00013182
0.00013182
0.00013182
0.00013182
0.000131819
0.000131819
0.000131819
0.000131819
0.000131819
0.000131818
0.000131818
0.000131818
0.000131818
0.000131817
0.000131813
0.000131813
0.000131813
0.000131813
0.000131813
0.000131813
0.000131813
0.000131813
0.000131813
0.000131813
0.000131813
0.000131812
0.000131812
0.000131812
0.000131812
0.000131812
0.000129942
0.000129942
0.000129943
0.000129943
0.000129944
0.000129944
0.000129945
0.000129945
0.000129945
0.000129946
0.000129946
0.000129947
0.000129947
0.000129947
0.000129948
0.000129948
0.000129948
0.000129948
0.000129949
0.000129949
0.000129949
0.000129949
0.000129949
0.000129949
0.000129949
0.000129949
0.000129949
0.00012995
0.000129949
0.000129949
0.000129949
0.000129949
0.000129949
0.000129949
0.000129949
0.000129949
0.000129949
0.000129949
0.000129948
0.000129948
0.000129948
0.000129948
0.000129947
0.000129947
0.000129947
0.000129942
0.000129942
0.000129942
0.000129942
0.000129942
0.000129942
0.000129942
0.000129942
0.000129942
0.000129942
0.000129942
0.000129942
0.000129942
0.000129942
0.000129942
0.000129941
0.000128091
0.000128092
0.000128092
0.000128093
0.000128093
0.000128094
0.000128094
0.000128094
0.000128095
0.000128095
0.000128096
0.000128096
0.000128096
0.000128097
0.000128097
0.000128097
0.000128097
0.000128098
0.000128098
0.000128098
0.000128098
0.000128098
0.000128099
0.000128099
0.000128099
0.000128099
0.000128099
0.000128099
0.000128099
0.000128099
0.000128099
0.000128099
0.000128099
0.000128098
0.000128098
0.000128098
0.000128098
0.000128098
0.000128098
0.000128097
0.000128097
0.000128097
0.000128097
0.000128096
0.000128096
0.000128091
0.000128091
0.000128091
0.000128091
0.000128092
0.000128092
0.000128092
0.000128092
0.000128092
0.000128092
0.000128092
0.000128091
0.000128091
0.000128091
0.000128091
0.000128091
0.000126264
0.000126264
0.000126265
0.000126265
0.000126266
0.000126266
0.000126267
0.000126267
0.000126267
0.000126268
0.000126268
0.000126269
0.000126269
0.000126269
0.00012627
0.00012627
0.00012627
0.00012627
0.00012627
0.000126271
0.000126271
0.000126271
0.000126271
0.000126271
0.000126271
0.000126271
0.000126271
0.000126271
0.000126271
0.000126271
0.000126271
0.000126271
0.000126271
0.000126271
0.000126271
0.000126271
0.000126271
0.00012627
0.00012627
0.00012627
0.00012627
0.000126269
0.000126269
0.000126269
0.000126269
0.000126264
0.000126264
0.000126264
0.000126264
0.000126264
0.000126264
0.000126264
0.000126264
0.000126264
0.000126264
0.000126264
0.000126264
0.000126264
0.000126264
0.000126264
0.000126264
0.000124463
0.000124464
0.000124464
0.000124465
0.000124465
0.000124465
0.000124466
0.000124466
0.000124467
0.000124467
0.000124467
0.000124468
0.000124468
0.000124468
0.000124469
0.000124469
0.000124469
0.000124469
0.00012447
0.00012447
0.00012447
0.00012447
0.00012447
0.00012447
0.00012447
0.00012447
0.00012447
0.00012447
0.00012447
0.00012447
0.00012447
0.00012447
0.00012447
0.00012447
0.00012447
0.00012447
0.00012447
0.00012447
0.000124469
0.000124469
0.000124469
0.000124469
0.000124468
0.000124468
0.000124468
0.000124463
0.000124463
0.000124463
0.000124463
0.000124463
0.000124463
0.000124463
0.000124463
0.000124463
0.000124463
0.000124463
0.000124463
0.000124463
0.000124463
0.000124463
0.000124463
0.000122692
0.000122693
0.000122693
0.000122694
0.000122694
0.000122695
0.000122695
0.000122695
0.000122696
0.000122696
0.000122696
0.000122697
0.000122697
0.000122697
0.000122698
0.000122698
0.000122698
0.000122698
0.000122699
0.000122699
0.000122699
0.000122699
0.000122699
0.000122699
0.000122699
0.000122699
0.000122699
0.000122699
0.000122699
0.000122699
0.000122699
0.000122699
0.000122699
0.000122699
0.000122699
0.000122699
0.000122699
0.000122699
0.000122698
0.000122698
0.000122698
0.000122698
0.000122697
0.000122697
0.000122697
0.000122692
0.000122692
0.000122692
0.000122692
0.000122692
0.000122693
0.000122693
0.000122693
0.000122693
0.000122693
0.000122693
0.000122692
0.000122692
0.000122692
0.000122692
0.000122692
0.000120954
0.000120955
0.000120955
0.000120956
0.000120956
0.000120957
0.000120957
0.000120957
0.000120958
0.000120958
0.000120958
0.000120959
0.000120959
0.000120959
0.00012096
0.00012096
0.00012096
0.00012096
0.000120961
0.000120961
0.000120961
0.000120961
0.000120961
0.000120961
0.000120961
0.000120961
0.000120961
0.000120961
0.000120961
0.000120961
0.000120961
0.000120961
0.000120961
0.000120961
0.000120961
0.000120961
0.000120961
0.000120961
0.00012096
0.00012096
0.00012096
0.00012096
0.000120959
0.000120959
0.000120959
0.000120954
0.000120954
0.000120954
0.000120954
0.000120954
0.000120955
0.000120955
0.000120955
0.000120955
0.000120955
0.000120955
0.000120954
0.000120954
0.000120954
0.000120954
0.000120954
0.000119252
0.000119253
0.000119253
0.000119254
0.000119254
0.000119254
0.000119255
0.000119255
0.000119256
0.000119256
0.000119256
0.000119257
0.000119257
0.000119257
0.000119257
0.000119258
0.000119258
0.000119258
0.000119258
0.000119259
0.000119259
0.000119259
0.000119259
0.000119259
0.000119259
0.000119259
0.000119259
0.000119259
0.000119259
0.000119259
0.000119259
0.000119259
0.000119259
0.000119259
0.000119259
0.000119259
0.000119258
0.000119258
0.000119258
0.000119258
0.000119258
0.000119257
0.000119257
0.000119257
0.000119257
0.000119252
0.000119252
0.000119252
0.000119252
0.000119252
0.000119252
0.000119252
0.000119252
0.000119252
0.000119252
0.000119252
0.000119252
0.000119252
0.000119252
0.000119252
0.000119252
0.000117589
0.000117589
0.00011759
0.00011759
0.00011759
0.000117591
0.000117591
0.000117592
0.000117592
0.000117592
0.000117593
0.000117593
0.000117593
0.000117594
0.000117594
0.000117594
0.000117594
0.000117595
0.000117595
0.000117595
0.000117595
0.000117595
0.000117595
0.000117595
0.000117595
0.000117596
0.000117596
0.000117596
0.000117596
0.000117596
0.000117595
0.000117595
0.000117595
0.000117595
0.000117595
0.000117595
0.000117595
0.000117595
0.000117595
0.000117594
0.000117594
0.000117594
0.000117594
0.000117593
0.000117593
0.000117589
0.000117589
0.000117589
0.000117589
0.000117589
0.000117589
0.000117589
0.000117589
0.000117589
0.000117589
0.000117589
0.000117589
0.000117589
0.000117589
0.000117589
0.000117589
0.000115967
0.000115967
0.000115967
0.000115968
0.000115968
0.000115969
0.000115969
0.000115969
0.00011597
0.00011597
0.00011597
0.000115971
0.000115971
0.000115971
0.000115971
0.000115972
0.000115972
0.000115972
0.000115972
0.000115972
0.000115973
0.000115973
0.000115973
0.000115973
0.000115973
0.000115973
0.000115973
0.000115973
0.000115973
0.000115973
0.000115973
0.000115973
0.000115973
0.000115973
0.000115973
0.000115973
0.000115973
0.000115972
0.000115972
0.000115972
0.000115972
0.000115972
0.000115971
0.000115971
0.000115971
0.000115966
0.000115966
0.000115966
0.000115966
0.000115967
0.000115967
0.000115967
0.000115967
0.000115967
0.000115967
0.000115967
0.000115967
0.000115967
0.000115966
0.000115966
0.000115966
0.000114388
0.000114388
0.000114389
0.000114389
0.000114389
0.00011439
0.00011439
0.000114391
0.000114391
0.000114391
0.000114392
0.000114392
0.000114392
0.000114392
0.000114393
0.000114393
0.000114393
0.000114393
0.000114394
0.000114394
0.000114394
0.000114394
0.000114394
0.000114394
0.000114394
0.000114394
0.000114394
0.000114394
0.000114394
0.000114394
0.000114394
0.000114394
0.000114394
0.000114394
0.000114394
0.000114394
0.000114394
0.000114394
0.000114394
0.000114393
0.000114393
0.000114393
0.000114393
0.000114392
0.000114392
0.000114388
0.000114388
0.000114388
0.000114388
0.000114388
0.000114388
0.000114388
0.000114388
0.000114388
0.000114388
0.000114388
0.000114388
0.000114388
0.000114388
0.000114388
0.000114388
0.000112855
0.000112856
0.000112856
0.000112856
0.000112857
0.000112857
0.000112858
0.000112858
0.000112858
0.000112859
0.000112859
0.000112859
0.000112859
0.00011286
0.00011286
0.00011286
0.00011286
0.000112861
0.000112861
0.000112861
0.000112861
0.000112861
0.000112861
0.000112862
0.000112862
0.000112862
0.000112862
0.000112862
0.000112862
0.000112862
0.000112862
0.000112862
0.000112862
0.000112862
0.000112861
0.000112861
0.000112861
0.000112861
0.000112861
0.000112861
0.00011286
0.00011286
0.00011286
0.00011286
0.00011286
0.000112855
0.000112855
0.000112855
0.000112855
0.000112855
0.000112855
0.000112855
0.000112855
0.000112855
0.000112855
0.000112855
0.000112855
0.000112855
0.000112855
0.000112855
0.000112855
0.000111371
0.000111371
0.000111372
0.000111372
0.000111372
0.000111373
0.000111373
0.000111373
0.000111374
0.000111374
0.000111374
0.000111375
0.000111375
0.000111375
0.000111375
0.000111376
0.000111376
0.000111376
0.000111376
0.000111376
0.000111377
0.000111377
0.000111377
0.000111377
0.000111377
0.000111377
0.000111377
0.000111377
0.000111377
0.000111377
0.000111377
0.000111377
0.000111377
0.000111377
0.000111377
0.000111377
0.000111377
0.000111376
0.000111376
0.000111376
0.000111376
0.000111376
0.000111375
0.000111375
0.000111375
0.000111371
0.000111371
0.000111371
0.000111371
0.000111371
0.000111371
0.000111371
0.000111371
0.000111371
0.000111371
0.000111371
0.000111371
0.000111371
0.000111371
0.000111371
0.000111371
0.000109936
0.000109937
0.000109937
0.000109937
0.000109938
0.000109938
0.000109938
0.000109939
0.000109939
0.000109939
0.00010994
0.00010994
0.00010994
0.000109941
0.000109941
0.000109941
0.000109941
0.000109941
0.000109942
0.000109942
0.000109942
0.000109942
0.000109942
0.000109942
0.000109942
0.000109942
0.000109942
0.000109942
0.000109942
0.000109942
0.000109942
0.000109942
0.000109942
0.000109942
0.000109942
0.000109942
0.000109942
0.000109942
0.000109942
0.000109942
0.000109941
0.000109941
0.000109941
0.000109941
0.000109941
0.000109936
0.000109936
0.000109936
0.000109936
0.000109936
0.000109936
0.000109936
0.000109936
0.000109936
0.000109936
0.000109936
0.000109936
0.000109936
0.000109936
0.000109936
0.000109936
0.000108554
0.000108554
0.000108555
0.000108555
0.000108555
0.000108556
0.000108556
0.000108556
0.000108557
0.000108557
0.000108557
0.000108557
0.000108558
0.000108558
0.000108558
0.000108558
0.000108559
0.000108559
0.000108559
0.000108559
0.000108559
0.000108559
0.000108559
0.00010856
0.00010856
0.00010856
0.00010856
0.00010856
0.00010856
0.00010856
0.00010856
0.00010856
0.00010856
0.00010856
0.00010856
0.00010856
0.000108559
0.000108559
0.000108559
0.000108559
0.000108559
0.000108559
0.000108558
0.000108558
0.000108558
0.000108554
0.000108554
0.000108554
0.000108554
0.000108554
0.000108554
0.000108554
0.000108554
0.000108554
0.000108554
0.000108554
0.000108554
0.000108554
0.000108554
0.000108554
0.000108554
0.000107225
0.000107225
0.000107226
0.000107226
0.000107226
0.000107227
0.000107227
0.000107227
0.000107228
0.000107228
0.000107228
0.000107228
0.000107229
0.000107229
0.000107229
0.000107229
0.00010723
0.00010723
0.00010723
0.00010723
0.00010723
0.00010723
0.00010723
0.000107231
0.000107231
0.000107231
0.000107231
0.000107231
0.000107231
0.000107231
0.000107231
0.000107231
0.000107231
0.000107231
0.000107231
0.00010723
0.00010723
0.00010723
0.00010723
0.00010723
0.00010723
0.00010723
0.000107229
0.000107229
0.000107229
0.000107225
0.000107225
0.000107225
0.000107225
0.000107225
0.000107225
0.000107225
0.000107225
0.000107225
0.000107225
0.000107225
0.000107225
0.000107225
0.000107225
0.000107225
0.000107225
0.000105951
0.000105952
0.000105952
0.000105952
0.000105953
0.000105953
0.000105953
0.000105954
0.000105954
0.000105954
0.000105954
0.000105955
0.000105955
0.000105955
0.000105955
0.000105956
0.000105956
0.000105956
0.000105956
0.000105956
0.000105956
0.000105957
0.000105957
0.000105957
0.000105957
0.000105957
0.000105957
0.000105957
0.000105957
0.000105957
0.000105957
0.000105957
0.000105957
0.000105957
0.000105957
0.000105957
0.000105957
0.000105956
0.000105956
0.000105956
0.000105956
0.000105956
0.000105956
0.000105956
0.000105955
0.000105951
0.000105951
0.000105951
0.000105951
0.000105951
0.000105951
0.000105951
0.000105951
0.000105951
0.000105951
0.000105951
0.000105951
0.000105951
0.000105951
0.000105951
0.000105951
0.000104734
0.000104735
0.000104735
0.000104735
0.000104736
0.000104736
0.000104736
0.000104737
0.000104737
0.000104737
0.000104737
0.000104738
0.000104738
0.000104738
0.000104738
0.000104738
0.000104739
0.000104739
0.000104739
0.000104739
0.000104739
0.000104739
0.00010474
0.00010474
0.00010474
0.00010474
0.00010474
0.00010474
0.00010474
0.00010474
0.00010474
0.00010474
0.00010474
0.00010474
0.00010474
0.00010474
0.00010474
0.000104739
0.000104739
0.000104739
0.000104739
0.000104739
0.000104739
0.000104739
0.000104738
0.000104734
0.000104734
0.000104734
0.000104734
0.000104734
0.000104734
0.000104734
0.000104734
0.000104734
0.000104734
0.000104734
0.000104734
0.000104734
0.000104734
0.000104734
0.000104734
0.000103576
0.000103576
0.000103576
0.000103577
0.000103577
0.000103577
0.000103577
0.000103578
0.000103578
0.000103578
0.000103578
0.000103579
0.000103579
0.000103579
0.000103579
0.00010358
0.00010358
0.00010358
0.00010358
0.00010358
0.00010358
0.000103581
0.000103581
0.000103581
0.000103581
0.000103581
0.000103581
0.000103581
0.000103581
0.000103581
0.000103581
0.000103581
0.000103581
0.000103581
0.000103581
0.000103581
0.000103581
0.000103581
0.00010358
0.00010358
0.00010358
0.00010358
0.00010358
0.00010358
0.000103579
0.000103576
0.000103576
0.000103576
0.000103576
0.000103576
0.000103576
0.000103576
0.000103576
0.000103576
0.000103576
0.000103576
0.000103576
0.000103576
0.000103575
0.000103575
0.000103575
0.000102476
0.000102477
0.000102477
0.000102477
0.000102478
0.000102478
0.000102478
0.000102478
0.000102479
0.000102479
0.000102479
0.000102479
0.00010248
0.00010248
0.00010248
0.00010248
0.00010248
0.000102481
0.000102481
0.000102481
0.000102481
0.000102481
0.000102481
0.000102481
0.000102481
0.000102481
0.000102482
0.000102482
0.000102482
0.000102482
0.000102482
0.000102482
0.000102482
0.000102481
0.000102481
0.000102481
0.000102481
0.000102481
0.000102481
0.000102481
0.000102481
0.000102481
0.00010248
0.00010248
0.00010248
0.000102476
0.000102476
0.000102476
0.000102476
0.000102476
0.000102476
0.000102476
0.000102476
0.000102476
0.000102476
0.000102476
0.000102476
0.000102476
0.000102476
0.000102476
0.000102476
0.000101438
0.000101438
0.000101439
0.000101439
0.000101439
0.000101439
0.00010144
0.00010144
0.00010144
0.000101441
0.000101441
0.000101441
0.000101441
0.000101441
0.000101442
0.000101442
0.000101442
0.000101442
0.000101442
0.000101442
0.000101443
0.000101443
0.000101443
0.000101443
0.000101443
0.000101443
0.000101443
0.000101443
0.000101443
0.000101443
0.000101443
0.000101443
0.000101443
0.000101443
0.000101443
0.000101443
0.000101443
0.000101443
0.000101443
0.000101442
0.000101442
0.000101442
0.000101442
0.000101442
0.000101442
0.000101438
0.000101438
0.000101438
0.000101438
0.000101438
0.000101438
0.000101438
0.000101438
0.000101438
0.000101438
0.000101438
0.000101438
0.000101438
0.000101438
0.000101438
0.000101438
0.000100462
0.000100462
0.000100463
0.000100463
0.000100463
0.000100463
0.000100464
0.000100464
0.000100464
0.000100464
0.000100465
0.000100465
0.000100465
0.000100465
0.000100465
0.000100466
0.000100466
0.000100466
0.000100466
0.000100466
0.000100466
0.000100466
0.000100466
0.000100467
0.000100467
0.000100467
0.000100467
0.000100467
0.000100467
0.000100467
0.000100467
0.000100467
0.000100467
0.000100467
0.000100467
0.000100467
0.000100466
0.000100466
0.000100466
0.000100466
0.000100466
0.000100466
0.000100466
0.000100466
0.000100465
0.000100462
0.000100462
0.000100462
0.000100462
0.000100462
0.000100462
0.000100462
0.000100462
0.000100462
0.000100462
0.000100462
0.000100462
0.000100462
0.000100462
0.000100462
0.000100462
9.95495e-05
9.95497e-05
9.955e-05
9.95503e-05
9.95505e-05
9.95508e-05
9.9551e-05
9.95513e-05
9.95515e-05
9.95517e-05
9.9552e-05
9.95522e-05
9.95524e-05
9.95525e-05
9.95527e-05
9.95529e-05
9.9553e-05
9.95532e-05
9.95533e-05
9.95534e-05
9.95536e-05
9.95537e-05
9.95537e-05
9.95538e-05
9.95539e-05
9.95539e-05
9.9554e-05
9.9554e-05
9.9554e-05
9.95541e-05
9.95541e-05
9.9554e-05
9.9554e-05
9.9554e-05
9.95539e-05
9.95539e-05
9.95538e-05
9.95537e-05
9.95536e-05
9.95535e-05
9.95534e-05
9.95533e-05
9.95531e-05
9.9553e-05
9.95529e-05
9.95493e-05
9.95493e-05
9.95494e-05
9.95494e-05
9.95494e-05
9.95494e-05
9.95494e-05
9.95494e-05
9.95495e-05
9.95494e-05
9.95494e-05
9.95494e-05
9.95494e-05
9.95494e-05
9.95493e-05
9.95493e-05
9.8702e-05
9.87023e-05
9.87025e-05
9.87028e-05
9.87031e-05
9.87033e-05
9.87035e-05
9.87038e-05
9.8704e-05
9.87042e-05
9.87044e-05
9.87046e-05
9.87048e-05
9.8705e-05
9.87051e-05
9.87053e-05
9.87054e-05
9.87056e-05
9.87057e-05
9.87058e-05
9.87059e-05
9.8706e-05
9.87061e-05
9.87062e-05
9.87062e-05
9.87063e-05
9.87063e-05
9.87064e-05
9.87064e-05
9.87064e-05
9.87064e-05
9.87064e-05
9.87063e-05
9.87063e-05
9.87063e-05
9.87062e-05
9.87061e-05
9.87061e-05
9.8706e-05
9.87059e-05
9.87058e-05
9.87057e-05
9.87055e-05
9.87054e-05
9.87053e-05
9.87019e-05
9.87019e-05
9.87019e-05
9.87019e-05
9.87019e-05
9.8702e-05
9.8702e-05
9.8702e-05
9.8702e-05
9.8702e-05
9.8702e-05
9.8702e-05
9.87019e-05
9.87019e-05
9.87019e-05
9.87018e-05
9.79212e-05
9.79214e-05
9.79217e-05
9.79219e-05
9.79221e-05
9.79224e-05
9.79226e-05
9.79228e-05
9.7923e-05
9.79232e-05
9.79234e-05
9.79236e-05
9.79238e-05
9.79239e-05
9.79241e-05
9.79243e-05
9.79244e-05
9.79245e-05
9.79246e-05
9.79247e-05
9.79248e-05
9.79249e-05
9.7925e-05
9.79251e-05
9.79251e-05
9.79252e-05
9.79252e-05
9.79253e-05
9.79253e-05
9.79253e-05
9.79253e-05
9.79253e-05
9.79252e-05
9.79252e-05
9.79252e-05
9.79251e-05
9.79251e-05
9.7925e-05
9.79249e-05
9.79248e-05
9.79247e-05
9.79246e-05
9.79245e-05
9.79244e-05
9.79242e-05
9.7921e-05
9.7921e-05
9.7921e-05
9.7921e-05
9.79211e-05
9.79211e-05
9.79211e-05
9.79211e-05
9.79211e-05
9.79211e-05
9.79211e-05
9.79211e-05
9.79211e-05
9.7921e-05
9.7921e-05
9.7921e-05
9.72086e-05
9.72088e-05
9.7209e-05
9.72093e-05
9.72095e-05
9.72097e-05
9.72099e-05
9.72101e-05
9.72103e-05
9.72105e-05
9.72107e-05
9.72109e-05
9.7211e-05
9.72112e-05
9.72113e-05
9.72115e-05
9.72116e-05
9.72117e-05
9.72118e-05
9.72119e-05
9.7212e-05
9.72121e-05
9.72122e-05
9.72122e-05
9.72123e-05
9.72123e-05
9.72124e-05
9.72124e-05
9.72124e-05
9.72124e-05
9.72124e-05
9.72124e-05
9.72124e-05
9.72124e-05
9.72123e-05
9.72123e-05
9.72122e-05
9.72122e-05
9.72121e-05
9.7212e-05
9.72119e-05
9.72118e-05
9.72117e-05
9.72116e-05
9.72115e-05
9.72083e-05
9.72084e-05
9.72084e-05
9.72084e-05
9.72085e-05
9.72085e-05
9.72085e-05
9.72085e-05
9.72085e-05
9.72085e-05
9.72085e-05
9.72085e-05
9.72085e-05
9.72084e-05
9.72084e-05
9.72084e-05
9.65661e-05
9.65663e-05
9.65665e-05
9.65667e-05
9.65669e-05
9.65672e-05
9.65674e-05
9.65676e-05
9.65677e-05
9.65679e-05
9.65681e-05
9.65682e-05
9.65684e-05
9.65685e-05
9.65687e-05
9.65688e-05
9.65689e-05
9.6569e-05
9.65691e-05
9.65692e-05
9.65693e-05
9.65694e-05
9.65695e-05
9.65695e-05
9.65696e-05
9.65696e-05
9.65697e-05
9.65697e-05
9.65697e-05
9.65697e-05
9.65697e-05
9.65697e-05
9.65697e-05
9.65696e-05
9.65696e-05
9.65696e-05
9.65695e-05
9.65694e-05
9.65694e-05
9.65693e-05
9.65692e-05
9.65691e-05
9.6569e-05
9.65689e-05
9.65688e-05
9.65658e-05
9.65659e-05
9.65659e-05
9.6566e-05
9.6566e-05
9.6566e-05
9.6566e-05
9.65661e-05
9.65661e-05
9.65661e-05
9.6566e-05
9.6566e-05
9.6566e-05
9.6566e-05
9.65659e-05
9.65659e-05
9.59958e-05
9.5996e-05
9.59962e-05
9.59964e-05
9.59966e-05
9.59968e-05
9.5997e-05
9.59972e-05
9.59974e-05
9.59975e-05
9.59977e-05
9.59978e-05
9.5998e-05
9.59981e-05
9.59983e-05
9.59984e-05
9.59985e-05
9.59986e-05
9.59987e-05
9.59988e-05
9.59988e-05
9.59989e-05
9.5999e-05
9.5999e-05
9.59991e-05
9.59991e-05
9.59992e-05
9.59992e-05
9.59992e-05
9.59992e-05
9.59992e-05
9.59992e-05
9.59992e-05
9.59991e-05
9.59991e-05
9.59991e-05
9.5999e-05
9.5999e-05
9.59989e-05
9.59988e-05
9.59988e-05
9.59987e-05
9.59986e-05
9.59985e-05
9.59984e-05
9.59956e-05
9.59956e-05
9.59957e-05
9.59957e-05
9.59958e-05
9.59958e-05
9.59958e-05
9.59958e-05
9.59958e-05
9.59958e-05
9.59958e-05
9.59958e-05
9.59957e-05
9.59957e-05
9.59956e-05
9.59956e-05
9.55001e-05
9.55003e-05
9.55005e-05
9.55007e-05
9.55009e-05
9.55011e-05
9.55013e-05
9.55015e-05
9.55016e-05
9.55018e-05
9.55019e-05
9.55021e-05
9.55022e-05
9.55023e-05
9.55024e-05
9.55026e-05
9.55027e-05
9.55028e-05
9.55028e-05
9.55029e-05
9.5503e-05
9.55031e-05
9.55031e-05
9.55032e-05
9.55032e-05
9.55033e-05
9.55033e-05
9.55033e-05
9.55033e-05
9.55033e-05
9.55033e-05
9.55033e-05
9.55033e-05
9.55033e-05
9.55033e-05
9.55032e-05
9.55032e-05
9.55031e-05
9.55031e-05
9.5503e-05
9.55029e-05
9.55029e-05
9.55028e-05
9.55027e-05
9.55026e-05
9.55e-05
9.55e-05
9.55001e-05
9.55001e-05
9.55002e-05
9.55002e-05
9.55002e-05
9.55002e-05
9.55002e-05
9.55002e-05
9.55002e-05
9.55002e-05
9.55001e-05
9.55001e-05
9.55e-05
9.54999e-05
9.50818e-05
9.5082e-05
9.50822e-05
9.50824e-05
9.50826e-05
9.50828e-05
9.50829e-05
9.50831e-05
9.50833e-05
9.50834e-05
9.50835e-05
9.50837e-05
9.50838e-05
9.50839e-05
9.5084e-05
9.50841e-05
9.50842e-05
9.50843e-05
9.50844e-05
9.50845e-05
9.50845e-05
9.50846e-05
9.50847e-05
9.50847e-05
9.50848e-05
9.50848e-05
9.50848e-05
9.50848e-05
9.50849e-05
9.50849e-05
9.50849e-05
9.50849e-05
9.50849e-05
9.50848e-05
9.50848e-05
9.50848e-05
9.50848e-05
9.50847e-05
9.50847e-05
9.50846e-05
9.50845e-05
9.50845e-05
9.50844e-05
9.50843e-05
9.50843e-05
9.50818e-05
9.50819e-05
9.50819e-05
9.5082e-05
9.5082e-05
9.5082e-05
9.5082e-05
9.5082e-05
9.5082e-05
9.5082e-05
9.5082e-05
9.50819e-05
9.50818e-05
9.50818e-05
9.50817e-05
9.50817e-05
9.47441e-05
9.47443e-05
9.47445e-05
9.47447e-05
9.47448e-05
9.4745e-05
9.47452e-05
9.47453e-05
9.47455e-05
9.47456e-05
9.47457e-05
9.47459e-05
9.4746e-05
9.47461e-05
9.47462e-05
9.47463e-05
9.47464e-05
9.47465e-05
9.47465e-05
9.47466e-05
9.47467e-05
9.47467e-05
9.47468e-05
9.47468e-05
9.47469e-05
9.47469e-05
9.4747e-05
9.4747e-05
9.4747e-05
9.4747e-05
9.4747e-05
9.4747e-05
9.4747e-05
9.4747e-05
9.4747e-05
9.4747e-05
9.47469e-05
9.47469e-05
9.47469e-05
9.47468e-05
9.47468e-05
9.47467e-05
9.47467e-05
9.47466e-05
9.47465e-05
9.47443e-05
9.47443e-05
9.47444e-05
9.47444e-05
9.47444e-05
9.47444e-05
9.47444e-05
9.47444e-05
9.47444e-05
9.47443e-05
9.47443e-05
9.47442e-05
9.47442e-05
9.47441e-05
9.4744e-05
9.47439e-05
9.44906e-05
9.44908e-05
9.4491e-05
9.44912e-05
9.44913e-05
9.44915e-05
9.44917e-05
9.44918e-05
9.4492e-05
9.44921e-05
9.44922e-05
9.44923e-05
9.44924e-05
9.44925e-05
9.44926e-05
9.44927e-05
9.44928e-05
9.44929e-05
9.4493e-05
9.44931e-05
9.44931e-05
9.44932e-05
9.44932e-05
9.44933e-05
9.44933e-05
9.44934e-05
9.44934e-05
9.44934e-05
9.44935e-05
9.44935e-05
9.44935e-05
9.44935e-05
9.44935e-05
9.44935e-05
9.44935e-05
9.44935e-05
9.44934e-05
9.44934e-05
9.44934e-05
9.44934e-05
9.44933e-05
9.44933e-05
9.44932e-05
9.44932e-05
9.44932e-05
9.4491e-05
9.44911e-05
9.44911e-05
9.44911e-05
9.44911e-05
9.44911e-05
9.44911e-05
9.4491e-05
9.4491e-05
9.44909e-05
9.44909e-05
9.44908e-05
9.44907e-05
9.44906e-05
9.44906e-05
9.44905e-05
9.43257e-05
9.43259e-05
9.43261e-05
9.43263e-05
9.43264e-05
9.43266e-05
9.43267e-05
9.43269e-05
9.4327e-05
9.43271e-05
9.43273e-05
9.43274e-05
9.43275e-05
9.43276e-05
9.43277e-05
9.43278e-05
9.43278e-05
9.43279e-05
9.4328e-05
9.43281e-05
9.43281e-05
9.43282e-05
9.43283e-05
9.43283e-05
9.43284e-05
9.43284e-05
9.43284e-05
9.43285e-05
9.43285e-05
9.43285e-05
9.43286e-05
9.43286e-05
9.43286e-05
9.43286e-05
9.43286e-05
9.43286e-05
9.43286e-05
9.43286e-05
9.43285e-05
9.43285e-05
9.43285e-05
9.43285e-05
9.43284e-05
9.43284e-05
9.43284e-05
9.43264e-05
9.43264e-05
9.43264e-05
9.43264e-05
9.43264e-05
9.43263e-05
9.43263e-05
9.43262e-05
9.43262e-05
9.43261e-05
9.4326e-05
9.43259e-05
9.43259e-05
9.43258e-05
9.43257e-05
9.43256e-05
9.42544e-05
9.42546e-05
9.42547e-05
9.42549e-05
9.4255e-05
9.42552e-05
9.42553e-05
9.42555e-05
9.42556e-05
9.42557e-05
9.42558e-05
9.42559e-05
9.42561e-05
9.42562e-05
9.42563e-05
9.42563e-05
9.42564e-05
9.42565e-05
9.42566e-05
9.42567e-05
9.42567e-05
9.42568e-05
9.42569e-05
9.42569e-05
9.4257e-05
9.4257e-05
9.42571e-05
9.42571e-05
9.42571e-05
9.42572e-05
9.42572e-05
9.42572e-05
9.42573e-05
9.42573e-05
9.42573e-05
9.42573e-05
9.42573e-05
9.42573e-05
9.42573e-05
9.42573e-05
9.42573e-05
9.42573e-05
9.42573e-05
9.42572e-05
9.42572e-05
9.42553e-05
9.42552e-05
9.42552e-05
9.42552e-05
9.42551e-05
9.42551e-05
9.4255e-05
9.42549e-05
9.42549e-05
9.42548e-05
9.42547e-05
9.42546e-05
9.42545e-05
9.42544e-05
9.42543e-05
9.42542e-05
)
;

boundaryField
{
    bottomWall
    {
        type            fixedValue;
        value           nonuniform 0();
    }
    topWall
    {
        type            fixedValue;
        value           nonuniform 0();
    }
    sides1_half0
    {
        type            cyclic;
    }
    sides1_half1
    {
        type            cyclic;
    }
    sides2_half0
    {
        type            cyclic;
    }
    sides2_half1
    {
        type            cyclic;
    }
    inout1_half0
    {
        type            cyclic;
    }
    inout1_half1
    {
        type            cyclic;
    }
    inout2_half0
    {
        type            cyclic;
    }
    inout2_half1
    {
        type            cyclic;
    }
    procBoundary5to2
    {
        type            processor;
        value           nonuniform List<scalar> 
61
(
9.42819e-05
9.4282e-05
9.42822e-05
9.42824e-05
9.42825e-05
9.42827e-05
9.42828e-05
9.42829e-05
9.42831e-05
9.42832e-05
9.42833e-05
9.42834e-05
9.42835e-05
9.42836e-05
9.42837e-05
9.42838e-05
9.42839e-05
9.4284e-05
9.42841e-05
9.42842e-05
9.42842e-05
9.42843e-05
9.42844e-05
9.42844e-05
9.42845e-05
9.42846e-05
9.42846e-05
9.42847e-05
9.42847e-05
9.42848e-05
9.42848e-05
9.42848e-05
9.42849e-05
9.42849e-05
9.42849e-05
9.4285e-05
9.4285e-05
9.4285e-05
9.4285e-05
9.4285e-05
9.4285e-05
9.4285e-05
9.4285e-05
9.4285e-05
9.4285e-05
9.4283e-05
9.42829e-05
9.42829e-05
9.42828e-05
9.42827e-05
9.42827e-05
9.42826e-05
9.42825e-05
9.42824e-05
9.42823e-05
9.42822e-05
9.42821e-05
9.4282e-05
9.42819e-05
9.42818e-05
9.42817e-05
)
;
    }
    procBoundary5to3
    {
        type            processor;
        value           nonuniform List<scalar> 
61
(
0.000182008
0.000182008
0.000182007
0.000182007
0.000182006
0.000182006
0.000182006
0.000182006
0.000182006
0.000182006
0.000182006
0.000182006
0.000182006
0.000182007
0.000182007
0.000182008
0.000182008
0.000182009
0.000182009
0.00018201
0.00018201
0.000182011
0.000182011
0.000182012
0.000182012
0.000182013
0.000182014
0.000182014
0.000182015
0.000182015
0.000182016
0.000182016
0.000182017
0.000182018
0.000182018
0.000182018
0.000182019
0.000182019
0.00018202
0.00018202
0.000182021
0.000182021
0.000182021
0.000182022
0.000182022
0.000182009
0.000182008
0.000182008
0.000182008
0.000182008
0.000182008
0.000182007
0.000182007
0.000182007
0.000182007
0.000182008
0.000182008
0.000182008
0.000182008
0.000182008
0.000182008
)
;
    }
    procBoundary5to4
    {
        type            processor;
        value           nonuniform List<scalar> 
132
(
0.000181356
0.000181342
0.000180605
0.000180592
0.000179774
0.000179761
0.000178868
0.000178855
0.000177889
0.000177875
0.00017684
0.000176827
0.000175724
0.000175711
0.000174544
0.000174531
0.000173302
0.00017329
0.000172001
0.000171989
0.000170643
0.000170632
0.000169231
0.00016922
0.000167766
0.000167755
0.000166251
0.000166241
0.000164688
0.000164679
0.00016308
0.000163072
0.00016143
0.000161422
0.00015974
0.000159733
0.000158014
0.000158006
0.000156253
0.000156246
0.000154461
0.000154455
0.000152642
0.000152636
0.000150799
0.000150793
0.000148934
0.000148929
0.000147052
0.000147047
0.000145157
0.000145151
0.000143251
0.000143246
0.000141339
0.000141334
0.000139425
0.00013942
0.000137511
0.000137507
0.000135603
0.000135599
0.000133704
0.000133699
0.000131817
0.000131813
0.000129947
0.000129942
0.000128096
0.000128092
0.000126269
0.000126264
0.000124468
0.000124463
0.000122697
0.000122692
0.000120959
0.000120954
0.000119257
0.000119252
0.000117593
0.000117589
0.000115971
0.000115967
0.000114392
0.000114388
0.00011286
0.000112855
0.000111375
0.000111371
0.000109941
0.000109936
0.000108558
0.000108554
0.000107229
0.000107225
0.000105955
0.000105951
0.000104738
0.000104734
0.00010358
0.000103576
0.00010248
0.000102476
0.000101442
0.000101438
0.000100466
0.000100462
9.9553e-05
9.95494e-05
9.87054e-05
9.87019e-05
9.79243e-05
9.7921e-05
9.72116e-05
9.72084e-05
9.65689e-05
9.65658e-05
9.59985e-05
9.59956e-05
9.55028e-05
9.55e-05
9.50844e-05
9.50818e-05
9.47467e-05
9.47442e-05
9.44933e-05
9.4491e-05
9.43286e-05
9.43263e-05
9.42574e-05
9.42553e-05
)
;
    }
}


// ************************************************************************* //
