/*--------------------------------*- C++ -*----------------------------------*\
  =========                 |
  \\      /  F ield         | OpenFOAM: The Open Source CFD Toolbox
   \\    /   O peration     | Website:  https://openfoam.org
    \\  /    A nd           | Version:  7
     \\/     M anipulation  |
\*---------------------------------------------------------------------------*/
FoamFile
{
    version     2.0;
    format      ascii;
    class       volScalarField;
    location    "1000";
    object      nut;
}
// * * * * * * * * * * * * * * * * * * * * * * * * * * * * * * * * * * * * * //

dimensions      [0 2 -1 0 0 0 0];

internalField   nonuniform List<scalar> 
4000
(
7.7642e-12
7.76473e-12
7.76519e-12
7.76541e-12
7.76551e-12
7.76554e-12
7.76554e-12
7.76552e-12
7.7655e-12
7.76549e-12
7.76548e-12
7.7655e-12
7.76552e-12
7.76554e-12
7.76558e-12
7.76561e-12
7.76565e-12
7.76569e-12
7.76573e-12
7.76578e-12
7.76582e-12
7.76586e-12
7.7659e-12
7.76594e-12
7.76598e-12
7.76603e-12
7.76607e-12
7.76611e-12
7.76615e-12
7.76619e-12
7.76623e-12
7.76627e-12
7.76631e-12
7.76634e-12
7.76638e-12
7.76642e-12
7.76646e-12
7.7665e-12
7.76653e-12
7.76656e-12
7.76659e-12
7.76661e-12
7.7666e-12
7.7666e-12
7.76652e-12
7.76641e-12
7.76639e-12
7.76642e-12
7.76646e-12
7.76648e-12
7.76651e-12
7.76654e-12
7.76656e-12
7.76657e-12
7.76658e-12
7.76659e-12
7.76662e-12
7.76665e-12
7.76671e-12
7.76679e-12
7.7669e-12
7.76703e-12
7.76717e-12
7.76734e-12
7.76751e-12
7.76769e-12
7.76787e-12
7.76805e-12
7.76822e-12
7.76838e-12
7.76854e-12
7.76868e-12
7.7688e-12
7.76892e-12
7.76903e-12
7.76912e-12
7.7692e-12
7.76928e-12
7.76934e-12
7.7694e-12
7.76945e-12
7.76949e-12
7.76953e-12
7.76956e-12
7.76957e-12
7.76959e-12
7.76959e-12
7.76959e-12
7.76959e-12
7.76959e-12
7.76959e-12
7.76957e-12
7.76955e-12
7.7695e-12
7.76945e-12
7.76938e-12
7.76929e-12
7.76918e-12
7.76905e-12
7.7689e-12
7.76872e-12
7.76849e-12
7.76825e-12
7.76792e-12
7.76754e-12
7.76728e-12
7.76706e-12
7.76686e-12
7.76665e-12
7.76645e-12
7.76624e-12
7.76604e-12
7.76585e-12
7.76568e-12
7.76553e-12
7.7654e-12
7.76531e-12
7.76514e-12
7.76521e-12
7.7644e-12
1.3499e-09
1.35e-09
1.35008e-09
1.35012e-09
1.35014e-09
1.35014e-09
1.35014e-09
1.35014e-09
1.35013e-09
1.35013e-09
1.35013e-09
1.35013e-09
1.35014e-09
1.35014e-09
1.35015e-09
1.35015e-09
1.35016e-09
1.35017e-09
1.35017e-09
1.35018e-09
1.35019e-09
1.3502e-09
1.3502e-09
1.35021e-09
1.35022e-09
1.35022e-09
1.35023e-09
1.35024e-09
1.35025e-09
1.35025e-09
1.35026e-09
1.35027e-09
1.35027e-09
1.35028e-09
1.35029e-09
1.35029e-09
1.3503e-09
1.35031e-09
1.35031e-09
1.35032e-09
1.35032e-09
1.35033e-09
1.35032e-09
1.35032e-09
1.35031e-09
1.35029e-09
1.35029e-09
1.35029e-09
1.3503e-09
1.3503e-09
1.35031e-09
1.35031e-09
1.35032e-09
1.35032e-09
1.35032e-09
1.35032e-09
1.35033e-09
1.35033e-09
1.35034e-09
1.35036e-09
1.35038e-09
1.3504e-09
1.35042e-09
1.35045e-09
1.35048e-09
1.35051e-09
1.35055e-09
1.35058e-09
1.35061e-09
1.35063e-09
1.35066e-09
1.35069e-09
1.35071e-09
1.35073e-09
1.35075e-09
1.35076e-09
1.35078e-09
1.35079e-09
1.3508e-09
1.35081e-09
1.35082e-09
1.35083e-09
1.35083e-09
1.35084e-09
1.35084e-09
1.35084e-09
1.35084e-09
1.35084e-09
1.35084e-09
1.35084e-09
1.35084e-09
1.35084e-09
1.35084e-09
1.35083e-09
1.35082e-09
1.35081e-09
1.35079e-09
1.35077e-09
1.35075e-09
1.35072e-09
1.35069e-09
1.35065e-09
1.35061e-09
1.35055e-09
1.35049e-09
1.35044e-09
1.3504e-09
1.35037e-09
1.35033e-09
1.3503e-09
1.35026e-09
1.35023e-09
1.35019e-09
1.35016e-09
1.35014e-09
1.35012e-09
1.3501e-09
1.35007e-09
1.35008e-09
1.34994e-09
2.88283e-08
2.88302e-08
2.88319e-08
2.88327e-08
2.8833e-08
2.88331e-08
2.88331e-08
2.8833e-08
2.88329e-08
2.88329e-08
2.88328e-08
2.88329e-08
2.8833e-08
2.88331e-08
2.88332e-08
2.88333e-08
2.88335e-08
2.88336e-08
2.88338e-08
2.88339e-08
2.88341e-08
2.88343e-08
2.88344e-08
2.88346e-08
2.88347e-08
2.88349e-08
2.8835e-08
2.88352e-08
2.88353e-08
2.88355e-08
2.88356e-08
2.88358e-08
2.88359e-08
2.88361e-08
2.88362e-08
2.88364e-08
2.88365e-08
2.88366e-08
2.88368e-08
2.88369e-08
2.8837e-08
2.88371e-08
2.8837e-08
2.8837e-08
2.88368e-08
2.88363e-08
2.88363e-08
2.88364e-08
2.88365e-08
2.88366e-08
2.88367e-08
2.88368e-08
2.88369e-08
2.88369e-08
2.8837e-08
2.8837e-08
2.88371e-08
2.88372e-08
2.88374e-08
2.88377e-08
2.88381e-08
2.88386e-08
2.88392e-08
2.88398e-08
2.88404e-08
2.88411e-08
2.88417e-08
2.88424e-08
2.8843e-08
2.88436e-08
2.88442e-08
2.88447e-08
2.88452e-08
2.88456e-08
2.8846e-08
2.88463e-08
2.88466e-08
2.88469e-08
2.88471e-08
2.88473e-08
2.88475e-08
2.88477e-08
2.88478e-08
2.88479e-08
2.8848e-08
2.8848e-08
2.8848e-08
2.8848e-08
2.8848e-08
2.8848e-08
2.8848e-08
2.88479e-08
2.88478e-08
2.88477e-08
2.88475e-08
2.88472e-08
2.88469e-08
2.88465e-08
2.8846e-08
2.88454e-08
2.88448e-08
2.88439e-08
2.8843e-08
2.88418e-08
2.88404e-08
2.88395e-08
2.88387e-08
2.88379e-08
2.88372e-08
2.88364e-08
2.88356e-08
2.88349e-08
2.88342e-08
2.88336e-08
2.8833e-08
2.88325e-08
2.88322e-08
2.88316e-08
2.88318e-08
2.8829e-08
2.19749e-07
2.19764e-07
2.19778e-07
2.19784e-07
2.19786e-07
2.19786e-07
2.19786e-07
2.19785e-07
2.19785e-07
2.19784e-07
2.19784e-07
2.19785e-07
2.19785e-07
2.19786e-07
2.19787e-07
2.19788e-07
2.19789e-07
2.1979e-07
2.19792e-07
2.19793e-07
2.19794e-07
2.19795e-07
2.19796e-07
2.19798e-07
2.19799e-07
2.198e-07
2.19801e-07
2.19802e-07
2.19804e-07
2.19805e-07
2.19806e-07
2.19807e-07
2.19808e-07
2.19809e-07
2.1981e-07
2.19811e-07
2.19812e-07
2.19813e-07
2.19814e-07
2.19815e-07
2.19816e-07
2.19817e-07
2.19816e-07
2.19816e-07
2.19814e-07
2.19811e-07
2.19811e-07
2.19812e-07
2.19813e-07
2.19813e-07
2.19814e-07
2.19815e-07
2.19816e-07
2.19816e-07
2.19816e-07
2.19816e-07
2.19817e-07
2.19818e-07
2.1982e-07
2.19822e-07
2.19825e-07
2.19829e-07
2.19833e-07
2.19837e-07
2.19842e-07
2.19847e-07
2.19852e-07
2.19857e-07
2.19862e-07
2.19866e-07
2.1987e-07
2.19874e-07
2.19877e-07
2.19881e-07
2.19883e-07
2.19886e-07
2.19888e-07
2.1989e-07
2.19892e-07
2.19893e-07
2.19895e-07
2.19896e-07
2.19896e-07
2.19897e-07
2.19897e-07
2.19898e-07
2.19898e-07
2.19898e-07
2.19898e-07
2.19898e-07
2.19897e-07
2.19897e-07
2.19896e-07
2.19895e-07
2.19893e-07
2.19891e-07
2.19889e-07
2.19886e-07
2.19882e-07
2.19878e-07
2.19873e-07
2.19866e-07
2.19859e-07
2.19851e-07
2.1984e-07
2.19833e-07
2.19827e-07
2.19821e-07
2.19816e-07
2.1981e-07
2.19804e-07
2.19799e-07
2.19794e-07
2.19789e-07
2.19785e-07
2.19781e-07
2.19779e-07
2.19774e-07
2.19776e-07
2.19755e-07
9.2598e-07
9.26041e-07
9.26103e-07
9.26132e-07
9.26142e-07
9.26143e-07
9.26142e-07
9.26139e-07
9.26137e-07
9.26134e-07
9.26134e-07
9.26135e-07
9.26138e-07
9.26141e-07
9.26145e-07
9.2615e-07
9.26155e-07
9.2616e-07
9.26165e-07
9.2617e-07
9.26176e-07
9.26181e-07
9.26186e-07
9.26191e-07
9.26196e-07
9.26202e-07
9.26207e-07
9.26212e-07
9.26217e-07
9.26221e-07
9.26226e-07
9.26231e-07
9.26235e-07
9.2624e-07
9.26244e-07
9.26249e-07
9.26253e-07
9.26257e-07
9.26261e-07
9.26265e-07
9.26267e-07
9.2627e-07
9.26268e-07
9.26268e-07
9.2626e-07
9.26247e-07
9.26246e-07
9.2625e-07
9.26255e-07
9.26258e-07
9.26262e-07
9.26266e-07
9.26268e-07
9.26269e-07
9.2627e-07
9.26271e-07
9.26274e-07
9.26278e-07
9.26285e-07
9.26294e-07
9.26307e-07
9.26321e-07
9.26338e-07
9.26357e-07
9.26377e-07
9.26397e-07
9.26417e-07
9.26436e-07
9.26455e-07
9.26473e-07
9.26489e-07
9.26504e-07
9.26518e-07
9.2653e-07
9.26541e-07
9.26551e-07
9.26559e-07
9.26567e-07
9.26573e-07
9.26579e-07
9.26583e-07
9.26587e-07
9.2659e-07
9.26592e-07
9.26593e-07
9.26593e-07
9.26592e-07
9.26592e-07
9.26591e-07
9.26591e-07
9.2659e-07
9.26587e-07
9.26583e-07
9.26578e-07
9.26571e-07
9.26562e-07
9.26551e-07
9.26539e-07
9.26523e-07
9.26505e-07
9.26484e-07
9.26458e-07
9.2643e-07
9.26394e-07
9.26352e-07
9.26323e-07
9.263e-07
9.26279e-07
9.26256e-07
9.26234e-07
9.26211e-07
9.26188e-07
9.26167e-07
9.26148e-07
9.26132e-07
9.26118e-07
9.26107e-07
9.26089e-07
9.26095e-07
9.26013e-07
2.61581e-06
2.61596e-06
2.61614e-06
2.61624e-06
2.61628e-06
2.61629e-06
2.61629e-06
2.61629e-06
2.61628e-06
2.61627e-06
2.61627e-06
2.61627e-06
2.61628e-06
2.61629e-06
2.6163e-06
2.61632e-06
2.61633e-06
2.61634e-06
2.61636e-06
2.61637e-06
2.61639e-06
2.6164e-06
2.61642e-06
2.61643e-06
2.61645e-06
2.61646e-06
2.61648e-06
2.61649e-06
2.61651e-06
2.61652e-06
2.61653e-06
2.61655e-06
2.61656e-06
2.61657e-06
2.61659e-06
2.6166e-06
2.61661e-06
2.61662e-06
2.61663e-06
2.61664e-06
2.61665e-06
2.61665e-06
2.61665e-06
2.61665e-06
2.61663e-06
2.61659e-06
2.61659e-06
2.6166e-06
2.61662e-06
2.61663e-06
2.61664e-06
2.61665e-06
2.61665e-06
2.61666e-06
2.61666e-06
2.61666e-06
2.61667e-06
2.61668e-06
2.6167e-06
2.61673e-06
2.61676e-06
2.6168e-06
2.61685e-06
2.6169e-06
2.61695e-06
2.617e-06
2.61706e-06
2.61711e-06
2.61716e-06
2.6172e-06
2.61725e-06
2.61728e-06
2.61732e-06
2.61735e-06
2.61738e-06
2.6174e-06
2.61742e-06
2.61744e-06
2.61745e-06
2.61747e-06
2.61748e-06
2.61748e-06
2.61749e-06
2.61749e-06
2.61749e-06
2.61749e-06
2.61749e-06
2.61748e-06
2.61748e-06
2.61748e-06
2.61747e-06
2.61747e-06
2.61745e-06
2.61744e-06
2.61742e-06
2.61739e-06
2.61736e-06
2.61732e-06
2.61728e-06
2.61723e-06
2.61718e-06
2.6171e-06
2.61703e-06
2.61693e-06
2.61682e-06
2.61674e-06
2.61669e-06
2.61663e-06
2.61657e-06
2.61652e-06
2.61646e-06
2.6164e-06
2.61634e-06
2.61629e-06
2.61625e-06
2.61622e-06
2.61619e-06
2.61614e-06
2.61616e-06
2.61596e-06
5.56148e-06
5.56167e-06
5.56204e-06
5.56229e-06
5.56242e-06
5.56247e-06
5.56249e-06
5.56249e-06
5.56248e-06
5.56248e-06
5.56247e-06
5.56248e-06
5.5625e-06
5.56252e-06
5.56254e-06
5.56257e-06
5.5626e-06
5.56263e-06
5.56266e-06
5.56269e-06
5.56272e-06
5.56276e-06
5.56279e-06
5.56282e-06
5.56285e-06
5.56288e-06
5.56292e-06
5.56295e-06
5.56298e-06
5.56301e-06
5.56304e-06
5.56306e-06
5.56309e-06
5.56312e-06
5.56314e-06
5.56317e-06
5.56319e-06
5.56322e-06
5.56324e-06
5.56326e-06
5.56327e-06
5.56329e-06
5.56328e-06
5.56328e-06
5.56324e-06
5.56317e-06
5.56316e-06
5.56318e-06
5.56321e-06
5.56323e-06
5.56326e-06
5.56328e-06
5.5633e-06
5.56331e-06
5.56331e-06
5.56332e-06
5.56334e-06
5.56337e-06
5.5634e-06
5.56346e-06
5.56353e-06
5.56361e-06
5.5637e-06
5.5638e-06
5.5639e-06
5.564e-06
5.56411e-06
5.56421e-06
5.5643e-06
5.56439e-06
5.56447e-06
5.56455e-06
5.56461e-06
5.56467e-06
5.56472e-06
5.56476e-06
5.5648e-06
5.56483e-06
5.56486e-06
5.56488e-06
5.56489e-06
5.5649e-06
5.56491e-06
5.56491e-06
5.56491e-06
5.5649e-06
5.56489e-06
5.56487e-06
5.56486e-06
5.56485e-06
5.56484e-06
5.56482e-06
5.56479e-06
5.56475e-06
5.56471e-06
5.56465e-06
5.56459e-06
5.56451e-06
5.56443e-06
5.56432e-06
5.56421e-06
5.56407e-06
5.56392e-06
5.56373e-06
5.5635e-06
5.56335e-06
5.56323e-06
5.56312e-06
5.56302e-06
5.56291e-06
5.5628e-06
5.56269e-06
5.56258e-06
5.56249e-06
5.56241e-06
5.56234e-06
5.56229e-06
5.56221e-06
5.56222e-06
5.5619e-06
9.70013e-06
9.70027e-06
9.70082e-06
9.70127e-06
9.70156e-06
9.70171e-06
9.70179e-06
9.70182e-06
9.70184e-06
9.70184e-06
9.70185e-06
9.70186e-06
9.70189e-06
9.70193e-06
9.70197e-06
9.70201e-06
9.70206e-06
9.70211e-06
9.70217e-06
9.70223e-06
9.70228e-06
9.70234e-06
9.7024e-06
9.70246e-06
9.70251e-06
9.70257e-06
9.70263e-06
9.70268e-06
9.70274e-06
9.70279e-06
9.70284e-06
9.70289e-06
9.70294e-06
9.70298e-06
9.70303e-06
9.70307e-06
9.70312e-06
9.70316e-06
9.7032e-06
9.70323e-06
9.70326e-06
9.70328e-06
9.70328e-06
9.70327e-06
9.70321e-06
9.70311e-06
9.70308e-06
9.7031e-06
9.70315e-06
9.7032e-06
9.70324e-06
9.70328e-06
9.70331e-06
9.70333e-06
9.70335e-06
9.70337e-06
9.7034e-06
9.70345e-06
9.70352e-06
9.70361e-06
9.70372e-06
9.70385e-06
9.704e-06
9.70416e-06
9.70433e-06
9.7045e-06
9.70467e-06
9.70483e-06
9.70498e-06
9.70512e-06
9.70525e-06
9.70537e-06
9.70547e-06
9.70556e-06
9.70563e-06
9.7057e-06
9.70575e-06
9.7058e-06
9.70583e-06
9.70585e-06
9.70587e-06
9.70588e-06
9.70588e-06
9.70588e-06
9.70586e-06
9.70584e-06
9.70581e-06
9.70578e-06
9.70575e-06
9.70572e-06
9.7057e-06
9.70566e-06
9.70561e-06
9.70554e-06
9.70546e-06
9.70537e-06
9.70526e-06
9.70513e-06
9.70498e-06
9.7048e-06
9.70461e-06
9.70438e-06
9.70413e-06
9.70383e-06
9.70346e-06
9.70319e-06
9.70299e-06
9.70283e-06
9.70266e-06
9.70249e-06
9.70232e-06
9.70215e-06
9.70199e-06
9.70185e-06
9.70172e-06
9.70162e-06
9.70154e-06
9.70142e-06
9.70143e-06
9.70103e-06
1.47896e-05
1.47896e-05
1.47902e-05
1.47909e-05
1.47914e-05
1.47917e-05
1.47919e-05
1.4792e-05
1.4792e-05
1.47921e-05
1.47921e-05
1.47922e-05
1.47922e-05
1.47923e-05
1.47923e-05
1.47924e-05
1.47925e-05
1.47926e-05
1.47926e-05
1.47927e-05
1.47928e-05
1.47929e-05
1.4793e-05
1.47931e-05
1.47932e-05
1.47933e-05
1.47933e-05
1.47934e-05
1.47935e-05
1.47936e-05
1.47937e-05
1.47938e-05
1.47938e-05
1.47939e-05
1.4794e-05
1.4794e-05
1.47941e-05
1.47942e-05
1.47942e-05
1.47943e-05
1.47943e-05
1.47944e-05
1.47944e-05
1.47944e-05
1.47943e-05
1.47942e-05
1.47941e-05
1.47941e-05
1.47942e-05
1.47942e-05
1.47943e-05
1.47944e-05
1.47944e-05
1.47945e-05
1.47945e-05
1.47945e-05
1.47946e-05
1.47947e-05
1.47948e-05
1.47949e-05
1.47951e-05
1.47953e-05
1.47955e-05
1.47957e-05
1.4796e-05
1.47962e-05
1.47965e-05
1.47967e-05
1.47969e-05
1.47971e-05
1.47973e-05
1.47974e-05
1.47976e-05
1.47977e-05
1.47978e-05
1.47979e-05
1.4798e-05
1.4798e-05
1.47981e-05
1.47981e-05
1.47981e-05
1.47981e-05
1.47981e-05
1.47981e-05
1.4798e-05
1.4798e-05
1.47979e-05
1.47979e-05
1.47978e-05
1.47978e-05
1.47977e-05
1.47977e-05
1.47976e-05
1.47975e-05
1.47973e-05
1.47972e-05
1.4797e-05
1.47968e-05
1.47966e-05
1.47963e-05
1.47961e-05
1.47957e-05
1.47954e-05
1.47949e-05
1.47944e-05
1.4794e-05
1.47937e-05
1.47935e-05
1.47932e-05
1.4793e-05
1.47928e-05
1.47925e-05
1.47923e-05
1.47921e-05
1.4792e-05
1.47918e-05
1.47917e-05
1.47916e-05
1.47916e-05
1.47912e-05
2.05801e-05
2.05798e-05
2.05804e-05
2.05812e-05
2.05819e-05
2.05824e-05
2.05828e-05
2.0583e-05
2.05832e-05
2.05833e-05
2.05834e-05
2.05834e-05
2.05835e-05
2.05836e-05
2.05837e-05
2.05838e-05
2.05839e-05
2.05841e-05
2.05842e-05
2.05843e-05
2.05844e-05
2.05845e-05
2.05847e-05
2.05848e-05
2.05849e-05
2.0585e-05
2.05852e-05
2.05853e-05
2.05854e-05
2.05855e-05
2.05857e-05
2.05858e-05
2.05859e-05
2.0586e-05
2.05861e-05
2.05862e-05
2.05863e-05
2.05864e-05
2.05865e-05
2.05865e-05
2.05866e-05
2.05867e-05
2.05867e-05
2.05867e-05
2.05866e-05
2.05864e-05
2.05864e-05
2.05864e-05
2.05864e-05
2.05865e-05
2.05866e-05
2.05867e-05
2.05868e-05
2.05868e-05
2.05869e-05
2.0587e-05
2.05871e-05
2.05872e-05
2.05873e-05
2.05875e-05
2.05878e-05
2.0588e-05
2.05883e-05
2.05886e-05
2.05889e-05
2.05893e-05
2.05896e-05
2.05899e-05
2.05901e-05
2.05904e-05
2.05906e-05
2.05908e-05
2.0591e-05
2.05912e-05
2.05913e-05
2.05914e-05
2.05915e-05
2.05916e-05
2.05916e-05
2.05916e-05
2.05916e-05
2.05916e-05
2.05916e-05
2.05916e-05
2.05915e-05
2.05914e-05
2.05914e-05
2.05913e-05
2.05912e-05
2.05911e-05
2.0591e-05
2.05909e-05
2.05908e-05
2.05906e-05
2.05905e-05
2.05902e-05
2.059e-05
2.05897e-05
2.05894e-05
2.05891e-05
2.05887e-05
2.05882e-05
2.05877e-05
2.05872e-05
2.05865e-05
2.05859e-05
2.05855e-05
2.05852e-05
2.05848e-05
2.05845e-05
2.05843e-05
2.0584e-05
2.05837e-05
2.05835e-05
2.05833e-05
2.05831e-05
2.0583e-05
2.05828e-05
2.05828e-05
2.05825e-05
2.68752e-05
2.68745e-05
2.6875e-05
2.68759e-05
2.68768e-05
2.68775e-05
2.6878e-05
2.68784e-05
2.68788e-05
2.6879e-05
2.68791e-05
2.68793e-05
2.68794e-05
2.68796e-05
2.68797e-05
2.68799e-05
2.688e-05
2.68802e-05
2.68803e-05
2.68805e-05
2.68807e-05
2.68808e-05
2.6881e-05
2.68812e-05
2.68813e-05
2.68815e-05
2.68817e-05
2.68818e-05
2.6882e-05
2.68822e-05
2.68823e-05
2.68825e-05
2.68826e-05
2.68828e-05
2.68829e-05
2.68831e-05
2.68832e-05
2.68833e-05
2.68834e-05
2.68835e-05
2.68836e-05
2.68837e-05
2.68838e-05
2.68838e-05
2.68837e-05
2.68835e-05
2.68834e-05
2.68834e-05
2.68835e-05
2.68836e-05
2.68837e-05
2.68838e-05
2.68839e-05
2.6884e-05
2.68841e-05
2.68842e-05
2.68843e-05
2.68845e-05
2.68847e-05
2.6885e-05
2.68853e-05
2.68857e-05
2.6886e-05
2.68864e-05
2.68868e-05
2.68872e-05
2.68876e-05
2.68879e-05
2.68883e-05
2.68886e-05
2.68889e-05
2.68891e-05
2.68893e-05
2.68895e-05
2.68897e-05
2.68898e-05
2.68899e-05
2.689e-05
2.689e-05
2.689e-05
2.689e-05
2.689e-05
2.689e-05
2.68899e-05
2.68898e-05
2.68897e-05
2.68896e-05
2.68895e-05
2.68893e-05
2.68892e-05
2.68891e-05
2.68889e-05
2.68888e-05
2.68885e-05
2.68883e-05
2.6888e-05
2.68877e-05
2.68873e-05
2.68869e-05
2.68864e-05
2.68859e-05
2.68854e-05
2.68848e-05
2.68841e-05
2.68832e-05
2.68825e-05
2.68819e-05
2.68815e-05
2.68811e-05
2.68807e-05
2.68804e-05
2.688e-05
2.68797e-05
2.68794e-05
2.68792e-05
2.6879e-05
2.68789e-05
2.68787e-05
2.68786e-05
2.68785e-05
3.35318e-05
3.35307e-05
3.35311e-05
3.3532e-05
3.35329e-05
3.35338e-05
3.35345e-05
3.35352e-05
3.35356e-05
3.3536e-05
3.35363e-05
3.35365e-05
3.35367e-05
3.35369e-05
3.35371e-05
3.35373e-05
3.35375e-05
3.35378e-05
3.3538e-05
3.35382e-05
3.35384e-05
3.35386e-05
3.35388e-05
3.3539e-05
3.35393e-05
3.35395e-05
3.35397e-05
3.35399e-05
3.35401e-05
3.35403e-05
3.35405e-05
3.35407e-05
3.35409e-05
3.35411e-05
3.35413e-05
3.35415e-05
3.35417e-05
3.35418e-05
3.3542e-05
3.35421e-05
3.35423e-05
3.35424e-05
3.35424e-05
3.35425e-05
3.35424e-05
3.35422e-05
3.35421e-05
3.35421e-05
3.35421e-05
3.35422e-05
3.35423e-05
3.35425e-05
3.35426e-05
3.35427e-05
3.35429e-05
3.35431e-05
3.35433e-05
3.35435e-05
3.35438e-05
3.35442e-05
3.35446e-05
3.3545e-05
3.35455e-05
3.3546e-05
3.35464e-05
3.35469e-05
3.35473e-05
3.35478e-05
3.35482e-05
3.35485e-05
3.35488e-05
3.35491e-05
3.35494e-05
3.35496e-05
3.35498e-05
3.35499e-05
3.355e-05
3.35501e-05
3.35501e-05
3.35501e-05
3.35501e-05
3.35501e-05
3.355e-05
3.35499e-05
3.35498e-05
3.35497e-05
3.35495e-05
3.35493e-05
3.35491e-05
3.35489e-05
3.35488e-05
3.35486e-05
3.35483e-05
3.35481e-05
3.35477e-05
3.35474e-05
3.3547e-05
3.35465e-05
3.35459e-05
3.35454e-05
3.35447e-05
3.3544e-05
3.35433e-05
3.35425e-05
3.35415e-05
3.35406e-05
3.35399e-05
3.35393e-05
3.35388e-05
3.35383e-05
3.35379e-05
3.35375e-05
3.35372e-05
3.35369e-05
3.35366e-05
3.35364e-05
3.35363e-05
3.35361e-05
3.3536e-05
3.35362e-05
4.0446e-05
4.04446e-05
4.04448e-05
4.04457e-05
4.04467e-05
4.04477e-05
4.04486e-05
4.04494e-05
4.045e-05
4.04505e-05
4.04509e-05
4.04513e-05
4.04516e-05
4.04519e-05
4.04522e-05
4.04525e-05
4.04528e-05
4.0453e-05
4.04533e-05
4.04536e-05
4.04538e-05
4.04541e-05
4.04544e-05
4.04546e-05
4.04549e-05
4.04552e-05
4.04555e-05
4.04557e-05
4.0456e-05
4.04563e-05
4.04565e-05
4.04568e-05
4.0457e-05
4.04572e-05
4.04575e-05
4.04577e-05
4.04579e-05
4.04581e-05
4.04583e-05
4.04585e-05
4.04587e-05
4.04588e-05
4.04589e-05
4.0459e-05
4.0459e-05
4.04588e-05
4.04587e-05
4.04586e-05
4.04587e-05
4.04588e-05
4.04589e-05
4.0459e-05
4.04592e-05
4.04594e-05
4.04596e-05
4.04598e-05
4.04601e-05
4.04605e-05
4.04609e-05
4.04614e-05
4.04619e-05
4.04624e-05
4.04629e-05
4.04635e-05
4.0464e-05
4.04646e-05
4.04651e-05
4.04656e-05
4.0466e-05
4.04664e-05
4.04668e-05
4.04671e-05
4.04673e-05
4.04676e-05
4.04677e-05
4.04679e-05
4.0468e-05
4.04681e-05
4.04681e-05
4.04681e-05
4.04681e-05
4.0468e-05
4.04679e-05
4.04678e-05
4.04676e-05
4.04675e-05
4.04672e-05
4.0467e-05
4.04668e-05
4.04665e-05
4.04663e-05
4.0466e-05
4.04657e-05
4.04654e-05
4.0465e-05
4.04645e-05
4.0464e-05
4.04634e-05
4.04627e-05
4.0462e-05
4.04612e-05
4.04604e-05
4.04595e-05
4.04585e-05
4.04574e-05
4.04564e-05
4.04555e-05
4.04548e-05
4.04542e-05
4.04537e-05
4.04532e-05
4.04527e-05
4.04523e-05
4.0452e-05
4.04517e-05
4.04515e-05
4.04514e-05
4.04513e-05
4.04511e-05
4.04516e-05
4.75413e-05
4.75396e-05
4.75397e-05
4.75404e-05
4.75415e-05
4.75425e-05
4.75436e-05
4.75445e-05
4.75453e-05
4.7546e-05
4.75466e-05
4.75471e-05
4.75475e-05
4.75479e-05
4.75483e-05
4.75487e-05
4.7549e-05
4.75493e-05
4.75497e-05
4.755e-05
4.75504e-05
4.75507e-05
4.7551e-05
4.75513e-05
4.75517e-05
4.7552e-05
4.75523e-05
4.75527e-05
4.7553e-05
4.75533e-05
4.75536e-05
4.75539e-05
4.75542e-05
4.75545e-05
4.75548e-05
4.75551e-05
4.75553e-05
4.75556e-05
4.75558e-05
4.75561e-05
4.75563e-05
4.75565e-05
4.75566e-05
4.75568e-05
4.75568e-05
4.75566e-05
4.75565e-05
4.75564e-05
4.75565e-05
4.75566e-05
4.75567e-05
4.75568e-05
4.7557e-05
4.75573e-05
4.75576e-05
4.75579e-05
4.75583e-05
4.75588e-05
4.75593e-05
4.75599e-05
4.75605e-05
4.75611e-05
4.75617e-05
4.75624e-05
4.7563e-05
4.75636e-05
4.75641e-05
4.75647e-05
4.75651e-05
4.75656e-05
4.75659e-05
4.75663e-05
4.75666e-05
4.75668e-05
4.7567e-05
4.75671e-05
4.75672e-05
4.75673e-05
4.75673e-05
4.75673e-05
4.75672e-05
4.75671e-05
4.7567e-05
4.75668e-05
4.75666e-05
4.75664e-05
4.75662e-05
4.75659e-05
4.75656e-05
4.75652e-05
4.75649e-05
4.75646e-05
4.75642e-05
4.75638e-05
4.75633e-05
4.75627e-05
4.7562e-05
4.75613e-05
4.75605e-05
4.75596e-05
4.75587e-05
4.75577e-05
4.75567e-05
4.75556e-05
4.75544e-05
4.75532e-05
4.75522e-05
4.75514e-05
4.75507e-05
4.755e-05
4.75495e-05
4.7549e-05
4.75486e-05
4.75482e-05
4.75479e-05
4.75477e-05
4.75476e-05
4.75475e-05
4.75473e-05
4.75482e-05
5.47598e-05
5.47577e-05
5.47577e-05
5.47584e-05
5.47595e-05
5.47606e-05
5.47617e-05
5.47628e-05
5.47638e-05
5.47646e-05
5.47653e-05
5.47659e-05
5.47665e-05
5.4767e-05
5.47675e-05
5.4768e-05
5.47684e-05
5.47689e-05
5.47693e-05
5.47697e-05
5.47701e-05
5.47705e-05
5.47709e-05
5.47713e-05
5.47717e-05
5.47721e-05
5.47725e-05
5.47729e-05
5.47733e-05
5.47736e-05
5.4774e-05
5.47744e-05
5.47747e-05
5.47751e-05
5.47754e-05
5.47757e-05
5.47761e-05
5.47764e-05
5.47767e-05
5.47769e-05
5.47772e-05
5.47775e-05
5.47776e-05
5.47778e-05
5.47778e-05
5.47777e-05
5.47776e-05
5.47776e-05
5.47776e-05
5.47777e-05
5.47778e-05
5.4778e-05
5.47783e-05
5.47786e-05
5.4779e-05
5.47794e-05
5.47799e-05
5.47805e-05
5.47812e-05
5.47819e-05
5.47826e-05
5.47833e-05
5.4784e-05
5.47847e-05
5.47854e-05
5.4786e-05
5.47866e-05
5.47872e-05
5.47877e-05
5.47881e-05
5.47885e-05
5.47889e-05
5.47891e-05
5.47894e-05
5.47895e-05
5.47897e-05
5.47898e-05
5.47898e-05
5.47898e-05
5.47897e-05
5.47896e-05
5.47895e-05
5.47894e-05
5.47892e-05
5.47889e-05
5.47886e-05
5.47883e-05
5.4788e-05
5.47876e-05
5.47872e-05
5.47868e-05
5.47864e-05
5.47859e-05
5.47854e-05
5.47847e-05
5.4784e-05
5.47832e-05
5.47823e-05
5.47813e-05
5.47803e-05
5.47793e-05
5.47782e-05
5.4777e-05
5.47758e-05
5.47744e-05
5.47731e-05
5.4772e-05
5.47711e-05
5.47703e-05
5.47696e-05
5.4769e-05
5.47684e-05
5.4768e-05
5.47676e-05
5.47673e-05
5.47672e-05
5.47671e-05
5.4767e-05
5.47668e-05
5.47681e-05
6.2057e-05
6.20546e-05
6.20545e-05
6.20552e-05
6.20562e-05
6.20574e-05
6.20586e-05
6.20597e-05
6.20608e-05
6.20618e-05
6.20627e-05
6.20634e-05
6.20641e-05
6.20648e-05
6.20654e-05
6.2066e-05
6.20665e-05
6.20671e-05
6.20676e-05
6.2068e-05
6.20685e-05
6.2069e-05
6.20695e-05
6.20699e-05
6.20704e-05
6.20709e-05
6.20713e-05
6.20718e-05
6.20722e-05
6.20727e-05
6.20731e-05
6.20735e-05
6.2074e-05
6.20744e-05
6.20748e-05
6.20751e-05
6.20755e-05
6.20759e-05
6.20762e-05
6.20766e-05
6.20769e-05
6.20772e-05
6.20774e-05
6.20776e-05
6.20777e-05
6.20776e-05
6.20775e-05
6.20775e-05
6.20776e-05
6.20777e-05
6.20778e-05
6.2078e-05
6.20784e-05
6.20787e-05
6.20792e-05
6.20798e-05
6.20805e-05
6.20812e-05
6.2082e-05
6.20828e-05
6.20836e-05
6.20845e-05
6.20853e-05
6.2086e-05
6.20867e-05
6.20874e-05
6.2088e-05
6.20886e-05
6.20891e-05
6.20895e-05
6.20899e-05
6.20903e-05
6.20905e-05
6.20907e-05
6.20909e-05
6.2091e-05
6.2091e-05
6.2091e-05
6.2091e-05
6.20909e-05
6.20908e-05
6.20906e-05
6.20904e-05
6.20901e-05
6.20898e-05
6.20895e-05
6.20891e-05
6.20887e-05
6.20883e-05
6.20878e-05
6.20873e-05
6.20868e-05
6.20862e-05
6.20855e-05
6.20847e-05
6.20839e-05
6.20829e-05
6.20818e-05
6.20807e-05
6.20795e-05
6.20784e-05
6.20771e-05
6.20759e-05
6.20745e-05
6.2073e-05
6.20716e-05
6.20704e-05
6.20693e-05
6.20684e-05
6.20677e-05
6.2067e-05
6.20665e-05
6.2066e-05
6.20656e-05
6.20654e-05
6.20652e-05
6.20652e-05
6.20652e-05
6.2065e-05
6.20667e-05
6.9398e-05
6.93953e-05
6.93952e-05
6.93959e-05
6.93969e-05
6.93981e-05
6.93994e-05
6.94007e-05
6.94019e-05
6.9403e-05
6.9404e-05
6.94049e-05
6.94057e-05
6.94065e-05
6.94072e-05
6.94079e-05
6.94086e-05
6.94092e-05
6.94098e-05
6.94104e-05
6.94109e-05
6.94115e-05
6.9412e-05
6.94126e-05
6.94131e-05
6.94137e-05
6.94142e-05
6.94147e-05
6.94152e-05
6.94157e-05
6.94162e-05
6.94167e-05
6.94172e-05
6.94177e-05
6.94181e-05
6.94186e-05
6.9419e-05
6.94194e-05
6.94198e-05
6.94202e-05
6.94206e-05
6.9421e-05
6.94212e-05
6.94215e-05
6.94216e-05
6.94216e-05
6.94215e-05
6.94215e-05
6.94216e-05
6.94217e-05
6.94219e-05
6.94222e-05
6.94226e-05
6.94231e-05
6.94237e-05
6.94244e-05
6.94252e-05
6.94261e-05
6.94271e-05
6.9428e-05
6.94289e-05
6.94298e-05
6.94307e-05
6.94315e-05
6.94322e-05
6.94329e-05
6.94335e-05
6.94341e-05
6.94346e-05
6.9435e-05
6.94354e-05
6.94356e-05
6.94359e-05
6.9436e-05
6.94361e-05
6.94362e-05
6.94362e-05
6.94362e-05
6.94361e-05
6.94359e-05
6.94358e-05
6.94355e-05
6.94353e-05
6.9435e-05
6.94346e-05
6.94342e-05
6.94338e-05
6.94333e-05
6.94327e-05
6.94322e-05
6.94316e-05
6.9431e-05
6.94303e-05
6.94294e-05
6.94285e-05
6.94274e-05
6.94263e-05
6.9425e-05
6.94238e-05
6.94224e-05
6.94211e-05
6.94197e-05
6.94184e-05
6.94169e-05
6.94153e-05
6.94138e-05
6.94125e-05
6.94114e-05
6.94104e-05
6.94096e-05
6.94089e-05
6.94083e-05
6.94079e-05
6.94076e-05
6.94073e-05
6.94072e-05
6.94072e-05
6.94074e-05
6.94071e-05
6.94093e-05
7.67558e-05
7.67528e-05
7.67526e-05
7.67534e-05
7.67544e-05
7.67557e-05
7.6757e-05
7.67583e-05
7.67597e-05
7.67609e-05
7.6762e-05
7.6763e-05
7.6764e-05
7.67649e-05
7.67658e-05
7.67666e-05
7.67674e-05
7.67681e-05
7.67688e-05
7.67694e-05
7.67701e-05
7.67708e-05
7.67714e-05
7.6772e-05
7.67726e-05
7.67732e-05
7.67738e-05
7.67744e-05
7.6775e-05
7.67756e-05
7.67762e-05
7.67767e-05
7.67773e-05
7.67778e-05
7.67783e-05
7.67788e-05
7.67793e-05
7.67798e-05
7.67802e-05
7.67807e-05
7.67811e-05
7.67815e-05
7.67819e-05
7.67822e-05
7.67824e-05
7.67823e-05
7.67823e-05
7.67823e-05
7.67824e-05
7.67826e-05
7.67828e-05
7.67832e-05
7.67837e-05
7.67843e-05
7.67851e-05
7.6786e-05
7.6787e-05
7.6788e-05
7.67891e-05
7.67901e-05
7.67911e-05
7.67921e-05
7.6793e-05
7.67938e-05
7.67945e-05
7.67952e-05
7.67958e-05
7.67964e-05
7.67968e-05
7.67972e-05
7.67975e-05
7.67977e-05
7.67979e-05
7.6798e-05
7.67981e-05
7.67981e-05
7.6798e-05
7.67979e-05
7.67977e-05
7.67975e-05
7.67973e-05
7.6797e-05
7.67967e-05
7.67963e-05
7.67959e-05
7.67954e-05
7.67949e-05
7.67943e-05
7.67937e-05
7.67931e-05
7.67924e-05
7.67916e-05
7.67907e-05
7.67897e-05
7.67886e-05
7.67874e-05
7.6786e-05
7.67846e-05
7.67832e-05
7.67817e-05
7.67802e-05
7.67787e-05
7.67773e-05
7.67758e-05
7.67741e-05
7.67725e-05
7.67711e-05
7.67699e-05
7.67689e-05
7.67681e-05
7.67674e-05
7.67668e-05
7.67664e-05
7.67661e-05
7.67659e-05
7.67659e-05
7.67659e-05
7.67662e-05
7.67659e-05
7.67686e-05
8.41089e-05
8.41056e-05
8.41055e-05
8.41063e-05
8.41074e-05
8.41087e-05
8.41101e-05
8.41115e-05
8.41129e-05
8.41142e-05
8.41155e-05
8.41166e-05
8.41177e-05
8.41188e-05
8.41198e-05
8.41207e-05
8.41216e-05
8.41224e-05
8.41232e-05
8.4124e-05
8.41247e-05
8.41255e-05
8.41262e-05
8.41269e-05
8.41276e-05
8.41282e-05
8.41289e-05
8.41296e-05
8.41302e-05
8.41309e-05
8.41315e-05
8.41321e-05
8.41328e-05
8.41333e-05
8.41339e-05
8.41345e-05
8.4135e-05
8.41356e-05
8.41361e-05
8.41366e-05
8.41371e-05
8.41375e-05
8.41379e-05
8.41383e-05
8.41386e-05
8.41386e-05
8.41386e-05
8.41386e-05
8.41388e-05
8.4139e-05
8.41393e-05
8.41397e-05
8.41403e-05
8.41412e-05
8.41421e-05
8.41432e-05
8.41444e-05
8.41455e-05
8.41467e-05
8.41478e-05
8.41489e-05
8.41499e-05
8.41508e-05
8.41516e-05
8.41523e-05
8.4153e-05
8.41535e-05
8.4154e-05
8.41544e-05
8.41547e-05
8.41549e-05
8.41551e-05
8.41552e-05
8.41552e-05
8.41552e-05
8.41551e-05
8.41549e-05
8.41548e-05
8.41545e-05
8.41543e-05
8.4154e-05
8.41536e-05
8.41532e-05
8.41527e-05
8.41523e-05
8.41517e-05
8.41511e-05
8.41504e-05
8.41497e-05
8.4149e-05
8.41482e-05
8.41473e-05
8.41462e-05
8.4145e-05
8.41437e-05
8.41422e-05
8.41407e-05
8.41391e-05
8.41375e-05
8.41359e-05
8.41343e-05
8.41327e-05
8.41312e-05
8.41296e-05
8.41279e-05
8.41262e-05
8.41248e-05
8.41236e-05
8.41226e-05
8.41217e-05
8.41211e-05
8.41205e-05
8.41201e-05
8.41199e-05
8.41198e-05
8.41198e-05
8.412e-05
8.41203e-05
8.41201e-05
8.41232e-05
9.14409e-05
9.14374e-05
9.14373e-05
9.14381e-05
9.14394e-05
9.14407e-05
9.14422e-05
9.14437e-05
9.14452e-05
9.14466e-05
9.14479e-05
9.14492e-05
9.14504e-05
9.14516e-05
9.14527e-05
9.14537e-05
9.14547e-05
9.14557e-05
9.14566e-05
9.14575e-05
9.14583e-05
9.14591e-05
9.14599e-05
9.14607e-05
9.14615e-05
9.14622e-05
9.1463e-05
9.14637e-05
9.14645e-05
9.14652e-05
9.14659e-05
9.14666e-05
9.14672e-05
9.14679e-05
9.14685e-05
9.14692e-05
9.14698e-05
9.14704e-05
9.14709e-05
9.14715e-05
9.1472e-05
9.14726e-05
9.1473e-05
9.14734e-05
9.14738e-05
9.14738e-05
9.14738e-05
9.14739e-05
9.14741e-05
9.14744e-05
9.14747e-05
9.14753e-05
9.14761e-05
9.14771e-05
9.14783e-05
9.14796e-05
9.14809e-05
9.14822e-05
9.14834e-05
9.14846e-05
9.14856e-05
9.14866e-05
9.14875e-05
9.14882e-05
9.14889e-05
9.14895e-05
9.149e-05
9.14903e-05
9.14906e-05
9.14909e-05
9.1491e-05
9.14911e-05
9.14911e-05
9.1491e-05
9.14909e-05
9.14907e-05
9.14904e-05
9.14902e-05
9.14899e-05
9.14895e-05
9.14891e-05
9.14886e-05
9.14882e-05
9.14876e-05
9.1487e-05
9.14864e-05
9.14857e-05
9.1485e-05
9.14842e-05
9.14833e-05
9.14823e-05
9.14813e-05
9.148e-05
9.14786e-05
9.14771e-05
9.14754e-05
9.14737e-05
9.1472e-05
9.14702e-05
9.14685e-05
9.14668e-05
9.14652e-05
9.14636e-05
9.1462e-05
9.14602e-05
9.14585e-05
9.14571e-05
9.14559e-05
9.14549e-05
9.14541e-05
9.14534e-05
9.1453e-05
9.14526e-05
9.14525e-05
9.14525e-05
9.14526e-05
9.14528e-05
9.14533e-05
9.14531e-05
9.14567e-05
9.87393e-05
9.87356e-05
9.87356e-05
9.87366e-05
9.87379e-05
9.87394e-05
9.87409e-05
9.87425e-05
9.87441e-05
9.87456e-05
9.8747e-05
9.87484e-05
9.87497e-05
9.8751e-05
9.87522e-05
9.87534e-05
9.87545e-05
9.87556e-05
9.87566e-05
9.87575e-05
9.87585e-05
9.87594e-05
9.87603e-05
9.87611e-05
9.8762e-05
9.87628e-05
9.87636e-05
9.87645e-05
9.87653e-05
9.8766e-05
9.87668e-05
9.87676e-05
9.87683e-05
9.8769e-05
9.87697e-05
9.87704e-05
9.87711e-05
9.87717e-05
9.87723e-05
9.8773e-05
9.87735e-05
9.87741e-05
9.87746e-05
9.87751e-05
9.87755e-05
9.87756e-05
9.87756e-05
9.87758e-05
9.8776e-05
9.87763e-05
9.87768e-05
9.87776e-05
9.87786e-05
9.87798e-05
9.87812e-05
9.87826e-05
9.8784e-05
9.87854e-05
9.87866e-05
9.87878e-05
9.87888e-05
9.87897e-05
9.87905e-05
9.87912e-05
9.87918e-05
9.87923e-05
9.87926e-05
9.87929e-05
9.87931e-05
9.87932e-05
9.87932e-05
9.87931e-05
9.8793e-05
9.87928e-05
9.87925e-05
9.87922e-05
9.87919e-05
9.87915e-05
9.87911e-05
9.87906e-05
9.87901e-05
9.87896e-05
9.8789e-05
9.87884e-05
9.87877e-05
9.8787e-05
9.87862e-05
9.87853e-05
9.87844e-05
9.87834e-05
9.87823e-05
9.8781e-05
9.87796e-05
9.8778e-05
9.87762e-05
9.87744e-05
9.87725e-05
9.87706e-05
9.87688e-05
9.8767e-05
9.87653e-05
9.87636e-05
9.8762e-05
9.87604e-05
9.87586e-05
9.8757e-05
9.87555e-05
9.87543e-05
9.87534e-05
9.87526e-05
9.8752e-05
9.87517e-05
9.87514e-05
9.87514e-05
9.87515e-05
9.87517e-05
9.8752e-05
9.87527e-05
9.87525e-05
9.87566e-05
0.000105995
0.000105992
0.000105992
0.000105993
0.000105994
0.000105996
0.000105997
0.000105999
0.000106001
0.000106002
0.000106004
0.000106005
0.000106007
0.000106008
0.00010601
0.000106011
0.000106012
0.000106013
0.000106014
0.000106015
0.000106016
0.000106017
0.000106018
0.000106019
0.00010602
0.000106021
0.000106022
0.000106023
0.000106024
0.000106025
0.000106025
0.000106026
0.000106027
0.000106028
0.000106029
0.000106029
0.00010603
0.000106031
0.000106031
0.000106032
0.000106033
0.000106033
0.000106034
0.000106034
0.000106035
0.000106035
0.000106035
0.000106035
0.000106036
0.000106036
0.000106037
0.000106038
0.000106039
0.00010604
0.000106042
0.000106043
0.000106045
0.000106046
0.000106047
0.000106048
0.000106049
0.00010605
0.000106051
0.000106051
0.000106052
0.000106052
0.000106052
0.000106053
0.000106053
0.000106052
0.000106052
0.000106052
0.000106052
0.000106052
0.000106051
0.000106051
0.00010605
0.00010605
0.000106049
0.000106049
0.000106048
0.000106047
0.000106047
0.000106046
0.000106045
0.000106044
0.000106043
0.000106042
0.000106041
0.00010604
0.000106039
0.000106038
0.000106036
0.000106034
0.000106032
0.00010603
0.000106028
0.000106026
0.000106024
0.000106022
0.000106021
0.000106019
0.000106017
0.000106016
0.000106014
0.000106013
0.000106011
0.00010601
0.000106009
0.000106008
0.000106008
0.000106008
0.000106008
0.000106008
0.000106008
0.000106008
0.000106009
0.000106009
0.000106009
0.000106014
0.000113203
0.000113199
0.000113199
0.000113201
0.000113202
0.000113204
0.000113206
0.000113208
0.000113209
0.000113211
0.000113213
0.000113214
0.000113216
0.000113217
0.000113219
0.00011322
0.000113221
0.000113223
0.000113224
0.000113225
0.000113226
0.000113227
0.000113228
0.000113229
0.00011323
0.000113231
0.000113232
0.000113233
0.000113234
0.000113235
0.000113236
0.000113237
0.000113238
0.000113238
0.000113239
0.00011324
0.000113241
0.000113242
0.000113242
0.000113243
0.000113244
0.000113244
0.000113245
0.000113246
0.000113246
0.000113246
0.000113246
0.000113247
0.000113247
0.000113248
0.000113248
0.00011325
0.000113251
0.000113253
0.000113254
0.000113256
0.000113257
0.000113259
0.00011326
0.000113261
0.000113261
0.000113262
0.000113263
0.000113263
0.000113263
0.000113263
0.000113263
0.000113263
0.000113263
0.000113263
0.000113263
0.000113262
0.000113262
0.000113261
0.000113261
0.00011326
0.000113259
0.000113259
0.000113258
0.000113257
0.000113257
0.000113256
0.000113255
0.000113254
0.000113253
0.000113252
0.000113251
0.00011325
0.000113249
0.000113248
0.000113246
0.000113245
0.000113243
0.000113241
0.000113239
0.000113237
0.000113235
0.000113233
0.000113231
0.000113229
0.000113227
0.000113226
0.000113224
0.000113223
0.000113221
0.00011322
0.000113218
0.000113217
0.000113216
0.000113216
0.000113216
0.000113215
0.000113215
0.000113216
0.000113216
0.000113216
0.000113217
0.000113218
0.000113218
0.000113223
0.00012036
0.000120356
0.000120356
0.000120358
0.000120359
0.000120361
0.000120363
0.000120365
0.000120367
0.000120369
0.000120371
0.000120372
0.000120374
0.000120376
0.000120377
0.000120379
0.00012038
0.000120381
0.000120383
0.000120384
0.000120385
0.000120386
0.000120387
0.000120389
0.00012039
0.000120391
0.000120392
0.000120393
0.000120394
0.000120395
0.000120396
0.000120396
0.000120397
0.000120398
0.000120399
0.0001204
0.000120401
0.000120401
0.000120402
0.000120403
0.000120404
0.000120404
0.000120405
0.000120406
0.000120406
0.000120406
0.000120407
0.000120407
0.000120407
0.000120408
0.000120409
0.000120411
0.000120412
0.000120414
0.000120416
0.000120417
0.000120418
0.00012042
0.00012042
0.000120421
0.000120422
0.000120422
0.000120422
0.000120422
0.000120422
0.000120422
0.000120422
0.000120422
0.000120421
0.000120421
0.000120421
0.00012042
0.000120419
0.000120419
0.000120418
0.000120417
0.000120416
0.000120416
0.000120415
0.000120414
0.000120413
0.000120412
0.000120411
0.00012041
0.000120409
0.000120408
0.000120407
0.000120406
0.000120405
0.000120403
0.000120401
0.000120399
0.000120397
0.000120395
0.000120393
0.000120391
0.000120389
0.000120387
0.000120385
0.000120384
0.000120382
0.000120381
0.000120379
0.000120378
0.000120377
0.000120375
0.000120374
0.000120373
0.000120372
0.000120372
0.000120372
0.000120372
0.000120372
0.000120372
0.000120373
0.000120373
0.000120374
0.000120375
0.000120375
0.000120381
0.000127466
0.000127462
0.000127462
0.000127464
0.000127466
0.000127468
0.00012747
0.000127472
0.000127474
0.000127476
0.000127478
0.000127479
0.000127481
0.000127483
0.000127485
0.000127486
0.000127488
0.000127489
0.00012749
0.000127492
0.000127493
0.000127494
0.000127495
0.000127497
0.000127498
0.000127499
0.0001275
0.000127501
0.000127502
0.000127503
0.000127504
0.000127505
0.000127506
0.000127507
0.000127508
0.000127508
0.000127509
0.00012751
0.000127511
0.000127512
0.000127513
0.000127513
0.000127514
0.000127515
0.000127515
0.000127515
0.000127516
0.000127516
0.000127517
0.000127517
0.000127519
0.000127521
0.000127522
0.000127524
0.000127526
0.000127527
0.000127528
0.000127528
0.000127529
0.000127529
0.00012753
0.00012753
0.00012753
0.000127529
0.000127529
0.000127529
0.000127528
0.000127528
0.000127527
0.000127527
0.000127526
0.000127525
0.000127524
0.000127523
0.000127522
0.000127522
0.000127521
0.00012752
0.000127519
0.000127518
0.000127517
0.000127516
0.000127514
0.000127513
0.000127512
0.000127511
0.00012751
0.000127508
0.000127507
0.000127505
0.000127503
0.000127501
0.000127499
0.000127497
0.000127495
0.000127493
0.000127491
0.00012749
0.000127488
0.000127487
0.000127485
0.000127484
0.000127483
0.000127482
0.00012748
0.000127479
0.000127478
0.000127477
0.000127477
0.000127476
0.000127477
0.000127477
0.000127477
0.000127478
0.000127478
0.000127479
0.00012748
0.000127481
0.000127481
0.000127487
0.000134522
0.000134518
0.000134519
0.000134521
0.000134523
0.000134525
0.000134527
0.00013453
0.000134532
0.000134534
0.000134536
0.000134538
0.00013454
0.000134542
0.000134543
0.000134545
0.000134547
0.000134548
0.000134549
0.000134551
0.000134552
0.000134554
0.000134555
0.000134556
0.000134557
0.000134558
0.000134559
0.00013456
0.000134561
0.000134563
0.000134564
0.000134565
0.000134565
0.000134566
0.000134567
0.000134568
0.000134569
0.00013457
0.000134571
0.000134572
0.000134572
0.000134573
0.000134574
0.000134575
0.000134575
0.000134575
0.000134576
0.000134576
0.000134577
0.000134578
0.00013458
0.000134581
0.000134583
0.000134584
0.000134586
0.000134586
0.000134587
0.000134587
0.000134587
0.000134587
0.000134587
0.000134587
0.000134586
0.000134586
0.000134585
0.000134585
0.000134584
0.000134583
0.000134582
0.000134581
0.00013458
0.000134579
0.000134578
0.000134577
0.000134576
0.000134575
0.000134574
0.000134573
0.000134572
0.00013457
0.000134569
0.000134568
0.000134567
0.000134566
0.000134564
0.000134563
0.000134562
0.00013456
0.000134559
0.000134557
0.000134555
0.000134553
0.000134551
0.000134549
0.000134547
0.000134545
0.000134544
0.000134542
0.000134541
0.00013454
0.000134539
0.000134538
0.000134537
0.000134536
0.000134535
0.000134533
0.000134533
0.000134532
0.000134532
0.000134532
0.000134532
0.000134533
0.000134533
0.000134534
0.000134535
0.000134536
0.000134537
0.000134538
0.000134538
0.000134544
0.000141535
0.000141531
0.000141532
0.000141534
0.000141537
0.000141539
0.000141541
0.000141544
0.000141546
0.000141548
0.00014155
0.000141553
0.000141555
0.000141556
0.000141558
0.00014156
0.000141562
0.000141563
0.000141565
0.000141566
0.000141568
0.000141569
0.00014157
0.000141571
0.000141573
0.000141574
0.000141575
0.000141576
0.000141577
0.000141578
0.000141579
0.00014158
0.000141581
0.000141582
0.000141583
0.000141584
0.000141585
0.000141586
0.000141587
0.000141587
0.000141588
0.000141589
0.00014159
0.00014159
0.000141591
0.000141591
0.000141592
0.000141592
0.000141593
0.000141595
0.000141596
0.000141598
0.000141599
0.0001416
0.0001416
0.0001416
0.0001416
0.0001416
0.0001416
0.000141599
0.000141598
0.000141598
0.000141597
0.000141596
0.000141595
0.000141594
0.000141593
0.000141592
0.000141591
0.00014159
0.000141589
0.000141587
0.000141586
0.000141585
0.000141583
0.000141582
0.000141581
0.000141579
0.000141578
0.000141577
0.000141575
0.000141574
0.000141573
0.000141571
0.00014157
0.000141569
0.000141567
0.000141565
0.000141564
0.000141562
0.00014156
0.000141558
0.000141556
0.000141555
0.000141553
0.000141552
0.000141551
0.00014155
0.000141549
0.000141548
0.000141548
0.000141547
0.000141546
0.000141546
0.000141545
0.000141544
0.000141543
0.000141543
0.000141543
0.000141543
0.000141544
0.000141544
0.000141545
0.000141546
0.000141547
0.000141548
0.000141549
0.000141551
0.000141551
0.000141557
0.000148512
0.000148508
0.000148509
0.000148511
0.000148514
0.000148516
0.000148519
0.000148522
0.000148524
0.000148526
0.000148529
0.000148531
0.000148533
0.000148535
0.000148537
0.000148539
0.000148541
0.000148542
0.000148544
0.000148545
0.000148547
0.000148548
0.000148549
0.000148551
0.000148552
0.000148553
0.000148554
0.000148555
0.000148556
0.000148557
0.000148558
0.000148559
0.00014856
0.000148561
0.000148562
0.000148563
0.000148564
0.000148565
0.000148566
0.000148567
0.000148567
0.000148568
0.000148569
0.00014857
0.00014857
0.000148571
0.000148571
0.000148571
0.000148573
0.000148574
0.000148575
0.000148576
0.000148576
0.000148576
0.000148576
0.000148575
0.000148575
0.000148574
0.000148573
0.000148572
0.000148571
0.000148569
0.000148568
0.000148567
0.000148566
0.000148564
0.000148563
0.000148562
0.00014856
0.000148559
0.000148557
0.000148556
0.000148554
0.000148553
0.000148551
0.00014855
0.000148548
0.000148547
0.000148545
0.000148544
0.000148542
0.000148541
0.000148539
0.000148538
0.000148536
0.000148535
0.000148533
0.000148531
0.000148529
0.000148528
0.000148526
0.000148525
0.000148524
0.000148523
0.000148522
0.000148522
0.000148521
0.000148521
0.00014852
0.00014852
0.00014852
0.000148519
0.000148519
0.000148518
0.000148518
0.000148517
0.000148517
0.000148517
0.000148517
0.000148517
0.000148518
0.000148519
0.00014852
0.000148521
0.000148522
0.000148523
0.000148525
0.000148526
0.000148527
0.000148533
0.000155462
0.000155459
0.00015546
0.000155462
0.000155465
0.000155468
0.00015547
0.000155473
0.000155476
0.000155478
0.000155481
0.000155483
0.000155485
0.000155487
0.000155489
0.000155491
0.000155493
0.000155495
0.000155496
0.000155498
0.000155499
0.000155501
0.000155502
0.000155503
0.000155504
0.000155506
0.000155507
0.000155508
0.000155509
0.00015551
0.000155511
0.000155512
0.000155513
0.000155514
0.000155515
0.000155516
0.000155517
0.000155517
0.000155518
0.000155519
0.00015552
0.000155521
0.000155521
0.000155522
0.000155523
0.000155523
0.000155523
0.000155524
0.000155525
0.000155526
0.000155526
0.000155526
0.000155525
0.000155523
0.000155522
0.000155521
0.000155519
0.000155517
0.000155516
0.000155514
0.000155513
0.000155511
0.000155509
0.000155508
0.000155506
0.000155504
0.000155503
0.000155501
0.000155499
0.000155498
0.000155496
0.000155494
0.000155493
0.000155491
0.000155489
0.000155487
0.000155486
0.000155484
0.000155482
0.00015548
0.000155479
0.000155477
0.000155475
0.000155474
0.000155472
0.00015547
0.000155469
0.000155467
0.000155466
0.000155465
0.000155464
0.000155464
0.000155463
0.000155464
0.000155464
0.000155464
0.000155464
0.000155464
0.000155465
0.000155465
0.000155465
0.000155465
0.000155465
0.000155464
0.000155464
0.000155463
0.000155463
0.000155464
0.000155464
0.000155465
0.000155466
0.000155467
0.000155468
0.000155469
0.000155471
0.000155472
0.000155474
0.000155475
0.000155476
0.000155483
0.000162398
0.000162395
0.000162397
0.000162399
0.000162402
0.000162405
0.000162408
0.000162411
0.000162414
0.000162417
0.000162419
0.000162422
0.000162424
0.000162426
0.000162428
0.00016243
0.000162432
0.000162434
0.000162435
0.000162437
0.000162438
0.00016244
0.000162441
0.000162442
0.000162443
0.000162445
0.000162446
0.000162447
0.000162448
0.000162449
0.00016245
0.000162451
0.000162452
0.000162453
0.000162453
0.000162454
0.000162455
0.000162456
0.000162457
0.000162457
0.000162458
0.000162459
0.00016246
0.00016246
0.000162461
0.000162461
0.000162462
0.000162462
0.000162464
0.000162462
0.00016246
0.000162457
0.000162455
0.000162452
0.00016245
0.000162447
0.000162445
0.000162443
0.000162441
0.000162439
0.000162436
0.000162434
0.000162432
0.00016243
0.000162428
0.000162426
0.000162424
0.000162422
0.00016242
0.000162418
0.000162416
0.000162414
0.000162412
0.00016241
0.000162408
0.000162407
0.000162405
0.000162403
0.000162401
0.000162399
0.000162397
0.000162395
0.000162394
0.000162392
0.00016239
0.000162388
0.000162386
0.000162385
0.000162385
0.000162385
0.000162386
0.000162387
0.000162388
0.00016239
0.000162391
0.000162392
0.000162393
0.000162394
0.000162395
0.000162395
0.000162396
0.000162396
0.000162396
0.000162396
0.000162396
0.000162396
0.000162396
0.000162397
0.000162398
0.000162399
0.0001624
0.000162401
0.000162402
0.000162404
0.000162405
0.000162407
0.000162408
0.00016241
0.000162411
0.000162418
0.000169336
0.000169334
0.000169336
0.000169339
0.000169342
0.000169345
0.000169348
0.000169351
0.000169354
0.000169357
0.00016936
0.000169362
0.000169364
0.000169367
0.000169369
0.000169371
0.000169373
0.000169374
0.000169376
0.000169377
0.000169379
0.00016938
0.000169381
0.000169383
0.000169384
0.000169385
0.000169386
0.000169387
0.000169388
0.000169389
0.00016939
0.000169391
0.000169392
0.000169393
0.000169393
0.000169394
0.000169395
0.000169396
0.000169396
0.000169397
0.000169398
0.000169398
0.000169399
0.0001694
0.0001694
0.0001694
0.000169401
0.000169401
0.000169402
0.000169395
0.000169389
0.000169384
0.00016938
0.000169376
0.000169373
0.00016937
0.000169367
0.000169364
0.000169362
0.000169359
0.000169356
0.000169354
0.000169351
0.000169349
0.000169347
0.000169344
0.000169342
0.00016934
0.000169338
0.000169335
0.000169333
0.000169331
0.000169329
0.000169326
0.000169324
0.000169322
0.00016932
0.000169318
0.000169316
0.000169314
0.000169312
0.00016931
0.000169308
0.000169306
0.000169304
0.000169302
0.0001693
0.000169302
0.000169304
0.000169306
0.000169309
0.000169312
0.000169315
0.000169318
0.00016932
0.000169322
0.000169324
0.000169325
0.000169326
0.000169327
0.000169328
0.000169328
0.000169329
0.000169329
0.000169329
0.000169329
0.00016933
0.000169331
0.000169332
0.000169334
0.000169335
0.000169337
0.000169338
0.00016934
0.000169341
0.000169343
0.000169345
0.000169347
0.000169348
0.000169354
0.000176295
0.000176293
0.000176296
0.000176299
0.000176302
0.000176306
0.000176309
0.000176312
0.000176315
0.000176318
0.00017632
0.000176323
0.000176325
0.000176328
0.00017633
0.000176332
0.000176333
0.000176335
0.000176337
0.000176338
0.00017634
0.000176341
0.000176342
0.000176343
0.000176344
0.000176345
0.000176346
0.000176347
0.000176348
0.000176349
0.00017635
0.000176351
0.000176352
0.000176352
0.000176353
0.000176354
0.000176354
0.000176355
0.000176356
0.000176356
0.000176357
0.000176358
0.000176358
0.000176359
0.000176359
0.000176359
0.000176361
0.000176357
0.000176356
0.000176339
0.000176331
0.000176325
0.00017632
0.000176316
0.000176312
0.000176308
0.000176304
0.000176301
0.000176298
0.000176295
0.000176292
0.000176289
0.000176286
0.000176284
0.000176281
0.000176278
0.000176276
0.000176273
0.000176271
0.000176268
0.000176266
0.000176263
0.000176261
0.000176258
0.000176256
0.000176254
0.000176251
0.000176249
0.000176247
0.000176245
0.000176243
0.00017624
0.000176238
0.000176236
0.000176234
0.000176232
0.000176229
0.000176237
0.000176241
0.000176247
0.000176253
0.000176258
0.000176263
0.000176267
0.00017627
0.000176272
0.000176275
0.000176276
0.000176278
0.000176279
0.00017628
0.000176281
0.000176282
0.000176282
0.000176282
0.000176283
0.000176284
0.000176286
0.000176287
0.000176289
0.00017629
0.000176292
0.000176294
0.000176295
0.000176297
0.000176299
0.000176301
0.000176303
0.000176304
0.00017631
0.000183295
0.000183295
0.000183298
0.000183301
0.000183305
0.000183308
0.000183311
0.000183315
0.000183318
0.00018332
0.000183323
0.000183326
0.000183328
0.00018333
0.000183332
0.000183334
0.000183336
0.000183338
0.000183339
0.000183341
0.000183342
0.000183343
0.000183344
0.000183345
0.000183346
0.000183347
0.000183348
0.000183349
0.00018335
0.000183351
0.000183351
0.000183352
0.000183353
0.000183353
0.000183354
0.000183355
0.000183355
0.000183356
0.000183356
0.000183357
0.000183357
0.000183358
0.000183358
0.000183359
0.000183359
0.000183359
0.000183361
0.000183351
0.000183349
0.000183216
0.000183221
0.000183233
0.000183241
0.000183248
0.000183254
0.000183258
0.000183262
0.000183265
0.000183268
0.00018327
0.000183272
0.000183273
0.000183274
0.000183275
0.000183276
0.000183277
0.000183277
0.000183278
0.00018328
0.000183282
0.000183284
0.000183286
0.000183287
0.000183289
0.000183291
0.000183293
0.000183294
0.000183296
0.000183298
0.000183301
0.000183302
0.000183307
0.000190366
0.000190367
0.00019037
0.000190374
0.000190377
0.000190381
0.000190384
0.000190387
0.00019039
0.000190393
0.000190395
0.000190398
0.0001904
0.000190402
0.000190404
0.000190406
0.000190408
0.00019041
0.000190411
0.000190412
0.000190413
0.000190415
0.000190416
0.000190417
0.000190417
0.000190418
0.000190419
0.00019042
0.00019042
0.000190421
0.000190422
0.000190422
0.000190423
0.000190423
0.000190424
0.000190424
0.000190425
0.000190425
0.000190425
0.000190426
0.000190426
0.000190426
0.000190426
0.000190427
0.000190427
0.000190427
0.00019043
0.000190294
0.000190303
0.000190311
0.000190317
0.000190321
0.000190325
0.000190328
0.000190331
0.000190333
0.000190335
0.000190336
0.000190338
0.000190339
0.00019034
0.00019034
0.00019034
0.000190342
0.000190345
0.000190347
0.000190349
0.000190352
0.000190354
0.000190355
0.000190357
0.000190359
0.000190361
0.000190363
0.000190365
0.000190367
0.000190369
0.000190373
)
;

boundaryField
{
    bottomWall
    {
        type            nutUWallFunction;
        Cmu             0.09;
        kappa           0.41;
        E               9.8;
        value           uniform 0;
    }
    topWall
    {
        type            nutUWallFunction;
        Cmu             0.09;
        kappa           0.41;
        E               9.8;
        value           nonuniform 0();
    }
    sides1_half0
    {
        type            cyclic;
    }
    sides1_half1
    {
        type            cyclic;
    }
    sides2_half0
    {
        type            cyclic;
    }
    sides2_half1
    {
        type            cyclic;
    }
    inout1_half0
    {
        type            cyclic;
    }
    inout1_half1
    {
        type            cyclic;
    }
    inout2_half0
    {
        type            cyclic;
    }
    inout2_half1
    {
        type            cyclic;
    }
    procBoundary3to4
    {
        type            processor;
        value           nonuniform List<scalar> 
63
(
0.000183333
0.000183326
0.000183321
0.000183316
0.000183311
0.000183307
0.000183303
0.000183299
0.000183295
0.000183292
0.000183288
0.000183285
0.000183282
0.000183279
0.000183276
0.000183273
0.00018327
0.000183267
0.000183264
0.000183262
0.000183259
0.000183256
0.000183253
0.000183251
0.000183248
0.000183246
0.000183243
0.000183241
0.000183238
0.000183236
0.000183233
0.000183231
0.000183229
0.000183227
0.000183224
0.000183222
0.00018322
0.000183218
0.000190421
0.000183333
0.000190419
0.000183218
0.000190292
0.00019029
0.000197601
0.000190421
0.000197606
0.00019029
0.000197477
0.00019748
0.000197484
0.000197489
0.000197493
0.000197496
0.000197499
0.000197502
0.000197504
0.000197506
0.000197507
0.000197508
0.000197509
0.00019751
0.00019751
)
;
    }
    procBoundary3to5
    {
        type            processor;
        value           nonuniform List<scalar> 
61
(
0.000197544
0.000197547
0.00019755
0.000197554
0.000197557
0.000197561
0.000197564
0.000197567
0.00019757
0.000197572
0.000197575
0.000197577
0.00019758
0.000197582
0.000197584
0.000197585
0.000197587
0.000197588
0.00019759
0.000197591
0.000197592
0.000197593
0.000197594
0.000197595
0.000197595
0.000197596
0.000197597
0.000197597
0.000197598
0.000197598
0.000197599
0.000197599
0.000197599
0.0001976
0.0001976
0.0001976
0.0001976
0.000197601
0.000197601
0.000197601
0.000197601
0.000197601
0.000197601
0.000197602
0.000197601
0.000197511
0.000197514
0.000197518
0.000197521
0.000197523
0.000197525
0.000197527
0.000197529
0.000197531
0.000197533
0.000197535
0.000197537
0.000197539
0.000197541
0.000197543
0.000197545
)
;
    }
}


// ************************************************************************* //
